0.001 	 2.99833
0.002 	 2.99666
0.003 	 2.995
0.004 	 2.99333
0.005 	 2.99166
0.006 	 2.98998
0.007 	 2.98831
0.008 	 2.98664
0.009 	 2.98496
0.01 	 2.98329
0.011 	 2.98161
0.012 	 2.97993
0.013 	 2.97825
0.014 	 2.97658
0.015 	 2.97489
0.016 	 2.97321
0.017 	 2.97153
0.018 	 2.96985
0.019 	 2.96816
0.02 	 2.96648
0.021 	 2.96479
0.022 	 2.96311
0.023 	 2.96142
0.024 	 2.95973
0.025 	 2.95804
0.026 	 2.95635
0.027 	 2.95466
0.028 	 2.95296
0.029 	 2.95127
0.03 	 2.94958
0.031 	 2.94788
0.032 	 2.94618
0.033 	 2.94449
0.034 	 2.94279
0.035 	 2.94109
0.036 	 2.93939
0.037 	 2.93769
0.038 	 2.93598
0.039 	 2.93428
0.04 	 2.93258
0.041 	 2.93087
0.042 	 2.92916
0.043 	 2.92746
0.044 	 2.92575
0.045 	 2.92404
0.046 	 2.92233
0.047 	 2.92062
0.048 	 2.9189
0.049 	 2.91719
0.05 	 2.91548
0.051 	 2.91376
0.052 	 2.91204
0.053 	 2.91033
0.054 	 2.90861
0.055 	 2.90689
0.056 	 2.90517
0.057 	 2.90345
0.058 	 2.90172
0.059 	 2.9
0.06 	 2.89828
0.061 	 2.89655
0.062 	 2.89482
0.063 	 2.8931
0.064 	 2.89137
0.065 	 2.88964
0.066 	 2.88791
0.067 	 2.88617
0.068 	 2.88444
0.069 	 2.88271
0.07 	 2.88097
0.071 	 2.87924
0.072 	 2.8775
0.073 	 2.87576
0.074 	 2.87402
0.075 	 2.87228
0.076 	 2.87054
0.077 	 2.8688
0.078 	 2.86705
0.079 	 2.86531
0.08 	 2.86356
0.081 	 2.86182
0.082 	 2.86007
0.083 	 2.85832
0.084 	 2.85657
0.085 	 2.85482
0.086 	 2.85307
0.087 	 2.85132
0.088 	 2.84956
0.089 	 2.84781
0.09 	 2.84605
0.091 	 2.84429
0.092 	 2.84253
0.093 	 2.84077
0.094 	 2.83901
0.095 	 2.83725
0.096 	 2.83549
0.097 	 2.83373
0.098 	 2.83196
0.099 	 2.83019
0.1 	 2.82843
0.101 	 2.82666
0.102 	 2.82489
0.103 	 2.82312
0.104 	 2.82135
0.105 	 2.81957
0.106 	 2.8178
0.107 	 2.81603
0.108 	 2.81425
0.109 	 2.81247
0.11 	 2.81069
0.111 	 2.80891
0.112 	 2.80713
0.113 	 2.80535
0.114 	 2.80357
0.115 	 2.80179
0.116 	 2.8
0.117 	 2.79821
0.118 	 2.79643
0.119 	 2.79464
0.12 	 2.79285
0.121 	 2.79106
0.122 	 2.78927
0.123 	 2.78747
0.124 	 2.78568
0.125 	 2.78388
0.126 	 2.78209
0.127 	 2.78029
0.128 	 2.77849
0.129 	 2.77669
0.13 	 2.77489
0.131 	 2.77308
0.132 	 2.77128
0.133 	 2.76948
0.134 	 2.76767
0.135 	 2.76586
0.136 	 2.76405
0.137 	 2.76225
0.138 	 2.76043
0.139 	 2.75862
0.14 	 2.75681
0.141 	 2.755
0.142 	 2.75318
0.143 	 2.75136
0.144 	 2.74955
0.145 	 2.74773
0.146 	 2.74591
0.147 	 2.74408
0.148 	 2.74226
0.149 	 2.74044
0.15 	 2.73861
0.151 	 2.73679
0.152 	 2.73496
0.153 	 2.73313
0.154 	 2.7313
0.155 	 2.72947
0.156 	 2.72764
0.157 	 2.7258
0.158 	 2.72397
0.159 	 2.72213
0.16 	 2.72029
0.161 	 2.71846
0.162 	 2.71662
0.163 	 2.71477
0.164 	 2.71293
0.165 	 2.71109
0.166 	 2.70924
0.167 	 2.7074
0.168 	 2.70555
0.169 	 2.7037
0.17 	 2.70185
0.171 	 2.7
0.172 	 2.69815
0.173 	 2.69629
0.174 	 2.69444
0.175 	 2.69258
0.176 	 2.69072
0.177 	 2.68887
0.178 	 2.68701
0.179 	 2.68514
0.18 	 2.68328
0.181 	 2.68142
0.182 	 2.67955
0.183 	 2.67769
0.184 	 2.67582
0.185 	 2.67395
0.186 	 2.67208
0.187 	 2.67021
0.188 	 2.66833
0.189 	 2.66646
0.19 	 2.66458
0.191 	 2.66271
0.192 	 2.66083
0.193 	 2.65895
0.194 	 2.65707
0.195 	 2.65518
0.196 	 2.6533
0.197 	 2.65141
0.198 	 2.64953
0.199 	 2.64764
0.2 	 2.64575
0.201 	 2.64386
0.202 	 2.64197
0.203 	 2.64008
0.204 	 2.63818
0.205 	 2.63629
0.206 	 2.63439
0.207 	 2.63249
0.208 	 2.63059
0.209 	 2.62869
0.21 	 2.62679
0.211 	 2.62488
0.212 	 2.62298
0.213 	 2.62107
0.214 	 2.61916
0.215 	 2.61725
0.216 	 2.61534
0.217 	 2.61343
0.218 	 2.61151
0.219 	 2.6096
0.22 	 2.60768
0.221 	 2.60576
0.222 	 2.60384
0.223 	 2.60192
0.224 	 2.6
0.225 	 2.59808
0.226 	 2.59615
0.227 	 2.59422
0.228 	 2.5923
0.229 	 2.59037
0.23 	 2.58844
0.231 	 2.5865
0.232 	 2.58457
0.233 	 2.58263
0.234 	 2.5807
0.235 	 2.57876
0.236 	 2.57682
0.237 	 2.57488
0.238 	 2.57294
0.239 	 2.57099
0.24 	 2.56905
0.241 	 2.5671
0.242 	 2.56515
0.243 	 2.5632
0.244 	 2.56125
0.245 	 2.5593
0.246 	 2.55734
0.247 	 2.55539
0.248 	 2.55343
0.249 	 2.55147
0.25 	 2.54951
0.251 	 2.54755
0.252 	 2.54558
0.253 	 2.54362
0.254 	 2.54165
0.255 	 2.53969
0.256 	 2.53772
0.257 	 2.53574
0.258 	 2.53377
0.259 	 2.5318
0.26 	 2.52982
0.261 	 2.52784
0.262 	 2.52587
0.263 	 2.52389
0.264 	 2.5219
0.265 	 2.51992
0.266 	 2.51794
0.267 	 2.51595
0.268 	 2.51396
0.269 	 2.51197
0.27 	 2.50998
0.271 	 2.50799
0.272 	 2.50599
0.273 	 2.504
0.274 	 2.502
0.275 	 2.5
0.276 	 2.498
0.277 	 2.496
0.278 	 2.49399
0.279 	 2.49199
0.28 	 2.48998
0.281 	 2.48797
0.282 	 2.48596
0.283 	 2.48395
0.284 	 2.48193
0.285 	 2.47992
0.286 	 2.4779
0.287 	 2.47588
0.288 	 2.47386
0.289 	 2.47184
0.29 	 2.46982
0.291 	 2.46779
0.292 	 2.46577
0.293 	 2.46374
0.294 	 2.46171
0.295 	 2.45967
0.296 	 2.45764
0.297 	 2.45561
0.298 	 2.45357
0.299 	 2.45153
0.3 	 2.44949
0.301 	 2.44745
0.302 	 2.4454
0.303 	 2.44336
0.304 	 2.44131
0.305 	 2.43926
0.306 	 2.43721
0.307 	 2.43516
0.308 	 2.43311
0.309 	 2.43105
0.31 	 2.42899
0.311 	 2.42693
0.312 	 2.42487
0.313 	 2.42281
0.314 	 2.42074
0.315 	 2.41868
0.316 	 2.41661
0.317 	 2.41454
0.318 	 2.41247
0.319 	 2.41039
0.32 	 2.40832
0.321 	 2.40624
0.322 	 2.40416
0.323 	 2.40208
0.324 	 2.4
0.325 	 2.39792
0.326 	 2.39583
0.327 	 2.39374
0.328 	 2.39165
0.329 	 2.38956
0.33 	 2.38747
0.331 	 2.38537
0.332 	 2.38328
0.333 	 2.38118
0.334 	 2.37908
0.335 	 2.37697
0.336 	 2.37487
0.337 	 2.37276
0.338 	 2.37065
0.339 	 2.36854
0.34 	 2.36643
0.341 	 2.36432
0.342 	 2.3622
0.343 	 2.36008
0.344 	 2.35797
0.345 	 2.35584
0.346 	 2.35372
0.347 	 2.3516
0.348 	 2.34947
0.349 	 2.34734
0.35 	 2.34521
0.351 	 2.34307
0.352 	 2.34094
0.353 	 2.3388
0.354 	 2.33666
0.355 	 2.33452
0.356 	 2.33238
0.357 	 2.33024
0.358 	 2.32809
0.359 	 2.32594
0.36 	 2.32379
0.361 	 2.32164
0.362 	 2.31948
0.363 	 2.31733
0.364 	 2.31517
0.365 	 2.31301
0.366 	 2.31084
0.367 	 2.30868
0.368 	 2.30651
0.369 	 2.30434
0.37 	 2.30217
0.371 	 2.3
0.372 	 2.29783
0.373 	 2.29565
0.374 	 2.29347
0.375 	 2.29129
0.376 	 2.2891
0.377 	 2.28692
0.378 	 2.28473
0.379 	 2.28254
0.38 	 2.28035
0.381 	 2.27816
0.382 	 2.27596
0.383 	 2.27376
0.384 	 2.27156
0.385 	 2.26936
0.386 	 2.26716
0.387 	 2.26495
0.388 	 2.26274
0.389 	 2.26053
0.39 	 2.25832
0.391 	 2.2561
0.392 	 2.25389
0.393 	 2.25167
0.394 	 2.24944
0.395 	 2.24722
0.396 	 2.24499
0.397 	 2.24277
0.398 	 2.24054
0.399 	 2.2383
0.4 	 2.23607
0.401 	 2.23383
0.402 	 2.23159
0.403 	 2.22935
0.404 	 2.22711
0.405 	 2.22486
0.406 	 2.22261
0.407 	 2.22036
0.408 	 2.21811
0.409 	 2.21585
0.41 	 2.21359
0.411 	 2.21133
0.412 	 2.20907
0.413 	 2.20681
0.414 	 2.20454
0.415 	 2.20227
0.416 	 2.2
0.417 	 2.19773
0.418 	 2.19545
0.419 	 2.19317
0.42 	 2.19089
0.421 	 2.18861
0.422 	 2.18632
0.423 	 2.18403
0.424 	 2.18174
0.425 	 2.17945
0.426 	 2.17715
0.427 	 2.17486
0.428 	 2.17256
0.429 	 2.17025
0.43 	 2.16795
0.431 	 2.16564
0.432 	 2.16333
0.433 	 2.16102
0.434 	 2.1587
0.435 	 2.15639
0.436 	 2.15407
0.437 	 2.15174
0.438 	 2.14942
0.439 	 2.14709
0.44 	 2.14476
0.441 	 2.14243
0.442 	 2.14009
0.443 	 2.13776
0.444 	 2.13542
0.445 	 2.13307
0.446 	 2.13073
0.447 	 2.12838
0.448 	 2.12603
0.449 	 2.12368
0.45 	 2.12132
0.451 	 2.11896
0.452 	 2.1166
0.453 	 2.11424
0.454 	 2.11187
0.455 	 2.1095
0.456 	 2.10713
0.457 	 2.10476
0.458 	 2.10238
0.459 	 2.1
0.46 	 2.09762
0.461 	 2.09523
0.462 	 2.09284
0.463 	 2.09045
0.464 	 2.08806
0.465 	 2.08567
0.466 	 2.08327
0.467 	 2.08087
0.468 	 2.07846
0.469 	 2.07605
0.47 	 2.07364
0.471 	 2.07123
0.472 	 2.06882
0.473 	 2.0664
0.474 	 2.06398
0.475 	 2.06155
0.476 	 2.05913
0.477 	 2.0567
0.478 	 2.05426
0.479 	 2.05183
0.48 	 2.04939
0.481 	 2.04695
0.482 	 2.0445
0.483 	 2.04206
0.484 	 2.03961
0.485 	 2.03715
0.486 	 2.0347
0.487 	 2.03224
0.488 	 2.02978
0.489 	 2.02731
0.49 	 2.02485
0.491 	 2.02237
0.492 	 2.0199
0.493 	 2.01742
0.494 	 2.01494
0.495 	 2.01246
0.496 	 2.00998
0.497 	 2.00749
0.498 	 2.00499
0.499 	 2.0025
0.5 	 2
0.501 	 1.9975
0.502 	 1.99499
0.503 	 1.99249
0.504 	 1.98997
0.505 	 1.98746
0.506 	 1.98494
0.507 	 1.98242
0.508 	 1.9799
0.509 	 1.97737
0.51 	 1.97484
0.511 	 1.97231
0.512 	 1.96977
0.513 	 1.96723
0.514 	 1.96469
0.515 	 1.96214
0.516 	 1.95959
0.517 	 1.95704
0.518 	 1.95448
0.519 	 1.95192
0.52 	 1.94936
0.521 	 1.94679
0.522 	 1.94422
0.523 	 1.94165
0.524 	 1.93907
0.525 	 1.93649
0.526 	 1.93391
0.527 	 1.93132
0.528 	 1.92873
0.529 	 1.92614
0.53 	 1.92354
0.531 	 1.92094
0.532 	 1.91833
0.533 	 1.91572
0.534 	 1.91311
0.535 	 1.9105
0.536 	 1.90788
0.537 	 1.90526
0.538 	 1.90263
0.539 	 1.9
0.54 	 1.89737
0.541 	 1.89473
0.542 	 1.89209
0.543 	 1.88944
0.544 	 1.8868
0.545 	 1.88414
0.546 	 1.88149
0.547 	 1.87883
0.548 	 1.87617
0.549 	 1.8735
0.55 	 1.87083
0.551 	 1.86815
0.552 	 1.86548
0.553 	 1.86279
0.554 	 1.86011
0.555 	 1.85742
0.556 	 1.85472
0.557 	 1.85203
0.558 	 1.84932
0.559 	 1.84662
0.56 	 1.84391
0.561 	 1.8412
0.562 	 1.83848
0.563 	 1.83576
0.564 	 1.83303
0.565 	 1.8303
0.566 	 1.82757
0.567 	 1.82483
0.568 	 1.82209
0.569 	 1.81934
0.57 	 1.81659
0.571 	 1.81384
0.572 	 1.81108
0.573 	 1.80831
0.574 	 1.80555
0.575 	 1.80278
0.576 	 1.8
0.577 	 1.79722
0.578 	 1.79444
0.579 	 1.79165
0.58 	 1.78885
0.581 	 1.78606
0.582 	 1.78326
0.583 	 1.78045
0.584 	 1.77764
0.585 	 1.77482
0.586 	 1.772
0.587 	 1.76918
0.588 	 1.76635
0.589 	 1.76352
0.59 	 1.76068
0.591 	 1.75784
0.592 	 1.75499
0.593 	 1.75214
0.594 	 1.74929
0.595 	 1.74642
0.596 	 1.74356
0.597 	 1.74069
0.598 	 1.73781
0.599 	 1.73494
0.6 	 1.73205
0.601 	 1.72916
0.602 	 1.72627
0.603 	 1.72337
0.604 	 1.72047
0.605 	 1.71756
0.606 	 1.71464
0.607 	 1.71172
0.608 	 1.7088
0.609 	 1.70587
0.61 	 1.70294
0.611 	 1.7
0.612 	 1.69706
0.613 	 1.69411
0.614 	 1.69115
0.615 	 1.68819
0.616 	 1.68523
0.617 	 1.68226
0.618 	 1.67929
0.619 	 1.67631
0.62 	 1.67332
0.621 	 1.67033
0.622 	 1.66733
0.623 	 1.66433
0.624 	 1.66132
0.625 	 1.65831
0.626 	 1.65529
0.627 	 1.65227
0.628 	 1.64924
0.629 	 1.64621
0.63 	 1.64317
0.631 	 1.64012
0.632 	 1.63707
0.633 	 1.63401
0.634 	 1.63095
0.635 	 1.62788
0.636 	 1.62481
0.637 	 1.62173
0.638 	 1.61864
0.639 	 1.61555
0.64 	 1.61245
0.641 	 1.60935
0.642 	 1.60624
0.643 	 1.60312
0.644 	 1.6
0.645 	 1.59687
0.646 	 1.59374
0.647 	 1.5906
0.648 	 1.58745
0.649 	 1.5843
0.65 	 1.58114
0.651 	 1.57797
0.652 	 1.5748
0.653 	 1.57162
0.654 	 1.56844
0.655 	 1.56525
0.656 	 1.56205
0.657 	 1.55885
0.658 	 1.55563
0.659 	 1.55242
0.66 	 1.54919
0.661 	 1.54596
0.662 	 1.54272
0.663 	 1.53948
0.664 	 1.53623
0.665 	 1.53297
0.666 	 1.52971
0.667 	 1.52643
0.668 	 1.52315
0.669 	 1.51987
0.67 	 1.51658
0.671 	 1.51327
0.672 	 1.50997
0.673 	 1.50665
0.674 	 1.50333
0.675 	 1.5
0.676 	 1.49666
0.677 	 1.49332
0.678 	 1.48997
0.679 	 1.48661
0.68 	 1.48324
0.681 	 1.47986
0.682 	 1.47648
0.683 	 1.47309
0.684 	 1.46969
0.685 	 1.46629
0.686 	 1.46287
0.687 	 1.45945
0.688 	 1.45602
0.689 	 1.45258
0.69 	 1.44914
0.691 	 1.44568
0.692 	 1.44222
0.693 	 1.43875
0.694 	 1.43527
0.695 	 1.43178
0.696 	 1.42829
0.697 	 1.42478
0.698 	 1.42127
0.699 	 1.41774
0.7 	 1.41421
0.701 	 1.41067
0.702 	 1.40712
0.703 	 1.40357
0.704 	 1.4
0.705 	 1.39642
0.706 	 1.39284
0.707 	 1.38924
0.708 	 1.38564
0.709 	 1.38203
0.71 	 1.3784
0.711 	 1.37477
0.712 	 1.37113
0.713 	 1.36748
0.714 	 1.36382
0.715 	 1.36015
0.716 	 1.35647
0.717 	 1.35277
0.718 	 1.34907
0.719 	 1.34536
0.72 	 1.34164
0.721 	 1.33791
0.722 	 1.33417
0.723 	 1.33041
0.724 	 1.32665
0.725 	 1.32288
0.726 	 1.31909
0.727 	 1.31529
0.728 	 1.31149
0.729 	 1.30767
0.73 	 1.30384
0.731 	 1.3
0.732 	 1.29615
0.733 	 1.29228
0.734 	 1.28841
0.735 	 1.28452
0.736 	 1.28062
0.737 	 1.27671
0.738 	 1.27279
0.739 	 1.26886
0.74 	 1.26491
0.741 	 1.26095
0.742 	 1.25698
0.743 	 1.253
0.744 	 1.249
0.745 	 1.24499
0.746 	 1.24097
0.747 	 1.23693
0.748 	 1.23288
0.749 	 1.22882
0.75 	 1.22474
0.751 	 1.22066
0.752 	 1.21655
0.753 	 1.21244
0.754 	 1.2083
0.755 	 1.20416
0.756 	 1.2
0.757 	 1.19583
0.758 	 1.19164
0.759 	 1.18743
0.76 	 1.18322
0.761 	 1.17898
0.762 	 1.17473
0.763 	 1.17047
0.764 	 1.16619
0.765 	 1.1619
0.766 	 1.15758
0.767 	 1.15326
0.768 	 1.14891
0.769 	 1.14455
0.77 	 1.14018
0.771 	 1.13578
0.772 	 1.13137
0.773 	 1.12694
0.774 	 1.1225
0.775 	 1.11803
0.776 	 1.11355
0.777 	 1.10905
0.778 	 1.10454
0.779 	 1.1
0.78 	 1.09545
0.781 	 1.09087
0.782 	 1.08628
0.783 	 1.08167
0.784 	 1.07703
0.785 	 1.07238
0.786 	 1.06771
0.787 	 1.06301
0.788 	 1.0583
0.789 	 1.05357
0.79 	 1.04881
0.791 	 1.04403
0.792 	 1.03923
0.793 	 1.03441
0.794 	 1.02956
0.795 	 1.0247
0.796 	 1.0198
0.797 	 1.01489
0.798 	 1.00995
0.799 	 1.00499
0.8 	 1
0.801 	 0.994987
0.802 	 0.989949
0.803 	 0.984886
0.804 	 0.979796
0.805 	 0.974679
0.806 	 0.969536
0.807 	 0.964365
0.808 	 0.959166
0.809 	 0.953939
0.81 	 0.948683
0.811 	 0.943398
0.812 	 0.938083
0.813 	 0.932738
0.814 	 0.927362
0.815 	 0.921954
0.816 	 0.916515
0.817 	 0.911043
0.818 	 0.905539
0.819 	 0.9
0.82 	 0.894427
0.821 	 0.888819
0.822 	 0.883176
0.823 	 0.877496
0.824 	 0.87178
0.825 	 0.866025
0.826 	 0.860233
0.827 	 0.8544
0.828 	 0.848528
0.829 	 0.842615
0.83 	 0.83666
0.831 	 0.830662
0.832 	 0.824621
0.833 	 0.818535
0.834 	 0.812404
0.835 	 0.806226
0.836 	 0.8
0.837 	 0.793725
0.838 	 0.787401
0.839 	 0.781025
0.84 	 0.774597
0.841 	 0.768115
0.842 	 0.761577
0.843 	 0.754983
0.844 	 0.748331
0.845 	 0.74162
0.846 	 0.734847
0.847 	 0.728011
0.848 	 0.72111
0.849 	 0.714143
0.85 	 0.707107
0.851 	 0.7
0.852 	 0.69282
0.853 	 0.685565
0.854 	 0.678233
0.855 	 0.67082
0.856 	 0.663325
0.857 	 0.655744
0.858 	 0.648074
0.859 	 0.640312
0.86 	 0.632456
0.861 	 0.6245
0.862 	 0.616441
0.863 	 0.608276
0.864 	 0.6
0.865 	 0.591608
0.866 	 0.583095
0.867 	 0.574456
0.868 	 0.565685
0.869 	 0.556776
0.87 	 0.547723
0.871 	 0.538516
0.872 	 0.52915
0.873 	 0.519615
0.874 	 0.509902
0.875 	 0.5
0.876 	 0.489898
0.877 	 0.479583
0.878 	 0.469042
0.879 	 0.458258
0.88 	 0.447214
0.881 	 0.43589
0.882 	 0.424264
0.883 	 0.412311
0.884 	 0.4
0.885 	 0.387298
0.886 	 0.374166
0.887 	 0.360555
0.888 	 0.34641
0.889 	 0.331662
0.89 	 0.316228
0.891 	 0.3
0.892 	 0.282843
0.893 	 0.264575
0.894 	 0.244949
0.895 	 0.223607
0.896 	 0.2
0.897 	 0.173205
0.898 	 0.14142
0.899 	 0.09999
0.9 	 0.011054
0.901 	 -0.126106
