5 	 11.1080 	 71.8420 	 10.0080 	 9.9080 	 81.8500 	 0.1000 	 81.7500
6 	 10.9610 	 0.1470 	 71.9890 	 9.8610 	 71.8420 	 81.8500 	 10.0080
7 	 7.7850 	 3.1761 	 3.3230 	 75.1650 	 0.1470 	 71.8420 	 71.9890
8 	 7.7274 	 0.0575 	 3.2336 	 3.3806 	 3.1761 	 0.1470 	 3.3230
9 	 5.7920 	 1.9355 	 1.9930 	 5.1690 	 0.0575 	 3.1761 	 3.2336
10 	 5.7695 	 0.0225 	 1.9579 	 2.0155 	 1.9355 	 0.0575 	 1.9930
11 	 4.4685 	 1.3010 	 1.3235 	 3.2589 	 0.0225 	 1.9355 	 1.9579
12 	 4.4606 	 0.0079 	 1.3089 	 1.3314 	 1.3010 	 0.0225 	 1.3235
13 	 3.5273 	 0.9333 	 0.9412 	 2.2422 	 0.0079 	 1.3010 	 1.3089
14 	 3.5252 	 0.0021 	 0.9354 	 0.9433 	 0.9333 	 0.0079 	 0.9412
15 	 2.8239 	 0.7013 	 0.7034 	 1.6367 	 0.0021 	 0.9333 	 0.9354
16 	 2.8237 	 0.0002 	 0.7015 	 0.7036 	 0.7013 	 0.0021 	 0.7034
17 	 2.2782 	 0.5455 	 0.5457 	 1.2470 	 0.0002 	 0.7013 	 0.7015
18 	 2.2781 	 0.0001 	 0.5456 	 0.5458 	 0.5455 	 0.0002 	 0.5457
19 	 1.8423 	 0.4358 	 0.4359 	 0.9814 	 0.0001 	 0.5455 	 0.5456
20 	 1.8414 	 0.0009 	 0.4367 	 0.4368 	 0.4358 	 0.0001 	 0.4359
21 	 1.4857 	 0.3557 	 0.3566 	 0.7924 	 0.0009 	 0.4358 	 0.4367
22 	 1.4838 	 0.0020 	 0.3577 	 0.3585 	 0.3557 	 0.0009 	 0.3566
23 	 1.1884 	 0.2954 	 0.2974 	 0.6531 	 0.0020 	 0.3557 	 0.3577
24 	 1.1852 	 0.0032 	 0.2986 	 0.3005 	 0.2954 	 0.0020 	 0.2974
25 	 0.9363 	 0.2489 	 0.2520 	 0.5474 	 0.0032 	 0.2954 	 0.2986
26 	 0.9320 	 0.0043 	 0.2532 	 0.2564 	 0.2489 	 0.0032 	 0.2520
27 	 0.7197 	 0.2123 	 0.2166 	 0.4655 	 0.0043 	 0.2489 	 0.2532
28 	 0.7144 	 0.0054 	 0.2177 	 0.2220 	 0.2123 	 0.0043 	 0.2166
29 	 0.5314 	 0.1829 	 0.1883 	 0.4006 	 0.0054 	 0.2123 	 0.2177
30 	 0.5251 	 0.0063 	 0.1893 	 0.1946 	 0.1829 	 0.0054 	 0.1883
31 	 0.3660 	 0.1591 	 0.1654 	 0.3484 	 0.0063 	 0.1829 	 0.1893
32 	 0.3588 	 0.0072 	 0.1662 	 0.1726 	 0.1591 	 0.0063 	 0.1654
33 	 0.2194 	 0.1394 	 0.1466 	 0.3057 	 0.0072 	 0.1591 	 0.1662
34 	 0.2115 	 0.0079 	 0.1473 	 0.1545 	 0.1394 	 0.0072 	 0.1466
35 	 0.0885 	 0.1231 	 0.1309 	 0.2704 	 0.0079 	 0.1394 	 0.1473
36 	 0.0800 	 0.0084 	 0.1315 	 0.1394 	 0.1231 	 0.0079 	 0.1309
37 	 -0.0293 	 0.1093 	 0.1178 	 0.2408 	 0.0084 	 0.1231 	 0.1315
38 	 -0.0382 	 0.0089 	 0.1182 	 0.1267 	 0.1093 	 0.0084 	 0.1178
39 	 -0.1359 	 0.0976 	 0.1066 	 0.2159 	 0.0089 	 0.1093 	 0.1182
40 	 -0.1452 	 0.0093 	 0.1069 	 0.1159 	 0.0976 	 0.0089 	 0.1066
41 	 -0.2328 	 0.0876 	 0.0969 	 0.1946 	 0.0093 	 0.0976 	 0.1069
42 	 -0.2424 	 0.0096 	 0.0972 	 0.1066 	 0.0876 	 0.0093 	 0.0969
43 	 -0.3214 	 0.0790 	 0.0886 	 0.1763 	 0.0096 	 0.0876 	 0.0972
44 	 -0.3313 	 0.0098 	 0.0889 	 0.0985 	 0.0790 	 0.0096 	 0.0886
45 	 -0.4028 	 0.0715 	 0.0814 	 0.1604 	 0.0098 	 0.0790 	 0.0889
46 	 -0.4128 	 0.0100 	 0.0816 	 0.0914 	 0.0715 	 0.0098 	 0.0814
47 	 -0.4779 	 0.0650 	 0.0750 	 0.1466 	 0.0100 	 0.0715 	 0.0816
48 	 -0.4880 	 0.0101 	 0.0751 	 0.0852 	 0.0650 	 0.0100 	 0.0750
49 	 -0.5473 	 0.0593 	 0.0694 	 0.1345 	 0.0101 	 0.0650 	 0.0751
50 	 -0.5575 	 0.0102 	 0.0695 	 0.0796 	 0.0593 	 0.0101 	 0.0694
51 	 -0.6118 	 0.0543 	 0.0645 	 0.1238 	 0.0102 	 0.0593 	 0.0695
52 	 -0.6220 	 0.0102 	 0.0645 	 0.0746 	 0.0543 	 0.0102 	 0.0645
53 	 -0.6718 	 0.0498 	 0.0600 	 0.1143 	 0.0102 	 0.0543 	 0.0645
54 	 -0.6819 	 0.0102 	 0.0600 	 0.0702 	 0.0498 	 0.0102 	 0.0600
55 	 -0.7278 	 0.0459 	 0.0560 	 0.1059 	 0.0102 	 0.0498 	 0.0600
56 	 -0.7379 	 0.0101 	 0.0560 	 0.0661 	 0.0459 	 0.0102 	 0.0560
57 	 -0.7802 	 0.0423 	 0.0524 	 0.0983 	 0.0101 	 0.0459 	 0.0560
58 	 -0.7903 	 0.0100 	 0.0524 	 0.0625 	 0.0423 	 0.0101 	 0.0524
59 	 -0.8294 	 0.0392 	 0.0492 	 0.0915 	 0.0100 	 0.0423 	 0.0524
60 	 -0.8394 	 0.0099 	 0.0491 	 0.0591 	 0.0392 	 0.0100 	 0.0492
61 	 -0.8757 	 0.0363 	 0.0463 	 0.0854 	 0.0099 	 0.0392 	 0.0491
62 	 -0.8855 	 0.0098 	 0.0461 	 0.0561 	 0.0363 	 0.0099 	 0.0463
63 	 -0.9193 	 0.0338 	 0.0436 	 0.0799 	 0.0098 	 0.0363 	 0.0461
64 	 -0.9289 	 0.0097 	 0.0434 	 0.0532 	 0.0338 	 0.0098 	 0.0436
65 	 -0.9604 	 0.0314 	 0.0411 	 0.0749 	 0.0097 	 0.0338 	 0.0434
66 	 -0.9699 	 0.0095 	 0.0410 	 0.0506 	 0.0314 	 0.0097 	 0.0411
67 	 -0.9992 	 0.0293 	 0.0389 	 0.0703 	 0.0095 	 0.0314 	 0.0410
68 	 -1.0086 	 0.0094 	 0.0387 	 0.0482 	 0.0293 	 0.0095 	 0.0389
69 	 -1.0360 	 0.0274 	 0.0368 	 0.0661 	 0.0094 	 0.0293 	 0.0387
70 	 -1.0452 	 0.0092 	 0.0366 	 0.0460 	 0.0274 	 0.0094 	 0.0368
71 	 -1.0709 	 0.0257 	 0.0349 	 0.0623 	 0.0092 	 0.0274 	 0.0366
72 	 -1.0799 	 0.0090 	 0.0347 	 0.0439 	 0.0257 	 0.0092 	 0.0349
73 	 -1.1040 	 0.0241 	 0.0331 	 0.0588 	 0.0090 	 0.0257 	 0.0347
74 	 -1.1129 	 0.0088 	 0.0329 	 0.0420 	 0.0241 	 0.0090 	 0.0331
75 	 -1.1355 	 0.0226 	 0.0315 	 0.0556 	 0.0088 	 0.0241 	 0.0329
76 	 -1.1442 	 0.0087 	 0.0313 	 0.0401 	 0.0226 	 0.0088 	 0.0315
77 	 -1.1655 	 0.0213 	 0.0300 	 0.0526 	 0.0087 	 0.0226 	 0.0313
78 	 -1.1740 	 0.0085 	 0.0298 	 0.0384 	 0.0213 	 0.0087 	 0.0300
79 	 -1.1941 	 0.0201 	 0.0286 	 0.0499 	 0.0085 	 0.0213 	 0.0298
80 	 -1.2023 	 0.0083 	 0.0284 	 0.0368 	 0.0201 	 0.0085 	 0.0286
81 	 -1.2213 	 0.0190 	 0.0272 	 0.0473 	 0.0083 	 0.0201 	 0.0284
82 	 -1.2294 	 0.0081 	 0.0271 	 0.0353 	 0.0190 	 0.0083 	 0.0272
83 	 -1.2473 	 0.0179 	 0.0260 	 0.0450 	 0.0081 	 0.0190 	 0.0271
84 	 -1.2552 	 0.0079 	 0.0258 	 0.0339 	 0.0179 	 0.0081 	 0.0260
85 	 -1.2722 	 0.0170 	 0.0249 	 0.0428 	 0.0079 	 0.0179 	 0.0258
86 	 -1.2799 	 0.0077 	 0.0247 	 0.0326 	 0.0170 	 0.0079 	 0.0249
87 	 -1.2960 	 0.0161 	 0.0238 	 0.0408 	 0.0077 	 0.0170 	 0.0247
88 	 -1.3035 	 0.0075 	 0.0236 	 0.0313 	 0.0161 	 0.0077 	 0.0238
89 	 -1.3188 	 0.0152 	 0.0228 	 0.0389 	 0.0075 	 0.0161 	 0.0236
90 	 -1.3261 	 0.0074 	 0.0226 	 0.0301 	 0.0152 	 0.0075 	 0.0228
91 	 -1.3406 	 0.0145 	 0.0218 	 0.0371 	 0.0074 	 0.0152 	 0.0226
92 	 -1.3478 	 0.0072 	 0.0217 	 0.0290 	 0.0145 	 0.0074 	 0.0218
93 	 -1.3616 	 0.0138 	 0.0209 	 0.0354 	 0.0072 	 0.0145 	 0.0217
94 	 -1.3686 	 0.0070 	 0.0208 	 0.0280 	 0.0138 	 0.0072 	 0.0209
95 	 -1.3816 	 0.0131 	 0.0201 	 0.0338 	 0.0070 	 0.0138 	 0.0208
96 	 -1.3885 	 0.0069 	 0.0199 	 0.0270 	 0.0131 	 0.0070 	 0.0201
97 	 -1.4008 	 0.0123 	 0.0192 	 0.0322 	 0.0069 	 0.0131 	 0.0199
98 	 -1.4077 	 0.0069 	 0.0192 	 0.0260 	 0.0123 	 0.0069 	 0.0192
99 	 -1.4190 	 0.0113 	 0.0182 	 0.0305 	 0.0069 	 0.0123 	 0.0192
100 	 -1.4261 	 0.0071 	 0.0185 	 0.0253 	 0.0113 	 0.0069 	 0.0182
101 	 -1.4363 	 0.0102 	 0.0173 	 0.0286 	 0.0071 	 0.0113 	 0.0185
102 	 -1.4439 	 0.0076 	 0.0178 	 0.0249 	 0.0102 	 0.0071 	 0.0173
103 	 -1.4531 	 0.0091 	 0.0167 	 0.0269 	 0.0076 	 0.0102 	 0.0178
104 	 -1.4610 	 0.0080 	 0.0171 	 0.0247 	 0.0091 	 0.0076 	 0.0167
105 	 -1.4693 	 0.0083 	 0.0163 	 0.0254 	 0.0080 	 0.0091 	 0.0171
106 	 -1.4774 	 0.0080 	 0.0163 	 0.0243 	 0.0083 	 0.0080 	 0.0163
107 	 -1.4804 	 0.0030 	 0.0111 	 0.0194 	 0.0080 	 0.0083 	 0.0163
108 	 -1.4966 	 0.0162 	 0.0192 	 0.0273 	 0.0030 	 0.0080 	 0.0111
109 	 -1.5114 	 0.0148 	 0.0310 	 0.0341 	 0.0162 	 0.0030 	 0.0192
110 	 -1.5014 	 0.0100 	 0.0048 	 0.0210 	 0.0148 	 0.0162 	 0.0310
111 	 -1.5025 	 0.0011 	 0.0089 	 0.0059 	 0.0100 	 0.0148 	 0.0048
112 	 -1.4999 	 0.0026 	 0.0015 	 0.0115 	 0.0011 	 0.0100 	 0.0089
113 	 -1.4930 	 0.0069 	 0.0095 	 0.0084 	 0.0026 	 0.0011 	 0.0015
114 	 -1.5086 	 0.0156 	 0.0087 	 0.0060 	 0.0069 	 0.0026 	 0.0095
115 	 -10848580971814200196997344846926540136145867668037465211933947286435728699429422058907701040260725876981760.0000 	 10848580971814200196997344846926540136145867668037465211933947286435728699429422058907701040260725876981760.0000 	 10848580971814200196997344846926540136145867668037465211933947286435728699429422058907701040260725876981760.0000 	 10848580971814200196997344846926540136145867668037465211933947286435728699429422058907701040260725876981760.0000 	 0.0156 	 0.0069 	 0.0087
