0	2.79044	1.04453
5000	2.29242	2.54135
10000	2.22889	2.4798
15000	2.31031	2.18407
20000	2.30904	1.89993
25000	2.34471	1.68676
30000	2.34808	1.52391
35000	2.36497	1.40735
40000	2.37097	1.31151
45000	2.39607	1.23592
50000	2.37919	1.17289
55000	2.35779	1.12038
60000	2.32478	1.07456
65000	2.31312	1.03299
70000	2.28808	0.999535
75000	2.27455	0.971757
80000	2.25298	0.94737
85000	2.25661	0.924013
90000	2.2371	0.903878
95000	2.19435	0.888615
100000	2.13908	0.885335
105000	2.13455	0.881005
110000	2.13282	0.875153
115000	2.13547	0.868062
120000	2.12808	0.861301
125000	2.14135	0.853603
130000	2.14823	0.845289
135000	2.14236	0.838022
140000	2.14558	0.830592
145000	2.15486	0.82272
150000	2.12166	0.818677
155000	2.11179	0.817787
160000	2.10522	0.816275
165000	2.1132	0.813698
170000	2.11975	0.810187
175000	2.12263	0.805968
180000	2.11943	0.801502
185000	2.125	0.796754
190000	2.13134	0.79159
195000	2.13201	0.786131
200000	2.12413	0.780597
205000	2.1213	0.775047
210000	2.12493	0.76938
215000	2.11234	0.763757
220000	2.09358	0.758532
225000	2.08069	0.753406
230000	2.07915	0.748215
235000	2.06294	0.743185
240000	2.05172	0.738588
245000	2.04372	0.734043
250000	2.04051	0.729522
255000	2.03712	0.724915
260000	2.02579	0.720408
265000	2.01801	0.715963
270000	2.01875	0.711513
275000	2.01766	0.707027
280000	2.01844	0.702527
285000	2.021	0.698014
290000	2.02045	0.693684
295000	2.02267	0.689329
300000	2.02376	0.685031
305000	2.02004	0.680796
310000	2.00391	0.676753
315000	2.00171	0.672796
320000	1.99928	0.668875
325000	1.99875	0.664978
330000	1.9979	0.661091
335000	1.99768	0.657243
340000	1.99542	0.65343
345000	1.9951	0.649644
350000	1.99691	0.645902
355000	1.99451	0.642251
360000	1.9979	0.638737
365000	1.99984	0.635269
370000	2.00314	0.631844
375000	2.00453	0.628478
380000	2.00577	0.625137
385000	2.00999	0.621805
390000	2.01074	0.618511
395000	2.01161	0.615252
400000	2.01572	0.61202
405000	2.02082	0.608793
410000	2.02317	0.60558
415000	2.02725	0.602395
420000	2.03428	0.59922
425000	2.03512	0.596071
430000	2.03849	0.592946
435000	2.02922	0.589915
440000	2.02902	0.58693
445000	2.02739	0.583983
450000	2.03126	0.581062
455000	2.03352	0.578155
460000	2.03674	0.575273
465000	2.04259	0.5724
470000	2.04806	0.569538
475000	2.04773	0.566709
480000	2.04911	0.563917
485000	2.05186	0.561151
490000	2.05318	0.55841
495000	2.05609	0.55569
500000	2.05633	0.553004
505000	2.05344	0.550372
510000	2.05206	0.547777
515000	2.05498	0.545201
520000	2.05357	0.54265
525000	2.05225	0.540134
530000	2.05047	0.537667
535000	2.0492	0.535223
540000	2.05072	0.532801
545000	2.0498	0.5304
550000	2.05248	0.528023
555000	2.05213	0.525666
560000	2.05353	0.523331
565000	2.05455	0.521016
570000	2.05611	0.518721
575000	2.05582	0.516453
580000	2.0587	0.514201
585000	2.05994	0.511965
590000	2.06013	0.50975
595000	2.05536	0.507569
600000	2.05232	0.505432
605000	2.05329	0.503326
610000	2.05595	0.501237
615000	2.05636	0.499172
620000	2.05546	0.497135
625000	2.05598	0.495118
630000	2.05696	0.493129
635000	2.04914	0.491198
640000	2.04531	0.489307
645000	2.04607	0.487432
650000	2.04584	0.485577
655000	2.04474	0.483743
660000	2.04216	0.481944
665000	2.04419	0.48016
670000	2.04374	0.478389
675000	2.04525	0.476634
680000	2.04514	0.474895
685000	2.04325	0.473176
690000	2.04	0.47151
695000	2.03786	0.46987
700000	2.03672	0.468266
705000	2.03641	0.466687
710000	2.03602	0.465121
715000	2.03555	0.463592
720000	2.03425	0.462075
725000	2.03436	0.46057
730000	2.03037	0.459081
735000	2.02883	0.457604
740000	2.02854	0.456138
745000	2.02796	0.454681
750000	2.02604	0.453237
755000	2.02634	0.451811
760000	2.02362	0.450398
765000	2.02489	0.448994
770000	2.02574	0.447596
775000	2.02405	0.446211
780000	2.02338	0.444847
785000	2.01968	0.443516
790000	2.02099	0.442205
795000	2.01577	0.440927
800000	2.01316	0.439669
805000	2.00825	0.438427
810000	2.00625	0.437195
815000	2.00606	0.435971
820000	2.00505	0.434758
825000	2.0051	0.433559
830000	2.00559	0.432364
835000	2.00462	0.431177
840000	2.00579	0.429995
845000	2.00725	0.428817
850000	2.00842	0.427643
855000	2.00899	0.426476
860000	2.00917	0.425317
865000	2.0108	0.424163
870000	2.01053	0.423017
875000	2.01232	0.421879
880000	2.01325	0.420744
885000	2.0129	0.419618
890000	2.01075	0.418506
895000	2.00944	0.417404
900000	2.01044	0.416307
905000	2.01087	0.415217
910000	2.01186	0.414132
915000	2.01357	0.41305
920000	2.01618	0.411971
925000	2.01744	0.410898
930000	2.01906	0.409829
935000	2.01929	0.408767
940000	2.02058	0.407712
945000	2.02275	0.406661
950000	2.02447	0.405614
955000	2.0262	0.404572
960000	2.02758	0.403538
965000	2.02739	0.40251
970000	2.02848	0.401488
975000	2.02946	0.40047
980000	2.02922	0.399457
985000	2.02982	0.398449
990000	2.02845	0.397448
995000	2.02692	0.396454
1000000	2.02641	0.395467
1005000	2.02531	0.394488
1010000	2.02409	0.393516
1015000	2.023	0.39255
1020000	2.02068	0.391595
1025000	2.01984	0.390645
1030000	2.01775	0.389704
1035000	2.018	0.388773
1040000	2.01865	0.387847
1045000	2.02035	0.386924
1050000	2.02229	0.386004
1055000	2.02218	0.385088
1060000	2.02285	0.384178
1065000	2.02279	0.383273
1070000	2.02265	0.382372
1075000	2.02313	0.381476
1080000	2.02441	0.380583
1085000	2.02572	0.379695
1090000	2.02765	0.378809
1095000	2.02916	0.377926
1100000	2.02969	0.377047
1105000	2.02956	0.376173
1110000	2.031	0.375302
1115000	2.03204	0.374435
1120000	2.03348	0.373572
1125000	2.03319	0.372714
1130000	2.0337	0.371859
1135000	2.03484	0.37101
1140000	2.03616	0.370164
1145000	2.03809	0.369324
1150000	2.03827	0.368491
1155000	2.03977	0.367662
1160000	2.04162	0.366835
1165000	2.04339	0.366012
1170000	2.04498	0.365192
1175000	2.04453	0.36438
1180000	2.0458	0.363572
1185000	2.04714	0.362767
1190000	2.04747	0.361967
1195000	2.04672	0.361171
1200000	2.0463	0.360382
1205000	2.0462	0.359597
1210000	2.04649	0.358818
1215000	2.04725	0.358042
1220000	2.04697	0.35727
1225000	2.04756	0.356502
1230000	2.04921	0.355737
1235000	2.05028	0.354975
1240000	2.05111	0.354216
1245000	2.05125	0.353461
1250000	2.05135	0.35271
1255000	2.05113	0.351967
1260000	2.04937	0.351228
1265000	2.04844	0.350497
1270000	2.04939	0.349769
1275000	2.05059	0.349043
1280000	2.05251	0.34832
1285000	2.05369	0.3476
1290000	2.05437	0.346883
1295000	2.05484	0.34617
1300000	2.05472	0.345463
1305000	2.05417	0.34476
1310000	2.05429	0.344061
1315000	2.05303	0.343367
1320000	2.05318	0.342678
1325000	2.0537	0.34199
1330000	2.05436	0.341307
1335000	2.05361	0.340626
1340000	2.05308	0.33995
1345000	2.05312	0.339277
1350000	2.05396	0.338607
1355000	2.05491	0.33794
1360000	2.05647	0.337275
1365000	2.05634	0.336613
1370000	2.05662	0.335955
1375000	2.05667	0.335299
1380000	2.05775	0.334646
1385000	2.05798	0.333997
1390000	2.05818	0.333351
1395000	2.05884	0.332708
1400000	2.0597	0.332067
1405000	2.05954	0.33143
1410000	2.06031	0.330795
1415000	2.06078	0.330165
1420000	2.06091	0.329539
1425000	2.0623	0.328917
1430000	2.06251	0.328298
1435000	2.06251	0.327682
1440000	2.06391	0.327068
1445000	2.06556	0.326456
1450000	2.06677	0.325846
1455000	2.06654	0.325239
1460000	2.06667	0.324637
1465000	2.06722	0.324036
1470000	2.06828	0.323438
1475000	2.06892	0.322842
1480000	2.06855	0.322249
1485000	2.06718	0.321662
1490000	2.06759	0.321079
1495000	2.06894	0.320497
1500000	2.06861	0.319918
1505000	2.0694	0.319341
1510000	2.07001	0.318766
1515000	2.07116	0.318192
1520000	2.07158	0.317621
1525000	2.07236	0.317053
1530000	2.07235	0.316489
1535000	2.07261	0.315928
1540000	2.07203	0.31537
1545000	2.07291	0.314814
1550000	2.07229	0.314264
1555000	2.0732	0.313717
1560000	2.07397	0.313172
1565000	2.07465	0.312629
1570000	2.0744	0.312088
1575000	2.07451	0.31155
1580000	2.07557	0.311014
1585000	2.07689	0.310479
1590000	2.07779	0.309947
1595000	2.07819	0.309416
1600000	2.07842	0.308888
1605000	2.07845	0.308362
1610000	2.07884	0.307839
1615000	2.07911	0.307317
1620000	2.07987	0.306797
1625000	2.08069	0.306279
1630000	2.08227	0.305762
1635000	2.08335	0.305248
1640000	2.08366	0.304736
1645000	2.08361	0.304228
1650000	2.08351	0.303722
1655000	2.0821	0.303222
1660000	2.08173	0.302726
1665000	2.08188	0.302232
1670000	2.08176	0.301741
1675000	2.0824	0.301251
1680000	2.08308	0.300763
1685000	2.08399	0.300277
1690000	2.08436	0.299792
1695000	2.08502	0.299311
1700000	2.08578	0.298831
1705000	2.08556	0.298353
1710000	2.08538	0.297878
1715000	2.08564	0.297405
1720000	2.08559	0.296935
1725000	2.08533	0.296466
1730000	2.0857	0.296
1735000	2.08688	0.295535
1740000	2.08781	0.295071
1745000	2.08925	0.294609
1750000	2.09003	0.294148
1755000	2.09097	0.293689
1760000	2.09215	0.293231
1765000	2.09282	0.292775
1770000	2.09328	0.29232
1775000	2.09322	0.291867
1780000	2.09343	0.291416
1785000	2.09437	0.290967
1790000	2.09417	0.29052
1795000	2.09444	0.290075
1800000	2.09352	0.289633
1805000	2.09381	0.289194
1810000	2.09387	0.288755
1815000	2.09396	0.288318
1820000	2.09395	0.287883
1825000	2.09454	0.28745
1830000	2.09402	0.287018
1835000	2.09341	0.28659
1840000	2.0935	0.286164
1845000	2.09423	0.285739
1850000	2.09429	0.285316
1855000	2.09452	0.284897
1860000	2.0943	0.284483
1865000	2.09455	0.284071
1870000	2.09352	0.283661
1875000	2.09387	0.283252
1880000	2.09394	0.282846
1885000	2.09288	0.282441
1890000	2.09239	0.28204
1895000	2.09221	0.281639
1900000	2.09239	0.281241
1905000	2.09331	0.280843
1910000	2.09403	0.280447
1915000	2.09375	0.280052
1920000	2.09355	0.279658
1925000	2.09185	0.279266
1930000	2.09046	0.278876
1935000	2.09086	0.278488
1940000	2.08992	0.278101
1945000	2.08944	0.277716
1950000	2.089	0.277332
1955000	2.08826	0.27695
1960000	2.08818	0.27657
1965000	2.0877	0.276191
1970000	2.08817	0.275814
1975000	2.08913	0.275437
1980000	2.08832	0.275066
1985000	2.08829	0.274696
1990000	2.08867	0.274327
1995000	2.08909	0.27396
2000000	2.08972	0.273593
2005000	2.09003	0.273228
2010000	2.09018	0.272863
2015000	2.08953	0.2725
2020000	2.08926	0.272139
2025000	2.08973	0.271778
2030000	2.08991	0.271419
2035000	2.08995	0.27106
2040000	2.09056	0.270703
2045000	2.09138	0.270347
2050000	2.09048	0.269992
2055000	2.08968	0.269639
2060000	2.0889	0.269288
2065000	2.08833	0.26894
2070000	2.08819	0.268593
2075000	2.08788	0.268248
2080000	2.08887	0.267903
2085000	2.08927	0.26756
2090000	2.08863	0.267218
2095000	2.08809	0.266877
2100000	2.08691	0.266538
2105000	2.08485	0.266201
2110000	2.08106	0.265868
2115000	2.07836	0.265539
2120000	2.07643	0.265212
2125000	2.07544	0.264888
2130000	2.07315	0.264566
2135000	2.06917	0.264249
2140000	2.06703	0.263935
2145000	2.06598	0.263624
2150000	2.06522	0.263314
2155000	2.06438	0.263004
2160000	2.06353	0.262697
2165000	2.06306	0.262391
2170000	2.06287	0.262086
2175000	2.06265	0.261782
2180000	2.06299	0.26148
2185000	2.06323	0.261177
2190000	2.0624	0.260876
2195000	2.06093	0.260577
2200000	2.06085	0.260279
2205000	2.06117	0.259982
2210000	2.06121	0.259686
2215000	2.06115	0.25939
2220000	2.06157	0.259096
2225000	2.06114	0.258803
2230000	2.06112	0.258511
2235000	2.06096	0.258219
2240000	2.06087	0.257929
2245000	2.05981	0.257639
2250000	2.05981	0.25735
2255000	2.05965	0.257063
2260000	2.05979	0.256775
2265000	2.0595	0.25649
2270000	2.06053	0.256204
2275000	2.06102	0.25592
2280000	2.06214	0.255636
2285000	2.06248	0.255353
2290000	2.06268	0.25507
2295000	2.06231	0.254788
2300000	2.06258	0.254508
2305000	2.06243	0.254228
2310000	2.06265	0.253949
2315000	2.06297	0.25367
2320000	2.06324	0.253393
2325000	2.06356	0.253116
2330000	2.06378	0.252841
2335000	2.0638	0.252567
2340000	2.06423	0.252293
2345000	2.06425	0.252021
2350000	2.06421	0.25175
2355000	2.06392	0.251479
2360000	2.06278	0.25121
2365000	2.06224	0.250942
2370000	2.06198	0.250675
2375000	2.0614	0.250409
2380000	2.06206	0.250143
2385000	2.06277	0.249878
2390000	2.06298	0.249614
2395000	2.06305	0.24935
2400000	2.06254	0.249088
2405000	2.0617	0.248828
2410000	2.06082	0.248569
2415000	2.06049	0.248312
2420000	2.06071	0.248055
2425000	2.0611	0.247799
2430000	2.06079	0.247544
2435000	2.05989	0.24729
2440000	2.05915	0.247037
2445000	2.0591	0.246785
2450000	2.05951	0.246533
2455000	2.06018	0.246282
2460000	2.06034	0.246031
2465000	2.06021	0.245782
2470000	2.06011	0.245533
2475000	2.06026	0.245284
2480000	2.06029	0.245037
2485000	2.06078	0.24479
2490000	2.06159	0.244543
2495000	2.06237	0.244297
2500000	2.06235	0.244051
2505000	2.06138	0.243807
2510000	2.06048	0.243564
2515000	2.06063	0.243322
2520000	2.06119	0.243081
2525000	2.06099	0.24284
2530000	2.06044	0.2426
2535000	2.05857	0.242363
2540000	2.05771	0.242129
2545000	2.05778	0.241896
2550000	2.05736	0.241663
2555000	2.05746	0.241432
2560000	2.05737	0.2412
2565000	2.05669	0.240969
2570000	2.05644	0.240739
2575000	2.05666	0.240509
2580000	2.05663	0.240279
2585000	2.05646	0.240051
2590000	2.0565	0.239823
2595000	2.05641	0.239596
2600000	2.05661	0.239369
2605000	2.05658	0.239143
2610000	2.05651	0.238917
2615000	2.05646	0.238693
2620000	2.05716	0.23847
2625000	2.05691	0.238247
2630000	2.05663	0.238025
2635000	2.05701	0.237804
2640000	2.05665	0.237583
2645000	2.05703	0.237363
2650000	2.05705	0.237144
2655000	2.05738	0.236924
2660000	2.05801	0.236706
2665000	2.05844	0.236487
2670000	2.05829	0.23627
2675000	2.0582	0.236053
2680000	2.05845	0.235836
2685000	2.05794	0.23562
2690000	2.05877	0.235405
2695000	2.05894	0.23519
2700000	2.05908	0.234976
2705000	2.05929	0.234762
2710000	2.05926	0.234549
2715000	2.05916	0.234337
2720000	2.05951	0.234125
2725000	2.05972	0.233914
2730000	2.06017	0.233704
2735000	2.0599	0.233493
2740000	2.06036	0.233284
2745000	2.0599	0.233075
2750000	2.06003	0.232867
2755000	2.05996	0.23266
2760000	2.06035	0.232453
2765000	2.06108	0.232246
2770000	2.06199	0.23204
2775000	2.06158	0.231834
2780000	2.06174	0.231629
2785000	2.06259	0.231425
2790000	2.06325	0.23122
2795000	2.06371	0.231016
2800000	2.06441	0.230812
2805000	2.06484	0.230609
2810000	2.06552	0.230405
2815000	2.06596	0.230202
2820000	2.06627	0.23
2825000	2.06648	0.229798
2830000	2.06684	0.229596
2835000	2.06691	0.229395
2840000	2.06747	0.229194
2845000	2.06802	0.228993
2850000	2.06777	0.228793
2855000	2.06658	0.228594
2860000	2.06644	0.228395
2865000	2.06657	0.228197
2870000	2.06569	0.228
2875000	2.06518	0.227803
2880000	2.06482	0.227607
2885000	2.06496	0.227411
2890000	2.06485	0.227216
2895000	2.06508	0.227021
2900000	2.06429	0.226828
2905000	2.06203	0.226635
2910000	2.05977	0.226443
2915000	2.05857	0.226253
2920000	2.05863	0.226063
2925000	2.05868	0.225873
2930000	2.05876	0.225684
2935000	2.05913	0.225495
2940000	2.05973	0.225306
2945000	2.05929	0.225117
2950000	2.05986	0.224929
2955000	2.05834	0.224742
2960000	2.05822	0.224555
2965000	2.05832	0.224369
2970000	2.05851	0.224183
2975000	2.05789	0.223998
2980000	2.05778	0.223813
2985000	2.05801	0.223628
2990000	2.05848	0.223443
2995000	2.05865	0.223259
3000000	2.05817	0.223075
3005000	2.05767	0.222892
3010000	2.05579	0.222709
3015000	2.05531	0.222528
3020000	2.05532	0.222348
3025000	2.05521	0.222167
3030000	2.05566	0.221987
3035000	2.05578	0.221807
3040000	2.05595	0.221627
3045000	2.05547	0.221448
3050000	2.05533	0.22127
3055000	2.05534	0.221092
3060000	2.05475	0.220914
3065000	2.05354	0.220737
3070000	2.05339	0.22056
3075000	2.05313	0.220384
3080000	2.05253	0.220208
3085000	2.0524	0.220033
3090000	2.052	0.219858
3095000	2.05217	0.219683
3100000	2.05264	0.219509
3105000	2.05305	0.219335
3110000	2.05258	0.219161
3115000	2.05272	0.218987
3120000	2.05331	0.218814
3125000	2.054	0.218641
3130000	2.05417	0.218468
3135000	2.05376	0.218296
3140000	2.054	0.218124
3145000	2.05377	0.217952
3150000	2.0539	0.217782
3155000	2.05446	0.217611
3160000	2.05457	0.21744
3165000	2.05514	0.21727
3170000	2.05572	0.2171
3175000	2.05604	0.216931
3180000	2.05643	0.216761
3185000	2.05679	0.216592
3190000	2.05648	0.216424
3195000	2.05674	0.216256
3200000	2.05684	0.216088
3205000	2.05693	0.21592
3210000	2.05707	0.215753
3215000	2.05567	0.215586
3220000	2.05534	0.21542
3225000	2.05469	0.215255
3230000	2.05396	0.21509
3235000	2.0537	0.214925
3240000	2.05348	0.214761
3245000	2.05369	0.214598
3250000	2.05358	0.214434
3255000	2.05356	0.214271
3260000	2.05353	0.214108
3265000	2.05339	0.213945
3270000	2.05392	0.213783
3275000	2.05407	0.21362
3280000	2.05432	0.213458
3285000	2.05474	0.213296
3290000	2.05522	0.213135
3295000	2.05525	0.212973
3300000	2.05482	0.212812
3305000	2.0541	0.212652
3310000	2.05429	0.212492
3315000	2.05468	0.212332
3320000	2.05488	0.212172
3325000	2.05468	0.212013
3330000	2.05463	0.211854
3335000	2.05449	0.211695
3340000	2.05432	0.211536
3345000	2.05497	0.211378
3350000	2.05557	0.21122
3355000	2.0562	0.211062
3360000	2.05605	0.210905
3365000	2.0557	0.210747
3370000	2.05578	0.210591
3375000	2.05613	0.210434
3380000	2.05569	0.210278
3385000	2.05599	0.210122
3390000	2.05653	0.209966
3395000	2.05656	0.209811
3400000	2.0571	0.209656
3405000	2.05742	0.209501
3410000	2.05774	0.209346
3415000	2.05828	0.209192
3420000	2.05847	0.209037
3425000	2.05854	0.208884
3430000	2.05814	0.20873
3435000	2.05859	0.208577
3440000	2.05929	0.208424
3445000	2.05979	0.208271
3450000	2.06027	0.208119
3455000	2.06083	0.207966
3460000	2.06113	0.207814
3465000	2.06174	0.207662
3470000	2.06243	0.20751
3475000	2.06272	0.207358
3480000	2.06265	0.207207
3485000	2.06281	0.207056
3490000	2.06241	0.206905
3495000	2.06223	0.206755
3500000	2.06213	0.206606
3505000	2.0623	0.206456
3510000	2.06217	0.206307
3515000	2.06247	0.206158
3520000	2.063	0.20601
3525000	2.06332	0.205861
3530000	2.06362	0.205713
3535000	2.06381	0.205565
3540000	2.06419	0.205417
3545000	2.0637	0.205269
3550000	2.06377	0.205122
3555000	2.06369	0.204976
3560000	2.06389	0.204829
3565000	2.06377	0.204683
3570000	2.06332	0.204537
3575000	2.06267	0.204392
3580000	2.06287	0.204247
3585000	2.06234	0.204103
3590000	2.06205	0.203959
3595000	2.06148	0.203816
3600000	2.06117	0.203673
3605000	2.06061	0.20353
3610000	2.06043	0.203387
3615000	2.05992	0.203245
3620000	2.06007	0.203103
3625000	2.06031	0.202961
3630000	2.06083	0.20282
3635000	2.06094	0.202678
3640000	2.06117	0.202537
3645000	2.06132	0.202396
3650000	2.06133	0.202256
3655000	2.06117	0.202115
3660000	2.06101	0.201975
3665000	2.06128	0.201835
3670000	2.06168	0.201696
3675000	2.06209	0.201556
3680000	2.06236	0.201417
3685000	2.06227	0.201278
3690000	2.06233	0.201139
3695000	2.06262	0.201001
3700000	2.06277	0.200863
3705000	2.06284	0.200725
3710000	2.06312	0.200587
3715000	2.06366	0.200449
3720000	2.06401	0.200311
3725000	2.06434	0.200174
3730000	2.06457	0.200037
3735000	2.06433	0.1999
3740000	2.06352	0.199763
3745000	2.06423	0.199627
3750000	2.06426	0.199491
3755000	2.06426	0.199355
3760000	2.06444	0.19922
3765000	2.0645	0.199084
3770000	2.06465	0.198949
3775000	2.06353	0.198815
3780000	2.06319	0.198681
3785000	2.06253	0.198547
3790000	2.06221	0.198414
3795000	2.06212	0.198281
3800000	2.06196	0.198149
3805000	2.06195	0.198016
3810000	2.06201	0.197884
3815000	2.06248	0.197752
3820000	2.0623	0.19762
3825000	2.06211	0.197489
3830000	2.06208	0.197358
3835000	2.0618	0.197227
3840000	2.06169	0.197096
3845000	2.06153	0.196966
3850000	2.0617	0.196835
3855000	2.06132	0.196705
3860000	2.06113	0.196575
3865000	2.06006	0.196446
3870000	2.05956	0.196317
3875000	2.0587	0.196188
3880000	2.05846	0.19606
3885000	2.05767	0.195933
3890000	2.05725	0.195805
3895000	2.05725	0.195678
3900000	2.05736	0.195551
3905000	2.05759	0.195424
3910000	2.05782	0.195297
3915000	2.05847	0.195171
3920000	2.05892	0.195044
3925000	2.05878	0.194918
3930000	2.05831	0.194792
3935000	2.05797	0.194666
3940000	2.05806	0.194541
3945000	2.05803	0.194415
3950000	2.05834	0.19429
3955000	2.05874	0.194165
3960000	2.05876	0.194041
3965000	2.05867	0.193916
3970000	2.05833	0.193792
3975000	2.0584	0.193668
3980000	2.05799	0.193545
3985000	2.05795	0.193422
3990000	2.05832	0.193299
3995000	2.05864	0.193176
4000000	2.05864	0.193053
4005000	2.05896	0.192931
4010000	2.05907	0.192808
4015000	2.05893	0.192686
4020000	2.05897	0.192565
4025000	2.05905	0.192444
4030000	2.05943	0.192322
4035000	2.05936	0.192201
4040000	2.05977	0.19208
4045000	2.05982	0.191959
4050000	2.06026	0.191839
4055000	2.06043	0.191718
4060000	2.06073	0.191598
4065000	2.06097	0.191478
4070000	2.06124	0.191358
4075000	2.0607	0.191238
4080000	2.0605	0.191118
4085000	2.06064	0.190999
4090000	2.06064	0.19088
4095000	2.05928	0.190761
4100000	2.05793	0.190643
4105000	2.05713	0.190525
4110000	2.05729	0.190408
4115000	2.05719	0.19029
4120000	2.05667	0.190173
4125000	2.05655	0.190057
4130000	2.05663	0.18994
4135000	2.05668	0.189823
4140000	2.05701	0.189707
4145000	2.05703	0.189591
4150000	2.05727	0.189475
4155000	2.05758	0.189359
4160000	2.05793	0.189244
4165000	2.05795	0.189128
4170000	2.05791	0.189013
4175000	2.05829	0.188898
4180000	2.0584	0.188783
4185000	2.05812	0.188668
4190000	2.05758	0.188554
4195000	2.0576	0.18844
4200000	2.05783	0.188326
4205000	2.05786	0.188212
4210000	2.05817	0.188099
4215000	2.05841	0.187985
4220000	2.05868	0.187872
4225000	2.0589	0.187759
4230000	2.05899	0.187645
4235000	2.05908	0.187533
4240000	2.05978	0.18742
4245000	2.06015	0.187307
4250000	2.06021	0.187194
4255000	2.06053	0.187082
4260000	2.06108	0.18697
4265000	2.06138	0.186858
4270000	2.06205	0.186746
4275000	2.06267	0.186634
4280000	2.06322	0.186522
4285000	2.06367	0.18641
4290000	2.0643	0.186298
4295000	2.06477	0.186187
4300000	2.0651	0.186076
4305000	2.06532	0.185964
4310000	2.06572	0.185853
4315000	2.06593	0.185742
4320000	2.06597	0.185632
4325000	2.06593	0.185521
4330000	2.06585	0.185411
4335000	2.06552	0.1853
4340000	2.06535	0.185191
4345000	2.06495	0.185081
4350000	2.06524	0.184971
4355000	2.06554	0.184862
4360000	2.06603	0.184752
4365000	2.06619	0.184643
4370000	2.06638	0.184534
4375000	2.06673	0.184425
4380000	2.06675	0.184316
4385000	2.06714	0.184208
4390000	2.06716	0.184099
4395000	2.06649	0.183991
4400000	2.0669	0.183883
4405000	2.06745	0.183776
4410000	2.06798	0.183668
4415000	2.06844	0.18356
4420000	2.0688	0.183453
4425000	2.06913	0.183345
4430000	2.06945	0.183238
4435000	2.06984	0.183131
4440000	2.06972	0.183024
4445000	2.06986	0.182917
4450000	2.06958	0.18281
4455000	2.06961	0.182704
4460000	2.06914	0.182597
4465000	2.06858	0.182491
4470000	2.06709	0.182386
4475000	2.06628	0.182281
4480000	2.06581	0.182176
4485000	2.06535	0.182072
4490000	2.06478	0.181968
4495000	2.06504	0.181863
4500000	2.06535	0.181759
4505000	2.06547	0.181656
4510000	2.06554	0.181552
4515000	2.06484	0.181449
4520000	2.06435	0.181346
4525000	2.0642	0.181243
4530000	2.06379	0.18114
4535000	2.06312	0.181038
4540000	2.06318	0.180936
4545000	2.06208	0.180834
4550000	2.06205	0.180733
4555000	2.06164	0.180631
4560000	2.06132	0.180531
4565000	2.06077	0.18043
4570000	2.05988	0.18033
4575000	2.06001	0.18023
4580000	2.05958	0.180131
4585000	2.05876	0.180031
4590000	2.05859	0.179932
4595000	2.05815	0.179833
4600000	2.05814	0.179734
4605000	2.05835	0.179636
4610000	2.05829	0.179537
4615000	2.05751	0.179439
4620000	2.05729	0.179341
4625000	2.0572	0.179243
4630000	2.05693	0.179145
4635000	2.05669	0.179048
4640000	2.05608	0.17895
4645000	2.05505	0.178854
4650000	2.0549	0.178757
4655000	2.05463	0.17866
4660000	2.05474	0.178564
4665000	2.05447	0.178467
4670000	2.05389	0.178371
4675000	2.0536	0.178275
4680000	2.05339	0.178179
4685000	2.0533	0.178083
4690000	2.05216	0.177989
4695000	2.05141	0.177894
4700000	2.05121	0.177799
4705000	2.05104	0.177705
4710000	2.05098	0.177611
4715000	2.05125	0.177517
4720000	2.05123	0.177422
4725000	2.0513	0.177328
4730000	2.05122	0.177235
4735000	2.05111	0.177141
4740000	2.0506	0.177047
4745000	2.05042	0.176954
4750000	2.05023	0.176861
4755000	2.04982	0.176768
4760000	2.04937	0.176675
4765000	2.04906	0.176582
4770000	2.04888	0.176489
4775000	2.04895	0.176397
4780000	2.04785	0.176305
4785000	2.04732	0.176214
4790000	2.04725	0.176122
4795000	2.04729	0.176031
4800000	2.047	0.17594
4805000	2.04678	0.175849
4810000	2.04715	0.175758
4815000	2.04749	0.175667
4820000	2.04733	0.175576
4825000	2.04653	0.175486
4830000	2.04655	0.175396
4835000	2.04493	0.175305
4840000	2.044	0.175216
4845000	2.04307	0.175126
4850000	2.04264	0.175036
4855000	2.04224	0.174947
4860000	2.04214	0.174858
4865000	2.04174	0.174769
4870000	2.04151	0.17468
4875000	2.04089	0.174592
4880000	2.04004	0.174503
4885000	2.03969	0.174415
4890000	2.03962	0.174327
4895000	2.03988	0.174239
4900000	2.03993	0.174151
4905000	2.03987	0.174063
4910000	2.03987	0.173976
4915000	2.04026	0.173888
4920000	2.04051	0.173801
4925000	2.04073	0.173713
4930000	2.0408	0.173626
4935000	2.04114	0.173539
4940000	2.0412	0.173452
4945000	2.04117	0.173365
4950000	2.04129	0.173278
4955000	2.04148	0.173191
4960000	2.04171	0.173104
4965000	2.0417	0.173018
4970000	2.0418	0.172931
4975000	2.04196	0.172845
4980000	2.04222	0.172759
4985000	2.04218	0.172672
4990000	2.04233	0.172586
4995000	2.04266	0.172501
5000000	2.04273	0.172415
5005000	2.04188	0.172329
5010000	2.04149	0.172244
5015000	2.04116	0.172159
5020000	2.04079	0.172074
5025000	2.04087	0.171989
5030000	2.04048	0.171904
5035000	2.04028	0.17182
5040000	2.04012	0.171736
5045000	2.04004	0.171652
5050000	2.0396	0.171567
5055000	2.0392	0.171484
5060000	2.03895	0.1714
5065000	2.03895	0.171316
5070000	2.03887	0.171232
5075000	2.03896	0.171149
5080000	2.03907	0.171066
5085000	2.0393	0.170982
5090000	2.03924	0.170899
5095000	2.03956	0.170816
5100000	2.0396	0.170733
5105000	2.03954	0.17065
5110000	2.03973	0.170567
5115000	2.03999	0.170484
5120000	2.04002	0.170402
5125000	2.04037	0.170319
5130000	2.0405	0.170237
5135000	2.04028	0.170155
5140000	2.03978	0.170073
5145000	2.03922	0.169991
5150000	2.03911	0.169909
5155000	2.03921	0.169827
5160000	2.03945	0.169746
5165000	2.03954	0.169665
5170000	2.03896	0.169583
5175000	2.0387	0.169502
5180000	2.03853	0.169421
5185000	2.03814	0.16934
5190000	2.0379	0.16926
5195000	2.03778	0.169179
5200000	2.03769	0.169098
5205000	2.03768	0.169018
5210000	2.03778	0.168938
5215000	2.03794	0.168857
5220000	2.03798	0.168777
5225000	2.03803	0.168697
5230000	2.03761	0.168617
5235000	2.03773	0.168537
5240000	2.03759	0.168458
5245000	2.03778	0.168378
5250000	2.03819	0.168298
5255000	2.03827	0.168219
5260000	2.03819	0.16814
5265000	2.03809	0.16806
5270000	2.03843	0.167981
5275000	2.0387	0.167902
5280000	2.03862	0.167823
5285000	2.03885	0.167744
5290000	2.03918	0.167665
5295000	2.0393	0.167586
5300000	2.03966	0.167508
5305000	2.03992	0.167429
5310000	2.03995	0.16735
5315000	2.03998	0.167272
5320000	2.03979	0.167194
5325000	2.03993	0.167115
5330000	2.04004	0.167037
5335000	2.04015	0.166959
5340000	2.04015	0.166881
5345000	2.04011	0.166804
5350000	2.04011	0.166726
5355000	2.04008	0.166648
5360000	2.0403	0.166571
5365000	2.04043	0.166493
5370000	2.0404	0.166416
5375000	2.04031	0.166339
5380000	2.04042	0.166261
5385000	2.04042	0.166184
5390000	2.03946	0.166107
5395000	2.03919	0.166031
5400000	2.03922	0.165955
5405000	2.03908	0.165879
5410000	2.03928	0.165803
5415000	2.03905	0.165727
5420000	2.03904	0.165651
5425000	2.03816	0.165576
5430000	2.03798	0.1655
5435000	2.03799	0.165425
5440000	2.03771	0.16535
5445000	2.03798	0.165275
5450000	2.03799	0.1652
5455000	2.03804	0.165125
5460000	2.03823	0.16505
5465000	2.0385	0.164976
5470000	2.03886	0.164901
5475000	2.0391	0.164826
5480000	2.03927	0.164752
5485000	2.03922	0.164677
5490000	2.03928	0.164603
5495000	2.0391	0.164528
5500000	2.03934	0.164454
5505000	2.03945	0.16438
5510000	2.03945	0.164306
5515000	2.03946	0.164232
5520000	2.03923	0.164158
5525000	2.03894	0.164085
5530000	2.03843	0.164011
5535000	2.03814	0.163938
5540000	2.03796	0.163865
5545000	2.03817	0.163793
5550000	2.03838	0.16372
5555000	2.03852	0.163647
5560000	2.03865	0.163575
5565000	2.03839	0.163502
5570000	2.03869	0.16343
5575000	2.03888	0.163357
5580000	2.03922	0.163285
5585000	2.03921	0.163213
5590000	2.0393	0.163141
5595000	2.03921	0.163069
5600000	2.0393	0.162997
5605000	2.039	0.162925
5610000	2.03918	0.162853
5615000	2.03942	0.162781
5620000	2.03966	0.162709
5625000	2.04012	0.162638
5630000	2.04066	0.162566
5635000	2.04121	0.162495
5640000	2.04174	0.162423
5645000	2.04165	0.162351
5650000	2.04174	0.16228
5655000	2.04167	0.162209
5660000	2.04154	0.162138
5665000	2.04125	0.162067
5670000	2.04117	0.161996
5675000	2.04137	0.161925
5680000	2.04143	0.161854
5685000	2.04166	0.161784
5690000	2.04145	0.161713
5695000	2.04153	0.161642
5700000	2.04171	0.161572
5705000	2.04203	0.161501
5710000	2.04234	0.161431
5715000	2.04261	0.161361
5720000	2.04283	0.16129
5725000	2.04278	0.16122
5730000	2.04307	0.16115
5735000	2.04255	0.16108
5740000	2.04236	0.16101
5745000	2.04233	0.160941
5750000	2.04237	0.160871
5755000	2.04241	0.160802
5760000	2.0424	0.160732
5765000	2.04218	0.160663
5770000	2.04213	0.160593
5775000	2.04216	0.160524
5780000	2.04223	0.160455
5785000	2.04249	0.160386
5790000	2.04258	0.160317
5795000	2.04239	0.160248
5800000	2.04267	0.160179
5805000	2.04284	0.16011
5810000	2.04295	0.160042
5815000	2.04272	0.159973
5820000	2.04296	0.159905
5825000	2.04301	0.159836
5830000	2.04311	0.159768
5835000	2.0431	0.159699
5840000	2.04339	0.159631
5845000	2.04355	0.159563
5850000	2.04356	0.159495
5855000	2.04369	0.159427
5860000	2.04376	0.159359
5865000	2.04369	0.159291
5870000	2.04377	0.159223
5875000	2.04351	0.159155
5880000	2.04327	0.159088
5885000	2.04335	0.15902
5890000	2.04253	0.158953
5895000	2.04196	0.158886
5900000	2.04186	0.158819
5905000	2.04165	0.158752
5910000	2.04048	0.158686
5915000	2.03989	0.158619
5920000	2.03969	0.158553
5925000	2.03979	0.158487
5930000	2.03987	0.158421
5935000	2.03995	0.158355
5940000	2.03987	0.15829
5945000	2.03982	0.158224
5950000	2.03954	0.158158
5955000	2.03938	0.158093
5960000	2.0394	0.158027
5965000	2.03944	0.157962
5970000	2.03916	0.157896
5975000	2.03885	0.157831
5980000	2.03869	0.157767
5985000	2.0389	0.157702
5990000	2.03873	0.157637
5995000	2.03898	0.157572
6000000	2.03935	0.157508
6005000	2.03977	0.157443
6010000	2.04002	0.157379
6015000	2.04019	0.157314
6020000	2.04058	0.15725
6025000	2.04103	0.157185
6030000	2.04135	0.157121
6035000	2.0417	0.157057
6040000	2.04207	0.156993
6045000	2.04233	0.156928
6050000	2.04236	0.156864
6055000	2.0427	0.1568
6060000	2.04304	0.156736
6065000	2.04339	0.156672
6070000	2.04286	0.156608
6075000	2.04276	0.156545
6080000	2.04267	0.156481
6085000	2.04231	0.156417
6090000	2.04192	0.156354
6095000	2.04179	0.156291
6100000	2.04156	0.156227
6105000	2.04127	0.156164
6110000	2.04101	0.156101
6115000	2.04106	0.156038
6120000	2.04131	0.155975
6125000	2.04172	0.155913
6130000	2.04218	0.15585
6135000	2.04227	0.155787
6140000	2.04242	0.155724
6145000	2.04262	0.155662
6150000	2.04294	0.155599
6155000	2.04282	0.155537
6160000	2.0428	0.155474
6165000	2.04305	0.155412
6170000	2.04316	0.155349
6175000	2.04322	0.155287
6180000	2.04292	0.155225
6185000	2.04294	0.155163
6190000	2.04307	0.155101
6195000	2.04298	0.155039
6200000	2.04289	0.154977
6205000	2.04314	0.154916
6210000	2.0434	0.154854
6215000	2.04364	0.154792
6220000	2.04365	0.154731
6225000	2.04384	0.154669
6230000	2.04384	0.154608
6235000	2.04403	0.154547
6240000	2.04386	0.154485
6245000	2.04377	0.154424
6250000	2.04373	0.154363
6255000	2.04355	0.154302
6260000	2.04342	0.154241
6265000	2.04339	0.15418
6270000	2.04326	0.15412
6275000	2.04355	0.154059
6280000	2.0435	0.153999
6285000	2.04324	0.153938
6290000	2.04317	0.153878
6295000	2.04329	0.153817
6300000	2.04325	0.153757
6305000	2.0431	0.153697
6310000	2.04299	0.153637
6315000	2.04314	0.153576
6320000	2.04282	0.153517
6325000	2.04274	0.153457
6330000	2.04257	0.153398
6335000	2.04233	0.153339
6340000	2.04235	0.15328
6345000	2.04215	0.153221
6350000	2.04198	0.153162
6355000	2.04191	0.153103
6360000	2.04139	0.153044
6365000	2.04137	0.152985
6370000	2.0412	0.152927
6375000	2.04062	0.152868
6380000	2.03997	0.15281
6385000	2.03922	0.152752
6390000	2.03904	0.152694
6395000	2.03895	0.152636
6400000	2.039	0.152578
6405000	2.03934	0.15252
6410000	2.03966	0.152462
6415000	2.04	0.152404
6420000	2.04025	0.152346
6425000	2.04026	0.152288
6430000	2.04035	0.152231
6435000	2.04036	0.152173
6440000	2.04037	0.152115
6445000	2.04053	0.152058
6450000	2.04066	0.152
6455000	2.04093	0.151943
6460000	2.04087	0.151885
6465000	2.04099	0.151828
6470000	2.04109	0.15177
6475000	2.04107	0.151713
6480000	2.04124	0.151656
6485000	2.04142	0.151599
6490000	2.04156	0.151542
6495000	2.04166	0.151485
6500000	2.04175	0.151428
6505000	2.04149	0.151371
6510000	2.04138	0.151314
6515000	2.04149	0.151257
6520000	2.04136	0.1512
6525000	2.04104	0.151143
6530000	2.0412	0.151087
6535000	2.04108	0.15103
6540000	2.0408	0.150974
6545000	2.04083	0.150917
6550000	2.04096	0.150861
6555000	2.04099	0.150804
6560000	2.04102	0.150748
6565000	2.04085	0.150692
6570000	2.0407	0.150636
6575000	2.04076	0.15058
6580000	2.04051	0.150524
6585000	2.04078	0.150468
6590000	2.04101	0.150412
6595000	2.04112	0.150356
6600000	2.04118	0.1503
6605000	2.04148	0.150244
6610000	2.04172	0.150188
6615000	2.04214	0.150133
6620000	2.04231	0.150077
6625000	2.04257	0.150021
6630000	2.04282	0.149966
6635000	2.04319	0.14991
6640000	2.0433	0.149855
6645000	2.04326	0.149799
6650000	2.04311	0.149744
6655000	2.04315	0.149688
6660000	2.04333	0.149633
6665000	2.04327	0.149578
6670000	2.04336	0.149523
6675000	2.04344	0.149468
6680000	2.04359	0.149413
6685000	2.04351	0.149358
6690000	2.04375	0.149303
6695000	2.04406	0.149248
6700000	2.04398	0.149193
6705000	2.04415	0.149138
6710000	2.04405	0.149083
6715000	2.04415	0.149029
6720000	2.04402	0.148974
6725000	2.04415	0.148919
6730000	2.04416	0.148865
6735000	2.04407	0.14881
6740000	2.04432	0.148756
6745000	2.04447	0.148701
6750000	2.0445	0.148647
6755000	2.04445	0.148592
6760000	2.04446	0.148538
6765000	2.04458	0.148484
6770000	2.04456	0.14843
6775000	2.04483	0.148376
6780000	2.04499	0.148321
6785000	2.04521	0.148267
6790000	2.04544	0.148213
6795000	2.0455	0.148159
6800000	2.0451	0.148105
6805000	2.04516	0.148051
6810000	2.04452	0.147998
6815000	2.04415	0.147944
6820000	2.04368	0.14789
6825000	2.04349	0.147837
6830000	2.04348	0.147783
6835000	2.04356	0.14773
6840000	2.04358	0.147676
6845000	2.04371	0.147623
6850000	2.04311	0.14757
6855000	2.04282	0.147517
6860000	2.04279	0.147464
6865000	2.04257	0.147411
6870000	2.04252	0.147358
6875000	2.04269	0.147305
6880000	2.04278	0.147252
6885000	2.04306	0.147199
6890000	2.04272	0.147147
6895000	2.04257	0.147094
6900000	2.04259	0.147042
6905000	2.0426	0.146989
6910000	2.04184	0.146937
6915000	2.0415	0.146885
6920000	2.04126	0.146832
6925000	2.04114	0.14678
6930000	2.04137	0.146728
6935000	2.0416	0.146676
6940000	2.04173	0.146624
6945000	2.04191	0.146572
6950000	2.04197	0.146521
6955000	2.04207	0.146469
6960000	2.04229	0.146417
6965000	2.04256	0.146365
6970000	2.04278	0.146314
6975000	2.04248	0.146262
6980000	2.04244	0.14621
6985000	2.04237	0.146159
6990000	2.04226	0.146107
6995000	2.04222	0.146056
