0	1000
200	1000
400	1000
600	1001
800	1000
1000	1000
1200	1000
1400	1000
1600	1000
1800	1001
2000	1000
2200	1000
2400	1000
2600	1000
2800	1000
3000	1000
3200	1000
3400	1000
3600	1000
3800	1000
4000	1000
4200	1000
4400	1000
4600	1000
4800	1000
5000	1000
5200	1000
5400	1000
5600	1000
5800	1000
6000	1000
6200	1000
6400	1000
6600	1000
6800	999
7000	1000
7200	1000
7400	1000
7600	999
7800	999
8000	1000
8200	1000
8400	1000
8600	1000
8800	1000
9000	1000
9200	1000
9400	1000
9600	1000
9800	999
10000	1000
10200	1000
10400	1000
10600	1001
10800	1000
11000	1000
11200	1000
11400	1000
11600	1000
11800	1000
12000	1000
12200	998
12400	1000
12600	1000
12800	1000
13000	1000
13200	1000
13400	999
13600	1000
13800	1000
14000	1000
14200	1000
14400	1000
14600	1000
14800	1000
15000	1000
15200	1000
15400	1000
15600	1000
15800	1000
16000	1000
16200	1000
16400	1001
16600	1000
16800	1000
17000	1000
17200	1000
17400	1000
17600	1000
17800	1000
18000	1000
18200	1000
18400	1000
18600	1001
18800	1000
19000	1000
19200	1000
19400	1000
19600	1000
19800	1000
20000	1000
20200	1000
20400	999
20600	1001
20800	1000
21000	1000
21200	1000
21400	1001
21600	1000
21800	1000
22000	1000
22200	1000
22400	1000
22600	1000
22800	1000
23000	1000
23200	1000
23400	1000
23600	1000
23800	1000
24000	1000
24200	998
24400	1000
24600	1000
24800	1000
25000	1001
25200	1001
25400	1000
25600	999
25800	1000
26000	1000
26200	1000
26400	1000
26600	1000
26800	1000
27000	1000
27200	1000
27400	1000
27600	1000
27800	999
28000	1000
28200	1001
28400	1000
28600	1000
28800	1000
29000	1000
29200	1000
29400	1000
29600	1000
29800	1000
30000	1000
30200	1000
30400	1000
30600	1000
30800	999
31000	1000
31200	1000
31400	1000
31600	1000
31800	1000
32000	1000
32200	1000
32400	1000
32600	1001
32800	1000
33000	1000
33200	1000
33400	1000
33600	1000
33800	1000
34000	1000
34200	1000
34400	1000
34600	1000
34800	1000
35000	1000
35200	1000
35400	1000
35600	1000
35800	1000
36000	1000
36200	1000
36400	1000
36600	1000
36800	1000
37000	1000
37200	1000
37400	1000
37600	1000
37800	1000
38000	1000
38200	1000
38400	1000
38600	1000
38800	1000
39000	1000
39200	1000
39400	1000
39600	1000
39800	1000
40000	999
40200	1000
40400	1000
40600	1000
40800	1000
41000	1000
41200	1000
41400	1000
41600	996
41800	1000
42000	1000
42200	999
42400	1000
42600	1000
42800	1000
43000	1000
43200	1000
43400	999
43600	1000
43800	1000
44000	999
44200	1000
44400	1000
44600	1001
44800	1000
45000	1000
45200	1000
45400	999
45600	1000
45800	1000
46000	1000
46200	1000
46400	1000
46600	1000
46800	1000
47000	1000
47200	1001
47400	1000
47600	1000
47800	1001
48000	999
48200	999
48400	1000
48600	1000
48800	1000
49000	1000
49200	1000
49400	1000
49600	999
49800	1000
50000	999
50200	1000
50400	1000
50600	1000
50800	1000
51000	1000
51200	1000
51400	1000
51600	1001
51800	1000
52000	1000
52200	1000
52400	1000
52600	1000
52800	1000
53000	1000
53200	1000
53400	1000
53600	1000
53800	1000
54000	1000
54200	1000
54400	1000
54600	1000
54800	1002
55000	1000
55200	1000
55400	1000
55600	1000
55800	1000
56000	1000
56200	1000
56400	1000
56600	1000
56800	1000
57000	1000
57200	1000
57400	1000
57600	1000
57800	1000
58000	1000
58200	1000
58400	1000
58600	1000
58800	1000
59000	1004
59200	999
59400	1002
59600	1000
59800	1000
60000	1000
60200	999
60400	1000
60600	1000
60800	1000
61000	999
61200	1001
61400	1000
61600	999
61800	1000
62000	1000
62200	1000
62400	1000
62600	1000
62800	1000
63000	1000
63200	1000
63400	1000
63600	1000
63800	1000
64000	1000
64200	1002
64400	1000
64600	1000
64800	1000
65000	1000
65200	1000
65400	1000
65600	1000
65800	1000
66000	1000
66200	1001
66400	1000
66600	1000
66800	1000
67000	1000
67200	1000
67400	999
67600	1000
67800	1000
68000	999
68200	1000
68400	1000
68600	1000
68800	999
69000	1000
69200	1000
69400	999
69600	1000
69800	1000
70000	1000
70200	1000
70400	1000
70600	1000
70800	1000
71000	1000
71200	1000
71400	1000
71600	999
71800	1000
72000	1000
72200	1000
72400	1000
72600	1001
72800	999
73000	999
73200	1000
73400	1000
73600	1000
73800	1000
74000	1000
74200	1000
74400	1000
74600	1000
74800	999
75000	1000
75200	1000
75400	1000
75600	999
75800	1000
76000	1001
76200	1000
76400	1000
76600	1000
76800	1000
77000	1000
77200	999
77400	1000
77600	999
77800	1000
78000	1000
78200	1000
78400	1000
78600	1000
78800	999
79000	1000
79200	1000
79400	1000
79600	1000
79800	999
80000	1000
80200	1000
80400	1000
80600	1000
80800	1000
81000	1000
81200	1000
81400	1000
81600	1000
81800	1001
82000	1002
82200	999
82400	1000
82600	1000
82800	1001
83000	1000
83200	1000
83400	1000
83600	1000
83800	1001
84000	1000
84200	1000
84400	1001
84600	1000
84800	1000
85000	1000
85200	1000
85400	1000
85600	1000
85800	1000
86000	1000
86200	1001
86400	1000
86600	1000
86800	1000
87000	1001
87200	1000
87400	1000
87600	1000
87800	1000
88000	1000
88200	999
88400	1000
88600	1000
88800	1000
89000	1002
89200	1001
89400	1000
89600	1000
89800	1000
90000	1000
90200	1000
90400	999
90600	1000
90800	1000
91000	1000
91200	999
91400	1000
91600	1000
91800	1000
92000	1001
92200	1000
92400	1000
92600	1000
92800	998
93000	1000
93200	1000
93400	1000
93600	1000
93800	1000
94000	1000
94200	1000
94400	1000
94600	1000
94800	1000
95000	1000
95200	1000
95400	1000
95600	1000
95800	1002
96000	1001
96200	1001
96400	1002
96600	1000
96800	1000
97000	1000
97200	1000
97400	1000
97600	1000
97800	1000
98000	1000
98200	1000
98400	1000
98600	1000
98800	1000
99000	1001
99200	1000
99400	1000
99600	1000
99800	1000
100000	1000
100200	1000
100400	1000
100600	1000
100800	1000
101000	1000
101200	999
101400	999
101600	1000
101800	1000
102000	1000
102200	1001
102400	1000
102600	1000
102800	1000
103000	1000
103200	998
103400	1000
103600	1001
103800	1000
104000	999
104200	1000
104400	1000
104600	1000
104800	1001
105000	999
105200	1001
105400	1000
105600	1000
105800	1000
106000	1000
106200	999
106400	1000
106600	1000
106800	1000
107000	1000
107200	1000
107400	1000
107600	1000
107800	1001
108000	1000
108200	1000
108400	1000
108600	1000
108800	1000
109000	1000
109200	1000
109400	1000
109600	1001
109800	1000
110000	1000
110200	1000
110400	1000
110600	1000
110800	999
111000	1000
111200	1000
111400	1000
111600	1000
111800	1001
112000	1001
112200	1000
112400	1000
112600	1000
112800	1000
113000	1000
113200	999
113400	1000
113600	1000
113800	1000
114000	1000
114200	1000
114400	1000
114600	1000
114800	1000
115000	1000
115200	1000
115400	1000
115600	1000
115800	1000
116000	1000
116200	1000
116400	1000
116600	1000
116800	1000
117000	1000
117200	1001
117400	1000
117600	1000
117800	1000
118000	1000
118200	1000
118400	1000
118600	1000
118800	1000
119000	1000
119200	1000
119400	1000
119600	1000
119800	1000
120000	1000
120200	1000
120400	1000
120600	999
120800	1000
121000	1000
121200	1000
121400	1001
121600	1000
121800	1000
122000	1000
122200	1000
122400	1000
122600	1000
122800	1000
123000	1000
123200	1000
123400	1000
123600	1000
123800	1000
124000	1000
124200	1000
124400	1000
124600	1000
124800	1000
125000	1000
125200	1000
125400	1001
125600	1000
125800	1000
126000	1000
126200	1000
126400	1000
126600	1003
126800	1000
127000	1001
127200	1000
127400	1000
127600	1000
127800	1000
128000	1000
128200	1000
128400	1000
128600	1000
128800	1000
129000	999
129200	1000
129400	1000
129600	1000
129800	1002
130000	1000
130200	1000
130400	1000
130600	1000
130800	1000
131000	1000
131200	999
131400	1000
131600	1000
131800	999
132000	1000
132200	1000
132400	999
132600	1000
132800	1000
133000	1000
133200	1000
133400	999
133600	1000
133800	1000
134000	1000
134200	1000
134400	1000
134600	1000
134800	1000
135000	1000
135200	1000
135400	1001
135600	1000
135800	1000
136000	1000
136200	1000
136400	1000
136600	1000
136800	1002
137000	1000
137200	1000
137400	1000
137600	1000
137800	999
138000	1000
138200	1001
138400	1000
138600	1000
138800	1000
139000	1000
139200	1000
139400	1000
139600	1001
139800	1000
140000	1000
140200	1000
140400	1001
140600	1000
140800	999
141000	1000
141200	999
141400	999
141600	1000
141800	1000
142000	1000
142200	1000
142400	1000
142600	1000
142800	1000
143000	1000
143200	1000
143400	1000
143600	1000
143800	1000
144000	1001
144200	1000
144400	999
144600	1001
144800	1000
145000	1000
145200	1000
145400	1000
145600	1000
145800	1000
146000	1000
146200	1001
146400	1001
146600	1000
146800	1000
147000	1001
147200	1000
147400	1000
147600	999
147800	1000
148000	998
148200	1000
148400	1001
148600	1000
148800	1000
149000	999
149200	1000
149400	1000
149600	1000
149800	1000
150000	1000
150200	999
150400	999
150600	1000
150800	1000
151000	1000
151200	1000
151400	1000
151600	998
151800	1000
152000	1000
152200	999
152400	1000
152600	1001
152800	1000
153000	1000
153200	1000
153400	1001
153600	1000
153800	1000
154000	1000
154200	1000
154400	1000
154600	1000
154800	1000
155000	1000
155200	1000
155400	999
155600	1000
155800	1000
156000	1000
156200	1000
156400	1001
156600	1000
156800	1000
157000	1000
157200	1000
157400	1000
157600	1000
157800	1000
158000	1000
158200	1000
158400	1000
158600	1001
158800	1000
159000	1000
159200	1000
159400	1000
159600	1000
159800	1000
160000	1000
160200	1001
160400	1000
160600	1000
160800	1000
161000	1000
161200	1000
161400	1000
161600	1000
161800	1001
162000	999
162200	1000
162400	1000
162600	1000
162800	1000
163000	999
163200	1000
163400	1000
163600	1000
163800	1000
164000	999
164200	1000
164400	1000
164600	1000
164800	1000
165000	1001
165200	1000
165400	1000
165600	1000
165800	1000
166000	1000
166200	1000
166400	1000
166600	1000
166800	1000
167000	1000
167200	1000
167400	1000
167600	1000
167800	999
168000	1000
168200	1000
168400	1000
168600	1000
168800	1000
169000	1000
169200	1000
169400	1000
169600	1000
169800	1000
170000	1000
170200	1000
170400	1000
170600	1000
170800	1000
171000	1000
171200	1000
171400	1000
171600	1000
171800	1000
172000	1000
172200	1000
172400	999
172600	1000
172800	1000
173000	1000
173200	1000
173400	1000
173600	1000
173800	1000
174000	1000
174200	1000
174400	1000
174600	1000
174800	1000
175000	1000
175200	1000
175400	1000
175600	1000
175800	1000
176000	1000
176200	999
176400	1000
176600	1000
176800	1000
177000	1000
177200	1000
177400	1003
177600	1000
177800	1000
178000	1000
178200	1000
178400	1000
178600	1000
178800	1000
179000	1000
179200	1000
179400	999
179600	996
179800	1000
180000	1000
180200	1000
180400	1000
180600	1001
180800	1000
181000	999
181200	1000
181400	1000
181600	1000
181800	1000
182000	1001
182200	1000
182400	1000
182600	1000
182800	1000
183000	1000
183200	1000
183400	1000
183600	1000
183800	1000
184000	1000
184200	1000
184400	1000
184600	1001
184800	1000
185000	1000
185200	1000
185400	1000
185600	1000
185800	1000
186000	1000
186200	1001
186400	1000
186600	1000
186800	998
187000	1000
187200	1000
187400	1000
187600	1000
187800	1000
188000	1000
188200	1000
188400	1000
188600	1000
188800	1000
189000	1000
189200	1000
189400	1000
189600	1000
189800	1000
190000	1000
190200	1000
190400	1000
190600	1001
190800	1000
191000	1000
191200	1000
191400	1000
191600	1000
191800	999
192000	1001
192200	999
192400	1000
192600	999
192800	1000
193000	1000
193200	1000
193400	1000
193600	1000
193800	1000
194000	1000
194200	1000
194400	1000
194600	1000
194800	1000
195000	1000
195200	1000
195400	1000
195600	1000
195800	1000
196000	1001
196200	1000
196400	1000
196600	1000
196800	1000
197000	1001
197200	1000
197400	1000
197600	1000
197800	1000
198000	1000
198200	1000
198400	1001
198600	1000
198800	999
199000	1000
199200	999
199400	999
199600	1000
199800	1000
200000	1000
200200	1000
200400	1000
200600	998
200800	1000
201000	1000
201200	1000
201400	1000
201600	1000
201800	1000
202000	1000
202200	1000
202400	1000
202600	1000
202800	1000
203000	1000
203200	1000
203400	1000
203600	1000
203800	1000
204000	1000
204200	1000
204400	1000
204600	1000
204800	1000
205000	999
205200	1001
205400	1000
205600	1000
205800	1000
206000	1000
206200	1000
206400	1000
206600	1000
206800	1000
207000	1000
207200	999
207400	1000
207600	1000
207800	1000
208000	1000
208200	1000
208400	1000
208600	1000
208800	1000
209000	1000
209200	1000
209400	999
209600	1000
209800	1000
210000	1000
210200	1000
210400	1000
210600	1000
210800	1000
211000	1000
211200	1000
211400	1001
211600	1000
211800	1000
212000	1000
212200	1000
212400	1000
212600	1000
212800	1001
213000	1000
213200	999
213400	1000
213600	1000
213800	1000
214000	999
214200	1000
214400	1000
214600	1000
214800	1000
215000	1000
215200	1000
215400	1000
215600	1000
215800	1000
216000	1000
216200	1000
216400	1001
216600	1000
216800	1000
217000	1000
217200	1002
217400	1000
217600	1000
217800	1000
218000	1000
218200	1000
218400	1000
218600	1000
218800	1000
219000	1000
219200	999
219400	1000
219600	1000
219800	1001
220000	1000
220200	1000
220400	999
220600	1000
220800	1000
221000	1001
221200	1001
221400	1000
221600	1000
221800	1000
222000	1000
222200	1000
222400	1000
222600	1000
222800	1000
223000	1001
223200	1000
223400	1000
223600	1001
223800	1000
224000	1000
224200	1000
224400	1000
224600	1000
224800	1000
225000	1000
225200	1000
225400	1000
225600	1000
225800	1000
226000	1000
226200	999
226400	1000
226600	1000
226800	1000
227000	999
227200	999
227400	1000
227600	1000
227800	1000
228000	1000
228200	1000
228400	1000
228600	1000
228800	1000
229000	1000
229200	1000
229400	999
229600	1000
229800	1000
230000	1000
230200	1000
230400	1001
230600	1000
230800	999
231000	1000
231200	1000
231400	1000
231600	1000
231800	1000
232000	1000
232200	1000
232400	999
232600	999
232800	1000
233000	1000
233200	1000
233400	1000
233600	1000
233800	999
234000	1004
234200	1000
234400	1000
234600	1000
234800	1000
235000	1000
235200	1000
235400	1000
235600	1000
235800	1000
236000	1000
236200	1000
236400	1000
236600	999
236800	1000
237000	1000
237200	1000
237400	1000
237600	1000
237800	1000
238000	1000
238200	1000
238400	1001
238600	1000
238800	999
239000	1000
239200	1000
239400	1000
239600	1000
239800	1000
240000	1000
240200	1000
240400	1000
240600	1000
240800	1000
241000	1001
241200	1000
241400	1000
241600	1000
241800	1000
242000	1001
242200	1000
242400	1000
242600	1000
242800	1000
243000	999
243200	1002
243400	1000
243600	999
243800	1000
244000	1000
244200	999
244400	1000
244600	999
244800	1000
245000	1000
245200	1002
245400	1000
245600	1000
245800	1000
246000	1000
246200	1000
246400	1000
246600	1000
246800	1000
247000	1000
247200	1000
247400	1000
247600	999
247800	1000
248000	1000
248200	1000
248400	1000
248600	1000
248800	1000
249000	1000
249200	1000
249400	1000
249600	1000
249800	1000
250000	1000
250200	1000
250400	1000
250600	1000
250800	1000
251000	1000
251200	1000
251400	1000
251600	1001
251800	1000
252000	1000
252200	1001
252400	1000
252600	1000
252800	1000
253000	1000
253200	1000
253400	1000
253600	1000
253800	1000
254000	999
254200	1001
254400	999
254600	1000
254800	1001
255000	1000
255200	1000
255400	1000
255600	1000
255800	1001
256000	1000
256200	1000
256400	1000
256600	1000
256800	1001
257000	999
257200	1000
257400	1000
257600	1000
257800	1000
258000	1000
258200	1000
258400	1000
258600	999
258800	1000
259000	1000
259200	1000
259400	1000
259600	1000
259800	1000
260000	1002
260200	1000
260400	1000
260600	1000
260800	1000
261000	1000
261200	999
261400	1000
261600	1000
261800	1002
262000	1000
262200	1000
262400	1002
262600	1000
262800	1000
263000	1000
263200	1000
263400	1001
263600	1000
263800	1000
264000	1000
264200	1000
264400	1000
264600	1002
264800	1000
265000	1001
265200	999
265400	999
265600	999
265800	1000
266000	1000
266200	999
266400	1000
266600	1000
266800	1000
267000	1000
267200	1000
267400	1000
267600	1000
267800	1000
268000	1000
268200	1000
268400	1000
268600	1000
268800	1000
269000	1000
269200	1000
269400	999
269600	1000
269800	1000
270000	1000
270200	1000
270400	1000
270600	1000
270800	1001
271000	999
271200	1000
271400	1000
271600	1000
271800	1000
272000	1000
272200	1001
272400	1000
272600	1000
272800	1001
273000	999
273200	1000
273400	1001
273600	1000
273800	1001
274000	1000
274200	1001
274400	1000
274600	1000
274800	1000
275000	1000
275200	1000
275400	1000
275600	1000
275800	1000
276000	1000
276200	1000
276400	1000
276600	1000
276800	1000
277000	1000
277200	1000
277400	1000
277600	1000
277800	999
278000	999
278200	1000
278400	1000
278600	1000
278800	1000
279000	1000
279200	1000
279400	1000
279600	1000
279800	1000
280000	1000
280200	1001
280400	999
280600	1000
280800	1000
281000	1000
281200	1000
281400	999
281600	1000
281800	1000
282000	1000
282200	1000
282400	1000
282600	1000
282800	1001
283000	1000
283200	1000
283400	1000
283600	1000
283800	1002
284000	1000
284200	1000
284400	1000
284600	1000
284800	1000
285000	1000
285200	1000
285400	999
285600	1000
285800	1000
286000	1000
286200	1001
286400	1000
286600	1000
286800	1000
287000	1000
287200	999
287400	1001
287600	1000
287800	999
288000	1000
288200	1000
288400	1000
288600	1000
288800	1000
289000	1000
289200	1000
289400	1000
289600	1000
289800	1000
290000	1000
290200	1003
290400	1000
290600	1000
290800	1000
291000	1000
291200	1000
291400	1001
291600	1000
291800	1000
292000	1000
292200	1002
292400	1000
292600	1000
292800	1000
293000	999
293200	999
293400	1000
293600	1000
293800	1000
294000	1000
294200	1000
294400	1000
294600	1000
294800	1000
295000	1001
295200	1000
295400	1000
295600	1000
295800	1000
296000	1002
296200	1000
296400	1000
296600	1000
296800	1000
297000	1000
297200	1000
297400	999
297600	1000
297800	999
298000	1000
298200	1000
298400	999
298600	1000
298800	1001
299000	1000
299200	1000
299400	999
299600	1001
299800	1000
300000	1000
300200	1000
300400	1001
300600	1000
300800	999
301000	1000
301200	1000
301400	1000
301600	1000
301800	1000
302000	1000
302200	1000
302400	1000
302600	1000
302800	1000
303000	1000
303200	999
303400	1000
303600	1000
303800	1000
304000	1001
304200	999
304400	1000
304600	1000
304800	999
305000	1000
305200	1000
305400	1000
305600	1000
305800	1000
306000	1000
306200	999
306400	1000
306600	1000
306800	1000
307000	1000
307200	1000
307400	1000
307600	1000
307800	1000
308000	1001
308200	1000
308400	1000
308600	999
308800	1000
309000	1000
309200	1000
309400	1000
309600	1000
309800	1000
310000	1000
310200	1000
310400	1000
310600	1000
310800	1000
311000	1000
311200	999
311400	1000
311600	1000
311800	1000
312000	998
312200	999
312400	1000
312600	1000
312800	1000
313000	1000
313200	1000
313400	1000
313600	1000
313800	1000
314000	1001
314200	1000
314400	1001
314600	1000
314800	1001
315000	998
315200	1000
315400	999
315600	1000
315800	1001
316000	1001
316200	1000
316400	999
316600	1000
316800	1000
317000	1000
317200	1000
317400	1000
317600	1001
317800	1000
318000	1000
318200	1000
318400	1000
318600	1000
318800	1002
319000	1000
319200	1000
319400	1000
319600	1000
319800	1000
320000	1000
320200	1000
320400	1000
320600	1000
320800	1000
321000	1000
321200	1000
321400	1000
321600	1000
321800	1000
322000	1000
322200	1000
322400	1000
322600	1000
322800	999
323000	1000
323200	1000
323400	1000
323600	1000
323800	1000
324000	1000
324200	1000
324400	1000
324600	999
324800	1002
325000	999
325200	1000
325400	1000
325600	1000
325800	1000
326000	1000
326200	1000
326400	1000
326600	1000
326800	1000
327000	1000
327200	1000
327400	1000
327600	1000
327800	999
328000	1000
328200	1000
328400	1000
328600	1000
328800	1000
329000	1000
329200	1000
329400	1000
329600	1000
329800	1000
330000	1000
330200	1000
330400	1000
330600	1000
330800	1000
331000	1001
331200	1000
331400	1000
331600	1000
331800	1000
332000	1000
332200	1000
332400	1000
332600	1000
332800	1000
333000	1000
333200	1000
333400	1000
333600	1000
333800	1000
334000	1000
334200	1000
334400	1000
334600	1000
334800	1000
335000	1000
335200	1000
335400	1000
335600	1000
335800	1000
336000	1000
336200	1000
336400	1000
336600	1000
336800	1000
337000	999
337200	1000
337400	1000
337600	1000
337800	1000
338000	1000
338200	1000
338400	1000
338600	1000
338800	1000
339000	999
339200	1000
339400	1000
339600	1000
339800	1000
340000	1000
340200	1000
340400	1000
340600	1000
340800	1000
341000	1000
341200	1000
341400	1000
341600	1000
341800	1000
342000	1000
342200	1000
342400	999
342600	1001
342800	1000
343000	1000
343200	1000
343400	1000
343600	1000
343800	1000
344000	1000
344200	1000
344400	1000
344600	1000
344800	1000
345000	1000
345200	998
345400	1000
345600	1000
345800	1000
346000	1000
346200	1000
346400	1000
346600	1000
346800	1000
347000	998
347200	1000
347400	1000
347600	1000
347800	1000
348000	1000
348200	1000
348400	1000
348600	1001
348800	1000
349000	1000
349200	999
349400	1000
349600	999
349800	1000
350000	1000
350200	1000
350400	1000
350600	1000
350800	1000
351000	1000
351200	1000
351400	1000
351600	998
351800	1000
352000	1001
352200	1000
352400	1001
352600	1000
352800	1000
353000	1000
353200	1000
353400	1000
353600	1000
353800	999
354000	1000
354200	1000
354400	1000
354600	1000
354800	1000
355000	1000
355200	1000
355400	1000
355600	1002
355800	1000
356000	1000
356200	1000
356400	1000
356600	998
356800	999
357000	1000
357200	1000
357400	1000
357600	1000
357800	1001
358000	999
358200	1000
358400	998
358600	1000
358800	1000
359000	999
359200	999
359400	1000
359600	1000
359800	1000
360000	1000
360200	1000
360400	1001
360600	1000
360800	1000
361000	1000
361200	1000
361400	1000
361600	1000
361800	1000
362000	1000
362200	1000
362400	1000
362600	1000
362800	1000
363000	1000
363200	1000
363400	1000
363600	1000
363800	1000
364000	1001
364200	1000
364400	1000
364600	1000
364800	1001
365000	1000
365200	1000
365400	1000
365600	1000
365800	1000
366000	1000
366200	1000
366400	1000
366600	1000
366800	1000
367000	998
367200	1000
367400	1000
367600	998
367800	1000
368000	1000
368200	1000
368400	1000
368600	1000
368800	1000
369000	1000
369200	1000
369400	1000
369600	1001
369800	1000
370000	1000
370200	1000
370400	1000
370600	1000
370800	1000
371000	1000
371200	1000
371400	999
371600	1000
371800	1000
372000	1000
372200	1000
372400	1000
372600	999
372800	1000
373000	1000
373200	1000
373400	1000
373600	1000
373800	1000
374000	1000
374200	1000
374400	1000
374600	1000
374800	1000
375000	1000
375200	1001
375400	1001
375600	1000
375800	997
376000	1000
376200	1000
376400	1000
376600	1000
376800	1000
377000	1000
377200	1000
377400	1000
377600	1000
377800	1000
378000	1000
378200	999
378400	1001
378600	1000
378800	1000
379000	1001
379200	1001
379400	1000
379600	1000
379800	1000
380000	1000
380200	1000
380400	999
380600	999
380800	1000
381000	1000
381200	1000
381400	1000
381600	1000
381800	1000
382000	1000
382200	1000
382400	1000
382600	999
382800	1000
383000	1000
383200	1000
383400	1000
383600	1000
383800	1000
384000	1000
384200	1000
384400	999
384600	1000
384800	1001
385000	1000
385200	1000
385400	1000
385600	1000
385800	1000
386000	1000
386200	1000
386400	1000
386600	1000
386800	1000
387000	1002
387200	1000
387400	1000
387600	1000
387800	1000
388000	1000
388200	1001
388400	1000
388600	1000
388800	1000
389000	999
389200	1000
389400	1000
389600	1000
389800	1000
390000	1000
390200	1000
390400	1000
390600	1000
390800	999
391000	1000
391200	1000
391400	1000
391600	1000
391800	1000
392000	1000
392200	1000
392400	1000
392600	1000
392800	1000
393000	1000
393200	1001
393400	1001
393600	998
393800	1000
394000	1001
394200	998
394400	1000
394600	1000
394800	999
395000	1000
395200	1000
395400	1000
395600	1000
395800	1000
396000	1000
396200	1000
396400	1000
396600	1001
396800	1000
397000	1000
397200	1000
397400	1000
397600	999
397800	1000
398000	1000
398200	1001
398400	1000
398600	1000
398800	1000
399000	1000
399200	1000
399400	1000
399600	999
399800	1000
400000	1000
400200	1000
400400	1000
400600	1000
400800	1000
401000	999
401200	1000
401400	1001
401600	1000
401800	1000
402000	1000
402200	1000
402400	1000
402600	1000
402800	1000
403000	999
403200	1000
403400	1000
403600	1000
403800	1000
404000	1000
404200	1000
404400	1000
404600	1000
404800	1000
405000	1000
405200	1000
405400	1000
405600	1000
405800	1000
406000	1001
406200	1000
406400	1000
406600	1000
406800	1000
407000	1000
407200	1000
407400	1000
407600	999
407800	1000
408000	1000
408200	1000
408400	1000
408600	1000
408800	1000
409000	1000
409200	1000
409400	1000
409600	1000
409800	1000
410000	1000
410200	999
410400	1000
410600	1000
410800	999
411000	1000
411200	1000
411400	1000
411600	1000
411800	1000
412000	1001
412200	1001
412400	1001
412600	999
412800	999
413000	1001
413200	999
413400	1001
413600	1000
413800	1000
414000	1000
414200	1000
414400	1000
414600	999
414800	1000
415000	1001
415200	1000
415400	1000
415600	1000
415800	1001
416000	1000
416200	1000
416400	1000
416600	1001
416800	1000
417000	1000
417200	1000
417400	1000
417600	1000
417800	1000
418000	1000
418200	1000
418400	999
418600	1000
418800	1000
419000	1000
419200	1000
419400	1000
419600	1000
419800	1000
420000	1001
420200	1000
420400	1000
420600	1000
420800	1000
421000	1000
421200	999
421400	1000
421600	1000
421800	1000
422000	1001
422200	1000
422400	1000
422600	1000
422800	998
423000	999
423200	1000
423400	1000
423600	1000
423800	1000
424000	1000
424200	1000
424400	1000
424600	1000
424800	1000
425000	1001
425200	1000
425400	1000
425600	1000
425800	1000
426000	1000
426200	1001
426400	1000
426600	1000
426800	1000
427000	1000
427200	1000
427400	1000
427600	1000
427800	999
428000	1000
428200	1000
428400	1000
428600	1001
428800	1000
429000	1000
429200	1000
429400	1000
429600	1000
429800	1000
430000	1000
430200	1000
430400	1000
430600	1001
430800	1000
431000	1000
431200	1000
431400	1000
431600	1000
431800	1000
432000	1000
432200	1000
432400	999
432600	1000
432800	1001
433000	1000
433200	1000
433400	1000
433600	1000
433800	999
434000	1000
434200	1000
434400	999
434600	1000
434800	1000
435000	1000
435200	1000
435400	1000
435600	1000
435800	1000
436000	1000
436200	1000
436400	1003
436600	1000
436800	1000
437000	1000
437200	1000
437400	1000
437600	1000
437800	1000
438000	1000
438200	1000
438400	1000
438600	1000
438800	1000
439000	1000
439200	1000
439400	1000
439600	1000
439800	1000
440000	1001
440200	1000
440400	1000
440600	999
440800	1001
441000	1000
441200	1000
441400	999
441600	1000
441800	1000
442000	1000
442200	999
442400	1001
442600	1000
442800	1000
443000	1000
443200	1001
443400	1001
443600	1000
443800	1000
444000	1000
444200	1000
444400	1000
444600	1000
444800	999
445000	1000
445200	1000
445400	1000
445600	1000
445800	1000
446000	1001
446200	1001
446400	1000
446600	1001
446800	1000
447000	999
447200	1000
447400	1001
447600	1000
447800	1000
448000	1000
448200	1000
448400	1001
448600	1000
448800	1002
449000	1000
449200	1000
449400	1001
449600	999
449800	1000
450000	1000
450200	1000
450400	1000
450600	1000
450800	1000
451000	1000
451200	1000
451400	1000
451600	1000
451800	1000
452000	1000
452200	1000
452400	1000
452600	1000
452800	1000
453000	1000
453200	1000
453400	1000
453600	1000
453800	1000
454000	1000
454200	999
454400	1000
454600	1000
454800	1000
455000	1000
455200	1000
455400	1000
455600	1000
455800	1000
456000	1000
456200	1000
456400	1000
456600	1000
456800	1000
457000	1000
457200	1002
457400	1000
457600	1000
457800	1000
458000	1000
458200	1000
458400	1000
458600	1000
458800	1002
459000	1000
459200	1000
459400	1000
459600	1000
459800	999
460000	999
460200	1000
460400	999
460600	1000
460800	1000
461000	1000
461200	1001
461400	1000
461600	1000
461800	1000
462000	1000
462200	1000
462400	1000
462600	1000
462800	1000
463000	1001
463200	1000
463400	1000
463600	1000
463800	1000
464000	1000
464200	1000
464400	1000
464600	1000
464800	1000
465000	1001
465200	1000
465400	999
465600	999
465800	1000
466000	1000
466200	1000
466400	1000
466600	1000
466800	1000
467000	1000
467200	1001
467400	1000
467600	1000
467800	1000
468000	1001
468200	998
468400	1001
468600	1000
468800	1000
469000	1000
469200	1000
469400	1000
469600	999
469800	1000
470000	1000
470200	1000
470400	1000
470600	1000
470800	1000
471000	1000
471200	1001
471400	1000
471600	1000
471800	1000
472000	999
472200	1000
472400	1001
472600	1000
472800	1000
473000	1000
473200	1000
473400	1000
473600	1000
473800	1000
474000	1001
474200	1000
474400	1000
474600	1000
474800	1000
475000	1000
475200	1000
475400	1000
475600	1000
475800	1000
476000	999
476200	1000
476400	1000
476600	1000
476800	1000
477000	1000
477200	997
477400	1000
477600	999
477800	1000
478000	1000
478200	1000
478400	1000
478600	1000
478800	1000
479000	1000
479200	1000
479400	1000
479600	1000
479800	1000
480000	1000
480200	1000
480400	1000
480600	999
480800	998
481000	1000
481200	1000
481400	998
481600	1000
481800	999
482000	1000
482200	1000
482400	1000
482600	1000
482800	1000
483000	1000
483200	1000
483400	1000
483600	1000
483800	1000
484000	1000
484200	1000
484400	1000
484600	1000
484800	1000
485000	1000
485200	999
485400	1000
485600	1000
485800	1000
486000	1000
486200	1001
486400	1000
486600	1000
486800	1000
487000	1000
487200	1001
487400	1000
487600	1000
487800	1000
488000	1000
488200	1000
488400	1000
488600	1000
488800	1000
489000	999
489200	1000
489400	1000
489600	1000
489800	1000
490000	1000
490200	1000
490400	1000
490600	1000
490800	1000
491000	1000
491200	1000
491400	1000
491600	1001
491800	1000
492000	997
492200	1000
492400	1000
492600	1000
492800	1001
493000	1000
493200	1000
493400	1000
493600	1000
493800	1000
494000	1000
494200	1000
494400	1000
494600	1001
494800	999
495000	1000
495200	998
495400	1002
495600	1000
495800	1000
496000	1000
496200	1000
496400	1000
496600	1000
496800	999
497000	1000
497200	999
497400	1000
497600	1000
497800	1000
498000	1000
498200	1000
498400	999
498600	1000
498800	1000
499000	1000
499200	1000
499400	1000
499600	1000
499800	1000
500000	998
500200	1000
500400	1000
500600	1000
500800	1000
501000	1000
501200	1000
501400	1000
501600	1000
501800	1000
502000	1000
502200	1000
502400	1000
502600	1000
502800	1000
503000	1000
503200	1000
503400	1000
503600	1000
503800	1000
504000	1000
504200	1000
504400	1000
504600	1000
504800	1001
505000	999
505200	1000
505400	1000
505600	1000
505800	1000
506000	1000
506200	1000
506400	999
506600	1000
506800	1000
507000	1000
507200	1000
507400	1000
507600	1000
507800	1001
508000	999
508200	1000
508400	1000
508600	1000
508800	1000
509000	1000
509200	1000
509400	1000
509600	1000
509800	1000
510000	1000
510200	1000
510400	1000
510600	1000
510800	1000
511000	1000
511200	1000
511400	1000
511600	1000
511800	1000
512000	1000
512200	1000
512400	1000
512600	1000
512800	1000
513000	1000
513200	1000
513400	1001
513600	1000
513800	1000
514000	999
514200	1000
514400	1000
514600	1000
514800	1000
515000	1000
515200	1000
515400	1000
515600	1000
515800	1000
516000	1000
516200	1000
516400	999
516600	1000
516800	1000
517000	1000
517200	1000
517400	1000
517600	1000
517800	1000
518000	1000
518200	999
518400	1000
518600	1000
518800	1000
519000	1000
519200	1000
519400	1000
519600	1000
519800	1000
520000	1001
520200	1000
520400	1000
520600	1000
520800	1000
521000	1000
521200	1000
521400	1000
521600	1000
521800	1001
522000	1000
522200	1000
522400	1000
522600	1000
522800	1000
523000	1000
523200	1000
523400	1000
523600	1000
523800	1000
524000	1000
524200	1000
524400	1000
524600	1000
524800	1000
525000	1000
525200	1000
525400	1001
525600	1000
525800	1000
526000	1000
526200	1000
526400	999
526600	1000
526800	1000
527000	1000
527200	1000
527400	1000
527600	1000
527800	1000
528000	999
528200	1000
528400	999
528600	1000
528800	1000
529000	1000
529200	1000
529400	1002
529600	1000
529800	1004
530000	1000
530200	1000
530400	1000
530600	1000
530800	1001
531000	1000
531200	1000
531400	1000
531600	1000
531800	1000
532000	1000
532200	1000
532400	1001
532600	999
532800	1000
533000	1000
533200	1000
533400	1000
533600	999
533800	1000
534000	1000
534200	1000
534400	1000
534600	1000
534800	999
535000	1000
535200	999
535400	1000
535600	1000
535800	1000
536000	999
536200	1000
536400	1000
536600	1000
536800	1000
537000	1000
537200	1001
537400	1000
537600	998
537800	1001
538000	1000
538200	1000
538400	1000
538600	1001
538800	1000
539000	1000
539200	1002
539400	1000
539600	1000
539800	1000
540000	1000
540200	1000
540400	1000
540600	1000
540800	1000
541000	1000
541200	1000
541400	997
541600	1000
541800	1000
542000	1000
542200	1000
542400	999
542600	999
542800	1000
543000	1001
543200	1000
543400	1000
543600	999
543800	1000
544000	1000
544200	1000
544400	1000
544600	1001
544800	1000
545000	1000
545200	1000
545400	1000
545600	1001
545800	1001
546000	1000
546200	1000
546400	1000
546600	1000
546800	1000
547000	1000
547200	1000
547400	1000
547600	1000
547800	1000
548000	1000
548200	1000
548400	1000
548600	1000
548800	1000
549000	1000
549200	1001
549400	1000
549600	1001
549800	1000
550000	1000
550200	1000
550400	1000
550600	1000
550800	1000
551000	1000
551200	1000
551400	1000
551600	1000
551800	1000
552000	1000
552200	1000
552400	1000
552600	998
552800	1000
553000	1000
553200	1000
553400	1000
553600	1000
553800	1000
554000	1000
554200	1000
554400	1000
554600	999
554800	1000
555000	1000
555200	1000
555400	1000
555600	1000
555800	1000
556000	1000
556200	1000
556400	1000
556600	1000
556800	1001
557000	1000
557200	1000
557400	1000
557600	1000
557800	999
558000	1000
558200	1000
558400	999
558600	1000
558800	1000
559000	1001
559200	1000
559400	1000
559600	1001
559800	1000
560000	1000
560200	1000
560400	1000
560600	1000
560800	1000
561000	1000
561200	1001
561400	1000
561600	1000
561800	1000
562000	1000
562200	1000
562400	1000
562600	1000
562800	1000
563000	1000
563200	1000
563400	998
563600	1000
563800	1003
564000	1000
564200	1000
564400	1000
564600	1000
564800	1000
565000	1000
565200	1000
565400	1000
565600	1000
565800	1000
566000	1000
566200	1000
566400	1000
566600	1000
566800	1000
567000	1000
567200	1000
567400	1000
567600	1000
567800	1000
568000	1000
568200	1000
568400	1000
568600	1000
568800	999
569000	1000
569200	1000
569400	1000
569600	1000
569800	1000
570000	999
570200	1001
570400	1000
570600	998
570800	1000
571000	1000
571200	1000
571400	1000
571600	1000
571800	1000
572000	1001
572200	1000
572400	1000
572600	1000
572800	1000
573000	1000
573200	1000
573400	1000
573600	1000
573800	1000
574000	999
574200	1000
574400	998
574600	1000
574800	1000
575000	1000
575200	1000
575400	1000
575600	1000
575800	1001
576000	1001
576200	1000
576400	1000
576600	1000
576800	1000
577000	1001
577200	1000
577400	1000
577600	1000
577800	1000
578000	1000
578200	999
578400	1000
578600	1000
578800	1000
579000	1000
579200	1000
579400	1000
579600	1000
579800	1000
580000	999
580200	999
580400	1000
580600	1000
580800	1000
581000	1000
581200	1000
581400	1000
581600	1000
581800	1000
582000	1001
582200	1000
582400	1000
582600	1000
582800	1000
583000	999
583200	1000
583400	1003
583600	1000
583800	1000
584000	1000
584200	1000
584400	998
584600	1000
584800	1000
585000	1000
585200	999
585400	1000
585600	1000
585800	1000
586000	1000
586200	1001
586400	999
586600	999
586800	1000
587000	1000
587200	1001
587400	1000
587600	1000
587800	1000
588000	1000
588200	1000
588400	1000
588600	1000
588800	1000
589000	1000
589200	1000
589400	1000
589600	1000
589800	999
590000	1000
590200	1000
590400	999
590600	1000
590800	999
591000	1000
591200	1000
591400	1000
591600	1000
591800	1000
592000	1000
592200	1000
592400	1000
592600	1000
592800	1000
593000	1000
593200	1000
593400	1001
593600	1000
593800	1001
594000	1000
594200	1000
594400	1001
594600	1000
594800	999
595000	1000
595200	1000
595400	1000
595600	1000
595800	1000
596000	1000
596200	1000
596400	997
596600	999
596800	1000
597000	1000
597200	999
597400	1001
597600	998
597800	1000
598000	1000
598200	1000
598400	1000
598600	1000
598800	1000
599000	1000
599200	1000
599400	1000
599600	1000
599800	1000
600000	999
600200	997
600400	1000
600600	1001
600800	1000
601000	1000
601200	1000
601400	1000
601600	1000
601800	1000
602000	1000
602200	1000
602400	999
602600	1000
602800	1000
603000	1000
603200	1000
603400	1000
603600	1000
603800	1000
604000	1000
604200	1001
604400	1000
604600	1001
604800	1000
605000	1000
605200	1000
605400	1000
605600	1000
605800	1000
606000	1000
606200	1000
606400	1000
606600	1001
606800	1000
607000	1000
607200	1000
607400	1000
607600	1000
607800	1000
608000	1000
608200	1000
608400	1000
608600	1000
608800	1000
609000	1000
609200	1000
609400	1000
609600	1000
609800	1000
610000	1000
610200	1000
610400	1000
610600	1000
610800	1000
611000	1000
611200	1000
611400	1000
611600	1000
611800	1000
612000	999
612200	1000
612400	1000
612600	1000
612800	1000
613000	1000
613200	1000
613400	1000
613600	1000
613800	1000
614000	1000
614200	1000
614400	1000
614600	1000
614800	1000
615000	999
615200	1000
615400	1000
615600	1000
615800	1000
616000	1000
616200	999
616400	999
616600	1000
616800	1000
617000	1000
617200	999
617400	999
617600	1000
617800	1000
618000	1000
618200	1000
618400	998
618600	1000
618800	1001
619000	1000
619200	1000
619400	999
619600	1000
619800	1001
620000	999
620200	1000
620400	1000
620600	1000
620800	1000
621000	1000
621200	1000
621400	1000
621600	1000
621800	1000
622000	1000
622200	1000
622400	1000
622600	1000
622800	1000
623000	1000
623200	1000
623400	1000
623600	1000
623800	1000
624000	999
624200	1000
624400	1000
624600	1001
624800	999
625000	1001
625200	1000
625400	1000
625600	1000
625800	1001
626000	1000
626200	1000
626400	1000
626600	1000
626800	1002
627000	1000
627200	1000
627400	1000
627600	1000
627800	1000
628000	999
628200	1000
628400	1000
628600	1000
628800	1000
629000	1000
629200	1000
629400	1000
629600	999
629800	1001
630000	1000
630200	1000
630400	1000
630600	1000
630800	1000
631000	1000
631200	1000
631400	1000
631600	1000
631800	1000
632000	1000
632200	1000
632400	1000
632600	1000
632800	1000
633000	1000
633200	1000
633400	1001
633600	1000
633800	1000
634000	1000
634200	1001
634400	1000
634600	1000
634800	1000
635000	1000
635200	1000
635400	1000
635600	1000
635800	1000
636000	1002
636200	1000
636400	1000
636600	1000
636800	1001
637000	1000
637200	1000
637400	1000
637600	1001
637800	1000
638000	1001
638200	1000
638400	1000
638600	1000
638800	1000
639000	1000
639200	1001
639400	1000
639600	1000
639800	1000
640000	1000
640200	999
640400	1000
640600	1000
640800	1000
641000	1000
641200	1000
641400	1000
641600	1000
641800	1000
642000	1000
642200	1000
642400	1000
642600	1000
642800	1000
643000	1000
643200	1000
643400	1000
643600	999
643800	1000
644000	1000
644200	1000
644400	1000
644600	1000
644800	1000
645000	1000
645200	1000
645400	999
645600	1000
645800	1000
646000	1000
646200	1000
646400	1000
646600	999
646800	1002
647000	1000
647200	999
647400	1000
647600	1000
647800	1000
648000	1000
648200	1000
648400	1000
648600	1000
648800	1000
649000	1000
649200	999
649400	1000
649600	1000
649800	1000
650000	1000
650200	1000
650400	1001
650600	1000
650800	1000
651000	1000
651200	1000
651400	1000
651600	1000
651800	1000
652000	1000
652200	1000
652400	1000
652600	1000
652800	1000
653000	1000
653200	1000
653400	1001
653600	1000
653800	1001
654000	1000
654200	1000
654400	1000
654600	1000
654800	1000
655000	1000
655200	1000
655400	1000
655600	1000
655800	1000
656000	1001
656200	1000
656400	1000
656600	1000
656800	1000
657000	1001
657200	1000
657400	1000
657600	1000
657800	1000
658000	1000
658200	1000
658400	1000
658600	1000
658800	1000
659000	1000
659200	1000
659400	1000
659600	1000
659800	1000
660000	1000
660200	1000
660400	1001
660600	1000
660800	1000
661000	1000
661200	1000
661400	1000
661600	1000
661800	1000
662000	999
662200	1000
662400	1000
662600	1000
662800	1000
663000	1000
663200	1000
663400	1000
663600	1000
663800	1001
664000	1000
664200	1000
664400	1000
664600	1000
664800	1000
665000	1000
665200	1000
665400	1000
665600	1000
665800	1000
666000	1000
666200	1000
666400	1000
666600	1000
666800	999
667000	1000
667200	1000
667400	1000
667600	1000
667800	1000
668000	1000
668200	1000
668400	1000
668600	1000
668800	1000
669000	1000
669200	1000
669400	1000
669600	1000
669800	1000
670000	999
670200	1000
670400	1001
670600	1000
670800	1000
671000	1000
671200	1000
671400	1000
671600	999
671800	1000
672000	997
672200	1000
672400	1000
672600	1000
672800	1001
673000	1000
673200	1000
673400	1000
673600	1000
673800	1000
674000	1000
674200	1000
674400	1000
674600	1000
674800	1001
675000	999
675200	1000
675400	999
675600	999
675800	1000
676000	1000
676200	1000
676400	1001
676600	1000
676800	1000
677000	1000
677200	1000
677400	1000
677600	1000
677800	1000
678000	1000
678200	1000
678400	1000
678600	1000
678800	1000
679000	1000
679200	1000
679400	999
679600	1000
679800	1000
680000	1000
680200	1000
680400	1000
680600	1000
680800	1000
681000	1000
681200	1000
681400	999
681600	1001
681800	1000
682000	1000
682200	1000
682400	1000
682600	1000
682800	1000
683000	1001
683200	998
683400	1000
683600	1000
683800	1000
684000	1000
684200	999
684400	1000
684600	1000
684800	1000
685000	1000
685200	1001
685400	1000
685600	1000
685800	1000
686000	1000
686200	1000
686400	1000
686600	1000
686800	1000
687000	1000
687200	1000
687400	1000
687600	1000
687800	1000
688000	1000
688200	1000
688400	1000
688600	1001
688800	1000
689000	1001
689200	1000
689400	1001
689600	1000
689800	1000
690000	1001
690200	1000
690400	1000
690600	1001
690800	1000
691000	1000
691200	1000
691400	1000
691600	999
691800	1000
692000	1001
692200	1000
692400	1000
692600	1000
692800	1000
693000	1000
693200	1000
693400	999
693600	999
693800	1000
694000	1000
694200	1000
694400	1000
694600	1000
694800	999
695000	1000
695200	1000
695400	1000
695600	1000
695800	1000
696000	1000
696200	1000
696400	1000
696600	1000
696800	1000
697000	1000
697200	1000
697400	1000
697600	1000
697800	1000
698000	1000
698200	1000
698400	1000
698600	1000
698800	1000
699000	1000
699200	1000
699400	1000
699600	1000
699800	1000
700000	1000
700200	998
700400	999
700600	1000
700800	1000
701000	1000
701200	1000
701400	1000
701600	1001
701800	1000
702000	1000
702200	1000
702400	1000
702600	1000
702800	1000
703000	1000
703200	1001
703400	1000
703600	1001
703800	1000
704000	1000
704200	1000
704400	1001
704600	1000
704800	1000
705000	1000
705200	1000
705400	1000
705600	1000
705800	1000
706000	1001
706200	1000
706400	1000
706600	999
706800	1000
707000	1000
707200	1000
707400	1001
707600	1000
707800	1000
708000	1000
708200	1000
708400	1000
708600	1000
708800	1000
709000	999
709200	1000
709400	1000
709600	996
709800	1000
710000	1000
710200	999
710400	1000
710600	1000
710800	1000
711000	1000
711200	1001
711400	1000
711600	1000
711800	1000
712000	1000
712200	1000
712400	1000
712600	1001
712800	1000
713000	1000
713200	1000
713400	1000
713600	1001
713800	1000
714000	1000
714200	1000
714400	1000
714600	1001
714800	1000
715000	1000
715200	1000
715400	1000
715600	999
715800	1001
716000	1000
716200	1000
716400	1001
716600	1000
716800	1000
717000	1000
717200	1000
717400	999
717600	1000
717800	1000
718000	1000
718200	1000
718400	1001
718600	1000
718800	1000
719000	1000
719200	1000
719400	1000
719600	1002
719800	1000
720000	1000
720200	999
720400	1000
720600	1000
720800	999
721000	1000
721200	1000
721400	999
721600	1000
721800	1000
722000	1000
722200	1000
722400	1000
722600	999
722800	1000
723000	1000
723200	1000
723400	1000
723600	1000
723800	1000
724000	1000
724200	1000
724400	1000
724600	1000
724800	1001
725000	999
725200	1000
725400	999
725600	1001
725800	1000
726000	1000
726200	1000
726400	1000
726600	1000
726800	1000
727000	998
727200	1000
727400	1000
727600	1000
727800	1000
728000	1000
728200	1000
728400	1001
728600	1000
728800	1001
729000	1001
729200	1000
729400	1000
729600	1001
729800	999
730000	1000
730200	1000
730400	1000
730600	1000
730800	1002
731000	1001
731200	1000
731400	1000
731600	1000
731800	1000
732000	1000
732200	1000
732400	1000
732600	1000
732800	1000
733000	1000
733200	1001
733400	1000
733600	1000
733800	1000
734000	1000
734200	1000
734400	1000
734600	1000
734800	999
735000	1000
735200	1000
735400	1001
735600	1000
735800	1000
736000	1000
736200	1000
736400	1000
736600	1000
736800	1000
737000	1000
737200	999
737400	1000
737600	1001
737800	1000
738000	1000
738200	1000
738400	1000
738600	1001
738800	1000
739000	1000
739200	1000
739400	1001
739600	1000
739800	1000
740000	1001
740200	1000
740400	1000
740600	1000
740800	1001
741000	1001
741200	999
741400	1000
741600	1000
741800	1000
742000	1001
742200	1000
742400	1001
742600	1000
742800	1000
743000	1000
743200	1001
743400	999
743600	1000
743800	1000
744000	1000
744200	1000
744400	1000
744600	1000
744800	1000
745000	1000
745200	1000
745400	1000
745600	1000
745800	1000
746000	1000
746200	1000
746400	999
746600	1000
746800	999
747000	1000
747200	999
747400	1002
747600	1000
747800	1000
748000	999
748200	1000
748400	1000
748600	1000
748800	1000
749000	1000
749200	1000
749400	1000
749600	1000
749800	1000
750000	1000
750200	1000
750400	1001
750600	1000
750800	1000
751000	1000
751200	1000
751400	1000
751600	1000
751800	1000
752000	1000
752200	1000
752400	1000
752600	999
752800	999
753000	1000
753200	999
753400	1000
753600	1000
753800	1000
754000	1000
754200	1000
754400	1000
754600	1000
754800	1000
755000	1000
755200	1001
755400	1000
755600	1000
755800	1001
756000	1000
756200	1000
756400	1000
756600	1000
756800	1000
757000	1000
757200	1000
757400	998
757600	1000
757800	1000
758000	1000
758200	1000
758400	1000
758600	1000
758800	1000
759000	1001
759200	1000
759400	1000
759600	1000
759800	1000
760000	999
760200	1001
760400	1000
760600	1000
760800	1000
761000	999
761200	1000
761400	1000
761600	1001
761800	1000
762000	1001
762200	1003
762400	1000
762600	1000
762800	1000
763000	1000
763200	1000
763400	1000
763600	1000
763800	1000
764000	1000
764200	999
764400	999
764600	1000
764800	1000
765000	1000
765200	1000
765400	1000
765600	1000
765800	1000
766000	1000
766200	1000
766400	1000
766600	1000
766800	1000
767000	1000
767200	1000
767400	999
767600	1000
767800	1000
768000	1000
768200	999
768400	999
768600	1001
768800	1000
769000	1000
769200	1000
769400	1000
769600	1000
769800	1000
770000	1000
770200	1000
770400	1000
770600	1000
770800	1000
771000	1000
771200	1001
771400	1000
771600	1000
771800	1000
772000	1000
772200	1000
772400	1001
772600	1000
772800	1000
773000	1000
773200	1000
773400	1000
773600	1000
773800	1000
774000	1001
774200	1001
774400	1000
774600	1000
774800	1000
775000	1000
775200	1000
775400	999
775600	1000
775800	1001
776000	999
776200	1000
776400	1000
776600	1000
776800	1000
777000	1000
777200	1000
777400	1000
777600	999
777800	1001
778000	1000
778200	1000
778400	1000
778600	1000
778800	1000
779000	999
779200	1000
779400	1000
779600	1000
779800	1001
780000	1000
780200	1000
780400	1000
780600	1000
780800	1000
781000	1000
781200	1000
781400	1000
781600	1000
781800	1000
782000	1000
782200	999
782400	1000
782600	999
782800	1000
783000	1000
783200	999
783400	999
783600	1000
783800	1000
784000	999
784200	1001
784400	1000
784600	1000
784800	999
785000	1000
785200	1001
785400	998
785600	1000
785800	1000
786000	999
786200	1000
786400	1000
786600	1000
786800	1000
787000	999
787200	1000
787400	1000
787600	1000
787800	1000
788000	1000
788200	1000
788400	1000
788600	1000
788800	1000
789000	1000
789200	1001
789400	1000
789600	1000
789800	1000
790000	1001
790200	1001
790400	1000
790600	1000
790800	1000
791000	1000
791200	999
791400	999
791600	1000
791800	1000
792000	999
792200	1000
792400	1000
792600	1000
792800	1000
793000	1000
793200	1000
793400	1000
793600	1000
793800	1001
794000	1000
794200	1000
794400	1000
794600	1000
794800	1000
795000	1000
795200	1000
795400	1000
795600	1000
795800	1000
796000	1000
796200	1000
796400	1000
796600	1000
796800	1000
797000	1000
797200	1000
797400	1000
797600	1000
797800	1000
798000	1000
798200	1000
798400	999
798600	1000
798800	1000
799000	1000
799200	1000
799400	999
799600	1000
799800	1000
800000	1000
800200	1000
800400	1000
800600	1000
800800	1000
801000	1000
801200	999
801400	1000
801600	1000
801800	1000
802000	1000
802200	999
802400	1000
802600	1000
802800	1000
803000	1000
803200	1000
803400	1000
803600	1000
803800	1000
804000	999
804200	1000
804400	1000
804600	1000
804800	1000
805000	1000
805200	1000
805400	1000
805600	999
805800	1000
806000	1000
806200	1001
806400	1000
806600	1000
806800	1000
807000	1000
807200	999
807400	1000
807600	1000
807800	1000
808000	1000
808200	1000
808400	1000
808600	1000
808800	1000
809000	999
809200	1000
809400	1000
809600	1000
809800	1001
810000	1000
810200	1000
810400	1002
810600	1000
810800	1000
811000	1000
811200	1000
811400	999
811600	1000
811800	1000
812000	1000
812200	999
812400	1000
812600	1000
812800	999
813000	1000
813200	1000
813400	1001
813600	1000
813800	1000
814000	1000
814200	999
814400	1002
814600	1000
814800	1000
815000	1000
815200	1000
815400	1000
815600	1000
815800	999
816000	1000
816200	1001
816400	1000
816600	1000
816800	1000
817000	1000
817200	1000
817400	1001
817600	1000
817800	1000
818000	1000
818200	1000
818400	1000
818600	1000
818800	1000
819000	1001
819200	1000
819400	1000
819600	1001
819800	999
820000	999
820200	1000
820400	1000
820600	1000
820800	1000
821000	1000
821200	1001
821400	1000
821600	1000
821800	1000
822000	1000
822200	1000
822400	1000
822600	999
822800	1000
823000	1000
823200	1000
823400	1000
823600	1001
823800	1000
824000	1000
824200	1000
824400	1000
824600	1000
824800	1000
825000	1000
825200	1000
825400	1000
825600	1000
825800	1000
826000	999
826200	1000
826400	999
826600	1000
826800	1000
827000	999
827200	1000
827400	1000
827600	1000
827800	1000
828000	1000
828200	1000
828400	1000
828600	1000
828800	1000
829000	1000
829200	1000
829400	1000
829600	1000
829800	1000
830000	1000
830200	1000
830400	1000
830600	1000
830800	1000
831000	1000
831200	1000
831400	1000
831600	1001
831800	1001
832000	1000
832200	1000
832400	1001
832600	1000
832800	1000
833000	1000
833200	1000
833400	1000
833600	1000
833800	1000
834000	1000
834200	1000
834400	1001
834600	1000
834800	1000
835000	1002
835200	1000
835400	1000
835600	1000
835800	1000
836000	1001
836200	1000
836400	1000
836600	1000
836800	1000
837000	1000
837200	1000
837400	1000
837600	1000
837800	1000
838000	999
838200	1000
838400	1000
838600	1000
838800	1000
839000	1000
839200	1000
839400	1000
839600	1000
839800	1000
840000	1001
840200	1000
840400	1000
840600	1000
840800	1000
841000	1000
841200	1000
841400	1000
841600	1000
841800	1000
842000	999
842200	1000
842400	1000
842600	1000
842800	1000
843000	1000
843200	1000
843400	1000
843600	999
843800	1000
844000	1000
844200	1000
844400	1000
844600	1000
844800	1000
845000	1000
845200	1000
845400	999
845600	1000
845800	1000
846000	1000
846200	1000
846400	1000
846600	1000
846800	1000
847000	1000
847200	1000
847400	1001
847600	1000
847800	1001
848000	1000
848200	1000
848400	1000
848600	1000
848800	1000
849000	1000
849200	1000
849400	1001
849600	1000
849800	1000
850000	1000
850200	1000
850400	1000
850600	1000
850800	1000
851000	999
851200	1000
851400	1000
851600	1000
851800	1000
852000	1000
852200	1000
852400	1000
852600	999
852800	1000
853000	1000
853200	1000
853400	1000
853600	1000
853800	1000
854000	1000
854200	1000
854400	1000
854600	1000
854800	1000
855000	1000
855200	1000
855400	1000
855600	1001
855800	1002
856000	1000
856200	1001
856400	1001
856600	1000
856800	1000
857000	1001
857200	1000
857400	1000
857600	1000
857800	999
858000	1001
858200	1000
858400	1001
858600	1000
858800	1000
859000	1000
859200	1000
859400	1000
859600	1000
859800	1000
860000	1000
860200	999
860400	1000
860600	999
860800	1000
861000	1000
861200	1000
861400	1000
861600	1000
861800	1000
862000	999
862200	1000
862400	1000
862600	1000
862800	1000
863000	1000
863200	999
863400	1000
863600	1000
863800	1000
864000	1000
864200	1000
864400	1000
864600	1000
864800	1000
865000	1000
865200	1000
865400	1000
865600	1000
865800	1000
866000	1000
866200	1002
866400	1001
866600	1000
866800	1000
867000	1000
867200	1000
867400	1000
867600	1000
867800	1000
868000	1000
868200	1000
868400	1000
868600	1000
868800	1000
869000	1000
869200	1000
869400	1000
869600	1000
869800	1000
870000	998
870200	1000
870400	1000
870600	1000
870800	999
871000	1001
871200	1000
871400	1001
871600	1000
871800	1000
872000	1000
872200	1000
872400	1000
872600	999
872800	1000
873000	999
873200	1000
873400	1000
873600	1000
873800	1000
874000	1000
874200	1000
874400	1000
874600	1000
874800	1001
875000	1000
875200	1000
875400	1000
875600	1000
875800	1001
876000	1000
876200	1000
876400	1000
876600	1000
876800	1000
877000	1000
877200	1000
877400	1000
877600	1000
877800	1000
878000	1000
878200	1000
878400	1000
878600	1000
878800	1000
879000	1000
879200	1000
879400	1000
879600	1000
879800	1000
880000	1001
880200	999
880400	1000
880600	1000
880800	1000
881000	1000
881200	1000
881400	1000
881600	1001
881800	1000
882000	1000
882200	1000
882400	1000
882600	1000
882800	1000
883000	1000
883200	1000
883400	1000
883600	1000
883800	1000
884000	1000
884200	1001
884400	1000
884600	1000
884800	1000
885000	1000
885200	1000
885400	1000
885600	1000
885800	1000
886000	1000
886200	1000
886400	1000
886600	1000
886800	999
887000	999
887200	1000
887400	1000
887600	1000
887800	1001
888000	1000
888200	1000
888400	1000
888600	1000
888800	1000
889000	1000
889200	1000
889400	1000
889600	1000
889800	1000
890000	1000
890200	1002
890400	1000
890600	1000
890800	1001
891000	1000
891200	1000
891400	1000
891600	1000
891800	1000
892000	1000
892200	1000
892400	1001
892600	1001
892800	1000
893000	1000
893200	1000
893400	1000
893600	1000
893800	1000
894000	999
894200	1000
894400	1000
894600	1000
894800	1000
895000	1000
895200	1000
895400	1000
895600	1000
895800	999
896000	999
896200	1000
896400	1000
896600	1001
896800	1001
897000	1000
897200	1000
897400	1000
897600	999
897800	1000
898000	1000
898200	1001
898400	1000
898600	1000
898800	1000
899000	1000
899200	1000
899400	1000
899600	1000
899800	1000
900000	1000
900200	1000
900400	1000
900600	1002
900800	999
901000	1000
901200	1000
901400	1000
901600	1000
901800	1000
902000	1000
902200	1000
902400	1000
902600	1000
902800	1000
903000	1000
903200	1000
903400	1000
903600	1000
903800	1001
904000	1000
904200	999
904400	1000
904600	1001
904800	1000
905000	1000
905200	1000
905400	1000
905600	999
905800	1000
906000	1000
906200	999
906400	1000
906600	999
906800	1000
907000	1000
907200	1000
907400	1000
907600	1000
907800	1000
908000	1000
908200	1000
908400	1000
908600	1000
908800	1000
909000	1000
909200	1000
909400	1000
909600	1001
909800	1000
910000	1000
910200	1000
910400	1000
910600	1000
910800	1000
911000	1000
911200	1000
911400	1000
911600	1000
911800	1000
912000	1000
912200	1000
912400	999
912600	1000
912800	1000
913000	1000
913200	1000
913400	1000
913600	1000
913800	1000
914000	1000
914200	1000
914400	1000
914600	1001
914800	1000
915000	999
915200	1001
915400	1000
915600	1000
915800	1000
916000	1000
916200	1000
916400	1000
916600	1000
916800	1000
917000	999
917200	1000
917400	1000
917600	1000
917800	1000
918000	1000
918200	1000
918400	1000
918600	1000
918800	1000
919000	1000
919200	1000
919400	999
919600	1000
919800	1000
920000	1000
920200	1000
920400	1000
920600	1000
920800	1000
921000	1000
921200	1000
921400	1000
921600	1001
921800	1000
922000	1000
922200	1000
922400	1000
922600	1000
922800	1000
923000	1000
923200	1000
923400	1000
923600	1000
923800	1000
924000	1003
924200	1000
924400	1000
924600	1000
924800	1000
925000	1000
925200	1000
925400	1001
925600	1000
925800	1000
926000	1000
926200	1000
926400	1000
926600	1000
926800	1000
927000	1001
927200	1000
927400	1000
927600	1000
927800	1000
928000	998
928200	1000
928400	1001
928600	1000
928800	1000
929000	1000
929200	1000
929400	1000
929600	1000
929800	1000
930000	1000
930200	1000
930400	1000
930600	1000
930800	999
931000	1000
931200	1000
931400	1000
931600	1000
931800	997
932000	999
932200	1001
932400	1000
932600	999
932800	1000
933000	999
933200	1000
933400	1000
933600	1000
933800	1000
934000	1000
934200	1000
934400	1000
934600	1000
934800	1000
935000	1000
935200	1000
935400	1001
935600	1000
935800	1000
936000	1000
936200	999
936400	1000
936600	1000
936800	999
937000	1000
937200	1000
937400	1000
937600	1000
937800	1000
938000	1000
938200	1000
938400	1000
938600	1000
938800	999
939000	1000
939200	1000
939400	1000
939600	1000
939800	1000
940000	1001
940200	1001
940400	1000
940600	1000
940800	1000
941000	1000
941200	999
941400	1000
941600	999
941800	1000
942000	1000
942200	1000
942400	1000
942600	1000
942800	1000
943000	1000
943200	999
943400	1000
943600	1001
943800	1000
944000	1000
944200	1001
944400	1000
944600	1000
944800	1000
945000	1000
945200	1000
945400	1000
945600	1000
945800	1000
946000	1000
946200	1000
946400	1000
946600	1000
946800	1000
947000	1000
947200	1000
947400	1000
947600	1000
947800	1000
948000	1000
948200	1000
948400	1000
948600	1000
948800	1000
949000	1000
949200	1000
949400	1000
949600	1000
949800	1000
950000	1000
950200	1000
950400	1001
950600	1000
950800	1000
951000	1000
951200	1000
951400	1000
951600	1000
951800	999
952000	1000
952200	1000
952400	1000
952600	1000
952800	1000
953000	1000
953200	1000
953400	999
953600	1000
953800	1000
954000	1000
954200	1000
954400	1000
954600	1000
954800	1000
955000	1000
955200	1000
955400	1000
955600	1001
955800	1000
956000	1000
956200	1000
956400	1000
956600	1000
956800	1001
957000	1000
957200	1000
957400	1000
957600	1000
957800	1000
958000	1000
958200	1003
958400	1000
958600	999
958800	1000
959000	1000
959200	1000
959400	1000
959600	1000
959800	1000
960000	1000
960200	1000
960400	1000
960600	1000
960800	1000
961000	1000
961200	1000
961400	1000
961600	1000
961800	998
962000	1001
962200	998
962400	1000
962600	1000
962800	1000
963000	1000
963200	1000
963400	1000
963600	1000
963800	1000
964000	1000
964200	1000
964400	1000
964600	1000
964800	1000
965000	1000
965200	1000
965400	1000
965600	1000
965800	1000
966000	998
966200	1000
966400	1000
966600	1000
966800	1000
967000	1000
967200	1000
967400	1000
967600	999
967800	1000
968000	999
968200	1000
968400	1000
968600	1000
968800	1000
969000	1000
969200	1000
969400	1000
969600	1001
969800	1000
970000	1000
970200	1000
970400	1001
970600	999
970800	1000
971000	1000
971200	1000
971400	1000
971600	1000
971800	1000
972000	1000
972200	1000
972400	1000
972600	1000
972800	1000
973000	1000
973200	1000
973400	1000
973600	1000
973800	1000
974000	999
974200	1000
974400	1000
974600	1000
974800	1000
975000	1000
975200	1000
975400	1000
975600	1000
975800	1000
976000	1000
976200	1000
976400	1000
976600	1000
976800	1000
977000	1000
977200	1000
977400	1000
977600	1000
977800	1000
978000	1000
978200	998
978400	1000
978600	1001
978800	1000
979000	1000
979200	1000
979400	1000
979600	1000
979800	1000
980000	999
980200	1001
980400	1000
980600	1000
980800	1000
981000	999
981200	1000
981400	1000
981600	1001
981800	1000
982000	999
982200	1000
982400	1000
982600	1000
982800	1000
983000	1000
983200	1000
983400	1000
983600	1000
983800	1000
984000	1000
984200	1000
984400	1000
984600	999
984800	1001
985000	1000
985200	1000
985400	1000
985600	1000
985800	999
986000	1000
986200	1001
986400	1000
986600	1000
986800	1000
987000	1000
987200	1000
987400	1000
987600	1000
987800	999
988000	999
988200	1000
988400	1000
988600	1002
988800	1000
989000	1000
989200	1000
989400	1000
989600	1000
989800	1000
990000	1000
990200	1000
990400	1001
990600	1000
990800	1000
991000	1000
991200	1001
991400	1000
991600	1000
991800	1000
992000	1000
992200	1000
992400	1000
992600	1000
992800	1001
993000	999
993200	1000
993400	1000
993600	1000
993800	1000
994000	1000
994200	1000
994400	1000
994600	1000
994800	1001
995000	1000
995200	1000
995400	1000
995600	999
995800	1001
996000	1000
996200	1000
996400	1000
996600	1000
996800	998
997000	1001
997200	1000
997400	1000
997600	1000
997800	999
998000	1000
998200	1000
998400	1000
998600	1000
998800	1000
999000	1000
999200	1000
999400	1000
999600	1000
999800	1000
1000000	1000
1000200	999
1000400	999
1000600	1000
1000800	999
1001000	999
1001200	999
1001400	1000
1001600	1000
1001800	1000
1002000	1000
1002200	1000
1002400	1001
1002600	999
1002800	1001
1003000	1001
1003200	1000
1003400	1000
1003600	1000
1003800	1000
1004000	1000
1004200	1000
1004400	1000
1004600	1000
1004800	1001
1005000	1000
1005200	1000
1005400	1000
1005600	1000
1005800	1000
1006000	1001
1006200	1000
1006400	1000
1006600	1000
1006800	1000
1007000	1000
1007200	1000
1007400	1000
1007600	1000
1007800	1000
1008000	999
1008200	1000
1008400	998
1008600	1001
1008800	999
1009000	1000
1009200	1000
1009400	999
1009600	1000
1009800	1000
1010000	1000
1010200	1001
1010400	1000
1010600	1000
1010800	1000
1011000	1000
1011200	999
1011400	1000
1011600	1000
1011800	1000
1012000	1000
1012200	1000
1012400	1000
1012600	1000
1012800	999
1013000	1000
1013200	1000
1013400	1000
1013600	1000
1013800	1001
1014000	1000
1014200	1000
1014400	1000
1014600	1000
1014800	1000
1015000	1000
1015200	1000
1015400	1000
1015600	1000
1015800	1001
1016000	1000
1016200	1000
1016400	1000
1016600	1000
1016800	1000
1017000	1001
1017200	1000
1017400	1000
1017600	1000
1017800	998
1018000	998
1018200	1000
1018400	1000
1018600	999
1018800	1001
1019000	1001
1019200	1000
1019400	1000
1019600	1000
1019800	999
1020000	1000
1020200	1000
1020400	1000
1020600	1000
1020800	1000
1021000	999
1021200	1000
1021400	1000
1021600	1000
1021800	1001
1022000	1001
1022200	1000
1022400	999
1022600	1001
1022800	999
1023000	1000
1023200	999
1023400	1000
1023600	1000
1023800	1000
1024000	1000
1024200	1000
1024400	1000
1024600	1000
1024800	1000
1025000	1000
1025200	1000
1025400	1000
1025600	1000
1025800	1000
1026000	1000
1026200	1000
1026400	1000
1026600	1000
1026800	1000
1027000	1000
1027200	1000
1027400	1000
1027600	1000
1027800	1000
1028000	1000
1028200	1000
1028400	1000
1028600	1000
1028800	1000
1029000	1000
1029200	1000
1029400	1000
1029600	1000
1029800	1001
1030000	1000
1030200	1000
1030400	1000
1030600	1000
1030800	1000
1031000	1000
1031200	1000
1031400	1000
1031600	1000
1031800	1000
1032000	1000
1032200	1000
1032400	1000
1032600	1000
1032800	1000
1033000	998
1033200	1001
1033400	1000
1033600	998
1033800	1001
1034000	1000
1034200	1000
1034400	1000
1034600	1000
1034800	1000
1035000	1000
1035200	1000
1035400	999
1035600	1000
1035800	1000
1036000	1003
1036200	1000
1036400	1000
1036600	1000
1036800	1000
1037000	1000
1037200	1000
1037400	1000
1037600	999
1037800	1002
1038000	1000
1038200	1000
1038400	1000
1038600	1000
1038800	1000
1039000	1000
1039200	1000
1039400	1000
1039600	1000
1039800	1000
1040000	1000
1040200	1000
1040400	1000
1040600	1000
1040800	1000
1041000	1000
1041200	1000
1041400	1000
1041600	1000
1041800	1001
1042000	1000
1042200	1000
1042400	1001
1042600	1000
1042800	1000
1043000	1000
1043200	1002
1043400	1000
1043600	999
1043800	1000
1044000	1000
1044200	1000
1044400	1000
1044600	1000
1044800	1001
1045000	1000
1045200	1001
1045400	1000
1045600	1000
1045800	1000
1046000	999
1046200	1001
1046400	1000
1046600	1000
1046800	1000
1047000	1000
1047200	1000
1047400	1000
1047600	1000
1047800	1000
1048000	1000
1048200	1000
1048400	998
1048600	1000
1048800	1000
1049000	1000
1049200	1000
1049400	1000
1049600	1000
1049800	999
1050000	999
1050200	1000
1050400	1000
1050600	1000
1050800	1001
1051000	1000
1051200	1000
1051400	1000
1051600	1000
1051800	1000
1052000	1000
1052200	999
1052400	1000
1052600	1000
1052800	1000
1053000	1004
1053200	1000
1053400	1000
1053600	999
1053800	1000
1054000	1000
1054200	1000
1054400	1000
1054600	998
1054800	1000
1055000	1000
1055200	1001
1055400	1000
1055600	1000
1055800	1000
1056000	1000
1056200	1003
1056400	1000
1056600	1001
1056800	1000
1057000	1000
1057200	1000
1057400	1000
1057600	1000
1057800	1000
1058000	1001
1058200	1000
1058400	1000
1058600	1000
1058800	1000
1059000	1000
1059200	1000
1059400	1000
1059600	1000
1059800	1000
1060000	1000
1060200	1000
1060400	1000
1060600	1000
1060800	1000
1061000	1000
1061200	1000
1061400	1001
1061600	999
1061800	1000
1062000	1002
1062200	1000
1062400	999
1062600	1000
1062800	1000
1063000	1000
1063200	1000
1063400	1000
1063600	1000
1063800	1000
1064000	1000
1064200	1000
1064400	1000
1064600	1000
1064800	1001
1065000	1000
1065200	1000
1065400	1000
1065600	1000
1065800	1001
1066000	1001
1066200	1000
1066400	1000
1066600	1000
1066800	1000
1067000	1001
1067200	1000
1067400	1000
1067600	1000
1067800	1000
1068000	1000
1068200	1000
1068400	999
1068600	1000
1068800	1000
1069000	1000
1069200	1000
1069400	999
1069600	996
1069800	1000
1070000	1000
1070200	1000
1070400	1000
1070600	1000
1070800	998
1071000	1000
1071200	1002
1071400	1000
1071600	999
1071800	1000
1072000	1000
1072200	1000
1072400	1000
1072600	1001
1072800	1000
1073000	1000
1073200	999
1073400	1000
1073600	1000
1073800	1000
1074000	1000
1074200	1000
1074400	1000
1074600	1000
1074800	1000
1075000	1000
1075200	1000
1075400	1001
1075600	998
1075800	1000
1076000	1000
1076200	1000
1076400	1000
1076600	1000
1076800	1000
1077000	1000
1077200	1000
1077400	1000
1077600	1000
1077800	1000
1078000	1000
1078200	1000
1078400	1000
1078600	1000
1078800	1000
1079000	1000
1079200	1000
1079400	1000
1079600	1000
1079800	1000
1080000	1000
1080200	1000
1080400	1000
1080600	1000
1080800	1000
1081000	1000
1081200	1000
1081400	1000
1081600	1000
1081800	1000
1082000	1000
1082200	1000
1082400	1000
1082600	1000
1082800	1000
1083000	999
1083200	1000
1083400	1002
1083600	1000
1083800	1000
1084000	1000
1084200	1000
1084400	1000
1084600	1000
1084800	1001
1085000	1000
1085200	1000
1085400	1000
1085600	1000
1085800	999
1086000	1000
1086200	999
1086400	1000
1086600	1000
1086800	1000
1087000	1000
1087200	1000
1087400	1000
1087600	1000
1087800	1000
1088000	999
1088200	1000
1088400	1000
1088600	999
1088800	1000
1089000	1000
1089200	1000
1089400	999
1089600	1000
1089800	1002
1090000	1000
1090200	1000
1090400	1000
1090600	1000
1090800	1000
1091000	1000
1091200	1001
1091400	1000
1091600	1000
1091800	1000
1092000	999
1092200	1001
1092400	1000
1092600	1000
1092800	1000
1093000	999
1093200	1000
1093400	1000
1093600	1000
1093800	1000
1094000	1000
1094200	1000
1094400	1000
1094600	1001
1094800	1000
1095000	1000
1095200	1000
1095400	1000
1095600	1000
1095800	1000
1096000	1000
1096200	1000
1096400	1000
1096600	999
1096800	1000
1097000	1000
1097200	999
1097400	1000
1097600	1000
1097800	1000
1098000	1000
1098200	1000
1098400	999
1098600	1000
1098800	1000
1099000	1000
1099200	1000
1099400	1000
1099600	1000
1099800	1000
1100000	1000
1100200	1000
1100400	1000
1100600	1000
1100800	1000
1101000	1000
1101200	1000
1101400	1000
1101600	999
1101800	1000
1102000	999
1102200	1000
1102400	1000
1102600	1000
1102800	1000
1103000	1000
1103200	1000
1103400	1000
1103600	1000
1103800	1000
1104000	1000
1104200	1001
1104400	1000
1104600	999
1104800	1000
1105000	1000
1105200	1001
1105400	1000
1105600	1000
1105800	1000
1106000	1000
1106200	1000
1106400	998
1106600	1000
1106800	1000
1107000	1000
1107200	1001
1107400	1001
1107600	1000
1107800	1000
1108000	1000
1108200	1000
1108400	1000
1108600	999
1108800	1000
1109000	1000
1109200	1000
1109400	1000
1109600	1000
1109800	1000
1110000	999
1110200	999
1110400	1000
1110600	1000
1110800	1000
1111000	1000
1111200	999
1111400	999
1111600	1000
1111800	1000
1112000	1000
1112200	1000
1112400	1001
1112600	1000
1112800	1000
1113000	1002
1113200	1000
1113400	1000
1113600	1000
1113800	1000
1114000	1000
1114200	1000
1114400	999
1114600	1000
1114800	998
1115000	1000
1115200	1000
1115400	1000
1115600	1000
1115800	1000
1116000	1000
1116200	1000
1116400	999
1116600	1000
1116800	1000
1117000	1000
1117200	1000
1117400	1000
1117600	1000
1117800	1000
1118000	1000
1118200	1001
1118400	1000
1118600	1000
1118800	1000
1119000	1000
1119200	1000
1119400	1000
1119600	1000
1119800	998
1120000	1000
1120200	1000
1120400	1000
1120600	1000
1120800	1000
1121000	1000
1121200	1000
1121400	999
1121600	1000
1121800	1000
1122000	1000
1122200	1000
1122400	1000
1122600	1000
1122800	1000
1123000	1000
1123200	1000
1123400	1000
1123600	999
1123800	1000
1124000	1000
1124200	1000
1124400	999
1124600	1000
1124800	1000
1125000	1000
1125200	999
1125400	1000
1125600	999
1125800	1000
1126000	1000
1126200	1000
1126400	1000
1126600	1000
1126800	1000
1127000	999
1127200	1000
1127400	1000
1127600	1000
1127800	1000
1128000	1000
1128200	1000
1128400	999
1128600	1000
1128800	1002
1129000	1000
1129200	999
1129400	1000
1129600	1000
1129800	1000
1130000	1000
1130200	1000
1130400	1001
1130600	999
1130800	1000
1131000	1000
1131200	998
1131400	999
1131600	1000
1131800	1000
1132000	1000
1132200	1000
1132400	1000
1132600	1000
1132800	1000
1133000	1000
1133200	1000
1133400	1002
1133600	1000
1133800	1001
1134000	1001
1134200	1000
1134400	1000
1134600	1000
1134800	1000
1135000	999
1135200	1000
1135400	1000
1135600	1000
1135800	1000
1136000	1000
1136200	999
1136400	1000
1136600	1000
1136800	1000
1137000	1000
1137200	1000
1137400	1000
1137600	1000
1137800	1000
1138000	999
1138200	999
1138400	1000
1138600	1000
1138800	1000
1139000	999
1139200	1000
1139400	1000
1139600	999
1139800	999
1140000	1000
1140200	1000
1140400	1000
1140600	1001
1140800	1000
1141000	1000
1141200	1001
1141400	1001
1141600	1000
1141800	1000
1142000	1000
1142200	1000
1142400	1000
1142600	1000
1142800	1000
1143000	1000
1143200	1000
1143400	1000
1143600	1000
1143800	1000
1144000	1000
1144200	1000
1144400	1000
1144600	1000
1144800	1000
1145000	999
1145200	1000
1145400	1000
1145600	1000
1145800	1000
1146000	1000
1146200	1000
1146400	1000
1146600	999
1146800	1001
1147000	1000
1147200	1000
1147400	1000
1147600	1000
1147800	1000
1148000	1000
1148200	1000
1148400	1000
1148600	1000
1148800	1001
1149000	1000
1149200	1000
1149400	1001
1149600	1000
1149800	1002
1150000	1000
1150200	1000
1150400	1000
1150600	1001
1150800	1001
1151000	1000
1151200	1000
1151400	1000
1151600	1000
1151800	1000
1152000	1000
1152200	1000
1152400	1000
1152600	999
1152800	1001
1153000	1000
1153200	1000
1153400	998
1153600	1000
1153800	1000
1154000	999
1154200	1000
1154400	1000
1154600	1000
1154800	1000
1155000	1000
1155200	1000
1155400	1000
1155600	1000
1155800	999
1156000	1000
1156200	999
1156400	1000
1156600	998
1156800	999
1157000	1000
1157200	1000
1157400	1000
1157600	999
1157800	1000
1158000	1001
1158200	1000
1158400	1001
1158600	1000
1158800	1000
1159000	1001
1159200	1001
1159400	1000
1159600	1000
1159800	999
1160000	1000
1160200	1000
1160400	1000
1160600	1000
1160800	1000
1161000	999
1161200	1000
1161400	1000
1161600	998
1161800	1001
1162000	1001
1162200	1000
1162400	1000
1162600	1000
1162800	1000
1163000	1001
1163200	1000
1163400	1000
1163600	1000
1163800	1000
1164000	1001
1164200	1000
1164400	1000
1164600	1000
1164800	1000
1165000	1000
1165200	1000
1165400	1000
1165600	1000
1165800	1000
1166000	1000
1166200	1000
1166400	1000
1166600	1000
1166800	1000
1167000	1000
1167200	999
1167400	1000
1167600	999
1167800	1000
1168000	1000
1168200	1000
1168400	999
1168600	1000
1168800	1000
1169000	1000
1169200	1000
1169400	1000
1169600	999
1169800	1000
1170000	1000
1170200	1000
1170400	1001
1170600	1000
1170800	999
1171000	1000
1171200	1000
1171400	1001
1171600	1001
1171800	1000
1172000	1000
1172200	1000
1172400	1000
1172600	1000
1172800	1000
1173000	1000
1173200	1000
1173400	1000
1173600	1001
1173800	1000
1174000	999
1174200	1000
1174400	994
1174600	1000
1174800	1000
1175000	1000
1175200	1000
1175400	1000
1175600	1000
1175800	1000
1176000	1000
1176200	1000
1176400	1000
1176600	1000
1176800	1000
1177000	1000
1177200	1000
1177400	1000
1177600	1000
1177800	1000
1178000	1000
1178200	999
1178400	1000
1178600	1000
1178800	999
1179000	1000
1179200	1000
1179400	1000
1179600	1000
1179800	1000
1180000	1000
1180200	1000
1180400	1000
1180600	1000
1180800	1000
1181000	1000
1181200	1000
1181400	1000
1181600	1000
1181800	1001
1182000	1000
1182200	1000
1182400	1000
1182600	1000
1182800	999
1183000	1000
1183200	1000
1183400	1000
1183600	1000
1183800	1000
1184000	1000
1184200	1000
1184400	1000
1184600	1000
1184800	1000
1185000	1001
1185200	1000
1185400	1000
1185600	1000
1185800	1001
1186000	1000
1186200	1000
1186400	1000
1186600	1000
1186800	1002
1187000	1000
1187200	1000
1187400	1000
1187600	1000
1187800	1000
1188000	1000
1188200	1000
1188400	1000
1188600	998
1188800	1000
1189000	1000
1189200	1000
1189400	1000
1189600	1000
1189800	1000
1190000	1000
1190200	1000
1190400	1000
1190600	1000
1190800	1000
1191000	1000
1191200	1000
1191400	1000
1191600	1000
1191800	1000
1192000	1000
1192200	1000
1192400	1000
1192600	1000
1192800	1001
1193000	1000
1193200	1001
1193400	1000
1193600	1000
1193800	999
1194000	1000
1194200	1000
1194400	1000
1194600	1000
1194800	1000
1195000	999
1195200	1000
1195400	1000
1195600	1000
1195800	1000
1196000	1000
1196200	1000
1196400	1000
1196600	1000
1196800	1000
1197000	1000
1197200	1000
1197400	1000
1197600	1000
1197800	1000
1198000	1000
1198200	1000
1198400	1000
1198600	1000
1198800	1000
1199000	1000
1199200	1000
1199400	1000
1199600	1000
1199800	1000
1200000	1001
1200200	1000
1200400	1000
1200600	1000
1200800	1001
1201000	1000
1201200	1000
1201400	1000
1201600	999
1201800	1002
1202000	1000
1202200	1000
1202400	1000
1202600	1000
1202800	999
1203000	999
1203200	1000
1203400	1000
1203600	1000
1203800	1000
1204000	1000
1204200	1000
1204400	1000
1204600	1000
1204800	1000
1205000	1000
1205200	1000
1205400	999
1205600	1000
1205800	1001
1206000	1000
1206200	1000
1206400	1000
1206600	1000
1206800	1000
1207000	1000
1207200	1000
1207400	1000
1207600	1000
1207800	1000
1208000	1000
1208200	1000
1208400	1001
1208600	1000
1208800	999
1209000	1000
1209200	1000
1209400	1000
1209600	1000
1209800	1001
1210000	1000
1210200	1000
1210400	1000
1210600	999
1210800	1000
1211000	1000
1211200	1000
1211400	1000
1211600	1000
1211800	1000
1212000	1000
1212200	1000
1212400	1001
1212600	1000
1212800	1000
1213000	1000
1213200	1000
1213400	1000
1213600	999
1213800	1000
1214000	1000
1214200	1000
1214400	1000
1214600	1001
1214800	1002
1215000	1000
1215200	1000
1215400	1000
1215600	1000
1215800	1000
1216000	1000
1216200	1000
1216400	1000
1216600	1000
1216800	1000
1217000	999
1217200	1000
1217400	1001
1217600	1000
1217800	1000
1218000	1000
1218200	999
1218400	1000
1218600	1000
1218800	1001
1219000	1000
1219200	1000
1219400	999
1219600	1001
1219800	1000
1220000	1000
1220200	1000
1220400	1000
1220600	1001
1220800	1000
1221000	1000
1221200	999
1221400	1000
1221600	1000
1221800	999
1222000	1000
1222200	1000
1222400	1000
1222600	1000
1222800	1000
1223000	1000
1223200	1000
1223400	1000
1223600	1000
1223800	1000
1224000	1000
1224200	1000
1224400	1000
1224600	1000
1224800	1000
1225000	1000
1225200	1000
1225400	1000
1225600	1000
1225800	1001
1226000	1000
1226200	1000
1226400	1000
1226600	1000
1226800	999
1227000	1000
1227200	1000
1227400	1000
1227600	1000
1227800	1000
1228000	1000
1228200	1000
1228400	1000
1228600	1000
1228800	1001
1229000	1001
1229200	1000
1229400	1000
1229600	1000
1229800	1002
1230000	1000
1230200	1000
1230400	999
1230600	1001
1230800	1000
1231000	1000
1231200	1000
1231400	999
1231600	1000
1231800	1000
1232000	1000
1232200	999
1232400	1000
1232600	1000
1232800	1000
1233000	999
1233200	1000
1233400	1000
1233600	1000
1233800	1000
1234000	1000
1234200	1000
1234400	997
1234600	999
1234800	1000
1235000	1000
1235200	1000
1235400	1000
1235600	1000
1235800	1000
1236000	1001
1236200	999
1236400	999
1236600	1000
1236800	1000
1237000	1000
1237200	1000
1237400	1000
1237600	1000
1237800	1000
1238000	1000
1238200	1000
1238400	998
1238600	1000
1238800	1000
1239000	1000
1239200	1000
1239400	1000
1239600	1000
1239800	1001
1240000	1000
1240200	1000
1240400	1000
1240600	998
1240800	1000
1241000	1000
1241200	1000
1241400	1000
1241600	1000
1241800	1000
1242000	1000
1242200	1000
1242400	1000
1242600	1000
1242800	1000
1243000	1000
1243200	1000
1243400	1000
1243600	1000
1243800	999
1244000	1000
1244200	1000
1244400	999
1244600	1000
1244800	1000
1245000	1000
1245200	1001
1245400	999
1245600	1000
1245800	1000
1246000	1000
1246200	1000
1246400	1000
1246600	1000
1246800	1000
1247000	1000
1247200	1000
1247400	1000
1247600	1000
1247800	1000
1248000	1000
1248200	999
1248400	1000
1248600	999
1248800	1000
1249000	1000
1249200	1000
1249400	1000
1249600	1003
1249800	999
1250000	999
1250200	1000
1250400	1000
1250600	999
1250800	999
1251000	1000
1251200	1000
1251400	1000
1251600	1000
1251800	1000
1252000	1000
1252200	1000
1252400	1000
1252600	1000
1252800	1000
1253000	1000
1253200	1000
1253400	1000
1253600	999
1253800	1000
1254000	1000
1254200	1000
1254400	1000
1254600	1000
1254800	1000
1255000	1000
1255200	1000
1255400	999
1255600	1000
1255800	1000
1256000	1000
1256200	1000
1256400	1000
1256600	999
1256800	1000
1257000	1000
1257200	1000
1257400	1000
1257600	1001
1257800	1000
1258000	999
1258200	1000
1258400	1001
1258600	1000
1258800	1000
1259000	1000
1259200	1000
1259400	1000
1259600	1000
1259800	1000
1260000	1000
1260200	1000
1260400	1000
1260600	1000
1260800	1000
1261000	1000
1261200	1000
1261400	1000
1261600	1000
1261800	1000
1262000	1000
1262200	1003
1262400	1000
1262600	1000
1262800	1001
1263000	1000
1263200	1000
1263400	1000
1263600	1000
1263800	1000
1264000	1000
1264200	1000
1264400	1000
1264600	1001
1264800	1000
1265000	1000
1265200	1001
1265400	1000
1265600	1000
1265800	1000
1266000	1000
1266200	1000
1266400	1000
1266600	999
1266800	1000
1267000	999
1267200	1000
1267400	1000
1267600	999
1267800	1000
1268000	1000
1268200	1000
1268400	1000
1268600	1000
1268800	1000
1269000	1000
1269200	1000
1269400	1000
1269600	1000
1269800	1000
1270000	1000
1270200	1001
1270400	1000
1270600	1000
1270800	1000
1271000	998
1271200	1000
1271400	1000
1271600	1000
1271800	1000
1272000	1000
1272200	1000
1272400	1000
1272600	999
1272800	1001
1273000	1000
1273200	1000
1273400	1000
1273600	1001
1273800	1000
1274000	1000
1274200	1000
1274400	1000
1274600	1000
1274800	1000
1275000	999
1275200	1000
1275400	1000
1275600	1000
1275800	1000
1276000	1000
1276200	1000
1276400	1000
1276600	1001
1276800	1000
1277000	999
1277200	1000
1277400	1000
1277600	1000
1277800	1000
1278000	1000
1278200	1000
1278400	1000
1278600	1000
1278800	1000
1279000	1000
1279200	1000
1279400	999
1279600	1000
1279800	1000
1280000	1000
1280200	1000
1280400	1000
1280600	999
1280800	1000
1281000	1000
1281200	1000
1281400	1001
1281600	1000
1281800	1000
1282000	1001
1282200	1000
1282400	1000
1282600	1000
1282800	1000
1283000	1000
1283200	1000
1283400	1000
1283600	999
1283800	1000
1284000	1000
1284200	1000
1284400	1000
1284600	1000
1284800	1001
1285000	1000
1285200	1000
1285400	1000
1285600	1000
1285800	1000
1286000	1000
1286200	1001
1286400	1000
1286600	1000
1286800	1000
1287000	1000
1287200	1000
1287400	1000
1287600	1000
1287800	1000
1288000	999
1288200	1000
1288400	1000
1288600	999
1288800	1000
1289000	1000
1289200	1000
1289400	1000
1289600	1000
1289800	1000
1290000	1000
1290200	1000
1290400	1000
1290600	1000
1290800	1000
1291000	1000
1291200	1000
1291400	1000
1291600	997
1291800	1001
1292000	1000
1292200	1000
1292400	1001
1292600	1001
1292800	1000
1293000	1000
1293200	1000
1293400	1000
1293600	1000
1293800	1001
1294000	1000
1294200	1000
1294400	1000
1294600	1000
1294800	999
1295000	1000
1295200	1000
1295400	1000
1295600	1000
1295800	1000
1296000	1000
1296200	1000
1296400	999
1296600	1000
1296800	1000
1297000	1000
1297200	1000
1297400	1000
1297600	1000
1297800	1000
1298000	999
1298200	1000
1298400	1000
1298600	1000
1298800	1000
1299000	1000
1299200	1000
1299400	1000
1299600	1000
1299800	999
1300000	1000
1300200	1000
1300400	999
1300600	1000
1300800	999
1301000	999
1301200	1000
1301400	1000
1301600	1000
1301800	1000
1302000	1000
1302200	1000
1302400	1001
1302600	1000
1302800	1000
1303000	1000
1303200	999
1303400	1000
1303600	1000
1303800	999
1304000	1000
1304200	1000
1304400	1000
1304600	1000
1304800	1000
1305000	999
1305200	1000
1305400	1000
1305600	1001
1305800	1000
1306000	1000
1306200	1000
1306400	1000
1306600	1000
1306800	1000
1307000	1000
1307200	1000
1307400	1000
1307600	1000
1307800	1000
1308000	1000
1308200	1000
1308400	1000
1308600	1000
1308800	999
1309000	1000
1309200	999
1309400	1000
1309600	999
1309800	999
1310000	1000
1310200	1000
1310400	1001
1310600	1000
1310800	1000
1311000	1000
1311200	1000
1311400	1000
1311600	1000
1311800	1000
1312000	1000
1312200	1000
1312400	1000
1312600	1000
1312800	1000
1313000	1000
1313200	1000
1313400	1000
1313600	1000
1313800	1000
1314000	1001
1314200	1000
1314400	1000
1314600	1001
1314800	1000
1315000	1000
1315200	1000
1315400	1000
1315600	1000
1315800	1001
1316000	1000
1316200	1000
1316400	1000
1316600	1000
1316800	1000
1317000	1000
1317200	1000
1317400	1000
1317600	1000
1317800	1000
1318000	1000
1318200	1000
1318400	1000
1318600	1000
1318800	1000
1319000	1000
1319200	1000
1319400	1000
1319600	1000
1319800	1000
1320000	1000
1320200	1001
1320400	1001
1320600	1000
1320800	1000
1321000	1000
1321200	1001
1321400	1000
1321600	1000
1321800	1001
1322000	1000
1322200	1000
1322400	1000
1322600	1000
1322800	1001
1323000	1000
1323200	1000
1323400	1000
1323600	1000
1323800	1000
1324000	1000
1324200	1001
1324400	1001
1324600	1000
1324800	1000
1325000	1000
1325200	1000
1325400	1000
1325600	1001
1325800	1000
1326000	999
1326200	1001
1326400	1000
1326600	1000
1326800	1000
1327000	1000
1327200	1000
1327400	1000
1327600	999
1327800	1000
1328000	999
1328200	1000
1328400	1000
1328600	1000
1328800	1000
1329000	1000
1329200	999
1329400	1001
1329600	1000
1329800	1000
1330000	1000
1330200	1000
1330400	1000
1330600	1000
1330800	1000
1331000	1000
1331200	1000
1331400	1000
1331600	1000
1331800	1000
1332000	1000
1332200	1000
1332400	1003
1332600	1000
1332800	1000
1333000	1000
1333200	1001
1333400	1000
1333600	1000
1333800	999
1334000	1000
1334200	1000
1334400	1000
1334600	1000
1334800	1000
1335000	1000
1335200	1000
1335400	1000
1335600	1000
1335800	1000
1336000	1000
1336200	1000
1336400	1000
1336600	999
1336800	1000
1337000	1000
1337200	1000
1337400	1000
1337600	1000
1337800	1000
1338000	1000
1338200	1000
1338400	1000
1338600	999
1338800	1000
1339000	1000
1339200	1000
1339400	1000
1339600	1000
1339800	1000
1340000	1001
1340200	998
1340400	1000
1340600	1000
1340800	1000
1341000	1001
1341200	1000
1341400	1000
1341600	999
1341800	1001
1342000	999
1342200	1000
1342400	1000
1342600	1000
1342800	1000
1343000	1000
1343200	999
1343400	1000
1343600	1001
1343800	1000
1344000	1000
1344200	1000
1344400	1001
1344600	1000
1344800	1000
1345000	998
1345200	1000
1345400	1000
1345600	1000
1345800	1000
1346000	1000
1346200	999
1346400	1000
1346600	1000
1346800	1000
1347000	1000
1347200	1000
1347400	1000
1347600	1000
1347800	1000
1348000	1000
1348200	1000
1348400	999
1348600	1000
1348800	1000
1349000	1000
1349200	1000
1349400	1001
1349600	1000
1349800	1001
1350000	1000
1350200	1001
1350400	1000
1350600	1000
1350800	1000
1351000	1000
1351200	1000
1351400	1000
1351600	1000
1351800	999
1352000	1000
1352200	1000
1352400	1001
1352600	1000
1352800	1001
1353000	1001
1353200	1000
1353400	1000
1353600	1000
1353800	1000
1354000	1000
1354200	1000
1354400	1000
1354600	1000
1354800	1000
1355000	1000
1355200	1000
1355400	1000
1355600	1000
1355800	1000
1356000	1000
1356200	1000
1356400	1000
1356600	1000
1356800	999
1357000	1000
1357200	999
1357400	1000
1357600	1000
1357800	1000
1358000	1000
1358200	1000
1358400	1000
1358600	999
1358800	1000
1359000	1000
1359200	1000
1359400	1000
1359600	1001
1359800	1000
1360000	1000
1360200	1000
1360400	1001
1360600	1000
1360800	1000
1361000	1000
1361200	1000
1361400	1000
1361600	1000
1361800	1000
1362000	1000
1362200	1000
1362400	999
1362600	1000
1362800	1000
1363000	1000
1363200	1000
1363400	1000
1363600	1000
1363800	1000
1364000	1000
1364200	1000
1364400	1000
1364600	1000
1364800	1000
1365000	1000
1365200	1000
1365400	1000
1365600	1000
1365800	1000
1366000	1000
1366200	999
1366400	1000
1366600	1000
1366800	1000
1367000	1000
1367200	1000
1367400	1000
1367600	1000
1367800	999
1368000	1000
1368200	1000
1368400	1000
1368600	1000
1368800	1000
1369000	1000
1369200	1000
1369400	1001
1369600	1000
1369800	1000
1370000	1003
1370200	1000
1370400	1000
1370600	1000
1370800	1000
1371000	999
1371200	1000
1371400	1000
1371600	1000
1371800	1000
1372000	999
1372200	1000
1372400	1000
1372600	1000
1372800	1000
1373000	1000
1373200	999
1373400	1001
1373600	999
1373800	1000
1374000	1000
1374200	999
1374400	1000
1374600	999
1374800	1000
1375000	1000
1375200	1000
1375400	1001
1375600	1000
1375800	1000
1376000	1000
1376200	1000
1376400	1000
1376600	1000
1376800	1000
1377000	1000
1377200	1000
1377400	1000
1377600	1000
1377800	1000
1378000	1001
1378200	1000
1378400	1000
1378600	1000
1378800	1000
1379000	1000
1379200	1000
1379400	1000
1379600	1000
1379800	1000
1380000	1001
1380200	1000
1380400	1000
1380600	1000
1380800	1000
1381000	1000
1381200	1000
1381400	1000
1381600	1000
1381800	1000
1382000	1000
1382200	1000
1382400	1000
1382600	1000
1382800	1000
1383000	1000
1383200	1000
1383400	1000
1383600	1000
1383800	1000
1384000	1000
1384200	1000
1384400	1000
1384600	999
1384800	1000
1385000	1000
1385200	1000
1385400	1000
1385600	1000
1385800	1001
1386000	1000
1386200	999
1386400	1000
1386600	1000
1386800	1000
1387000	1000
1387200	1000
1387400	1000
1387600	1000
1387800	1000
1388000	1000
1388200	1000
1388400	1000
1388600	1001
1388800	1000
1389000	1000
1389200	1000
1389400	999
1389600	1000
1389800	1000
1390000	1000
1390200	1000
1390400	999
1390600	1000
1390800	1000
1391000	999
1391200	1000
1391400	1000
1391600	1000
1391800	1000
1392000	1000
1392200	1001
1392400	1000
1392600	1000
1392800	1000
1393000	1000
1393200	1000
1393400	1000
1393600	1000
1393800	1001
1394000	1000
1394200	1000
1394400	1001
1394600	999
1394800	1000
1395000	1000
1395200	1000
1395400	1000
1395600	1000
1395800	1000
1396000	1000
1396200	1001
1396400	999
1396600	1000
1396800	1000
1397000	1000
1397200	1000
1397400	1000
1397600	1001
1397800	1000
1398000	1000
1398200	1000
1398400	998
1398600	1000
1398800	1000
1399000	1000
1399200	1000
1399400	1000
1399600	1000
1399800	1000
