0 	 0.00212739 	 	 
0.025 	 0.00212753 	 	 
0.05 	 0.00212777 	 	 
0.075 	 0.00212811 	 	 
0.1 	 0.00212855 	 	 
0.125 	 0.00212908 	 	 
0.15 	 0.00212972 	 	 
0.175 	 0.00213044 	 	 
0.2 	 0.00213127 	 	 
0.225 	 0.0021322 	 	 
0.25 	 0.00213322 	 	 
0.275 	 0.00213434 	 	 
0.3 	 0.00213556 	 	 
0.325 	 0.00213687 	 	 
0.35 	 0.00213829 	 	 
0.375 	 0.0021398 	 	 
0.4 	 0.00214141 	 	 
0.425 	 0.00214313 	 	 
0.45 	 0.00214494 	 	 
0.475 	 0.00214685 	 	 
0.5 	 0.00214886 	 	 
0.525 	 0.00215097 	 	 
0.55 	 0.00215318 	 	 
0.575 	 0.00215549 	 	 
0.6 	 0.0021579 	 	 
0.625 	 0.00216041 	 	 
0.65 	 0.00216302 	 	 
0.675 	 0.00216574 	 	 
0.7 	 0.00216855 	 	 
0.725 	 0.00217147 	 	 
0.75 	 0.00217449 	 	 
0.775 	 0.00217761 	 	 
0.8 	 0.00218084 	 	 
0.825 	 0.00218417 	 	 
0.85 	 0.0021876 	 	 
0.875 	 0.00219114 	 	 
0.9 	 0.00219478 	 	 
0.925 	 0.00219852 	 	 
0.95 	 0.00220238 	 	 
0.975 	 0.00220633 	 	 
1 	 0.00221039 	 	 
1.025 	 0.00221456 	 	 
1.05 	 0.00221883 	 	 
1.075 	 0.00222321 	 	 
1.1 	 0.0022277 	 	 
1.125 	 0.00223229 	 	 
1.15 	 0.00223699 	 	 
1.175 	 0.0022418 	 	 
1.2 	 0.00224672 	 	 
1.225 	 0.00225174 	 	 
1.25 	 0.00225688 	 	 
1.275 	 0.00226212 	 	 
1.3 	 0.00226747 	 	 
1.325 	 0.00227293 	 	 
1.35 	 0.00227851 	 	 
1.375 	 0.00228419 	 	 
1.4 	 0.00228998 	 	 
1.425 	 0.00229588 	 	 
1.45 	 0.0023019 	 	 
1.475 	 0.00230802 	 	 
1.5 	 0.00231426 	 	 
1.525 	 0.00232061 	 	 
1.55 	 0.00232707 	 	 
1.575 	 0.00233364 	 	 
1.6 	 0.00234032 	 	 
1.625 	 0.00234712 	 	 
1.65 	 0.00235403 	 	 
1.675 	 0.00236105 	 	 
1.7 	 0.00236819 	 	 
1.725 	 0.00237544 	 	 
1.75 	 0.0023828 	 	 
1.775 	 0.00239027 	 	 
1.8 	 0.00239786 	 	 
1.825 	 0.00240556 	 	 
1.85 	 0.00241337 	 	 
1.875 	 0.0024213 	 	 
1.9 	 0.00242934 	 	 
1.925 	 0.00243749 	 	 
1.95 	 0.00244576 	 	 
1.975 	 0.00245414 	 	 
2 	 0.00246263 	 	 
2.025 	 0.00247124 	 	 
2.05 	 0.00247996 	 	 
2.075 	 0.00248879 	 	 
2.1 	 0.00249774 	 	 
2.125 	 0.00250679 	 	 
2.15 	 0.00251596 	 	 
2.175 	 0.00252525 	 	 
2.2 	 0.00253464 	 	 
2.225 	 0.00254414 	 	 
2.25 	 0.00255376 	 	 
2.275 	 0.00256348 	 	 
2.3 	 0.00257332 	 	 
2.325 	 0.00258327 	 	 
2.35 	 0.00259332 	 	 
2.375 	 0.00260349 	 	 
2.4 	 0.00261376 	 	 
2.425 	 0.00262414 	 	 
2.45 	 0.00263463 	 	 
2.475 	 0.00264523 	 	 
2.5 	 0.00265593 	 	 
2.525 	 0.00266673 	 	 
2.55 	 0.00267764 	 	 
2.575 	 0.00268866 	 	 
2.6 	 0.00269978 	 	 
2.625 	 0.002711 	 	 
2.65 	 0.00272232 	 	 
2.675 	 0.00273375 	 	 
2.7 	 0.00274527 	 	 
2.725 	 0.00275689 	 	 
2.75 	 0.00276861 	 	 
2.775 	 0.00278043 	 	 
2.8 	 0.00279235 	 	 
2.825 	 0.00280436 	 	 
2.85 	 0.00281646 	 	 
2.875 	 0.00282866 	 	 
2.9 	 0.00284095 	 	 
2.925 	 0.00285333 	 	 
2.95 	 0.0028658 	 	 
2.975 	 0.00287835 	 	 
3 	 0.002891 	 	 
3.025 	 0.00290373 	 	 
3.05 	 0.00291655 	 	 
3.075 	 0.00292944 	 	 
3.1 	 0.00294242 	 	 
3.125 	 0.00295548 	 	 
3.15 	 0.00296862 	 	 
3.175 	 0.00298184 	 	 
3.2 	 0.00299513 	 	 
3.225 	 0.0030085 	 	 
3.25 	 0.00302193 	 	 
3.275 	 0.00303544 	 	 
3.3 	 0.00304902 	 	 
3.325 	 0.00306266 	 	 
3.35 	 0.00307638 	 	 
3.375 	 0.00309015 	 	 
3.4 	 0.00310399 	 	 
3.425 	 0.00311788 	 	 
3.45 	 0.00313184 	 	 
3.475 	 0.00314585 	 	 
3.5 	 0.00315991 	 	 
3.525 	 0.00317403 	 	 
3.55 	 0.0031882 	 	 
3.575 	 0.00320241 	 	 
3.6 	 0.00321668 	 	 
3.625 	 0.00323098 	 	 
3.65 	 0.00324533 	 	 
3.675 	 0.00325971 	 	 
3.7 	 0.00327414 	 	 
3.725 	 0.0032886 	 	 
3.75 	 0.00330309 	 	 
3.775 	 0.00331761 	 	 
3.8 	 0.00333216 	 	 
3.825 	 0.00334673 	 	 
3.85 	 0.00336133 	 	 
3.875 	 0.00337595 	 	 
3.9 	 0.00339059 	 	 
3.925 	 0.00340524 	 	 
3.95 	 0.0034199 	 	 
3.975 	 0.00343458 	 	 
4 	 0.00344926 	 	 
4.025 	 0.00346395 	 	 
4.05 	 0.00347864 	 	 
4.075 	 0.00349333 	 	 
4.1 	 0.00350802 	 	 
4.125 	 0.00352271 	 	 
4.15 	 0.00353738 	 	 
4.175 	 0.00355204 	 	 
4.2 	 0.00356669 	 	 
4.225 	 0.00358132 	 	 
4.25 	 0.00359594 	 	 
4.275 	 0.00361053 	 	 
4.3 	 0.00362509 	 	 
4.325 	 0.00363962 	 	 
4.35 	 0.00365413 	 	 
4.375 	 0.0036686 	 	 
4.4 	 0.00368303 	 	 
4.425 	 0.00369742 	 	 
4.45 	 0.00371176 	 	 
4.475 	 0.00372606 	 	 
4.5 	 0.00374031 	 	 
4.525 	 0.0037545 	 	 
4.55 	 0.00376864 	 	 
4.575 	 0.00378272 	 	 
4.6 	 0.00379673 	 	 
4.625 	 0.00381068 	 	 
4.65 	 0.00382456 	 	 
4.675 	 0.00383837 	 	 
4.7 	 0.0038521 	 	 
4.725 	 0.00386575 	 	 
4.75 	 0.00387932 	 	 
4.775 	 0.0038928 	 	 
4.8 	 0.00390619 	 	 
4.825 	 0.00391949 	 	 
4.85 	 0.0039327 	 	 
4.875 	 0.0039458 	 	 
4.9 	 0.0039588 	 	 
4.925 	 0.00397169 	 	 
4.95 	 0.00398447 	 	 
4.975 	 0.00399714 	 	 
5 	 0.0040097 	 	 
5.025 	 0.00402213 	 	 
5.05 	 0.00403444 	 	 
5.075 	 0.00404662 	 	 
5.1 	 0.00405867 	 	 
5.125 	 0.00407059 	 	 
5.15 	 0.00408237 	 	 
5.175 	 0.00409401 	 	 
5.2 	 0.0041055 	 	 
5.225 	 0.00411684 	 	 
5.25 	 0.00412804 	 	 
5.275 	 0.00413908 	 	 
5.3 	 0.00414996 	 	 
5.325 	 0.00416068 	 	 
5.35 	 0.00417123 	 	 
5.375 	 0.00418162 	 	 
5.4 	 0.00419183 	 	 
5.425 	 0.00420186 	 	 
5.45 	 0.00421172 	 	 
5.475 	 0.0042214 	 	 
5.5 	 0.00423089 	 	 
5.525 	 0.00424018 	 	 
5.55 	 0.00424929 	 	 
5.575 	 0.0042582 	 	 
5.6 	 0.00426691 	 	 
5.625 	 0.00427542 	 	 
5.65 	 0.00428372 	 	 
5.675 	 0.00429181 	 	 
5.7 	 0.00429969 	 	 
5.725 	 0.00430736 	 	 
5.75 	 0.0043148 	 	 
5.775 	 0.00432202 	 	 
5.8 	 0.00432902 	 	 
5.825 	 0.00433578 	 	 
5.85 	 0.00434232 	 	 
5.875 	 0.00434862 	 	 
5.9 	 0.00435468 	 	 
5.925 	 0.00436049 	 	 
5.95 	 0.00436607 	 	 
5.975 	 0.00437139 	 	 
6 	 0.00437647 	 	 
6.025 	 0.00438129 	 	 
6.05 	 0.00438586 	 	 
6.075 	 0.00439016 	 	 
6.1 	 0.00439421 	 	 
6.125 	 0.00439798 	 	 
6.15 	 0.00440149 	 	 
6.175 	 0.00440473 	 	 
6.2 	 0.0044077 	 	 
6.225 	 0.00441039 	 	 
6.25 	 0.0044128 	 	 
6.275 	 0.00441493 	 	 
6.3 	 0.00441678 	 	 
6.325 	 0.00441834 	 	 
6.35 	 0.00441962 	 	 
6.375 	 0.0044206 	 	 
6.4 	 0.00442129 	 	 
6.425 	 0.00442168 	 	 
6.45 	 0.00442178 	 	 
6.475 	 0.00442157 	 	 
6.5 	 0.00442107 	 	 
6.525 	 0.00442026 	 	 
6.55 	 0.00441914 	 	 
6.575 	 0.00441772 	 	 
6.6 	 0.00441599 	 	 
6.625 	 0.00441395 	 	 
6.65 	 0.00441159 	 	 
6.675 	 0.00440892 	 	 
6.7 	 0.00440594 	 	 
6.725 	 0.00440263 	 	 
6.75 	 0.00439901 	 	 
6.775 	 0.00439507 	 	 
6.8 	 0.00439081 	 	 
6.825 	 0.00438622 	 	 
6.85 	 0.00438131 	 	 
6.875 	 0.00437608 	 	 
6.9 	 0.00437052 	 	 
6.925 	 0.00436463 	 	 
6.95 	 0.00435841 	 	 
6.975 	 0.00435187 	 	 
7 	 0.004345 	 	 
7.025 	 0.0043378 	 	 
7.05 	 0.00433027 	 	 
7.075 	 0.00432241 	 	 
7.1 	 0.00431422 	 	 
7.125 	 0.0043057 	 	 
7.15 	 0.00429685 	 	 
7.175 	 0.00428767 	 	 
7.2 	 0.00427816 	 	 
7.225 	 0.00426832 	 	 
7.25 	 0.00425815 	 	 
7.275 	 0.00424765 	 	 
7.3 	 0.00423682 	 	 
7.325 	 0.00422566 	 	 
7.35 	 0.00421418 	 	 
7.375 	 0.00420236 	 	 
7.4 	 0.00419023 	 	 
7.425 	 0.00417776 	 	 
7.45 	 0.00416497 	 	 
7.475 	 0.00415186 	 	 
7.5 	 0.00413843 	 	 
7.525 	 0.00412468 	 	 
7.55 	 0.00411061 	 	 
7.575 	 0.00409622 	 	 
7.6 	 0.00408151 	 	 
7.625 	 0.00406649 	 	 
7.65 	 0.00405116 	 	 
7.675 	 0.00403552 	 	 
7.7 	 0.00401958 	 	 
7.725 	 0.00400332 	 	 
7.75 	 0.00398676 	 	 
7.775 	 0.00396991 	 	 
7.8 	 0.00395275 	 	 
7.825 	 0.0039353 	 	 
7.85 	 0.00391755 	 	 
7.875 	 0.00389951 	 	 
7.9 	 0.00388119 	 	 
7.925 	 0.00386258 	 	 
7.95 	 0.00384369 	 	 
7.975 	 0.00382452 	 	 
8 	 0.00380507 	 	 
8.025 	 0.00378535 	 	 
8.05 	 0.00376537 	 	 
8.075 	 0.00374512 	 	 
8.1 	 0.0037246 	 	 
8.125 	 0.00370383 	 	 
8.15 	 0.00368281 	 	 
8.175 	 0.00366153 	 	 
8.2 	 0.00364001 	 	 
8.225 	 0.00361825 	 	 
8.25 	 0.00359625 	 	 
8.275 	 0.00357401 	 	 
8.3 	 0.00355155 	 	 
8.325 	 0.00352886 	 	 
8.35 	 0.00350595 	 	 
8.375 	 0.00348282 	 	 
8.4 	 0.00345948 	 	 
8.425 	 0.00343594 	 	 
8.45 	 0.00341219 	 	 
8.475 	 0.00338825 	 	 
8.5 	 0.00336412 	 	 
8.525 	 0.0033398 	 	 
8.55 	 0.00331529 	 	 
8.575 	 0.00329061 	 	 
8.6 	 0.00326576 	 	 
8.625 	 0.00324075 	 	 
8.65 	 0.00321557 	 	 
8.675 	 0.00319023 	 	 
8.7 	 0.00316475 	 	 
8.725 	 0.00313912 	 	 
8.75 	 0.00311335 	 	 
8.775 	 0.00308745 	 	 
8.8 	 0.00306142 	 	 
8.825 	 0.00303527 	 	 
8.85 	 0.003009 	 	 
8.875 	 0.00298262 	 	 
8.9 	 0.00295613 	 	 
8.925 	 0.00292954 	 	 
8.95 	 0.00290287 	 	 
8.975 	 0.0028761 	 	 
9 	 0.00284925 	 	 
9.025 	 0.00282232 	 	 
9.05 	 0.00279533 	 	 
9.075 	 0.00276827 	 	 
9.1 	 0.00274115 	 	 
9.125 	 0.00271398 	 	 
9.15 	 0.00268676 	 	 
9.175 	 0.0026595 	 	 
9.2 	 0.00263221 	 	 
9.225 	 0.00260489 	 	 
9.25 	 0.00257755 	 	 
9.275 	 0.00255018 	 	 
9.3 	 0.00252281 	 	 
9.325 	 0.00249543 	 	 
9.35 	 0.00246806 	 	 
9.375 	 0.00244069 	 	 
9.4 	 0.00241333 	 	 
9.425 	 0.00238599 	 	 
9.45 	 0.00235868 	 	 
9.475 	 0.00233139 	 	 
9.5 	 0.00230414 	 	 
9.525 	 0.00227693 	 	 
9.55 	 0.00224977 	 	 
9.575 	 0.00222266 	 	 
9.6 	 0.00219561 	 	 
9.625 	 0.00216863 	 	 
9.65 	 0.00214171 	 	 
9.675 	 0.00211487 	 	 
9.7 	 0.00208811 	 	 
9.725 	 0.00206144 	 	 
9.75 	 0.00203486 	 	 
9.775 	 0.00200837 	 	 
9.8 	 0.00198199 	 	 
9.825 	 0.00195571 	 	 
9.85 	 0.00192954 	 	 
9.875 	 0.0019035 	 	 
9.9 	 0.00187757 	 	 
9.925 	 0.00185177 	 	 
9.95 	 0.0018261 	 	 
9.975 	 0.00180056 	 	 
10 	 0.00177517 	 	 
10.025 	 0.00174992 	 	 
10.05 	 0.00172482 	 	 
10.075 	 0.00169988 	 	 
10.1 	 0.00167509 	 	 
10.125 	 0.00165047 	 	 
10.15 	 0.00162601 	 	 
10.175 	 0.00160172 	 	 
10.2 	 0.00157761 	 	 
10.225 	 0.00155367 	 	 
10.25 	 0.00152991 	 	 
10.275 	 0.00150634 	 	 
10.3 	 0.00148296 	 	 
10.325 	 0.00145977 	 	 
10.35 	 0.00143678 	 	 
10.375 	 0.00141399 	 	 
10.4 	 0.00139139 	 	 
10.425 	 0.001369 	 	 
10.45 	 0.00134682 	 	 
10.475 	 0.00132485 	 	 
10.5 	 0.00130309 	 	 
10.525 	 0.00128155 	 	 
10.55 	 0.00126022 	 	 
10.575 	 0.00123912 	 	 
10.6 	 0.00121823 	 	 
10.625 	 0.00119757 	 	 
10.65 	 0.00117714 	 	 
10.675 	 0.00115693 	 	 
10.7 	 0.00113694 	 	 
10.725 	 0.00111719 	 	 
10.75 	 0.00109767 	 	 
10.775 	 0.00107838 	 	 
10.8 	 0.00105932 	 	 
10.825 	 0.00104049 	 	 
10.85 	 0.00102189 	 	 
10.875 	 0.00100353 	 	 
10.9 	 0.000985398 	 	 
10.925 	 0.000967501 	 	 
10.95 	 0.000949838 	 	 
10.975 	 0.000932407 	 	 
11 	 0.000915209 	 	 
11.025 	 0.000898244 	 	 
11.05 	 0.000881511 	 	 
11.075 	 0.000865009 	 	 
11.1 	 0.000848738 	 	 
11.125 	 0.000832698 	 	 
11.15 	 0.000816886 	 	 
11.175 	 0.000801303 	 	 
11.2 	 0.000785947 	 	 
11.225 	 0.000770818 	 	 
11.25 	 0.000755914 	 	 
11.275 	 0.000741234 	 	 
11.3 	 0.000726777 	 	 
11.325 	 0.000712541 	 	 
11.35 	 0.000698525 	 	 
11.375 	 0.000684728 	 	 
11.4 	 0.000671148 	 	 
11.425 	 0.000657783 	 	 
11.45 	 0.000644632 	 	 
11.475 	 0.000631693 	 	 
11.5 	 0.000618965 	 	 
11.525 	 0.000606445 	 	 
11.55 	 0.000594133 	 	 
11.575 	 0.000582025 	 	 
11.6 	 0.00057012 	 	 
11.625 	 0.000558417 	 	 
11.65 	 0.000546913 	 	 
11.675 	 0.000535606 	 	 
11.7 	 0.000524494 	 	 
11.725 	 0.000513576 	 	 
11.75 	 0.000502848 	 	 
11.775 	 0.00049231 	 	 
11.8 	 0.000481959 	 	 
11.825 	 0.000471792 	 	 
11.85 	 0.000461808 	 	 
11.875 	 0.000452004 	 	 
11.9 	 0.000442379 	 	 
11.925 	 0.000432929 	 	 
11.95 	 0.000423654 	 	 
11.975 	 0.00041455 	 	 
12 	 0.000405616 	 	 
12.025 	 0.000396848 	 	 
12.05 	 0.000388246 	 	 
12.075 	 0.000379807 	 	 
12.1 	 0.000371528 	 	 
12.125 	 0.000363407 	 	 
12.15 	 0.000355442 	 	 
12.175 	 0.000347631 	 	 
12.2 	 0.000339972 	 	 
12.225 	 0.000332462 	 	 
12.25 	 0.000325099 	 	 
12.275 	 0.000317881 	 	 
12.3 	 0.000310806 	 	 
12.325 	 0.000303872 	 	 
12.35 	 0.000297076 	 	 
12.375 	 0.000290416 	 	 
12.4 	 0.00028389 	 	 
12.425 	 0.000277496 	 	 
12.45 	 0.000271231 	 	 
12.475 	 0.000265095 	 	 
12.5 	 0.000259084 	 	 
12.525 	 0.000253196 	 	 
12.55 	 0.00024743 	 	 
12.575 	 0.000241783 	 	 
12.6 	 0.000236254 	 	 
12.625 	 0.00023084 	 	 
12.65 	 0.000225539 	 	 
12.675 	 0.000220349 	 	 
12.7 	 0.000215269 	 	 
12.725 	 0.000210296 	 	 
12.75 	 0.000205429 	 	 
12.775 	 0.000200666 	 	 
12.8 	 0.000196004 	 	 
12.825 	 0.000191442 	 	 
12.85 	 0.000186978 	 	 
12.875 	 0.000182611 	 	 
12.9 	 0.000178338 	 	 
12.925 	 0.000174158 	 	 
12.95 	 0.000170068 	 	 
12.975 	 0.000166068 	 	 
13 	 0.000162156 	 	 
13.025 	 0.000158329 	 	 
13.05 	 0.000154587 	 	 
13.075 	 0.000150927 	 	 
13.1 	 0.000147348 	 	 
13.125 	 0.000143849 	 	 
13.15 	 0.000140427 	 	 
13.175 	 0.000137082 	 	 
13.2 	 0.000133812 	 	 
13.225 	 0.000130615 	 	 
13.25 	 0.000127489 	 	 
13.275 	 0.000124434 	 	 
13.3 	 0.000121449 	 	 
13.325 	 0.00011853 	 	 
13.35 	 0.000115678 	 	 
13.375 	 0.000112891 	 	 
13.4 	 0.000110167 	 	 
13.425 	 0.000107506 	 	 
13.45 	 0.000104905 	 	 
13.475 	 0.000102364 	 	 
13.5 	 9.98815e-05 	 	 
13.525 	 9.74561e-05 	 	 
13.55 	 9.50866e-05 	 	 
13.575 	 9.2772e-05 	 	 
13.6 	 9.05109e-05 	 	 
13.625 	 8.83024e-05 	 	 
13.65 	 8.61452e-05 	 	 
13.675 	 8.40383e-05 	 	 
13.7 	 8.19806e-05 	 	 
13.725 	 7.99709e-05 	 	 
13.75 	 7.80084e-05 	 	 
13.775 	 7.6092e-05 	 	 
13.8 	 7.42205e-05 	 	 
13.825 	 7.23932e-05 	 	 
13.85 	 7.0609e-05 	 	 
13.875 	 6.88669e-05 	 	 
13.9 	 6.71661e-05 	 	 
13.925 	 6.55056e-05 	 	 
13.95 	 6.38846e-05 	 	 
13.975 	 6.2302e-05 	 	 
14 	 6.07572e-05 	 	 
14.025 	 5.92493e-05 	 	 
14.05 	 5.77773e-05 	 	 
14.075 	 5.63406e-05 	 	 
14.1 	 5.49384e-05 	 	 
14.125 	 5.35697e-05 	 	 
14.15 	 5.2234e-05 	 	 
14.175 	 5.09304e-05 	 	 
14.2 	 4.96583e-05 	 	 
14.225 	 4.84168e-05 	 	 
14.25 	 4.72053e-05 	 	 
14.275 	 4.60232e-05 	 	 
14.3 	 4.48697e-05 	 	 
14.325 	 4.37442e-05 	 	 
14.35 	 4.2646e-05 	 	 
14.375 	 4.15745e-05 	 	 
14.4 	 4.05292e-05 	 	 
14.425 	 3.95093e-05 	 	 
14.45 	 3.85143e-05 	 	 
14.475 	 3.75437e-05 	 	 
14.5 	 3.65967e-05 	 	 
14.525 	 3.5673e-05 	 	 
14.55 	 3.4772e-05 	 	 
14.575 	 3.3893e-05 	 	 
14.6 	 3.30357e-05 	 	 
14.625 	 3.21995e-05 	 	 
14.65 	 3.13839e-05 	 	 
14.675 	 3.05883e-05 	 	 
14.7 	 2.98125e-05 	 	 
14.725 	 2.90558e-05 	 	 
14.75 	 2.83178e-05 	 	 
14.775 	 2.75981e-05 	 	 
14.8 	 2.68962e-05 	 	 
14.825 	 2.62118e-05 	 	 
14.85 	 2.55443e-05 	 	 
14.875 	 2.48935e-05 	 	 
14.9 	 2.42588e-05 	 	 
14.925 	 2.364e-05 	 	 
14.95 	 2.30366e-05 	 	 
14.975 	 2.24482e-05 	 	 
15 	 2.18745e-05 	 	 
15.025 	 2.13152e-05 	 	 
15.05 	 2.07699e-05 	 	 
15.075 	 2.02382e-05 	 	 
15.1 	 1.97199e-05 	 	 
15.125 	 1.92145e-05 	 	 
15.15 	 1.87219e-05 	 	 
15.175 	 1.82416e-05 	 	 
15.2 	 1.77734e-05 	 	 
15.225 	 1.7317e-05 	 	 
15.25 	 1.6872e-05 	 	 
15.275 	 1.64383e-05 	 	 
15.3 	 1.60156e-05 	 	 
15.325 	 1.56035e-05 	 	 
15.35 	 1.52018e-05 	 	 
15.375 	 1.48102e-05 	 	 
15.4 	 1.44286e-05 	 	 
15.425 	 1.40567e-05 	 	 
15.45 	 1.36941e-05 	 	 
15.475 	 1.33408e-05 	 	 
15.5 	 1.29964e-05 	 	 
15.525 	 1.26607e-05 	 	 
15.55 	 1.23336e-05 	 	 
15.575 	 1.20148e-05 	 	 
15.6 	 1.17042e-05 	 	 
15.625 	 1.14014e-05 	 	 
15.65 	 1.11063e-05 	 	 
15.675 	 1.08188e-05 	 	 
15.7 	 1.05386e-05 	 	 
15.725 	 1.02655e-05 	 	 
15.75 	 9.99943e-06 	 	 
15.775 	 9.74014e-06 	 	 
15.8 	 9.48748e-06 	 	 
15.825 	 9.24129e-06 	 	 
15.85 	 9.00139e-06 	 	 
15.875 	 8.76764e-06 	 	 
15.9 	 8.53988e-06 	 	 
15.925 	 8.31796e-06 	 	 
15.95 	 8.10174e-06 	 	 
15.975 	 7.89106e-06 	 	 
16 	 7.68579e-06 	 	 
16.025 	 7.4858e-06 	 	 
16.05 	 7.29094e-06 	 	 
16.075 	 7.1011e-06 	 	 
16.1 	 6.91614e-06 	 	 
16.125 	 6.73595e-06 	 	 
16.15 	 6.56039e-06 	 	 
16.175 	 6.38936e-06 	 	 
16.2 	 6.22273e-06 	 	 
16.225 	 6.06041e-06 	 	 
16.25 	 5.90227e-06 	 	 
16.275 	 5.74821e-06 	 	 
16.3 	 5.59814e-06 	 	 
16.325 	 5.45194e-06 	 	 
16.35 	 5.30952e-06 	 	 
16.375 	 5.17078e-06 	 	 
16.4 	 5.03563e-06 	 	 
16.425 	 4.90398e-06 	 	 
16.45 	 4.77574e-06 	 	 
16.475 	 4.65082e-06 	 	 
16.5 	 4.52914e-06 	 	 
16.525 	 4.41061e-06 	 	 
16.55 	 4.29516e-06 	 	 
16.575 	 4.1827e-06 	 	 
16.6 	 4.07316e-06 	 	 
16.625 	 3.96647e-06 	 	 
16.65 	 3.86254e-06 	 	 
16.675 	 3.76132e-06 	 	 
16.7 	 3.66273e-06 	 	 
16.725 	 3.5667e-06 	 	 
16.75 	 3.47317e-06 	 	 
16.775 	 3.38207e-06 	 	 
16.8 	 3.29335e-06 	 	 
16.825 	 3.20693e-06 	 	 
16.85 	 3.12276e-06 	 	 
16.875 	 3.04079e-06 	 	 
16.9 	 2.96096e-06 	 	 
16.925 	 2.8832e-06 	 	 
16.95 	 2.80748e-06 	 	 
16.975 	 2.73372e-06 	 	 
17 	 2.6619e-06 	 	 
17.025 	 2.59194e-06 	 	 
17.05 	 2.52382e-06 	 	 
17.075 	 2.45747e-06 	 	 
17.1 	 2.39286e-06 	 	 
17.125 	 2.32994e-06 	 	 
17.15 	 2.26866e-06 	 	 
17.175 	 2.20898e-06 	 	 
17.2 	 2.15086e-06 	 	 
17.225 	 2.09427e-06 	 	 
17.25 	 2.03915e-06 	 	 
17.275 	 1.98548e-06 	 	 
17.3 	 1.93321e-06 	 	 
17.325 	 1.88231e-06 	 	 
17.35 	 1.83274e-06 	 	 
17.375 	 1.78448e-06 	 	 
17.4 	 1.73747e-06 	 	 
17.425 	 1.6917e-06 	 	 
17.45 	 1.64713e-06 	 	 
17.475 	 1.60373e-06 	 	 
17.5 	 1.56147e-06 	 	 
17.525 	 1.52031e-06 	 	 
17.55 	 1.48024e-06 	 	 
17.575 	 1.44121e-06 	 	 
17.6 	 1.40322e-06 	 	 
17.625 	 1.36621e-06 	 	 
17.65 	 1.33018e-06 	 	 
17.675 	 1.2951e-06 	 	 
17.7 	 1.26094e-06 	 	 
17.725 	 1.22768e-06 	 	 
17.75 	 1.19529e-06 	 	 
17.775 	 1.16375e-06 	 	 
17.8 	 1.13304e-06 	 	 
17.825 	 1.10313e-06 	 	 
17.85 	 1.07402e-06 	 	 
17.875 	 1.04567e-06 	 	 
17.9 	 1.01806e-06 	 	 
17.925 	 9.91187e-07 	 	 
17.95 	 9.65016e-07 	 	 
17.975 	 9.39534e-07 	 	 
18 	 9.14723e-07 	 	 
18.025 	 8.90565e-07 	 	 
18.05 	 8.67043e-07 	 	 
18.075 	 8.44141e-07 	 	 
18.1 	 8.21841e-07 	 	 
18.125 	 8.00129e-07 	 	 
18.15 	 7.78989e-07 	 	 
18.175 	 7.58406e-07 	 	 
18.2 	 7.38366e-07 	 	 
18.225 	 7.18853e-07 	 	 
18.25 	 6.99855e-07 	 	 
18.275 	 6.81357e-07 	 	 
18.3 	 6.63347e-07 	 	 
18.325 	 6.45812e-07 	 	 
18.35 	 6.2874e-07 	 	 
18.375 	 6.12117e-07 	 	 
18.4 	 5.95933e-07 	 	 
18.425 	 5.80176e-07 	 	 
18.45 	 5.64835e-07 	 	 
18.475 	 5.49898e-07 	 	 
18.5 	 5.35355e-07 	 	 
18.525 	 5.21197e-07 	 	 
18.55 	 5.07411e-07 	 	 
18.575 	 4.9399e-07 	 	 
18.6 	 4.80923e-07 	 	 
18.625 	 4.682e-07 	 	 
18.65 	 4.55814e-07 	 	 
18.675 	 4.43754e-07 	 	 
18.7 	 4.32013e-07 	 	 
18.725 	 4.20582e-07 	 	 
18.75 	 4.09453e-07 	 	 
18.775 	 3.98618e-07 	 	 
18.8 	 3.88068e-07 	 	 
18.825 	 3.77798e-07 	 	 
18.85 	 3.67798e-07 	 	 
18.875 	 3.58063e-07 	 	 
18.9 	 3.48585e-07 	 	 
18.925 	 3.39358e-07 	 	 
18.95 	 3.30374e-07 	 	 
18.975 	 3.21627e-07 	 	 
19 	 3.13112e-07 	 	 
19.025 	 3.04821e-07 	 	 
19.05 	 2.9675e-07 	 	 
19.075 	 2.88892e-07 	 	 
19.1 	 2.81241e-07 	 	 
19.125 	 2.73793e-07 	 	 
19.15 	 2.66542e-07 	 	 
19.175 	 2.59482e-07 	 	 
19.2 	 2.52609e-07 	 	 
19.225 	 2.45917e-07 	 	 
19.25 	 2.39402e-07 	 	 
19.275 	 2.3306e-07 	 	 
19.3 	 2.26885e-07 	 	 
19.325 	 2.20874e-07 	 	 
19.35 	 2.15021e-07 	 	 
19.375 	 2.09323e-07 	 	 
19.4 	 2.03776e-07 	 	 
19.425 	 1.98375e-07 	 	 
19.45 	 1.93117e-07 	 	 
19.475 	 1.87998e-07 	 	 
19.5 	 1.83015e-07 	 	 
19.525 	 1.78163e-07 	 	 
19.55 	 1.7344e-07 	 	 
19.575 	 1.68841e-07 	 	 
19.6 	 1.64364e-07 	 	 
19.625 	 1.60005e-07 	 	 
19.65 	 1.55762e-07 	 	 
19.675 	 1.51631e-07 	 	 
19.7 	 1.47609e-07 	 	 
19.725 	 1.43693e-07 	 	 
19.75 	 1.39881e-07 	 	 
19.775 	 1.3617e-07 	 	 
19.8 	 1.32557e-07 	 	 
19.825 	 1.29039e-07 	 	 
19.85 	 1.25615e-07 	 	 
19.875 	 1.22281e-07 	 	 
19.9 	 1.19035e-07 	 	 
19.925 	 1.15875e-07 	 	 
19.95 	 1.12798e-07 	 	 
19.975 	 1.09803e-07 	 	 
20 	 1.06887e-07 	 	 
20.025 	 1.04048e-07 	 	 
20.05 	 1.01284e-07 	 	 
20.075 	 9.85934e-08 	 	 
20.1 	 9.59738e-08 	 	 
20.125 	 9.34234e-08 	 	 
20.15 	 9.09405e-08 	 	 
20.175 	 8.85232e-08 	 	 
20.2 	 8.61699e-08 	 	 
20.225 	 8.38787e-08 	 	 
20.25 	 8.16481e-08 	 	 
20.275 	 7.94765e-08 	 	 
20.3 	 7.73623e-08 	 	 
20.325 	 7.5304e-08 	 	 
20.35 	 7.33001e-08 	 	 
20.375 	 7.13492e-08 	 	 
20.4 	 6.94499e-08 	 	 
20.425 	 6.76007e-08 	 	 
20.45 	 6.58005e-08 	 	 
20.475 	 6.40478e-08 	 	 
20.5 	 6.23414e-08 	 	 
20.525 	 6.06802e-08 	 	 
20.55 	 5.90629e-08 	 	 
20.575 	 5.74883e-08 	 	 
20.6 	 5.59553e-08 	 	 
20.625 	 5.44629e-08 	 	 
20.65 	 5.30099e-08 	 	 
20.675 	 5.15953e-08 	 	 
20.7 	 5.02181e-08 	 	 
20.725 	 4.88773e-08 	 	 
20.75 	 4.75719e-08 	 	 
20.775 	 4.6301e-08 	 	 
20.8 	 4.50638e-08 	 	 
20.825 	 4.38592e-08 	 	 
20.85 	 4.26864e-08 	 	 
20.875 	 4.15446e-08 	 	 
20.9 	 4.04331e-08 	 	 
20.925 	 3.93508e-08 	 	 
20.95 	 3.82972e-08 	 	 
20.975 	 3.72714e-08 	 	 
21 	 3.62728e-08 	 	 
21.025 	 3.53005e-08 	 	 
21.05 	 3.43539e-08 	 	 
21.075 	 3.34323e-08 	 	 
21.1 	 3.25351e-08 	 	 
21.125 	 3.16616e-08 	 	 
21.15 	 3.08111e-08 	 	 
21.175 	 2.99831e-08 	 	 
21.2 	 2.91771e-08 	 	 
21.225 	 2.83923e-08 	 	 
21.25 	 2.76282e-08 	 	 
21.275 	 2.68843e-08 	 	 
21.3 	 2.61601e-08 	 	 
21.325 	 2.5455e-08 	 	 
21.35 	 2.47686e-08 	 	 
21.375 	 2.41003e-08 	 	 
21.4 	 2.34496e-08 	 	 
21.425 	 2.28162e-08 	 	 
21.45 	 2.21995e-08 	 	 
21.475 	 2.1599e-08 	 	 
21.5 	 2.10145e-08 	 	 
21.525 	 2.04454e-08 	 	 
21.55 	 1.98913e-08 	 	 
21.575 	 1.93519e-08 	 	 
21.6 	 1.88267e-08 	 	 
21.625 	 1.83154e-08 	 	 
21.65 	 1.78176e-08 	 	 
21.675 	 1.7333e-08 	 	 
21.7 	 1.68612e-08 	 	 
21.725 	 1.64019e-08 	 	 
21.75 	 1.59547e-08 	 	 
21.775 	 1.55193e-08 	 	 
21.8 	 1.50954e-08 	 	 
21.825 	 1.46828e-08 	 	 
21.85 	 1.4281e-08 	 	 
21.875 	 1.38899e-08 	 	 
21.9 	 1.35091e-08 	 	 
21.925 	 1.31384e-08 	 	 
21.95 	 1.27775e-08 	 	 
21.975 	 1.24262e-08 	 	 
22 	 1.20841e-08 	 	 
22.025 	 1.17511e-08 	 	 
22.05 	 1.14269e-08 	 	 
22.075 	 1.11113e-08 	 	 
22.1 	 1.0804e-08 	 	 
22.125 	 1.05049e-08 	 	 
22.15 	 1.02137e-08 	 	 
22.175 	 9.93022e-09 	 	 
22.2 	 9.65424e-09 	 	 
22.225 	 9.38557e-09 	 	 
22.25 	 9.12402e-09 	 	 
22.275 	 8.8694e-09 	 	 
22.3 	 8.62153e-09 	 	 
22.325 	 8.38023e-09 	 	 
22.35 	 8.14533e-09 	 	 
22.375 	 7.91666e-09 	 	 
22.4 	 7.69406e-09 	 	 
22.425 	 7.47737e-09 	 	 
22.45 	 7.26643e-09 	 	 
22.475 	 7.0611e-09 	 	 
22.5 	 6.86122e-09 	 	 
22.525 	 6.66665e-09 	 	 
22.55 	 6.47726e-09 	 	 
22.575 	 6.2929e-09 	 	 
22.6 	 6.11345e-09 	 	 
22.625 	 5.93878e-09 	 	 
22.65 	 5.76876e-09 	 	 
22.675 	 5.60326e-09 	 	 
22.7 	 5.44218e-09 	 	 
22.725 	 5.2854e-09 	 	 
22.75 	 5.1328e-09 	 	 
22.775 	 4.98428e-09 	 	 
22.8 	 4.83972e-09 	 	 
22.825 	 4.69903e-09 	 	 
22.85 	 4.5621e-09 	 	 
22.875 	 4.42884e-09 	 	 
22.9 	 4.29915e-09 	 	 
22.925 	 4.17293e-09 	 	 
22.95 	 4.05011e-09 	 	 
22.975 	 3.93058e-09 	 	 
23 	 3.81426e-09 	 	 
23.025 	 3.70108e-09 	 	 
23.05 	 3.59094e-09 	 	 
23.075 	 3.48377e-09 	 	 
23.1 	 3.3795e-09 	 	 
23.125 	 3.27804e-09 	 	 
23.15 	 3.17933e-09 	 	 
23.175 	 3.08329e-09 	 	 
23.2 	 2.98985e-09 	 	 
23.225 	 2.89895e-09 	 	 
23.25 	 2.81053e-09 	 	 
23.275 	 2.72451e-09 	 	 
23.3 	 2.64084e-09 	 	 
23.325 	 2.55946e-09 	 	 
23.35 	 2.48031e-09 	 	 
23.375 	 2.40332e-09 	 	 
23.4 	 2.32846e-09 	 	 
23.425 	 2.25565e-09 	 	 
23.45 	 2.18485e-09 	 	 
23.475 	 2.11601e-09 	 	 
23.5 	 2.04908e-09 	 	 
23.525 	 1.98401e-09 	 	 
23.55 	 1.92075e-09 	 	 
23.575 	 1.85926e-09 	 	 
23.6 	 1.79949e-09 	 	 
23.625 	 1.7414e-09 	 	 
23.65 	 1.68494e-09 	 	 
23.675 	 1.63009e-09 	 	 
23.7 	 1.57679e-09 	 	 
23.725 	 1.52501e-09 	 	 
23.75 	 1.4747e-09 	 	 
23.775 	 1.42584e-09 	 	 
23.8 	 1.37839e-09 	 	 
23.825 	 1.33232e-09 	 	 
23.85 	 1.28758e-09 	 	 
23.875 	 1.24415e-09 	 	 
23.9 	 1.20199e-09 	 	 
23.925 	 1.16108e-09 	 	 
23.95 	 1.12138e-09 	 	 
23.975 	 1.08287e-09 	 	 
24 	 1.04552e-09 	 	 
24.025 	 1.0093e-09 	 	 
24.05 	 9.74173e-10 	 	 
24.075 	 9.40129e-10 	 	 
24.1 	 9.07136e-10 	 	 
24.125 	 8.75171e-10 	 	 
24.15 	 8.44209e-10 	 	 
24.175 	 8.14228e-10 	 	 
24.2 	 7.85205e-10 	 	 
24.225 	 7.57119e-10 	 	 
24.25 	 7.29949e-10 	 	 
24.275 	 7.03673e-10 	 	 
24.3 	 6.78274e-10 	 	 
24.325 	 6.53731e-10 	 	 
24.35 	 6.30026e-10 	 	 
24.375 	 6.07141e-10 	 	 
24.4 	 5.85059e-10 	 	 
24.425 	 5.63762e-10 	 	 
24.45 	 5.43235e-10 	 	 
24.475 	 5.23461e-10 	 	 
24.5 	 5.04426e-10 	 	 
24.525 	 4.86115e-10 	 	 
24.55 	 4.68514e-10 	 	 
24.575 	 4.51608e-10 	 	 
24.6 	 4.35384e-10 	 	 
24.625 	 4.19831e-10 	 	 
24.65 	 4.04935e-10 	 	 
24.675 	 3.90684e-10 	 	 
24.7 	 3.77068e-10 	 	 
24.725 	 3.64074e-10 	 	 
24.75 	 3.51694e-10 	 	 
24.775 	 3.39915e-10 	 	 
24.8 	 3.28729e-10 	 	 
24.825 	 3.18126e-10 	 	 
24.85 	 3.08098e-10 	 	 
24.875 	 2.98635e-10 	 	 
24.9 	 2.89729e-10 	 	 
24.925 	 2.81373e-10 	 	 
24.95 	 2.7356e-10 	 	 
24.975 	 2.66281e-10 	 	 
