0 	 0.00266845 	 	 
0.025 	 0.00266801 	 	 
0.05 	 0.00266757 	 	 
0.075 	 0.00266711 	 	 
0.1 	 0.00266664 	 	 
0.125 	 0.00266616 	 	 
0.15 	 0.00266567 	 	 
0.175 	 0.00266517 	 	 
0.2 	 0.00266465 	 	 
0.225 	 0.00266412 	 	 
0.25 	 0.00266358 	 	 
0.275 	 0.00266302 	 	 
0.3 	 0.00266245 	 	 
0.325 	 0.00266187 	 	 
0.35 	 0.00266127 	 	 
0.375 	 0.00266066 	 	 
0.4 	 0.00266003 	 	 
0.425 	 0.00265939 	 	 
0.45 	 0.00265873 	 	 
0.475 	 0.00265805 	 	 
0.5 	 0.00265736 	 	 
0.525 	 0.00265665 	 	 
0.55 	 0.00265592 	 	 
0.575 	 0.00265517 	 	 
0.6 	 0.00265441 	 	 
0.625 	 0.00265362 	 	 
0.65 	 0.00265282 	 	 
0.675 	 0.002652 	 	 
0.7 	 0.00265116 	 	 
0.725 	 0.00265029 	 	 
0.75 	 0.00264941 	 	 
0.775 	 0.0026485 	 	 
0.8 	 0.00264757 	 	 
0.825 	 0.00264662 	 	 
0.85 	 0.00264564 	 	 
0.875 	 0.00264464 	 	 
0.9 	 0.00264362 	 	 
0.925 	 0.00264257 	 	 
0.95 	 0.0026415 	 	 
0.975 	 0.0026404 	 	 
1 	 0.00263927 	 	 
1.025 	 0.00263811 	 	 
1.05 	 0.00263693 	 	 
1.075 	 0.00263572 	 	 
1.1 	 0.00263448 	 	 
1.125 	 0.0026332 	 	 
1.15 	 0.0026319 	 	 
1.175 	 0.00263057 	 	 
1.2 	 0.0026292 	 	 
1.225 	 0.0026278 	 	 
1.25 	 0.00262637 	 	 
1.275 	 0.0026249 	 	 
1.3 	 0.00262339 	 	 
1.325 	 0.00262185 	 	 
1.35 	 0.00262027 	 	 
1.375 	 0.00261866 	 	 
1.4 	 0.002617 	 	 
1.425 	 0.00261531 	 	 
1.45 	 0.00261358 	 	 
1.475 	 0.0026118 	 	 
1.5 	 0.00260998 	 	 
1.525 	 0.00260812 	 	 
1.55 	 0.00260621 	 	 
1.575 	 0.00260426 	 	 
1.6 	 0.00260226 	 	 
1.625 	 0.00260022 	 	 
1.65 	 0.00259812 	 	 
1.675 	 0.00259598 	 	 
1.7 	 0.00259378 	 	 
1.725 	 0.00259154 	 	 
1.75 	 0.00258924 	 	 
1.775 	 0.00258689 	 	 
1.8 	 0.00258448 	 	 
1.825 	 0.00258201 	 	 
1.85 	 0.00257949 	 	 
1.875 	 0.00257691 	 	 
1.9 	 0.00257427 	 	 
1.925 	 0.00257157 	 	 
1.95 	 0.00256881 	 	 
1.975 	 0.00256598 	 	 
2 	 0.00256308 	 	 
2.025 	 0.00256013 	 	 
2.05 	 0.0025571 	 	 
2.075 	 0.002554 	 	 
2.1 	 0.00255083 	 	 
2.125 	 0.00254759 	 	 
2.15 	 0.00254428 	 	 
2.175 	 0.00254089 	 	 
2.2 	 0.00253743 	 	 
2.225 	 0.00253389 	 	 
2.25 	 0.00253027 	 	 
2.275 	 0.00252656 	 	 
2.3 	 0.00252278 	 	 
2.325 	 0.00251891 	 	 
2.35 	 0.00251496 	 	 
2.375 	 0.00251091 	 	 
2.4 	 0.00250678 	 	 
2.425 	 0.00250256 	 	 
2.45 	 0.00249825 	 	 
2.475 	 0.00249384 	 	 
2.5 	 0.00248934 	 	 
2.525 	 0.00248474 	 	 
2.55 	 0.00248004 	 	 
2.575 	 0.00247524 	 	 
2.6 	 0.00247034 	 	 
2.625 	 0.00246534 	 	 
2.65 	 0.00246023 	 	 
2.675 	 0.00245501 	 	 
2.7 	 0.00244968 	 	 
2.725 	 0.00244424 	 	 
2.75 	 0.00243869 	 	 
2.775 	 0.00243303 	 	 
2.8 	 0.00242725 	 	 
2.825 	 0.00242135 	 	 
2.85 	 0.00241533 	 	 
2.875 	 0.00240919 	 	 
2.9 	 0.00240292 	 	 
2.925 	 0.00239653 	 	 
2.95 	 0.00239002 	 	 
2.975 	 0.00238338 	 	 
3 	 0.0023766 	 	 
3.025 	 0.0023697 	 	 
3.05 	 0.00236266 	 	 
3.075 	 0.00235549 	 	 
3.1 	 0.00234818 	 	 
3.125 	 0.00234073 	 	 
3.15 	 0.00233314 	 	 
3.175 	 0.00232542 	 	 
3.2 	 0.00231755 	 	 
3.225 	 0.00230953 	 	 
3.25 	 0.00230137 	 	 
3.275 	 0.00229306 	 	 
3.3 	 0.00228461 	 	 
3.325 	 0.002276 	 	 
3.35 	 0.00226725 	 	 
3.375 	 0.00225834 	 	 
3.4 	 0.00224928 	 	 
3.425 	 0.00224006 	 	 
3.45 	 0.00223069 	 	 
3.475 	 0.00222116 	 	 
3.5 	 0.00221148 	 	 
3.525 	 0.00220164 	 	 
3.55 	 0.00219164 	 	 
3.575 	 0.00218148 	 	 
3.6 	 0.00217116 	 	 
3.625 	 0.00216068 	 	 
3.65 	 0.00215004 	 	 
3.675 	 0.00213924 	 	 
3.7 	 0.00212827 	 	 
3.725 	 0.00211715 	 	 
3.75 	 0.00210586 	 	 
3.775 	 0.00209442 	 	 
3.8 	 0.00208281 	 	 
3.825 	 0.00207104 	 	 
3.85 	 0.00205911 	 	 
3.875 	 0.00204702 	 	 
3.9 	 0.00203477 	 	 
3.925 	 0.00202236 	 	 
3.95 	 0.00200979 	 	 
3.975 	 0.00199707 	 	 
4 	 0.00198419 	 	 
4.025 	 0.00197115 	 	 
4.05 	 0.00195796 	 	 
4.075 	 0.00194462 	 	 
4.1 	 0.00193113 	 	 
4.125 	 0.0019175 	 	 
4.15 	 0.00190371 	 	 
4.175 	 0.00188978 	 	 
4.2 	 0.00187571 	 	 
4.225 	 0.0018615 	 	 
4.25 	 0.00184715 	 	 
4.275 	 0.00183266 	 	 
4.3 	 0.00181804 	 	 
4.325 	 0.00180329 	 	 
4.35 	 0.00178842 	 	 
4.375 	 0.00177342 	 	 
4.4 	 0.0017583 	 	 
4.425 	 0.00174306 	 	 
4.45 	 0.00172771 	 	 
4.475 	 0.00171225 	 	 
4.5 	 0.00169668 	 	 
4.525 	 0.00168101 	 	 
4.55 	 0.00166524 	 	 
4.575 	 0.00164937 	 	 
4.6 	 0.00163342 	 	 
4.625 	 0.00161737 	 	 
4.65 	 0.00160125 	 	 
4.675 	 0.00158505 	 	 
4.7 	 0.00156877 	 	 
4.725 	 0.00155243 	 	 
4.75 	 0.00153602 	 	 
4.775 	 0.00151955 	 	 
4.8 	 0.00150303 	 	 
4.825 	 0.00148646 	 	 
4.85 	 0.00146984 	 	 
4.875 	 0.00145319 	 	 
4.9 	 0.0014365 	 	 
4.925 	 0.00141978 	 	 
4.95 	 0.00140304 	 	 
4.975 	 0.00138628 	 	 
5 	 0.00136951 	 	 
5.025 	 0.00135272 	 	 
5.05 	 0.00133594 	 	 
5.075 	 0.00131915 	 	 
5.1 	 0.00130238 	 	 
5.125 	 0.00128562 	 	 
5.15 	 0.00126887 	 	 
5.175 	 0.00125215 	 	 
5.2 	 0.00123545 	 	 
5.225 	 0.00121879 	 	 
5.25 	 0.00120217 	 	 
5.275 	 0.00118559 	 	 
5.3 	 0.00116906 	 	 
5.325 	 0.00115258 	 	 
5.35 	 0.00113616 	 	 
5.375 	 0.00111981 	 	 
5.4 	 0.00110352 	 	 
5.425 	 0.0010873 	 	 
5.45 	 0.00107117 	 	 
5.475 	 0.00105511 	 	 
5.5 	 0.00103914 	 	 
5.525 	 0.00102326 	 	 
5.55 	 0.00100747 	 	 
5.575 	 0.00099178 	 	 
5.6 	 0.000976193 	 	 
5.625 	 0.000960713 	 	 
5.65 	 0.000945342 	 	 
5.675 	 0.000930084 	 	 
5.7 	 0.000914943 	 	 
5.725 	 0.000899923 	 	 
5.75 	 0.000885025 	 	 
5.775 	 0.000870255 	 	 
5.8 	 0.000855613 	 	 
5.825 	 0.000841104 	 	 
5.85 	 0.000826729 	 	 
5.875 	 0.000812493 	 	 
5.9 	 0.000798395 	 	 
5.925 	 0.000784441 	 	 
5.95 	 0.00077063 	 	 
5.975 	 0.000756966 	 	 
6 	 0.00074345 	 	 
6.025 	 0.000730084 	 	 
6.05 	 0.000716869 	 	 
6.075 	 0.000703808 	 	 
6.1 	 0.000690901 	 	 
6.125 	 0.00067815 	 	 
6.15 	 0.000665556 	 	 
6.175 	 0.000653119 	 	 
6.2 	 0.000640841 	 	 
6.225 	 0.000628723 	 	 
6.25 	 0.000616765 	 	 
6.275 	 0.000604967 	 	 
6.3 	 0.00059333 	 	 
6.325 	 0.000581854 	 	 
6.35 	 0.00057054 	 	 
6.375 	 0.000559387 	 	 
6.4 	 0.000548396 	 	 
6.425 	 0.000537566 	 	 
6.45 	 0.000526898 	 	 
6.475 	 0.00051639 	 	 
6.5 	 0.000506042 	 	 
6.525 	 0.000495855 	 	 
6.55 	 0.000485827 	 	 
6.575 	 0.000475957 	 	 
6.6 	 0.000466246 	 	 
6.625 	 0.000456692 	 	 
6.65 	 0.000447294 	 	 
6.675 	 0.000438052 	 	 
6.7 	 0.000428963 	 	 
6.725 	 0.000420029 	 	 
6.75 	 0.000411246 	 	 
6.775 	 0.000402615 	 	 
6.8 	 0.000394133 	 	 
6.825 	 0.000385799 	 	 
6.85 	 0.000377613 	 	 
6.875 	 0.000369573 	 	 
6.9 	 0.000361677 	 	 
6.925 	 0.000353924 	 	 
6.95 	 0.000346312 	 	 
6.975 	 0.000338841 	 	 
7 	 0.000331507 	 	 
7.025 	 0.000324311 	 	 
7.05 	 0.000317249 	 	 
7.075 	 0.000310321 	 	 
7.1 	 0.000303525 	 	 
7.125 	 0.00029686 	 	 
7.15 	 0.000290322 	 	 
7.175 	 0.000283912 	 	 
7.2 	 0.000277627 	 	 
7.225 	 0.000271465 	 	 
7.25 	 0.000265425 	 	 
7.275 	 0.000259505 	 	 
7.3 	 0.000253703 	 	 
7.325 	 0.000248017 	 	 
7.35 	 0.000242447 	 	 
7.375 	 0.000236989 	 	 
7.4 	 0.000231642 	 	 
7.425 	 0.000226405 	 	 
7.45 	 0.000221276 	 	 
7.475 	 0.000216252 	 	 
7.5 	 0.000211333 	 	 
7.525 	 0.000206516 	 	 
7.55 	 0.000201801 	 	 
7.575 	 0.000197184 	 	 
7.6 	 0.000192665 	 	 
7.625 	 0.000188241 	 	 
7.65 	 0.000183912 	 	 
7.675 	 0.000179675 	 	 
7.7 	 0.000175529 	 	 
7.725 	 0.000171471 	 	 
7.75 	 0.000167502 	 	 
7.775 	 0.000163618 	 	 
7.8 	 0.000159819 	 	 
7.825 	 0.000156102 	 	 
7.85 	 0.000152467 	 	 
7.875 	 0.000148911 	 	 
7.9 	 0.000145434 	 	 
7.925 	 0.000142033 	 	 
7.95 	 0.000138707 	 	 
7.975 	 0.000135455 	 	 
8 	 0.000132275 	 	 
8.025 	 0.000129167 	 	 
8.05 	 0.000126127 	 	 
8.075 	 0.000123156 	 	 
8.1 	 0.000120251 	 	 
8.125 	 0.000117412 	 	 
8.15 	 0.000114637 	 	 
8.175 	 0.000111924 	 	 
8.2 	 0.000109273 	 	 
8.225 	 0.000106683 	 	 
8.25 	 0.000104151 	 	 
8.275 	 0.000101677 	 	 
8.3 	 9.92591e-05 	 	 
8.325 	 9.68968e-05 	 	 
8.35 	 9.45886e-05 	 	 
8.375 	 9.23335e-05 	 	 
8.4 	 9.01303e-05 	 	 
8.425 	 8.79779e-05 	 	 
8.45 	 8.58751e-05 	 	 
8.475 	 8.3821e-05 	 	 
8.5 	 8.18145e-05 	 	 
8.525 	 7.98546e-05 	 	 
8.55 	 7.79402e-05 	 	 
8.575 	 7.60704e-05 	 	 
8.6 	 7.42441e-05 	 	 
8.625 	 7.24605e-05 	 	 
8.65 	 7.07185e-05 	 	 
8.675 	 6.90173e-05 	 	 
8.7 	 6.7356e-05 	 	 
8.725 	 6.57337e-05 	 	 
8.75 	 6.41495e-05 	 	 
8.775 	 6.26026e-05 	 	 
8.8 	 6.1092e-05 	 	 
8.825 	 5.96172e-05 	 	 
8.85 	 5.81771e-05 	 	 
8.875 	 5.67711e-05 	 	 
8.9 	 5.53983e-05 	 	 
8.925 	 5.4058e-05 	 	 
8.95 	 5.27495e-05 	 	 
8.975 	 5.14721e-05 	 	 
9 	 5.0225e-05 	 	 
9.025 	 4.90076e-05 	 	 
9.05 	 4.78191e-05 	 	 
9.075 	 4.6659e-05 	 	 
9.1 	 4.55265e-05 	 	 
9.125 	 4.4421e-05 	 	 
9.15 	 4.3342e-05 	 	 
9.175 	 4.22887e-05 	 	 
9.2 	 4.12606e-05 	 	 
9.225 	 4.02572e-05 	 	 
9.25 	 3.92778e-05 	 	 
9.275 	 3.83218e-05 	 	 
9.3 	 3.73888e-05 	 	 
9.325 	 3.64782e-05 	 	 
9.35 	 3.55895e-05 	 	 
9.375 	 3.47222e-05 	 	 
9.4 	 3.38757e-05 	 	 
9.425 	 3.30496e-05 	 	 
9.45 	 3.22434e-05 	 	 
9.475 	 3.14566e-05 	 	 
9.5 	 3.06888e-05 	 	 
9.525 	 2.99396e-05 	 	 
9.55 	 2.92084e-05 	 	 
9.575 	 2.84949e-05 	 	 
9.6 	 2.77986e-05 	 	 
9.625 	 2.71192e-05 	 	 
9.65 	 2.64562e-05 	 	 
9.675 	 2.58093e-05 	 	 
9.7 	 2.5178e-05 	 	 
9.725 	 2.45621e-05 	 	 
9.75 	 2.39611e-05 	 	 
9.775 	 2.33746e-05 	 	 
9.8 	 2.28024e-05 	 	 
9.825 	 2.22441e-05 	 	 
9.85 	 2.16993e-05 	 	 
9.875 	 2.11677e-05 	 	 
9.9 	 2.06491e-05 	 	 
9.925 	 2.01431e-05 	 	 
9.95 	 1.96494e-05 	 	 
9.975 	 1.91677e-05 	 	 
10 	 1.86978e-05 	 	 
10.025 	 1.82393e-05 	 	 
10.05 	 1.77919e-05 	 	 
10.075 	 1.73555e-05 	 	 
10.1 	 1.69297e-05 	 	 
10.125 	 1.65142e-05 	 	 
10.15 	 1.6109e-05 	 	 
10.175 	 1.57136e-05 	 	 
10.2 	 1.53278e-05 	 	 
10.225 	 1.49515e-05 	 	 
10.25 	 1.45843e-05 	 	 
10.275 	 1.42261e-05 	 	 
10.3 	 1.38767e-05 	 	 
10.325 	 1.35358e-05 	 	 
10.35 	 1.32033e-05 	 	 
10.375 	 1.28788e-05 	 	 
10.4 	 1.25623e-05 	 	 
10.425 	 1.22536e-05 	 	 
10.45 	 1.19524e-05 	 	 
10.475 	 1.16586e-05 	 	 
10.5 	 1.13719e-05 	 	 
10.525 	 1.10923e-05 	 	 
10.55 	 1.08196e-05 	 	 
10.575 	 1.05535e-05 	 	 
10.6 	 1.02939e-05 	 	 
10.625 	 1.00407e-05 	 	 
10.65 	 9.79369e-06 	 	 
10.675 	 9.55274e-06 	 	 
10.7 	 9.3177e-06 	 	 
10.725 	 9.08843e-06 	 	 
10.75 	 8.86477e-06 	 	 
10.775 	 8.6466e-06 	 	 
10.8 	 8.43379e-06 	 	 
10.825 	 8.2262e-06 	 	 
10.85 	 8.0237e-06 	 	 
10.875 	 7.82617e-06 	 	 
10.9 	 7.63349e-06 	 	 
10.925 	 7.44554e-06 	 	 
10.95 	 7.26221e-06 	 	 
10.975 	 7.08337e-06 	 	 
11 	 6.90894e-06 	 	 
11.025 	 6.73878e-06 	 	 
11.05 	 6.57281e-06 	 	 
11.075 	 6.41091e-06 	 	 
11.1 	 6.25299e-06 	 	 
11.125 	 6.09896e-06 	 	 
11.15 	 5.94871e-06 	 	 
11.175 	 5.80215e-06 	 	 
11.2 	 5.6592e-06 	 	 
11.225 	 5.51976e-06 	 	 
11.25 	 5.38375e-06 	 	 
11.275 	 5.25108e-06 	 	 
11.3 	 5.12168e-06 	 	 
11.325 	 4.99546e-06 	 	 
11.35 	 4.87235e-06 	 	 
11.375 	 4.75226e-06 	 	 
11.4 	 4.63513e-06 	 	 
11.425 	 4.52088e-06 	 	 
11.45 	 4.40944e-06 	 	 
11.475 	 4.30075e-06 	 	 
11.5 	 4.19473e-06 	 	 
11.525 	 4.09132e-06 	 	 
11.55 	 3.99045e-06 	 	 
11.575 	 3.89207e-06 	 	 
11.6 	 3.79611e-06 	 	 
11.625 	 3.70251e-06 	 	 
11.65 	 3.61122e-06 	 	 
11.675 	 3.52218e-06 	 	 
11.7 	 3.43532e-06 	 	 
11.725 	 3.35061e-06 	 	 
11.75 	 3.26799e-06 	 	 
11.775 	 3.18739e-06 	 	 
11.8 	 3.10879e-06 	 	 
11.825 	 3.03212e-06 	 	 
11.85 	 2.95734e-06 	 	 
11.875 	 2.8844e-06 	 	 
11.9 	 2.81326e-06 	 	 
11.925 	 2.74387e-06 	 	 
11.95 	 2.67619e-06 	 	 
11.975 	 2.61018e-06 	 	 
12 	 2.5458e-06 	 	 
12.025 	 2.483e-06 	 	 
12.05 	 2.42175e-06 	 	 
12.075 	 2.36201e-06 	 	 
12.1 	 2.30374e-06 	 	 
12.125 	 2.24691e-06 	 	 
12.15 	 2.19148e-06 	 	 
12.175 	 2.13741e-06 	 	 
12.2 	 2.08468e-06 	 	 
12.225 	 2.03325e-06 	 	 
12.25 	 1.98308e-06 	 	 
12.275 	 1.93416e-06 	 	 
12.3 	 1.88643e-06 	 	 
12.325 	 1.83989e-06 	 	 
12.35 	 1.79449e-06 	 	 
12.375 	 1.75022e-06 	 	 
12.4 	 1.70703e-06 	 	 
12.425 	 1.66491e-06 	 	 
12.45 	 1.62383e-06 	 	 
12.475 	 1.58376e-06 	 	 
12.5 	 1.54468e-06 	 	 
12.525 	 1.50656e-06 	 	 
12.55 	 1.46939e-06 	 	 
12.575 	 1.43313e-06 	 	 
12.6 	 1.39776e-06 	 	 
12.625 	 1.36327e-06 	 	 
12.65 	 1.32962e-06 	 	 
12.675 	 1.29681e-06 	 	 
12.7 	 1.26481e-06 	 	 
12.725 	 1.23359e-06 	 	 
12.75 	 1.20315e-06 	 	 
12.775 	 1.17346e-06 	 	 
12.8 	 1.1445e-06 	 	 
12.825 	 1.11625e-06 	 	 
12.85 	 1.0887e-06 	 	 
12.875 	 1.06183e-06 	 	 
12.9 	 1.03563e-06 	 	 
12.925 	 1.01007e-06 	 	 
12.95 	 9.85136e-07 	 	 
12.975 	 9.60822e-07 	 	 
13 	 9.37107e-07 	 	 
13.025 	 9.13978e-07 	 	 
13.05 	 8.91419e-07 	 	 
13.075 	 8.69417e-07 	 	 
13.1 	 8.47958e-07 	 	 
13.125 	 8.27028e-07 	 	 
13.15 	 8.06615e-07 	 	 
13.175 	 7.86705e-07 	 	 
13.2 	 7.67287e-07 	 	 
13.225 	 7.48348e-07 	 	 
13.25 	 7.29876e-07 	 	 
13.275 	 7.1186e-07 	 	 
13.3 	 6.94289e-07 	 	 
13.325 	 6.77151e-07 	 	 
13.35 	 6.60436e-07 	 	 
13.375 	 6.44134e-07 	 	 
13.4 	 6.28234e-07 	 	 
13.425 	 6.12726e-07 	 	 
13.45 	 5.97601e-07 	 	 
13.475 	 5.8285e-07 	 	 
13.5 	 5.68462e-07 	 	 
13.525 	 5.5443e-07 	 	 
13.55 	 5.40744e-07 	 	 
13.575 	 5.27395e-07 	 	 
13.6 	 5.14376e-07 	 	 
13.625 	 5.01679e-07 	 	 
13.65 	 4.89294e-07 	 	 
13.675 	 4.77216e-07 	 	 
13.7 	 4.65435e-07 	 	 
13.725 	 4.53946e-07 	 	 
13.75 	 4.4274e-07 	 	 
13.775 	 4.3181e-07 	 	 
13.8 	 4.2115e-07 	 	 
13.825 	 4.10754e-07 	 	 
13.85 	 4.00614e-07 	 	 
13.875 	 3.90724e-07 	 	 
13.9 	 3.81078e-07 	 	 
13.925 	 3.71671e-07 	 	 
13.95 	 3.62495e-07 	 	 
13.975 	 3.53546e-07 	 	 
14 	 3.44819e-07 	 	 
14.025 	 3.36306e-07 	 	 
14.05 	 3.28004e-07 	 	 
14.075 	 3.19906e-07 	 	 
14.1 	 3.12009e-07 	 	 
14.125 	 3.04306e-07 	 	 
14.15 	 2.96793e-07 	 	 
14.175 	 2.89466e-07 	 	 
14.2 	 2.8232e-07 	 	 
14.225 	 2.7535e-07 	 	 
14.25 	 2.68553e-07 	 	 
14.275 	 2.61923e-07 	 	 
14.3 	 2.55456e-07 	 	 
14.325 	 2.4915e-07 	 	 
14.35 	 2.42999e-07 	 	 
14.375 	 2.37e-07 	 	 
14.4 	 2.31149e-07 	 	 
14.425 	 2.25442e-07 	 	 
14.45 	 2.19876e-07 	 	 
14.475 	 2.14448e-07 	 	 
14.5 	 2.09154e-07 	 	 
14.525 	 2.0399e-07 	 	 
14.55 	 1.98954e-07 	 	 
14.575 	 1.94042e-07 	 	 
14.6 	 1.89251e-07 	 	 
14.625 	 1.84579e-07 	 	 
14.65 	 1.80022e-07 	 	 
14.675 	 1.75578e-07 	 	 
14.7 	 1.71243e-07 	 	 
14.725 	 1.67015e-07 	 	 
14.75 	 1.62892e-07 	 	 
14.775 	 1.5887e-07 	 	 
14.8 	 1.54948e-07 	 	 
14.825 	 1.51122e-07 	 	 
14.85 	 1.47391e-07 	 	 
14.875 	 1.43753e-07 	 	 
14.9 	 1.40203e-07 	 	 
14.925 	 1.36742e-07 	 	 
14.95 	 1.33366e-07 	 	 
14.975 	 1.30073e-07 	 	 
15 	 1.26862e-07 	 	 
15.025 	 1.2373e-07 	 	 
15.05 	 1.20675e-07 	 	 
15.075 	 1.17696e-07 	 	 
15.1 	 1.1479e-07 	 	 
15.125 	 1.11956e-07 	 	 
15.15 	 1.09192e-07 	 	 
15.175 	 1.06496e-07 	 	 
15.2 	 1.03867e-07 	 	 
15.225 	 1.01302e-07 	 	 
15.25 	 9.88012e-08 	 	 
15.275 	 9.63619e-08 	 	 
15.3 	 9.39828e-08 	 	 
15.325 	 9.16624e-08 	 	 
15.35 	 8.93993e-08 	 	 
15.375 	 8.71921e-08 	 	 
15.4 	 8.50394e-08 	 	 
15.425 	 8.29399e-08 	 	 
15.45 	 8.08921e-08 	 	 
15.475 	 7.8895e-08 	 	 
15.5 	 7.69471e-08 	 	 
15.525 	 7.50473e-08 	 	 
15.55 	 7.31944e-08 	 	 
15.575 	 7.13873e-08 	 	 
15.6 	 6.96248e-08 	 	 
15.625 	 6.79058e-08 	 	 
15.65 	 6.62292e-08 	 	 
15.675 	 6.45941e-08 	 	 
15.7 	 6.29993e-08 	 	 
15.725 	 6.14439e-08 	 	 
15.75 	 5.99268e-08 	 	 
15.775 	 5.84473e-08 	 	 
15.8 	 5.70042e-08 	 	 
15.825 	 5.55968e-08 	 	 
15.85 	 5.42242e-08 	 	 
15.875 	 5.28854e-08 	 	 
15.9 	 5.15797e-08 	 	 
15.925 	 5.03062e-08 	 	 
15.95 	 4.90641e-08 	 	 
15.975 	 4.78528e-08 	 	 
16 	 4.66713e-08 	 	 
16.025 	 4.5519e-08 	 	 
16.05 	 4.43951e-08 	 	 
16.075 	 4.3299e-08 	 	 
16.1 	 4.223e-08 	 	 
16.125 	 4.11874e-08 	 	 
16.15 	 4.01705e-08 	 	 
16.175 	 3.91787e-08 	 	 
16.2 	 3.82113e-08 	 	 
16.225 	 3.72679e-08 	 	 
16.25 	 3.63478e-08 	 	 
16.275 	 3.54504e-08 	 	 
16.3 	 3.45751e-08 	 	 
16.325 	 3.37214e-08 	 	 
16.35 	 3.28889e-08 	 	 
16.375 	 3.20769e-08 	 	 
16.4 	 3.12849e-08 	 	 
16.425 	 3.05125e-08 	 	 
16.45 	 2.97591e-08 	 	 
16.475 	 2.90244e-08 	 	 
16.5 	 2.83078e-08 	 	 
16.525 	 2.76088e-08 	 	 
16.55 	 2.69272e-08 	 	 
16.575 	 2.62624e-08 	 	 
16.6 	 2.56139e-08 	 	 
16.625 	 2.49815e-08 	 	 
16.65 	 2.43648e-08 	 	 
16.675 	 2.37632e-08 	 	 
16.7 	 2.31765e-08 	 	 
16.725 	 2.26043e-08 	 	 
16.75 	 2.20462e-08 	 	 
16.775 	 2.15018e-08 	 	 
16.8 	 2.0971e-08 	 	 
16.825 	 2.04532e-08 	 	 
16.85 	 1.99482e-08 	 	 
16.875 	 1.94557e-08 	 	 
16.9 	 1.89753e-08 	 	 
16.925 	 1.85068e-08 	 	 
16.95 	 1.80499e-08 	 	 
16.975 	 1.76042e-08 	 	 
17 	 1.71696e-08 	 	 
17.025 	 1.67457e-08 	 	 
17.05 	 1.63322e-08 	 	 
17.075 	 1.5929e-08 	 	 
17.1 	 1.55357e-08 	 	 
17.125 	 1.51521e-08 	 	 
17.15 	 1.4778e-08 	 	 
17.175 	 1.44132e-08 	 	 
17.2 	 1.40573e-08 	 	 
17.225 	 1.37102e-08 	 	 
17.25 	 1.33717e-08 	 	 
17.275 	 1.30416e-08 	 	 
17.3 	 1.27196e-08 	 	 
17.325 	 1.24055e-08 	 	 
17.35 	 1.20992e-08 	 	 
17.375 	 1.18005e-08 	 	 
17.4 	 1.15091e-08 	 	 
17.425 	 1.1225e-08 	 	 
17.45 	 1.09478e-08 	 	 
17.475 	 1.06775e-08 	 	 
17.5 	 1.04139e-08 	 	 
17.525 	 1.01568e-08 	 	 
17.55 	 9.90602e-09 	 	 
17.575 	 9.66144e-09 	 	 
17.6 	 9.4229e-09 	 	 
17.625 	 9.19025e-09 	 	 
17.65 	 8.96334e-09 	 	 
17.675 	 8.74204e-09 	 	 
17.7 	 8.5262e-09 	 	 
17.725 	 8.31569e-09 	 	 
17.75 	 8.11037e-09 	 	 
17.775 	 7.91013e-09 	 	 
17.8 	 7.71482e-09 	 	 
17.825 	 7.52435e-09 	 	 
17.85 	 7.33857e-09 	 	 
17.875 	 7.15738e-09 	 	 
17.9 	 6.98066e-09 	 	 
17.925 	 6.80831e-09 	 	 
17.95 	 6.64021e-09 	 	 
17.975 	 6.47627e-09 	 	 
18 	 6.31637e-09 	 	 
18.025 	 6.16042e-09 	 	 
18.05 	 6.00832e-09 	 	 
18.075 	 5.85997e-09 	 	 
18.1 	 5.71529e-09 	 	 
18.125 	 5.57418e-09 	 	 
18.15 	 5.43655e-09 	 	 
18.175 	 5.30232e-09 	 	 
18.2 	 5.17141e-09 	 	 
18.225 	 5.04372e-09 	 	 
18.25 	 4.91919e-09 	 	 
18.275 	 4.79774e-09 	 	 
18.3 	 4.67928e-09 	 	 
18.325 	 4.56375e-09 	 	 
18.35 	 4.45107e-09 	 	 
18.375 	 4.34117e-09 	 	 
18.4 	 4.23399e-09 	 	 
18.425 	 4.12945e-09 	 	 
18.45 	 4.0275e-09 	 	 
18.475 	 3.92806e-09 	 	 
18.5 	 3.83107e-09 	 	 
18.525 	 3.73648e-09 	 	 
18.55 	 3.64423e-09 	 	 
18.575 	 3.55425e-09 	 	 
18.6 	 3.4665e-09 	 	 
18.625 	 3.38091e-09 	 	 
18.65 	 3.29744e-09 	 	 
18.675 	 3.21602e-09 	 	 
18.7 	 3.13662e-09 	 	 
18.725 	 3.05918e-09 	 	 
18.75 	 2.98364e-09 	 	 
18.775 	 2.90998e-09 	 	 
18.8 	 2.83813e-09 	 	 
18.825 	 2.76806e-09 	 	 
18.85 	 2.69971e-09 	 	 
18.875 	 2.63306e-09 	 	 
18.9 	 2.56805e-09 	 	 
18.925 	 2.50464e-09 	 	 
18.95 	 2.4428e-09 	 	 
18.975 	 2.38249e-09 	 	 
19 	 2.32367e-09 	 	 
19.025 	 2.26629e-09 	 	 
19.05 	 2.21034e-09 	 	 
19.075 	 2.15577e-09 	 	 
19.1 	 2.10254e-09 	 	 
19.125 	 2.05063e-09 	 	 
19.15 	 2e-09 	 	 
19.175 	 1.95062e-09 	 	 
19.2 	 1.90246e-09 	 	 
19.225 	 1.85548e-09 	 	 
19.25 	 1.80967e-09 	 	 
19.275 	 1.76499e-09 	 	 
19.3 	 1.72141e-09 	 	 
19.325 	 1.67891e-09 	 	 
19.35 	 1.63746e-09 	 	 
19.375 	 1.59703e-09 	 	 
19.4 	 1.5576e-09 	 	 
19.425 	 1.51914e-09 	 	 
19.45 	 1.48163e-09 	 	 
19.475 	 1.44505e-09 	 	 
19.5 	 1.40937e-09 	 	 
19.525 	 1.37458e-09 	 	 
19.55 	 1.34064e-09 	 	 
19.575 	 1.30754e-09 	 	 
19.6 	 1.27526e-09 	 	 
19.625 	 1.24377e-09 	 	 
19.65 	 1.21306e-09 	 	 
19.675 	 1.18311e-09 	 	 
19.7 	 1.1539e-09 	 	 
19.725 	 1.12541e-09 	 	 
19.75 	 1.09762e-09 	 	 
19.775 	 1.07052e-09 	 	 
19.8 	 1.04409e-09 	 	 
19.825 	 1.01831e-09 	 	 
19.85 	 9.9317e-10 	 	 
19.875 	 9.68648e-10 	 	 
19.9 	 9.44732e-10 	 	 
19.925 	 9.21407e-10 	 	 
19.95 	 8.98657e-10 	 	 
19.975 	 8.76469e-10 	 	 
20 	 8.54829e-10 	 	 
20.025 	 8.33723e-10 	 	 
20.05 	 8.13139e-10 	 	 
20.075 	 7.93062e-10 	 	 
20.1 	 7.73481e-10 	 	 
20.125 	 7.54384e-10 	 	 
20.15 	 7.35758e-10 	 	 
20.175 	 7.17592e-10 	 	 
20.2 	 6.99875e-10 	 	 
20.225 	 6.82595e-10 	 	 
20.25 	 6.65742e-10 	 	 
20.275 	 6.49304e-10 	 	 
20.3 	 6.33273e-10 	 	 
20.325 	 6.17637e-10 	 	 
20.35 	 6.02388e-10 	 	 
20.375 	 5.87515e-10 	 	 
20.4 	 5.73009e-10 	 	 
20.425 	 5.58862e-10 	 	 
20.45 	 5.45063e-10 	 	 
20.475 	 5.31606e-10 	 	 
20.5 	 5.1848e-10 	 	 
20.525 	 5.05679e-10 	 	 
20.55 	 4.93194e-10 	 	 
20.575 	 4.81017e-10 	 	 
20.6 	 4.6914e-10 	 	 
20.625 	 4.57557e-10 	 	 
20.65 	 4.4626e-10 	 	 
20.675 	 4.35242e-10 	 	 
20.7 	 4.24496e-10 	 	 
20.725 	 4.14015e-10 	 	 
20.75 	 4.03793e-10 	 	 
20.775 	 3.93823e-10 	 	 
20.8 	 3.841e-10 	 	 
20.825 	 3.74616e-10 	 	 
20.85 	 3.65367e-10 	 	 
20.875 	 3.56346e-10 	 	 
20.9 	 3.47548e-10 	 	 
20.925 	 3.38967e-10 	 	 
20.95 	 3.30598e-10 	 	 
20.975 	 3.22435e-10 	 	 
21 	 3.14474e-10 	 	 
21.025 	 3.0671e-10 	 	 
21.05 	 2.99137e-10 	 	 
21.075 	 2.91751e-10 	 	 
21.1 	 2.84548e-10 	 	 
21.125 	 2.77522e-10 	 	 
21.15 	 2.7067e-10 	 	 
21.175 	 2.63988e-10 	 	 
21.2 	 2.5747e-10 	 	 
21.225 	 2.51113e-10 	 	 
21.25 	 2.44913e-10 	 	 
21.275 	 2.38866e-10 	 	 
21.3 	 2.32968e-10 	 	 
21.325 	 2.27216e-10 	 	 
21.35 	 2.21606e-10 	 	 
21.375 	 2.16135e-10 	 	 
21.4 	 2.10798e-10 	 	 
21.425 	 2.05594e-10 	 	 
21.45 	 2.00518e-10 	 	 
21.475 	 1.95567e-10 	 	 
21.5 	 1.90738e-10 	 	 
21.525 	 1.86029e-10 	 	 
21.55 	 1.81436e-10 	 	 
21.575 	 1.76956e-10 	 	 
21.6 	 1.72587e-10 	 	 
21.625 	 1.68326e-10 	 	 
21.65 	 1.6417e-10 	 	 
21.675 	 1.60117e-10 	 	 
21.7 	 1.56163e-10 	 	 
21.725 	 1.52308e-10 	 	 
21.75 	 1.48547e-10 	 	 
21.775 	 1.44879e-10 	 	 
21.8 	 1.41302e-10 	 	 
21.825 	 1.37814e-10 	 	 
21.85 	 1.34411e-10 	 	 
21.875 	 1.31092e-10 	 	 
21.9 	 1.27856e-10 	 	 
21.925 	 1.24699e-10 	 	 
21.95 	 1.2162e-10 	 	 
21.975 	 1.18617e-10 	 	 
22 	 1.15689e-10 	 	 
22.025 	 1.12832e-10 	 	 
22.05 	 1.10046e-10 	 	 
22.075 	 1.07329e-10 	 	 
22.1 	 1.04679e-10 	 	 
22.125 	 1.02095e-10 	 	 
22.15 	 9.95741e-11 	 	 
22.175 	 9.71156e-11 	 	 
22.2 	 9.47178e-11 	 	 
22.225 	 9.23792e-11 	 	 
22.25 	 9.00984e-11 	 	 
22.275 	 8.78738e-11 	 	 
22.3 	 8.57042e-11 	 	 
22.325 	 8.35882e-11 	 	 
22.35 	 8.15244e-11 	 	 
22.375 	 7.95115e-11 	 	 
22.4 	 7.75484e-11 	 	 
22.425 	 7.56337e-11 	 	 
22.45 	 7.37663e-11 	 	 
22.475 	 7.1945e-11 	 	 
22.5 	 7.01687e-11 	 	 
22.525 	 6.84362e-11 	 	 
22.55 	 6.67465e-11 	 	 
22.575 	 6.50985e-11 	 	 
22.6 	 6.34912e-11 	 	 
22.625 	 6.19236e-11 	 	 
22.65 	 6.03947e-11 	 	 
22.675 	 5.89036e-11 	 	 
22.7 	 5.74492e-11 	 	 
22.725 	 5.60308e-11 	 	 
22.75 	 5.46474e-11 	 	 
22.775 	 5.32982e-11 	 	 
22.8 	 5.19822e-11 	 	 
22.825 	 5.06988e-11 	 	 
22.85 	 4.9447e-11 	 	 
22.875 	 4.82262e-11 	 	 
22.9 	 4.70355e-11 	 	 
22.925 	 4.58742e-11 	 	 
22.95 	 4.47415e-11 	 	 
22.975 	 4.36368e-11 	 	 
23 	 4.25594e-11 	 	 
23.025 	 4.15087e-11 	 	 
23.05 	 4.04838e-11 	 	 
23.075 	 3.94843e-11 	 	 
23.1 	 3.85094e-11 	 	 
23.125 	 3.75586e-11 	 	 
23.15 	 3.66313e-11 	 	 
23.175 	 3.57268e-11 	 	 
23.2 	 3.48447e-11 	 	 
23.225 	 3.39844e-11 	 	 
23.25 	 3.31453e-11 	 	 
23.275 	 3.2327e-11 	 	 
23.3 	 3.15288e-11 	 	 
23.325 	 3.07504e-11 	 	 
23.35 	 2.99911e-11 	 	 
23.375 	 2.92507e-11 	 	 
23.4 	 2.85285e-11 	 	 
23.425 	 2.78241e-11 	 	 
23.45 	 2.71371e-11 	 	 
23.475 	 2.64671e-11 	 	 
23.5 	 2.58136e-11 	 	 
23.525 	 2.51763e-11 	 	 
23.55 	 2.45547e-11 	 	 
23.575 	 2.39484e-11 	 	 
23.6 	 2.33571e-11 	 	 
23.625 	 2.27804e-11 	 	 
23.65 	 2.2218e-11 	 	 
23.675 	 2.16694e-11 	 	 
23.7 	 2.11344e-11 	 	 
23.725 	 2.06126e-11 	 	 
23.75 	 2.01037e-11 	 	 
23.775 	 1.96073e-11 	 	 
23.8 	 1.91232e-11 	 	 
23.825 	 1.8651e-11 	 	 
23.85 	 1.81905e-11 	 	 
23.875 	 1.77414e-11 	 	 
23.9 	 1.73034e-11 	 	 
23.925 	 1.68762e-11 	 	 
23.95 	 1.64595e-11 	 	 
23.975 	 1.60531e-11 	 	 
24 	 1.56567e-11 	 	 
24.025 	 1.52702e-11 	 	 
24.05 	 1.48932e-11 	 	 
24.075 	 1.45254e-11 	 	 
24.1 	 1.41668e-11 	 	 
24.125 	 1.3817e-11 	 	 
24.15 	 1.34759e-11 	 	 
24.175 	 1.31432e-11 	 	 
24.2 	 1.28187e-11 	 	 
24.225 	 1.25022e-11 	 	 
24.25 	 1.21935e-11 	 	 
24.275 	 1.18924e-11 	 	 
24.3 	 1.15988e-11 	 	 
24.325 	 1.13124e-11 	 	 
24.35 	 1.10331e-11 	 	 
24.375 	 1.07607e-11 	 	 
24.4 	 1.0495e-11 	 	 
24.425 	 1.02359e-11 	 	 
24.45 	 9.98318e-12 	 	 
24.475 	 9.7367e-12 	 	 
24.5 	 9.4963e-12 	 	 
24.525 	 9.26183e-12 	 	 
24.55 	 9.03316e-12 	 	 
24.575 	 8.81013e-12 	 	 
24.6 	 8.5926e-12 	 	 
24.625 	 8.38045e-12 	 	 
24.65 	 8.17354e-12 	 	 
24.675 	 7.97173e-12 	 	 
24.7 	 7.77491e-12 	 	 
24.725 	 7.58295e-12 	 	 
24.75 	 7.39572e-12 	 	 
24.775 	 7.21312e-12 	 	 
24.8 	 7.03503e-12 	 	 
24.825 	 6.86133e-12 	 	 
24.85 	 6.69193e-12 	 	 
24.875 	 6.5267e-12 	 	 
24.9 	 6.36556e-12 	 	 
24.925 	 6.20839e-12 	 	 
24.95 	 6.05511e-12 	 	 
24.975 	 5.90561e-12 	 	 
