0 	 2.4341 	 -0.18958
0.025 	 2.43411 	 -0.18958
0.05 	 2.43412 	 -0.18958
0.075 	 2.43411 	 -0.18958
0.1 	 2.4341 	 -0.18958
0.125 	 2.43408 	 -0.18958
0.15 	 2.43405 	 -0.18958
0.175 	 2.43401 	 -0.18958
0.2 	 2.43396 	 -0.18958
0.225 	 2.4339 	 -0.18958
0.25 	 2.43383 	 -0.18958
0.275 	 2.43376 	 -0.189579
0.3 	 2.43367 	 -0.189579
0.325 	 2.43358 	 -0.189579
0.35 	 2.43347 	 -0.189579
0.375 	 2.43336 	 -0.189579
0.4 	 2.43324 	 -0.189579
0.425 	 2.43311 	 -0.189579
0.45 	 2.43297 	 -0.189579
0.475 	 2.43282 	 -0.189579
0.5 	 2.43267 	 -0.189579
0.525 	 2.4325 	 -0.189579
0.55 	 2.43233 	 -0.189579
0.575 	 2.43214 	 -0.189579
0.6 	 2.43195 	 -0.189579
0.625 	 2.43175 	 -0.189579
0.65 	 2.43154 	 -0.189579
0.675 	 2.43132 	 -0.189579
0.7 	 2.43109 	 -0.189578
0.725 	 2.43085 	 -0.189578
0.75 	 2.43061 	 -0.189578
0.775 	 2.43035 	 -0.189578
0.8 	 2.43009 	 -0.189578
0.825 	 2.42981 	 -0.189578
0.85 	 2.42953 	 -0.189578
0.875 	 2.42924 	 -0.189578
0.9 	 2.42894 	 -0.189578
0.925 	 2.42863 	 -0.189578
0.95 	 2.42831 	 -0.189578
0.975 	 2.42799 	 -0.189577
1 	 2.42765 	 -0.189577
1.025 	 2.4273 	 -0.189577
1.05 	 2.42695 	 -0.189577
1.075 	 2.42659 	 -0.189577
1.1 	 2.42622 	 -0.189577
1.125 	 2.42583 	 -0.189577
1.15 	 2.42544 	 -0.189577
1.175 	 2.42505 	 -0.189577
1.2 	 2.42464 	 -0.189577
1.225 	 2.42422 	 -0.189576
1.25 	 2.4238 	 -0.189576
1.275 	 2.42336 	 -0.189576
1.3 	 2.42292 	 -0.189576
1.325 	 2.42247 	 -0.189576
1.35 	 2.422 	 -0.189576
1.375 	 2.42153 	 -0.189576
1.4 	 2.42105 	 -0.189575
1.425 	 2.42057 	 -0.189575
1.45 	 2.42007 	 -0.189575
1.475 	 2.41956 	 -0.189575
1.5 	 2.41905 	 -0.189575
1.525 	 2.41852 	 -0.189575
1.55 	 2.41799 	 -0.189574
1.575 	 2.41745 	 -0.189574
1.6 	 2.4169 	 -0.189574
1.625 	 2.41634 	 -0.189574
1.65 	 2.41577 	 -0.189574
1.675 	 2.41519 	 -0.189573
1.7 	 2.4146 	 -0.189573
1.725 	 2.41401 	 -0.189573
1.75 	 2.4134 	 -0.189573
1.775 	 2.41279 	 -0.189573
1.8 	 2.41217 	 -0.189572
1.825 	 2.41153 	 -0.189572
1.85 	 2.41089 	 -0.189572
1.875 	 2.41024 	 -0.189572
1.9 	 2.40959 	 -0.189571
1.925 	 2.40892 	 -0.189571
1.95 	 2.40824 	 -0.189571
1.975 	 2.40756 	 -0.189571
2 	 2.40686 	 -0.18957
2.025 	 2.40616 	 -0.18957
2.05 	 2.40545 	 -0.18957
2.075 	 2.40472 	 -0.18957
2.1 	 2.40399 	 -0.189569
2.125 	 2.40326 	 -0.189569
2.15 	 2.40251 	 -0.189569
2.175 	 2.40175 	 -0.189568
2.2 	 2.40098 	 -0.189568
2.225 	 2.40021 	 -0.189568
2.25 	 2.39943 	 -0.189567
2.275 	 2.39863 	 -0.189567
2.3 	 2.39783 	 -0.189567
2.325 	 2.39702 	 -0.189566
2.35 	 2.3962 	 -0.189566
2.375 	 2.39537 	 -0.189565
2.4 	 2.39453 	 -0.189565
2.425 	 2.39369 	 -0.189565
2.45 	 2.39283 	 -0.189564
2.475 	 2.39197 	 -0.189564
2.5 	 2.39109 	 -0.189563
2.525 	 2.39021 	 -0.189563
2.55 	 2.38932 	 -0.189562
2.575 	 2.38842 	 -0.189562
2.6 	 2.38751 	 -0.189561
2.625 	 2.38659 	 -0.189561
2.65 	 2.38566 	 -0.18956
2.675 	 2.38473 	 -0.18956
2.7 	 2.38378 	 -0.189559
2.725 	 2.38283 	 -0.189559
2.75 	 2.38187 	 -0.189558
2.775 	 2.38089 	 -0.189558
2.8 	 2.37991 	 -0.189557
2.825 	 2.37892 	 -0.189556
2.85 	 2.37792 	 -0.189556
2.875 	 2.37692 	 -0.189555
2.9 	 2.3759 	 -0.189554
2.925 	 2.37487 	 -0.189554
2.95 	 2.37384 	 -0.189553
2.975 	 2.37279 	 -0.189552
3 	 2.37174 	 -0.189551
3.025 	 2.37068 	 -0.189551
3.05 	 2.36961 	 -0.18955
3.075 	 2.36853 	 -0.189549
3.1 	 2.36744 	 -0.189548
3.125 	 2.36634 	 -0.189548
3.15 	 2.36524 	 -0.189547
3.175 	 2.36412 	 -0.189546
3.2 	 2.363 	 -0.189545
3.225 	 2.36187 	 -0.189544
3.25 	 2.36072 	 -0.189543
3.275 	 2.35957 	 -0.189542
3.3 	 2.35841 	 -0.189541
3.325 	 2.35724 	 -0.18954
3.35 	 2.35607 	 -0.189539
3.375 	 2.35488 	 -0.189538
3.4 	 2.35368 	 -0.189537
3.425 	 2.35248 	 -0.189536
3.45 	 2.35126 	 -0.189534
3.475 	 2.35004 	 -0.189533
3.5 	 2.34881 	 -0.189532
3.525 	 2.34757 	 -0.189531
3.55 	 2.34632 	 -0.18953
3.575 	 2.34506 	 -0.189528
3.6 	 2.34379 	 -0.189527
3.625 	 2.34252 	 -0.189525
3.65 	 2.34123 	 -0.189524
3.675 	 2.33994 	 -0.189523
3.7 	 2.33863 	 -0.189521
3.725 	 2.33732 	 -0.18952
3.75 	 2.336 	 -0.189518
3.775 	 2.33467 	 -0.189516
3.8 	 2.33333 	 -0.189515
3.825 	 2.33198 	 -0.189513
3.85 	 2.33063 	 -0.189511
3.875 	 2.32926 	 -0.18951
3.9 	 2.32789 	 -0.189508
3.925 	 2.3265 	 -0.189506
3.95 	 2.32511 	 -0.189504
3.975 	 2.32371 	 -0.189502
4 	 2.3223 	 -0.1895
4.025 	 2.32088 	 -0.189498
4.05 	 2.31945 	 -0.189498
4.075 	 2.31801 	 -0.189494
4.1 	 2.31657 	 -0.189492
4.125 	 2.31511 	 -0.189489
4.15 	 2.31365 	 -0.189487
4.175 	 2.31217 	 -0.189487
4.2 	 2.31069 	 -0.189482
4.225 	 2.3092 	 -0.18948
4.25 	 2.3077 	 -0.189477
4.275 	 2.30619 	 -0.189474
4.3 	 2.30468 	 -0.189474
4.325 	 2.30315 	 -0.189469
4.35 	 2.30161 	 -0.189466
4.375 	 2.30007 	 -0.189463
4.4 	 2.29852 	 -0.18946
4.425 	 2.29695 	 -0.18946
4.45 	 2.29538 	 -0.189454
4.475 	 2.2938 	 -0.189451
4.5 	 2.29221 	 -0.189447
4.525 	 2.29061 	 -0.189444
4.55 	 2.28901 	 -0.189444
4.575 	 2.28739 	 -0.189437
4.6 	 2.28577 	 -0.189433
4.625 	 2.28413 	 -0.18943
4.65 	 2.28249 	 -0.189426
4.675 	 2.28084 	 -0.189426
4.7 	 2.27918 	 -0.189418
4.725 	 2.27751 	 -0.189414
4.75 	 2.27583 	 -0.189409
4.775 	 2.27414 	 -0.189405
4.8 	 2.27245 	 -0.189401
4.825 	 2.27074 	 -0.189396
4.85 	 2.26903 	 -0.189391
4.875 	 2.26731 	 -0.189386
4.9 	 2.26557 	 -0.189382
4.925 	 2.26383 	 -0.189376
4.95 	 2.26208 	 -0.189371
4.975 	 2.26033 	 -0.189366
5 	 2.25856 	 -0.189361
5.025 	 2.25678 	 -0.189355
5.05 	 2.255 	 -0.189349
5.075 	 2.2532 	 -0.189343
5.1 	 2.2514 	 -0.189337
5.125 	 2.24959 	 -0.189331
5.15 	 2.24777 	 -0.189325
5.175 	 2.24594 	 -0.189318
5.2 	 2.2441 	 -0.189312
5.225 	 2.24225 	 -0.189305
5.25 	 2.2404 	 -0.189298
5.275 	 2.23853 	 -0.189291
5.3 	 2.23666 	 -0.189284
5.325 	 2.23477 	 -0.189276
5.35 	 2.23288 	 -0.189268
5.375 	 2.23098 	 -0.18926
5.4 	 2.22907 	 -0.189252
5.425 	 2.22715 	 -0.189244
5.45 	 2.22523 	 -0.189236
5.475 	 2.22329 	 -0.189227
5.5 	 2.22134 	 -0.189218
5.525 	 2.21939 	 -0.189209
5.55 	 2.21743 	 -0.189199
5.575 	 2.21546 	 -0.18919
5.6 	 2.21348 	 -0.18918
5.625 	 2.21149 	 -0.18917
5.65 	 2.20949 	 -0.189159
5.675 	 2.20748 	 -0.189149
5.7 	 2.20547 	 -0.189138
5.725 	 2.20344 	 -0.189127
5.75 	 2.20141 	 -0.189115
5.775 	 2.19937 	 -0.189103
5.8 	 2.19732 	 -0.189091
5.825 	 2.19526 	 -0.189079
5.85 	 2.19319 	 -0.189066
5.875 	 2.19111 	 -0.189054
5.9 	 2.18902 	 -0.18904
5.925 	 2.18693 	 -0.189027
5.95 	 2.18482 	 -0.189013
5.975 	 2.18271 	 -0.188998
6 	 2.18059 	 -0.188984
6.025 	 2.17846 	 -0.188969
6.05 	 2.17632 	 -0.188953
6.075 	 2.17417 	 -0.188938
6.1 	 2.17202 	 -0.188921
6.125 	 2.16985 	 -0.188905
6.15 	 2.16768 	 -0.188888
6.175 	 2.1655 	 -0.18887
6.2 	 2.1633 	 -0.188853
6.225 	 2.1611 	 -0.188834
6.25 	 2.15889 	 -0.188816
6.275 	 2.15668 	 -0.188796
6.3 	 2.15445 	 -0.188777
6.325 	 2.15221 	 -0.188757
6.35 	 2.14997 	 -0.188736
6.375 	 2.14772 	 -0.188715
6.4 	 2.14546 	 -0.188693
6.425 	 2.14319 	 -0.188671
6.45 	 2.14091 	 -0.188648
6.475 	 2.13862 	 -0.188625
6.5 	 2.13632 	 -0.188601
6.525 	 2.13402 	 -0.188576
6.55 	 2.13171 	 -0.188551
6.575 	 2.12938 	 -0.188525
6.6 	 2.12705 	 -0.188499
6.625 	 2.12471 	 -0.188472
6.65 	 2.12237 	 -0.188444
6.675 	 2.12001 	 -0.188416
6.7 	 2.11764 	 -0.188387
6.725 	 2.11527 	 -0.188357
6.75 	 2.11289 	 -0.188326
6.775 	 2.1105 	 -0.188295
6.8 	 2.1081 	 -0.188263
6.825 	 2.10569 	 -0.18823
6.85 	 2.10327 	 -0.188196
6.875 	 2.10085 	 -0.188162
6.9 	 2.09841 	 -0.188127
6.925 	 2.09597 	 -0.188091
6.95 	 2.09352 	 -0.188054
6.975 	 2.09106 	 -0.188016
7 	 2.08859 	 -0.187977
7.025 	 2.08611 	 -0.187937
7.05 	 2.08363 	 -0.187896
7.075 	 2.08114 	 -0.187854
7.1 	 2.07863 	 -0.187812
7.125 	 2.07612 	 -0.187768
7.15 	 2.07361 	 -0.187723
7.175 	 2.07108 	 -0.187677
7.2 	 2.06854 	 -0.18763
7.225 	 2.066 	 -0.187582
7.25 	 2.06345 	 -0.187532
7.275 	 2.06089 	 -0.187482
7.3 	 2.05832 	 -0.18743
7.325 	 2.05574 	 -0.187377
7.35 	 2.05315 	 -0.187323
7.375 	 2.05056 	 -0.187267
7.4 	 2.04796 	 -0.18721
7.425 	 2.04535 	 -0.187152
7.45 	 2.04273 	 -0.187092
7.475 	 2.0401 	 -0.187031
7.5 	 2.03747 	 -0.186968
7.525 	 2.03482 	 -0.186904
7.55 	 2.03217 	 -0.186839
7.575 	 2.02951 	 -0.186772
7.6 	 2.02685 	 -0.186703
7.625 	 2.02417 	 -0.186633
7.65 	 2.02149 	 -0.186561
7.675 	 2.01879 	 -0.186487
7.7 	 2.01609 	 -0.186412
7.725 	 2.01339 	 -0.186335
7.75 	 2.01067 	 -0.186256
7.775 	 2.00795 	 -0.186175
7.8 	 2.00521 	 -0.186093
7.825 	 2.00247 	 -0.186008
7.85 	 1.99973 	 -0.185922
7.875 	 1.99697 	 -0.185833
7.9 	 1.99421 	 -0.185743
7.925 	 1.99144 	 -0.18565
7.95 	 1.98866 	 -0.185555
7.975 	 1.98587 	 -0.185458
8 	 1.98308 	 -0.185359
8.025 	 1.98027 	 -0.185258
8.05 	 1.97747 	 -0.185154
8.075 	 1.97465 	 -0.185048
8.1 	 1.97184 	 -0.185048
8.125 	 1.96899 	 -0.184829
8.15 	 1.96615 	 -0.184716
8.175 	 1.9633 	 -0.1846
8.2 	 1.96045 	 -0.184481
8.225 	 1.9576 	 -0.184481
8.25 	 1.95472 	 -0.184236
8.275 	 1.95184 	 -0.18411
8.3 	 1.94895 	 -0.183981
8.325 	 1.94606 	 -0.183849
8.35 	 1.94318 	 -0.183849
8.375 	 1.94026 	 -0.183576
8.4 	 1.93734 	 -0.183435
8.425 	 1.93442 	 -0.183291
8.45 	 1.9315 	 -0.183143
8.475 	 1.92859 	 -0.183143
8.5 	 1.92562 	 -0.18284
8.525 	 1.92267 	 -0.182683
8.55 	 1.91972 	 -0.182523
8.575 	 1.91676 	 -0.182359
8.6 	 1.91381 	 -0.182359
8.625 	 1.91081 	 -0.182022
8.65 	 1.90783 	 -0.181848
8.675 	 1.90484 	 -0.18167
8.7 	 1.90185 	 -0.181489
8.725 	 1.89888 	 -0.181489
8.75 	 1.89584 	 -0.181116
8.775 	 1.89282 	 -0.180923
8.8 	 1.8898 	 -0.180727
8.825 	 1.88678 	 -0.180526
8.85 	 1.88378 	 -0.180526
8.875 	 1.88071 	 -0.180113
8.9 	 1.87766 	 -0.179901
8.925 	 1.87461 	 -0.179684
8.95 	 1.87155 	 -0.179463
8.975 	 1.86853 	 -0.179463
9 	 1.86542 	 -0.179008
9.025 	 1.86235 	 -0.178774
9.05 	 1.85927 	 -0.178535
9.075 	 1.85619 	 -0.178292
9.1 	 1.85313 	 -0.178292
9.125 	 1.85 	 -0.177792
9.15 	 1.8469 	 -0.177535
9.175 	 1.84379 	 -0.177273
9.2 	 1.84068 	 -0.177007
9.225 	 1.83761 	 -0.177007
9.25 	 1.83444 	 -0.176459
9.275 	 1.83132 	 -0.176178
9.3 	 1.82819 	 -0.175892
9.325 	 1.82505 	 -0.175601
9.35 	 1.82196 	 -0.175601
9.375 	 1.81877 	 -0.175004
9.4 	 1.81562 	 -0.174697
9.425 	 1.81247 	 -0.174385
9.45 	 1.80931 	 -0.174069
9.475 	 1.8062 	 -0.174069
9.5 	 1.80298 	 -0.173419
9.525 	 1.79982 	 -0.173086
9.55 	 1.79664 	 -0.172748
9.575 	 1.79347 	 -0.172404
9.6 	 1.79029 	 -0.172055
9.625 	 1.78711 	 -0.171701
9.65 	 1.78392 	 -0.171341
9.675 	 1.78073 	 -0.170975
9.7 	 1.77754 	 -0.170604
9.725 	 1.77434 	 -0.170227
9.75 	 1.77115 	 -0.169845
9.775 	 1.76794 	 -0.169458
9.8 	 1.76474 	 -0.169064
9.825 	 1.76154 	 -0.168665
9.85 	 1.75833 	 -0.168261
9.875 	 1.75512 	 -0.16785
9.9 	 1.75191 	 -0.167435
9.925 	 1.74869 	 -0.167013
9.95 	 1.74548 	 -0.166586
9.975 	 1.74226 	 -0.166153
10 	 1.73904 	 -0.165715
10.025 	 1.73582 	 -0.165271
10.05 	 1.7326 	 -0.164822
10.075 	 1.72938 	 -0.164367
10.1 	 1.72616 	 -0.163906
10.125 	 1.72293 	 -0.16344
10.15 	 1.71971 	 -0.162969
10.175 	 1.71648 	 -0.162492
10.2 	 1.71326 	 -0.162009
10.225 	 1.71003 	 -0.161521
10.25 	 1.70681 	 -0.161028
10.275 	 1.70358 	 -0.160529
10.3 	 1.70036 	 -0.160026
10.325 	 1.69713 	 -0.159517
10.35 	 1.69391 	 -0.159002
10.375 	 1.69068 	 -0.158483
10.4 	 1.68746 	 -0.157958
10.425 	 1.68424 	 -0.157429
10.45 	 1.68102 	 -0.156894
10.475 	 1.6778 	 -0.156355
10.5 	 1.67458 	 -0.155811
10.525 	 1.67136 	 -0.155262
10.55 	 1.66815 	 -0.154708
10.575 	 1.66494 	 -0.15415
10.6 	 1.66172 	 -0.153587
10.625 	 1.65851 	 -0.153019
10.65 	 1.65531 	 -0.152447
10.675 	 1.6521 	 -0.151871
10.7 	 1.6489 	 -0.15129
10.725 	 1.6457 	 -0.150706
10.75 	 1.64251 	 -0.150117
10.775 	 1.63931 	 -0.149524
10.8 	 1.63612 	 -0.148928
10.825 	 1.63294 	 -0.148327
10.85 	 1.62975 	 -0.147723
10.875 	 1.62657 	 -0.147115
10.9 	 1.62339 	 -0.146504
10.925 	 1.62022 	 -0.145889
10.95 	 1.61705 	 -0.145271
10.975 	 1.61389 	 -0.144649
11 	 1.61073 	 -0.144025
11.025 	 1.60757 	 -0.143397
11.05 	 1.60442 	 -0.142766
11.075 	 1.60127 	 -0.142133
11.1 	 1.59813 	 -0.141497
11.125 	 1.59499 	 -0.140858
11.15 	 1.59186 	 -0.140216
11.175 	 1.58873 	 -0.139573
11.2 	 1.58561 	 -0.138927
11.225 	 1.58249 	 -0.138278
11.25 	 1.57938 	 -0.137628
11.275 	 1.57627 	 -0.136975
11.3 	 1.57317 	 -0.136321
11.325 	 1.57007 	 -0.135665
11.35 	 1.56698 	 -0.135007
11.375 	 1.5639 	 -0.134347
11.4 	 1.56082 	 -0.133686
11.425 	 1.55775 	 -0.133024
11.45 	 1.55468 	 -0.13236
11.475 	 1.55162 	 -0.131695
11.5 	 1.54857 	 -0.131029
11.525 	 1.54552 	 -0.130362
11.55 	 1.54248 	 -0.129694
11.575 	 1.53945 	 -0.129026
11.6 	 1.53642 	 -0.128356
11.625 	 1.5334 	 -0.127686
11.65 	 1.53039 	 -0.127016
11.675 	 1.52738 	 -0.126345
11.7 	 1.52438 	 -0.125674
11.725 	 1.52139 	 -0.125003
11.75 	 1.51841 	 -0.124331
11.775 	 1.51543 	 -0.123659
11.8 	 1.51246 	 -0.122988
11.825 	 1.50949 	 -0.122317
11.85 	 1.50654 	 -0.121645
11.875 	 1.50359 	 -0.120975
11.9 	 1.50065 	 -0.120304
11.925 	 1.49772 	 -0.119634
11.95 	 1.49479 	 -0.118965
11.975 	 1.49187 	 -0.118296
12 	 1.48896 	 -0.117628
12.025 	 1.48606 	 -0.11696
12.05 	 1.48316 	 -0.116294
12.075 	 1.48027 	 -0.115628
12.1 	 1.4774 	 -0.114964
12.125 	 1.47452 	 -0.1143
12.15 	 1.47166 	 -0.113638
12.175 	 1.4688 	 -0.112977
12.2 	 1.46596 	 -0.112317
12.225 	 1.46312 	 -0.111658
12.25 	 1.46029 	 -0.111001
12.275 	 1.45746 	 -0.110345
12.3 	 1.45465 	 -0.109691
12.325 	 1.45184 	 -0.109038
12.35 	 1.44904 	 -0.108387
12.375 	 1.44625 	 -0.107738
12.4 	 1.44347 	 -0.10709
12.425 	 1.44069 	 -0.106444
12.45 	 1.43793 	 -0.1058
12.475 	 1.43517 	 -0.105158
12.5 	 1.43242 	 -0.104518
12.525 	 1.42968 	 -0.103879
12.55 	 1.42694 	 -0.103243
12.575 	 1.42422 	 -0.102608
12.6 	 1.4215 	 -0.101976
12.625 	 1.41879 	 -0.101346
12.65 	 1.41609 	 -0.100718
12.675 	 1.4134 	 -0.100092
12.7 	 1.41072 	 -0.0994688
12.725 	 1.40804 	 -0.0988475
12.75 	 1.40538 	 -0.0982285
12.775 	 1.40272 	 -0.0976118
12.8 	 1.40007 	 -0.0969974
12.825 	 1.39743 	 -0.0963855
12.85 	 1.39479 	 -0.095776
12.875 	 1.39217 	 -0.0951689
12.9 	 1.38955 	 -0.0945642
12.925 	 1.38694 	 -0.0939621
12.95 	 1.38434 	 -0.0933624
12.975 	 1.38175 	 -0.0927653
13 	 1.37917 	 -0.0921707
13.025 	 1.37659 	 -0.0915787
13.05 	 1.37402 	 -0.0909893
13.075 	 1.37147 	 -0.0904025
13.1 	 1.36891 	 -0.0898183
13.125 	 1.36637 	 -0.0892368
13.15 	 1.36384 	 -0.0886579
13.175 	 1.36131 	 -0.0880816
13.2 	 1.35879 	 -0.0875081
13.225 	 1.35629 	 -0.0869372
13.25 	 1.35378 	 -0.0863691
13.275 	 1.35129 	 -0.0858036
13.3 	 1.34881 	 -0.0852409
13.325 	 1.34633 	 -0.0846809
13.35 	 1.34386 	 -0.0841236
13.375 	 1.3414 	 -0.0835691
13.4 	 1.33895 	 -0.0830173
13.425 	 1.3365 	 -0.0824683
13.45 	 1.33406 	 -0.0819221
13.475 	 1.33164 	 -0.0813786
13.5 	 1.32922 	 -0.080838
13.525 	 1.3268 	 -0.0803
13.55 	 1.3244 	 -0.0797649
13.575 	 1.322 	 -0.0792326
13.6 	 1.31961 	 -0.078703
13.625 	 1.31723 	 -0.0781762
13.65 	 1.31486 	 -0.0776522
13.675 	 1.31249 	 -0.077131
13.7 	 1.31013 	 -0.0766126
13.725 	 1.30779 	 -0.0760969
13.75 	 1.30544 	 -0.0755841
13.775 	 1.30311 	 -0.075074
13.8 	 1.30078 	 -0.0745667
13.825 	 1.29846 	 -0.0740622
13.85 	 1.29615 	 -0.0735605
13.875 	 1.29385 	 -0.0730616
13.9 	 1.29155 	 -0.0725654
13.925 	 1.28926 	 -0.0720719
13.95 	 1.28698 	 -0.0715813
13.975 	 1.28471 	 -0.0710934
14 	 1.28244 	 -0.0706082
14.025 	 1.28019 	 -0.0701258
14.05 	 1.27793 	 -0.0696462
14.075 	 1.27569 	 -0.0691692
14.1 	 1.27345 	 -0.068695
14.125 	 1.27123 	 -0.0682235
14.15 	 1.269 	 -0.0677548
14.175 	 1.26679 	 -0.0672887
14.2 	 1.26458 	 -0.0668254
14.225 	 1.26238 	 -0.0663647
14.25 	 1.26019 	 -0.0659068
14.275 	 1.25801 	 -0.0654515
14.3 	 1.25583 	 -0.0649988
14.325 	 1.25366 	 -0.0645489
14.35 	 1.2515 	 -0.0641016
14.375 	 1.24934 	 -0.0636569
14.4 	 1.24719 	 -0.0632149
14.425 	 1.24505 	 -0.0627755
14.45 	 1.24291 	 -0.0623388
14.475 	 1.24078 	 -0.0619046
14.5 	 1.23866 	 -0.0614731
14.525 	 1.23655 	 -0.0610441
14.55 	 1.23444 	 -0.0606178
14.575 	 1.23234 	 -0.060194
14.6 	 1.23025 	 -0.0597727
14.625 	 1.22816 	 -0.059354
14.65 	 1.22608 	 -0.0589379
14.675 	 1.22401 	 -0.0585243
14.7 	 1.22194 	 -0.0581132
14.725 	 1.21988 	 -0.0577047
14.75 	 1.21783 	 -0.0572986
14.775 	 1.21578 	 -0.056895
14.8 	 1.21374 	 -0.056494
14.825 	 1.21171 	 -0.0560953
14.85 	 1.20968 	 -0.0556992
14.875 	 1.20766 	 -0.0553055
14.9 	 1.20565 	 -0.0549143
14.925 	 1.20364 	 -0.0545254
14.95 	 1.20164 	 -0.054139
14.975 	 1.19965 	 -0.053755
15 	 1.19766 	 -0.0533734
15.025 	 1.19568 	 -0.0529942
15.05 	 1.1937 	 -0.0526174
15.075 	 1.19174 	 -0.0522429
15.1 	 1.18977 	 -0.0518708
15.125 	 1.18782 	 -0.051501
15.15 	 1.18587 	 -0.0511336
15.175 	 1.18392 	 -0.0507685
15.2 	 1.18199 	 -0.0504057
15.225 	 1.18006 	 -0.0500452
15.25 	 1.17813 	 -0.049687
15.275 	 1.17621 	 -0.049331
15.3 	 1.1743 	 -0.0489773
15.325 	 1.17239 	 -0.0486259
15.35 	 1.17049 	 -0.0482767
15.375 	 1.1686 	 -0.0479298
15.4 	 1.16671 	 -0.0475851
15.425 	 1.16483 	 -0.0472426
15.45 	 1.16295 	 -0.0469023
15.475 	 1.16108 	 -0.0465641
15.5 	 1.15922 	 -0.0462282
15.525 	 1.15736 	 -0.0458944
15.55 	 1.15551 	 -0.0455628
15.575 	 1.15366 	 -0.0452333
15.6 	 1.15182 	 -0.044906
15.625 	 1.14998 	 -0.0445808
15.65 	 1.14815 	 -0.0442577
15.675 	 1.14633 	 -0.0439366
15.7 	 1.14451 	 -0.0436177
15.725 	 1.1427 	 -0.0433009
15.75 	 1.14089 	 -0.0429861
15.775 	 1.13909 	 -0.0426734
15.8 	 1.13729 	 -0.0423627
15.825 	 1.1355 	 -0.0420541
15.85 	 1.13372 	 -0.0417475
15.875 	 1.13194 	 -0.0414429
15.9 	 1.13016 	 -0.0411403
15.925 	 1.1284 	 -0.0408397
15.95 	 1.12663 	 -0.0405411
15.975 	 1.12488 	 -0.0402445
16 	 1.12312 	 -0.0399498
16.025 	 1.12138 	 -0.039657
16.05 	 1.11964 	 -0.0393662
16.075 	 1.1179 	 -0.0393662
16.1 	 1.11617 	 -0.0387904
16.125 	 1.11445 	 -0.0385054
16.15 	 1.11273 	 -0.0382222
16.175 	 1.11101 	 -0.037941
16.2 	 1.1093 	 -0.037941
16.225 	 1.1076 	 -0.0373841
16.25 	 1.1059 	 -0.0371084
16.275 	 1.1042 	 -0.0368346
16.3 	 1.10252 	 -0.0365626
16.325 	 1.10083 	 -0.0365626
16.35 	 1.09915 	 -0.0360241
16.375 	 1.09748 	 -0.0357576
16.4 	 1.09581 	 -0.0354929
16.425 	 1.09415 	 -0.0352299
16.45 	 1.09249 	 -0.0352299
16.475 	 1.09084 	 -0.0347093
16.5 	 1.08919 	 -0.0344516
16.525 	 1.08754 	 -0.0341957
16.55 	 1.08591 	 -0.0339415
16.575 	 1.08427 	 -0.0339415
16.6 	 1.08264 	 -0.0334383
16.625 	 1.08102 	 -0.0331893
16.65 	 1.0794 	 -0.0329419
16.675 	 1.07779 	 -0.0326962
16.7 	 1.07618 	 -0.0326962
16.725 	 1.07457 	 -0.0322099
16.75 	 1.07297 	 -0.0319693
16.775 	 1.07138 	 -0.0317303
16.8 	 1.06978 	 -0.0314929
16.825 	 1.0682 	 -0.0314929
16.85 	 1.06662 	 -0.031023
16.875 	 1.06504 	 -0.0307905
16.9 	 1.06347 	 -0.0305595
16.925 	 1.0619 	 -0.0303302
16.95 	 1.06034 	 -0.0303302
16.975 	 1.05878 	 -0.0298762
17 	 1.05723 	 -0.0296516
17.025 	 1.05568 	 -0.0294286
17.05 	 1.05413 	 -0.029207
17.075 	 1.05259 	 -0.029207
17.1 	 1.05106 	 -0.0287686
17.125 	 1.04953 	 -0.0285516
17.15 	 1.048 	 -0.0283362
17.175 	 1.04648 	 -0.0281222
17.2 	 1.04496 	 -0.0281222
17.225 	 1.04345 	 -0.0276988
17.25 	 1.04194 	 -0.0274893
17.275 	 1.04043 	 -0.0272813
17.3 	 1.03893 	 -0.0270747
17.325 	 1.03743 	 -0.0270747
17.35 	 1.03594 	 -0.0266659
17.375 	 1.03445 	 -0.0264636
17.4 	 1.03297 	 -0.0262627
17.425 	 1.03149 	 -0.0260633
17.45 	 1.03002 	 -0.0260633
17.475 	 1.02855 	 -0.0256686
17.5 	 1.02708 	 -0.0254733
17.525 	 1.02562 	 -0.0252795
17.55 	 1.02416 	 -0.025087
17.575 	 1.0227 	 -0.025087
17.6 	 1.02125 	 -0.024706
17.625 	 1.01981 	 -0.0245175
17.65 	 1.01837 	 -0.0243304
17.675 	 1.01693 	 -0.0241446
17.7 	 1.0155 	 -0.0241446
17.725 	 1.01406 	 -0.023777
17.75 	 1.01264 	 -0.0235951
17.775 	 1.01122 	 -0.0234146
17.8 	 1.0098 	 -0.0232353
17.825 	 1.00839 	 -0.0232353
17.85 	 1.00698 	 -0.0228805
17.875 	 1.00557 	 -0.0227051
17.9 	 1.00417 	 -0.0225309
17.925 	 1.00277 	 -0.0223579
17.95 	 1.00138 	 -0.0223579
17.975 	 0.999985 	 -0.0220157
18 	 0.998598 	 -0.0218464
18.025 	 0.997216 	 -0.0216783
18.05 	 0.995837 	 -0.0215115
18.075 	 0.994462 	 -0.0215115
18.1 	 0.99309 	 -0.0211814
18.125 	 0.991723 	 -0.0210181
18.15 	 0.990359 	 -0.020856
18.175 	 0.988999 	 -0.0206951
18.2 	 0.987643 	 -0.0206951
18.225 	 0.98629 	 -0.0203768
18.25 	 0.984941 	 -0.0202193
18.275 	 0.983596 	 -0.020063
18.3 	 0.982254 	 -0.0199078
18.325 	 0.980916 	 -0.0199078
18.35 	 0.979582 	 -0.0196009
18.375 	 0.978251 	 -0.019449
18.4 	 0.976924 	 -0.0192983
18.425 	 0.9756 	 -0.0191487
18.45 	 0.974281 	 -0.0191487
18.475 	 0.972964 	 -0.0188527
18.5 	 0.971651 	 -0.0187064
18.525 	 0.970342 	 -0.0185611
18.55 	 0.969036 	 -0.0184169
18.575 	 0.967734 	 -0.0184169
18.6 	 0.966435 	 -0.0181316
18.625 	 0.96514 	 -0.0179905
18.65 	 0.963848 	 -0.0178504
18.675 	 0.96256 	 -0.0177114
18.7 	 0.961275 	 -0.0177114
18.725 	 0.959993 	 -0.0174364
18.75 	 0.958715 	 -0.0173005
18.775 	 0.95744 	 -0.0171655
18.8 	 0.956169 	 -0.0170315
18.825 	 0.954901 	 -0.0170315
18.85 	 0.953637 	 -0.0167665
18.875 	 0.952375 	 -0.0166355
18.9 	 0.951117 	 -0.0165054
18.925 	 0.949863 	 -0.0163763
18.95 	 0.948611 	 -0.0163763
18.975 	 0.947363 	 -0.016121
19 	 0.946119 	 -0.0159947
19.025 	 0.944877 	 -0.0158694
19.05 	 0.943639 	 -0.015745
19.075 	 0.942404 	 -0.015745
19.1 	 0.941172 	 -0.0154991
19.125 	 0.939943 	 -0.0153774
19.15 	 0.938718 	 -0.0152567
19.175 	 0.937496 	 -0.0151369
19.2 	 0.936277 	 -0.015018
19.225 	 0.935061 	 -0.0148999
19.25 	 0.933848 	 -0.0147828
19.275 	 0.932639 	 -0.0146665
19.3 	 0.931432 	 -0.0145511
19.325 	 0.930229 	 -0.0144366
19.35 	 0.929029 	 -0.0143229
19.375 	 0.927832 	 -0.0142101
19.4 	 0.926638 	 -0.0140981
19.425 	 0.925447 	 -0.0139869
19.45 	 0.924259 	 -0.0138766
19.475 	 0.923074 	 -0.0137671
19.5 	 0.921892 	 -0.0136585
19.525 	 0.920713 	 -0.0135507
19.55 	 0.919537 	 -0.0134436
19.575 	 0.918365 	 -0.0133374
19.6 	 0.917195 	 -0.013232
19.625 	 0.916028 	 -0.0131274
19.65 	 0.914864 	 -0.0130236
19.675 	 0.913703 	 -0.0129205
19.7 	 0.912545 	 -0.0128183
19.725 	 0.91139 	 -0.0127168
19.75 	 0.910238 	 -0.012616
19.775 	 0.909089 	 -0.0125161
19.8 	 0.907942 	 -0.0124169
19.825 	 0.906799 	 -0.0123185
19.85 	 0.905658 	 -0.0122208
19.875 	 0.904521 	 -0.0121238
19.9 	 0.903386 	 -0.0120276
19.925 	 0.902254 	 -0.0119321
19.95 	 0.901125 	 -0.0118373
19.975 	 0.899998 	 -0.0117433
20 	 0.898875 	 -0.01165
20.025 	 0.897754 	 -0.0115574
20.05 	 0.896636 	 -0.0114655
20.075 	 0.895521 	 -0.0113743
20.1 	 0.894408 	 -0.0112838
20.125 	 0.893299 	 -0.011194
20.15 	 0.892192 	 -0.0111049
20.175 	 0.891088 	 -0.0110164
20.2 	 0.889986 	 -0.0109287
20.225 	 0.888888 	 -0.0108416
20.25 	 0.887792 	 -0.0107551
20.275 	 0.886698 	 -0.0106694
20.3 	 0.885608 	 -0.0105843
20.325 	 0.88452 	 -0.0104998
20.35 	 0.883434 	 -0.010416
20.375 	 0.882352 	 -0.0103329
20.4 	 0.881272 	 -0.0102504
20.425 	 0.880195 	 -0.0101685
20.45 	 0.87912 	 -0.0100873
20.475 	 0.878048 	 -0.0100066
20.5 	 0.876978 	 -0.00992664
20.525 	 0.875912 	 -0.00984726
20.55 	 0.874847 	 -0.00976849
20.575 	 0.873786 	 -0.00969033
20.6 	 0.872726 	 -0.00961277
20.625 	 0.87167 	 -0.00953582
20.65 	 0.870616 	 -0.00945946
20.675 	 0.869564 	 -0.00938369
20.7 	 0.868516 	 -0.00930851
20.725 	 0.867469 	 -0.0092339
20.75 	 0.866425 	 -0.00915988
20.775 	 0.865384 	 -0.00908643
20.8 	 0.864345 	 -0.00901356
20.825 	 0.863309 	 -0.00894124
20.85 	 0.862275 	 -0.00886949
20.875 	 0.861243 	 -0.0087983
20.9 	 0.860214 	 -0.00872766
20.925 	 0.859188 	 -0.00865757
20.95 	 0.858164 	 -0.00858803
20.975 	 0.857142 	 -0.00851902
21 	 0.856123 	 -0.00845056
21.025 	 0.855106 	 -0.00838263
21.05 	 0.854092 	 -0.00831523
21.075 	 0.85308 	 -0.00824835
21.1 	 0.852071 	 -0.008182
21.125 	 0.851063 	 -0.00811616
21.15 	 0.850059 	 -0.00805084
21.175 	 0.849056 	 -0.00798603
21.2 	 0.848056 	 -0.00792172
21.225 	 0.847058 	 -0.00785792
21.25 	 0.846063 	 -0.00779462
21.275 	 0.84507 	 -0.00773181
21.3 	 0.844079 	 -0.0076695
21.325 	 0.843091 	 -0.00760767
21.35 	 0.842105 	 -0.00754633
21.375 	 0.841121 	 -0.00748547
21.4 	 0.84014 	 -0.00742509
21.425 	 0.839161 	 -0.00736518
21.45 	 0.838184 	 -0.00730574
21.475 	 0.837209 	 -0.00724677
21.5 	 0.836237 	 -0.00718826
21.525 	 0.835267 	 -0.00713021
21.55 	 0.834299 	 -0.00707262
21.575 	 0.833333 	 -0.00701548
21.6 	 0.83237 	 -0.00695879
21.625 	 0.831409 	 -0.00690255
21.65 	 0.83045 	 -0.00684675
21.675 	 0.829493 	 -0.00679139
21.7 	 0.828538 	 -0.00673647
21.725 	 0.827586 	 -0.00668198
21.75 	 0.826636 	 -0.00662792
21.775 	 0.825688 	 -0.00657429
21.8 	 0.824742 	 -0.00652108
21.825 	 0.823798 	 -0.00646829
21.85 	 0.822857 	 -0.00641592
21.875 	 0.821918 	 -0.00636396
21.9 	 0.82098 	 -0.00631242
21.925 	 0.820045 	 -0.00626128
21.95 	 0.819112 	 -0.00621054
21.975 	 0.818182 	 -0.00616021
22 	 0.817253 	 -0.00611028
22.025 	 0.816326 	 -0.00606074
22.05 	 0.815402 	 -0.0060116
22.075 	 0.81448 	 -0.00596284
22.1 	 0.813559 	 -0.00591447
22.125 	 0.812641 	 -0.00586649
22.15 	 0.811725 	 -0.00581888
22.175 	 0.810811 	 -0.00577166
22.2 	 0.809899 	 -0.0057248
22.225 	 0.808989 	 -0.00567833
22.25 	 0.808081 	 -0.00563222
22.275 	 0.807175 	 -0.00558647
22.3 	 0.806271 	 -0.00554109
22.325 	 0.805369 	 -0.00549608
22.35 	 0.804469 	 -0.00545142
22.375 	 0.803571 	 -0.00540711
22.4 	 0.802676 	 -0.00536316
22.425 	 0.801782 	 -0.00531956
22.45 	 0.80089 	 -0.00527631
22.475 	 0.8 	 -0.0052334
22.5 	 0.799112 	 -0.00519083
22.525 	 0.798226 	 -0.0051486
22.55 	 0.797342 	 -0.00510671
22.575 	 0.79646 	 -0.00506516
22.6 	 0.79558 	 -0.00502393
22.625 	 0.794702 	 -0.00498304
22.65 	 0.793826 	 -0.00494247
22.675 	 0.792952 	 -0.00490223
22.7 	 0.792079 	 -0.00486231
22.725 	 0.791209 	 -0.0048227
22.75 	 0.79034 	 -0.00478342
22.775 	 0.789474 	 -0.00474444
22.8 	 0.788609 	 -0.00470578
22.825 	 0.787746 	 -0.00466743
22.85 	 0.786885 	 -0.00462939
22.875 	 0.786026 	 -0.00459165
22.9 	 0.785169 	 -0.00455421
22.925 	 0.784314 	 -0.00451708
22.95 	 0.78346 	 -0.00448024
22.975 	 0.782609 	 -0.00444369
23 	 0.781759 	 -0.00440744
23.025 	 0.780911 	 -0.00437148
23.05 	 0.780065 	 -0.00433581
23.075 	 0.779221 	 -0.00430043
23.1 	 0.778378 	 -0.00426533
23.125 	 0.777538 	 -0.00423051
23.15 	 0.776699 	 -0.00419597
23.175 	 0.775862 	 -0.00416171
23.2 	 0.775027 	 -0.00412772
23.225 	 0.774194 	 -0.00409401
23.25 	 0.773362 	 -0.00406057
23.275 	 0.772532 	 -0.0040274
23.3 	 0.771704 	 -0.00399449
23.325 	 0.770878 	 -0.00396185
23.35 	 0.770053 	 -0.00392947
23.375 	 0.769231 	 -0.00389735
23.4 	 0.76841 	 -0.00386549
23.425 	 0.767591 	 -0.00383389
23.45 	 0.766773 	 -0.00380254
23.475 	 0.765957 	 -0.00377145
23.5 	 0.765143 	 -0.0037406
23.525 	 0.764331 	 -0.00371001
23.55 	 0.763521 	 -0.00367966
23.575 	 0.762712 	 -0.00364956
23.6 	 0.761905 	 -0.00361969
23.625 	 0.761099 	 -0.00359007
23.65 	 0.760296 	 -0.00356069
23.675 	 0.759494 	 -0.00353155
23.7 	 0.758693 	 -0.00350264
23.725 	 0.757895 	 -0.00347396
23.75 	 0.757098 	 -0.00344552
23.775 	 0.756303 	 -0.00341731
23.8 	 0.755509 	 -0.00338932
23.825 	 0.754717 	 -0.00336156
23.85 	 0.753927 	 -0.00333403
23.875 	 0.753138 	 -0.00330671
23.9 	 0.752351 	 -0.00327962
23.925 	 0.751566 	 -0.00325275
23.95 	 0.750782 	 -0.0032261
23.975 	 0.75 	 -0.00319966
24 	 0.74922 	 -0.00317343
24.025 	 0.748441 	 -0.00314742
24.05 	 0.747664 	 -0.00312162
24.075 	 0.746888 	 -0.00309602
24.1 	 0.746114 	 -0.00307064
24.125 	 0.745342 	 -0.00304546
24.15 	 0.744571 	 -0.00302048
24.175 	 0.743802 	 -0.00299571
24.2 	 0.743034 	 -0.00297114
24.225 	 0.742268 	 -0.00294676
24.25 	 0.741504 	 -0.00292259
24.275 	 0.740741 	 -0.00289861
24.3 	 0.739979 	 -0.00287482
24.325 	 0.73922 	 -0.00285123
24.35 	 0.738462 	 -0.00282783
24.375 	 0.737705 	 -0.00280462
24.4 	 0.73695 	 -0.0027816
24.425 	 0.736196 	 -0.00275876
24.45 	 0.735444 	 -0.00273611
24.475 	 0.734694 	 -0.00271365
24.5 	 0.733945 	 -0.00269136
24.525 	 0.733198 	 -0.00266926
24.55 	 0.732452 	 -0.00264734
24.575 	 0.731707 	 -0.0026256
24.6 	 0.730964 	 -0.00260403
24.625 	 0.730223 	 -0.00258264
24.65 	 0.729483 	 -0.00256142
24.675 	 0.728745 	 -0.00254037
24.7 	 0.728008 	 -0.0025195
24.725 	 0.727273 	 -0.0024988
24.75 	 0.726539 	 -0.00247826
24.775 	 0.725806 	 -0.00245789
24.8 	 0.725076 	 -0.00243769
24.825 	 0.724346 	 -0.00241765
24.85 	 0.723618 	 -0.00239778
24.875 	 0.722892 	 -0.00237806
24.9 	 0.722167 	 -0.00235851
24.925 	 0.721443 	 -0.00233912
24.95 	 0.720721 	 -0.00231988
24.975 	 0.72 	 -0.0023008
