0 	 2.49763 	 -0.165946
0.025 	 2.49764 	 -0.165949
0.05 	 2.49764 	 -0.165954
0.075 	 2.49764 	 -0.165961
0.1 	 2.49763 	 -0.165971
0.125 	 2.49762 	 -0.165982
0.15 	 2.4976 	 -0.165996
0.175 	 2.49757 	 -0.166012
0.2 	 2.49754 	 -0.16603
0.225 	 2.49751 	 -0.16605
0.25 	 2.49746 	 -0.166072
0.275 	 2.49742 	 -0.166097
0.3 	 2.49736 	 -0.166123
0.325 	 2.49731 	 -0.166152
0.35 	 2.49724 	 -0.166182
0.375 	 2.49717 	 -0.166215
0.4 	 2.4971 	 -0.16625
0.425 	 2.49702 	 -0.166287
0.45 	 2.49693 	 -0.166326
0.475 	 2.49684 	 -0.166368
0.5 	 2.49674 	 -0.166411
0.525 	 2.49664 	 -0.166457
0.55 	 2.49653 	 -0.166505
0.575 	 2.49641 	 -0.166554
0.6 	 2.49629 	 -0.166606
0.625 	 2.49617 	 -0.16666
0.65 	 2.49603 	 -0.166717
0.675 	 2.4959 	 -0.166775
0.7 	 2.49575 	 -0.166836
0.725 	 2.49561 	 -0.166898
0.75 	 2.49545 	 -0.166963
0.775 	 2.49529 	 -0.16703
0.8 	 2.49513 	 -0.167099
0.825 	 2.49495 	 -0.16717
0.85 	 2.49478 	 -0.167243
0.875 	 2.49459 	 -0.167319
0.9 	 2.4944 	 -0.167396
0.925 	 2.49421 	 -0.167476
0.95 	 2.49401 	 -0.167558
0.975 	 2.4938 	 -0.167642
1 	 2.49359 	 -0.167728
1.025 	 2.49337 	 -0.167816
1.05 	 2.49315 	 -0.167906
1.075 	 2.49291 	 -0.167906
1.1 	 2.49268 	 -0.168094
1.125 	 2.49244 	 -0.16819
1.15 	 2.49219 	 -0.168289
1.175 	 2.49194 	 -0.16839
1.2 	 2.49168 	 -0.168493
1.225 	 2.49141 	 -0.168598
1.25 	 2.49114 	 -0.168706
1.275 	 2.49086 	 -0.168815
1.3 	 2.49058 	 -0.168926
1.325 	 2.49029 	 -0.16904
1.35 	 2.48999 	 -0.169156
1.375 	 2.48969 	 -0.169273
1.4 	 2.48938 	 -0.169393
1.425 	 2.48906 	 -0.169515
1.45 	 2.48874 	 -0.169639
1.475 	 2.48841 	 -0.169765
1.5 	 2.48808 	 -0.169893
1.525 	 2.48774 	 -0.170023
1.55 	 2.48739 	 -0.170155
1.575 	 2.48704 	 -0.170289
1.6 	 2.48668 	 -0.170425
1.625 	 2.48631 	 -0.170563
1.65 	 2.48594 	 -0.170704
1.675 	 2.48556 	 -0.170846
1.7 	 2.48518 	 -0.17099
1.725 	 2.48479 	 -0.171136
1.75 	 2.48439 	 -0.171284
1.775 	 2.48398 	 -0.171434
1.8 	 2.48357 	 -0.171586
1.825 	 2.48315 	 -0.17174
1.85 	 2.48273 	 -0.171895
1.875 	 2.48229 	 -0.172053
1.9 	 2.48186 	 -0.172213
1.925 	 2.48141 	 -0.172374
1.95 	 2.48096 	 -0.172537
1.975 	 2.4805 	 -0.172702
2 	 2.48003 	 -0.172869
2.025 	 2.47955 	 -0.172869
2.05 	 2.47908 	 -0.173208
2.075 	 2.47859 	 -0.173381
2.1 	 2.4781 	 -0.173555
2.125 	 2.47759 	 -0.17373
2.15 	 2.47708 	 -0.17373
2.175 	 2.47657 	 -0.174087
2.2 	 2.47604 	 -0.174268
2.225 	 2.47551 	 -0.174451
2.25 	 2.47498 	 -0.174635
2.275 	 2.47442 	 -0.174635
2.3 	 2.47388 	 -0.175008
2.325 	 2.47332 	 -0.175197
2.35 	 2.47275 	 -0.175388
2.375 	 2.47217 	 -0.17558
2.4 	 2.47159 	 -0.175773
2.425 	 2.471 	 -0.175968
2.45 	 2.4704 	 -0.176165
2.475 	 2.46979 	 -0.176363
2.5 	 2.46918 	 -0.176562
2.525 	 2.46856 	 -0.176763
2.55 	 2.46793 	 -0.176965
2.575 	 2.46729 	 -0.177169
2.6 	 2.46664 	 -0.177374
2.625 	 2.46599 	 -0.17758
2.65 	 2.46533 	 -0.177787
2.675 	 2.46466 	 -0.177996
2.7 	 2.46398 	 -0.178206
2.725 	 2.46329 	 -0.178417
2.75 	 2.4626 	 -0.178629
2.775 	 2.46189 	 -0.178842
2.8 	 2.46118 	 -0.179056
2.825 	 2.46046 	 -0.179272
2.85 	 2.45973 	 -0.179488
2.875 	 2.45899 	 -0.179706
2.9 	 2.45825 	 -0.179924
2.925 	 2.45749 	 -0.180143
2.95 	 2.45673 	 -0.180364
2.975 	 2.45595 	 -0.180585
3 	 2.45517 	 -0.180807
3.025 	 2.45438 	 -0.18103
3.05 	 2.45358 	 -0.181253
3.075 	 2.45277 	 -0.181477
3.1 	 2.45196 	 -0.181703
3.125 	 2.45113 	 -0.181928
3.15 	 2.45029 	 -0.182155
3.175 	 2.44945 	 -0.182382
3.2 	 2.44859 	 -0.182609
3.225 	 2.44773 	 -0.182837
3.25 	 2.44685 	 -0.183066
3.275 	 2.44597 	 -0.183295
3.3 	 2.44508 	 -0.183525
3.325 	 2.44417 	 -0.183755
3.35 	 2.44326 	 -0.183985
3.375 	 2.44234 	 -0.184216
3.4 	 2.44141 	 -0.184447
3.425 	 2.44046 	 -0.184679
3.45 	 2.43951 	 -0.18491
3.475 	 2.43855 	 -0.185142
3.5 	 2.43758 	 -0.185374
3.525 	 2.43659 	 -0.185606
3.55 	 2.4356 	 -0.185838
3.575 	 2.4346 	 -0.18607
3.6 	 2.43358 	 -0.186303
3.625 	 2.43256 	 -0.186535
3.65 	 2.43153 	 -0.186767
3.675 	 2.43048 	 -0.186999
3.7 	 2.42942 	 -0.187231
3.725 	 2.42836 	 -0.187463
3.75 	 2.42728 	 -0.187695
3.775 	 2.42619 	 -0.187926
3.8 	 2.42509 	 -0.188157
3.825 	 2.42398 	 -0.188388
3.85 	 2.42286 	 -0.188619
3.875 	 2.42173 	 -0.188849
3.9 	 2.42058 	 -0.189078
3.925 	 2.41943 	 -0.189308
3.95 	 2.41826 	 -0.189537
3.975 	 2.41708 	 -0.189765
4 	 2.41589 	 -0.189992
4.025 	 2.41469 	 -0.19022
4.05 	 2.41346 	 -0.19022
4.075 	 2.41226 	 -0.190672
4.1 	 2.41102 	 -0.190897
4.125 	 2.40977 	 -0.191121
4.15 	 2.40851 	 -0.191345
4.175 	 2.40722 	 -0.191345
4.2 	 2.40596 	 -0.191789
4.225 	 2.40466 	 -0.19201
4.25 	 2.40335 	 -0.19223
4.275 	 2.40203 	 -0.192449
4.3 	 2.40068 	 -0.192449
4.325 	 2.39935 	 -0.192884
4.35 	 2.398 	 -0.1931
4.375 	 2.39663 	 -0.193315
4.4 	 2.39524 	 -0.193529
4.425 	 2.39383 	 -0.193529
4.45 	 2.39244 	 -0.193953
4.475 	 2.39102 	 -0.194163
4.5 	 2.38959 	 -0.194371
4.525 	 2.38814 	 -0.194579
4.55 	 2.38666 	 -0.194579
4.575 	 2.38521 	 -0.194989
4.6 	 2.38373 	 -0.195192
4.625 	 2.38223 	 -0.195394
4.65 	 2.38072 	 -0.195594
4.675 	 2.37917 	 -0.195594
4.7 	 2.37765 	 -0.19599
4.725 	 2.3761 	 -0.196185
4.75 	 2.37454 	 -0.196379
4.775 	 2.37296 	 -0.196571
4.8 	 2.37137 	 -0.196761
4.825 	 2.36976 	 -0.19695
4.85 	 2.36814 	 -0.197136
4.875 	 2.36651 	 -0.197321
4.9 	 2.36486 	 -0.197504
4.925 	 2.3632 	 -0.197685
4.95 	 2.36153 	 -0.197864
4.975 	 2.35984 	 -0.198041
5 	 2.35813 	 -0.198216
5.025 	 2.35642 	 -0.198389
5.05 	 2.35469 	 -0.19856
5.075 	 2.35294 	 -0.198729
5.1 	 2.35118 	 -0.198896
5.125 	 2.34941 	 -0.19906
5.15 	 2.34762 	 -0.199222
5.175 	 2.34582 	 -0.199382
5.2 	 2.344 	 -0.19954
5.225 	 2.34217 	 -0.199695
5.25 	 2.34033 	 -0.199848
5.275 	 2.33847 	 -0.199999
5.3 	 2.33659 	 -0.200147
5.325 	 2.3347 	 -0.200293
5.35 	 2.3328 	 -0.200436
5.375 	 2.33088 	 -0.200577
5.4 	 2.32895 	 -0.200715
5.425 	 2.327 	 -0.20085
5.45 	 2.32504 	 -0.200983
5.475 	 2.32306 	 -0.201113
5.5 	 2.32107 	 -0.20124
5.525 	 2.31906 	 -0.201365
5.55 	 2.31704 	 -0.201487
5.575 	 2.315 	 -0.201606
5.6 	 2.31295 	 -0.201722
5.625 	 2.31088 	 -0.201836
5.65 	 2.30879 	 -0.201946
5.675 	 2.3067 	 -0.202054
5.7 	 2.30458 	 -0.202159
5.725 	 2.30246 	 -0.20226
5.75 	 2.30031 	 -0.202359
5.775 	 2.29815 	 -0.202454
5.8 	 2.29598 	 -0.202547
5.825 	 2.29379 	 -0.202636
5.85 	 2.29159 	 -0.202722
5.875 	 2.28937 	 -0.202805
5.9 	 2.28713 	 -0.202885
5.925 	 2.28488 	 -0.202961
5.95 	 2.28262 	 -0.203034
5.975 	 2.28034 	 -0.203104
6 	 2.27804 	 -0.203171
6.025 	 2.27573 	 -0.203234
6.05 	 2.2734 	 -0.203294
6.075 	 2.27106 	 -0.20335
6.1 	 2.2687 	 -0.203403
6.125 	 2.26633 	 -0.203452
6.15 	 2.26394 	 -0.203498
6.175 	 2.26154 	 -0.20354
6.2 	 2.25912 	 -0.203579
6.225 	 2.25668 	 -0.203614
6.25 	 2.25424 	 -0.203646
6.275 	 2.25177 	 -0.203673
6.3 	 2.24929 	 -0.203697
6.325 	 2.2468 	 -0.203718
6.35 	 2.24428 	 -0.203734
6.375 	 2.24176 	 -0.203747
6.4 	 2.23922 	 -0.203756
6.425 	 2.23666 	 -0.203761
6.45 	 2.23409 	 -0.203763
6.475 	 2.2315 	 -0.20376
6.5 	 2.2289 	 -0.203753
6.525 	 2.22629 	 -0.203743
6.55 	 2.22365 	 -0.203728
6.575 	 2.22101 	 -0.20371
6.6 	 2.21834 	 -0.203687
6.625 	 2.21567 	 -0.203661
6.65 	 2.21298 	 -0.20363
6.675 	 2.21027 	 -0.203595
6.7 	 2.20755 	 -0.203556
6.725 	 2.20481 	 -0.203513
6.75 	 2.20206 	 -0.203466
6.775 	 2.1993 	 -0.203414
6.8 	 2.19651 	 -0.203359
6.825 	 2.19372 	 -0.203299
6.85 	 2.19091 	 -0.203234
6.875 	 2.18809 	 -0.203166
6.9 	 2.18525 	 -0.203093
6.925 	 2.1824 	 -0.203016
6.95 	 2.17953 	 -0.202934
6.975 	 2.17665 	 -0.202848
7 	 2.17375 	 -0.202757
7.025 	 2.17084 	 -0.202663
7.05 	 2.16792 	 -0.202563
7.075 	 2.16498 	 -0.202459
7.1 	 2.16203 	 -0.202351
7.125 	 2.15906 	 -0.202238
7.15 	 2.15608 	 -0.202121
7.175 	 2.15309 	 -0.201999
7.2 	 2.15008 	 -0.201872
7.225 	 2.14706 	 -0.201741
7.25 	 2.14403 	 -0.201605
7.275 	 2.14099 	 -0.201465
7.3 	 2.13793 	 -0.20132
7.325 	 2.13485 	 -0.20117
7.35 	 2.13177 	 -0.201016
7.375 	 2.12867 	 -0.200857
7.4 	 2.12556 	 -0.200693
7.425 	 2.12243 	 -0.200524
7.45 	 2.11929 	 -0.200351
7.475 	 2.11614 	 -0.200173
7.5 	 2.11298 	 -0.19999
7.525 	 2.10981 	 -0.199803
7.55 	 2.10662 	 -0.19961
7.575 	 2.10342 	 -0.199413
7.6 	 2.10021 	 -0.199211
7.625 	 2.09699 	 -0.199004
7.65 	 2.09376 	 -0.198792
7.675 	 2.09051 	 -0.198575
7.7 	 2.08725 	 -0.198354
7.725 	 2.08398 	 -0.198128
7.75 	 2.0807 	 -0.197896
7.775 	 2.07741 	 -0.19766
7.8 	 2.07411 	 -0.197419
7.825 	 2.0708 	 -0.197173
7.85 	 2.06748 	 -0.196922
7.875 	 2.06414 	 -0.196666
7.9 	 2.0608 	 -0.196405
7.925 	 2.05744 	 -0.19614
7.95 	 2.05408 	 -0.195869
7.975 	 2.0507 	 -0.195594
8 	 2.04732 	 -0.195313
8.025 	 2.04392 	 -0.195027
8.05 	 2.04052 	 -0.194737
8.075 	 2.0371 	 -0.194442
8.1 	 2.03373 	 -0.194442
8.125 	 2.03025 	 -0.193836
8.15 	 2.02681 	 -0.193526
8.175 	 2.02336 	 -0.19321
8.2 	 2.0199 	 -0.19289
8.225 	 2.01649 	 -0.19289
8.25 	 2.01296 	 -0.192235
8.275 	 2.00948 	 -0.1919
8.3 	 2.00598 	 -0.19156
8.325 	 2.00248 	 -0.191215
8.35 	 1.99904 	 -0.191215
8.375 	 1.99546 	 -0.19051
8.4 	 1.99194 	 -0.190151
8.425 	 1.98841 	 -0.189786
8.45 	 1.98488 	 -0.189416
8.475 	 1.9814 	 -0.189416
8.5 	 1.97778 	 -0.188663
8.525 	 1.97423 	 -0.188278
8.55 	 1.97067 	 -0.187889
8.575 	 1.9671 	 -0.187495
8.6 	 1.96359 	 -0.187495
8.625 	 1.95994 	 -0.186693
8.65 	 1.95636 	 -0.186285
8.675 	 1.95276 	 -0.185871
8.7 	 1.94917 	 -0.185453
8.725 	 1.94564 	 -0.185453
8.75 	 1.94196 	 -0.184603
8.775 	 1.93835 	 -0.184171
8.8 	 1.93473 	 -0.183734
8.825 	 1.93111 	 -0.183292
8.85 	 1.92756 	 -0.183292
8.875 	 1.92386 	 -0.182395
8.9 	 1.92023 	 -0.181939
8.925 	 1.91659 	 -0.181479
8.95 	 1.91295 	 -0.181014
8.975 	 1.90938 	 -0.181014
9 	 1.90566 	 -0.180071
9.025 	 1.90202 	 -0.179593
9.05 	 1.89836 	 -0.17911
9.075 	 1.89471 	 -0.178622
9.1 	 1.89113 	 -0.178622
9.125 	 1.8874 	 -0.177634
9.15 	 1.88374 	 -0.177134
9.175 	 1.88007 	 -0.176629
9.2 	 1.87641 	 -0.17612
9.225 	 1.87282 	 -0.17612
9.25 	 1.86908 	 -0.175088
9.275 	 1.86541 	 -0.174566
9.3 	 1.86174 	 -0.17404
9.325 	 1.85807 	 -0.17351
9.35 	 1.85448 	 -0.17351
9.375 	 1.85074 	 -0.172437
9.4 	 1.84707 	 -0.171895
9.425 	 1.8434 	 -0.171348
9.45 	 1.83973 	 -0.170798
9.475 	 1.83614 	 -0.170798
9.5 	 1.83239 	 -0.169685
9.525 	 1.82872 	 -0.169123
9.55 	 1.82505 	 -0.168557
9.575 	 1.82139 	 -0.167987
9.6 	 1.81772 	 -0.167414
9.625 	 1.81406 	 -0.166837
9.65 	 1.8104 	 -0.166257
9.675 	 1.80674 	 -0.165673
9.7 	 1.80308 	 -0.165085
9.725 	 1.79942 	 -0.164494
9.75 	 1.79577 	 -0.1639
9.775 	 1.79212 	 -0.163302
9.8 	 1.78847 	 -0.162701
9.825 	 1.78482 	 -0.162097
9.85 	 1.78118 	 -0.161489
9.875 	 1.77754 	 -0.160879
9.9 	 1.7739 	 -0.160265
9.925 	 1.77027 	 -0.159648
9.95 	 1.76664 	 -0.159029
9.975 	 1.76302 	 -0.158406
10 	 1.75939 	 -0.157781
10.025 	 1.75578 	 -0.157153
10.05 	 1.75216 	 -0.156522
10.075 	 1.74855 	 -0.155889
10.1 	 1.74495 	 -0.155253
10.125 	 1.74135 	 -0.154614
10.15 	 1.73775 	 -0.153974
10.175 	 1.73416 	 -0.15333
10.2 	 1.73058 	 -0.152685
10.225 	 1.727 	 -0.152037
10.25 	 1.72342 	 -0.151387
10.275 	 1.71985 	 -0.150735
10.3 	 1.71629 	 -0.150081
10.325 	 1.71273 	 -0.149425
10.35 	 1.70918 	 -0.148767
10.375 	 1.70563 	 -0.148108
10.4 	 1.70209 	 -0.147447
10.425 	 1.69856 	 -0.146784
10.45 	 1.69503 	 -0.146119
10.475 	 1.69151 	 -0.145453
10.5 	 1.688 	 -0.144786
10.525 	 1.68449 	 -0.144118
10.55 	 1.68099 	 -0.143448
10.575 	 1.67749 	 -0.142777
10.6 	 1.67401 	 -0.142105
10.625 	 1.67053 	 -0.141432
10.65 	 1.66705 	 -0.140758
10.675 	 1.66359 	 -0.140084
10.7 	 1.66013 	 -0.139409
10.725 	 1.65668 	 -0.138733
10.75 	 1.65324 	 -0.138056
10.775 	 1.6498 	 -0.137379
10.8 	 1.64637 	 -0.136701
10.825 	 1.64296 	 -0.136023
10.85 	 1.63954 	 -0.135345
10.875 	 1.63614 	 -0.134666
10.9 	 1.63275 	 -0.133988
10.925 	 1.62936 	 -0.133309
10.95 	 1.62598 	 -0.13263
10.975 	 1.62261 	 -0.131951
11 	 1.61925 	 -0.131272
11.025 	 1.61589 	 -0.130593
11.05 	 1.61255 	 -0.129915
11.075 	 1.60921 	 -0.129236
11.1 	 1.60588 	 -0.128558
11.125 	 1.60256 	 -0.127881
11.15 	 1.59925 	 -0.127204
11.175 	 1.59595 	 -0.126527
11.2 	 1.59266 	 -0.125851
11.225 	 1.58938 	 -0.125175
11.25 	 1.5861 	 -0.1245
11.275 	 1.58284 	 -0.123826
11.3 	 1.57958 	 -0.123152
11.325 	 1.57633 	 -0.12248
11.35 	 1.57309 	 -0.121808
11.375 	 1.56986 	 -0.121137
11.4 	 1.56664 	 -0.120467
11.425 	 1.56343 	 -0.119798
11.45 	 1.56023 	 -0.11913
11.475 	 1.55704 	 -0.118463
11.5 	 1.55386 	 -0.117797
11.525 	 1.55068 	 -0.117133
11.55 	 1.54752 	 -0.116469
11.575 	 1.54437 	 -0.115807
11.6 	 1.54122 	 -0.115146
11.625 	 1.53809 	 -0.114487
11.65 	 1.53496 	 -0.113829
11.675 	 1.53184 	 -0.113172
11.7 	 1.52874 	 -0.112517
11.725 	 1.52564 	 -0.111863
11.75 	 1.52255 	 -0.111211
11.775 	 1.51947 	 -0.110561
11.8 	 1.51641 	 -0.109912
11.825 	 1.51335 	 -0.109265
11.85 	 1.5103 	 -0.108619
11.875 	 1.50726 	 -0.107975
11.9 	 1.50423 	 -0.107333
11.925 	 1.50121 	 -0.106693
11.95 	 1.4982 	 -0.106054
11.975 	 1.4952 	 -0.105418
12 	 1.49221 	 -0.104783
12.025 	 1.48923 	 -0.10415
12.05 	 1.48625 	 -0.103519
12.075 	 1.48329 	 -0.10289
12.1 	 1.48034 	 -0.102263
12.125 	 1.4774 	 -0.101638
12.15 	 1.47446 	 -0.101015
12.175 	 1.47154 	 -0.100394
12.2 	 1.46863 	 -0.0997752
12.225 	 1.46572 	 -0.0991585
12.25 	 1.46283 	 -0.0985439
12.275 	 1.45994 	 -0.0979315
12.3 	 1.45707 	 -0.0973212
12.325 	 1.4542 	 -0.0967132
12.35 	 1.45134 	 -0.0961073
12.375 	 1.4485 	 -0.0955037
12.4 	 1.44566 	 -0.0949023
12.425 	 1.44283 	 -0.0943032
12.45 	 1.44002 	 -0.0937064
12.475 	 1.43721 	 -0.0931119
12.5 	 1.43441 	 -0.0925197
12.525 	 1.43162 	 -0.0919298
12.55 	 1.42884 	 -0.0913423
12.575 	 1.42607 	 -0.0907572
12.6 	 1.42331 	 -0.0901744
12.625 	 1.42055 	 -0.089594
12.65 	 1.41781 	 -0.089016
12.675 	 1.41508 	 -0.0884404
12.7 	 1.41235 	 -0.0878673
12.725 	 1.40964 	 -0.0872965
12.75 	 1.40694 	 -0.0867283
12.775 	 1.40424 	 -0.0861624
12.8 	 1.40155 	 -0.0855991
12.825 	 1.39888 	 -0.0850382
12.85 	 1.39621 	 -0.0844798
12.875 	 1.39355 	 -0.0839238
12.9 	 1.3909 	 -0.0833704
12.925 	 1.38826 	 -0.0828195
12.95 	 1.38563 	 -0.0822711
12.975 	 1.383 	 -0.0817252
13 	 1.38039 	 -0.0811818
13.025 	 1.37778 	 -0.080641
13.05 	 1.37519 	 -0.0801026
13.075 	 1.3726 	 -0.0795669
13.1 	 1.37002 	 -0.0790336
13.125 	 1.36745 	 -0.0785029
13.15 	 1.36489 	 -0.0779748
13.175 	 1.36234 	 -0.0774492
13.2 	 1.3598 	 -0.0769261
13.225 	 1.35727 	 -0.0764056
13.25 	 1.35474 	 -0.0758877
13.275 	 1.35223 	 -0.0753723
13.3 	 1.34972 	 -0.0748594
13.325 	 1.34722 	 -0.0743492
13.35 	 1.34473 	 -0.0738415
13.375 	 1.34225 	 -0.0733363
13.4 	 1.33978 	 -0.0728337
13.425 	 1.33731 	 -0.0723337
13.45 	 1.33485 	 -0.0718362
13.475 	 1.33241 	 -0.0713413
13.5 	 1.32997 	 -0.070849
13.525 	 1.32754 	 -0.0703592
13.55 	 1.32511 	 -0.0698719
13.575 	 1.3227 	 -0.0693872
13.6 	 1.3203 	 -0.0689051
13.625 	 1.3179 	 -0.0684255
13.65 	 1.31551 	 -0.0679485
13.675 	 1.31313 	 -0.067474
13.7 	 1.31075 	 -0.067002
13.725 	 1.30839 	 -0.0665326
13.75 	 1.30603 	 -0.0660657
13.775 	 1.30369 	 -0.0656014
13.8 	 1.30134 	 -0.0651395
13.825 	 1.29901 	 -0.0646802
13.85 	 1.29669 	 -0.0642234
13.875 	 1.29437 	 -0.0637692
13.9 	 1.29206 	 -0.0633174
13.925 	 1.28976 	 -0.0628682
13.95 	 1.28747 	 -0.0624214
13.975 	 1.28518 	 -0.0619772
14 	 1.28291 	 -0.0615354
14.025 	 1.28064 	 -0.0610961
14.05 	 1.27838 	 -0.0606593
14.075 	 1.27612 	 -0.060225
14.1 	 1.27388 	 -0.0597931
14.125 	 1.27164 	 -0.0593638
14.15 	 1.26941 	 -0.0589368
14.175 	 1.26718 	 -0.0585123
14.2 	 1.26497 	 -0.0580903
14.225 	 1.26276 	 -0.0576707
14.25 	 1.26056 	 -0.0572536
14.275 	 1.25836 	 -0.0568388
14.3 	 1.25618 	 -0.0564265
14.325 	 1.254 	 -0.0560166
14.35 	 1.25183 	 -0.0556091
14.375 	 1.24966 	 -0.055204
14.4 	 1.24751 	 -0.0548013
14.425 	 1.24536 	 -0.054401
14.45 	 1.24321 	 -0.0540031
14.475 	 1.24108 	 -0.0536075
14.5 	 1.23895 	 -0.0532144
14.525 	 1.23683 	 -0.0528235
14.55 	 1.23471 	 -0.052435
14.575 	 1.23261 	 -0.0520489
14.6 	 1.23051 	 -0.0516651
14.625 	 1.22841 	 -0.0512836
14.65 	 1.22633 	 -0.0509044
14.675 	 1.22425 	 -0.0505276
14.7 	 1.22218 	 -0.0501531
14.725 	 1.22011 	 -0.0497808
14.75 	 1.21805 	 -0.0494108
14.775 	 1.216 	 -0.0490432
14.8 	 1.21396 	 -0.0486778
14.825 	 1.21192 	 -0.0483146
14.85 	 1.20989 	 -0.0479537
14.875 	 1.20786 	 -0.0475951
14.9 	 1.20584 	 -0.0472387
14.925 	 1.20383 	 -0.0468845
14.95 	 1.20183 	 -0.0465326
14.975 	 1.19983 	 -0.0461829
15 	 1.19784 	 -0.0458353
15.025 	 1.19585 	 -0.04549
15.05 	 1.19387 	 -0.0451469
15.075 	 1.1919 	 -0.0448059
15.1 	 1.18993 	 -0.0444671
15.125 	 1.18797 	 -0.0441305
15.15 	 1.18602 	 -0.0437961
15.175 	 1.18407 	 -0.0434637
15.2 	 1.18213 	 -0.0431336
15.225 	 1.1802 	 -0.0428055
15.25 	 1.17827 	 -0.0424796
15.275 	 1.17635 	 -0.0421558
15.3 	 1.17443 	 -0.041834
15.325 	 1.17252 	 -0.0415144
15.35 	 1.17062 	 -0.0411969
15.375 	 1.16872 	 -0.0408814
15.4 	 1.16683 	 -0.040568
15.425 	 1.16495 	 -0.0402567
15.45 	 1.16307 	 -0.0399474
15.475 	 1.16119 	 -0.0396402
15.5 	 1.15933 	 -0.0393349
15.525 	 1.15746 	 -0.0390317
15.55 	 1.15561 	 -0.0387306
15.575 	 1.15376 	 -0.0384314
15.6 	 1.15192 	 -0.0381342
15.625 	 1.15008 	 -0.037839
15.65 	 1.14825 	 -0.0375458
15.675 	 1.14642 	 -0.0372545
15.7 	 1.1446 	 -0.0369652
15.725 	 1.14278 	 -0.0366779
15.75 	 1.14097 	 -0.0363925
15.775 	 1.13917 	 -0.036109
15.8 	 1.13737 	 -0.0358275
15.825 	 1.13558 	 -0.0355479
15.85 	 1.13379 	 -0.0352701
15.875 	 1.13201 	 -0.0349943
15.9 	 1.13024 	 -0.0347203
15.925 	 1.12847 	 -0.0344483
15.95 	 1.1267 	 -0.0341781
15.975 	 1.12494 	 -0.0339097
16 	 1.12319 	 -0.0336432
16.025 	 1.12144 	 -0.0333786
16.05 	 1.1197 	 -0.0331158
16.075 	 1.11796 	 -0.0331158
16.1 	 1.11623 	 -0.0325956
16.125 	 1.1145 	 -0.0323382
16.15 	 1.11278 	 -0.0320826
16.175 	 1.11107 	 -0.0318288
16.2 	 1.10936 	 -0.0318288
16.225 	 1.10765 	 -0.0313265
16.25 	 1.10595 	 -0.031078
16.275 	 1.10426 	 -0.0308312
16.3 	 1.10257 	 -0.0305862
16.325 	 1.10088 	 -0.0305862
16.35 	 1.0992 	 -0.0301013
16.375 	 1.09753 	 -0.0298614
16.4 	 1.09586 	 -0.0296233
16.425 	 1.09419 	 -0.0293868
16.45 	 1.09253 	 -0.0293868
16.475 	 1.09088 	 -0.0289189
16.5 	 1.08923 	 -0.0286875
16.525 	 1.08758 	 -0.0284577
16.55 	 1.08594 	 -0.0282296
16.575 	 1.08431 	 -0.0282296
16.6 	 1.08268 	 -0.0277782
16.625 	 1.08105 	 -0.027555
16.65 	 1.07943 	 -0.0273334
16.675 	 1.07782 	 -0.0271134
16.7 	 1.07621 	 -0.0271134
16.725 	 1.0746 	 -0.0266781
16.75 	 1.073 	 -0.0264628
16.775 	 1.07141 	 -0.0262491
16.8 	 1.06982 	 -0.026037
16.825 	 1.06823 	 -0.026037
16.85 	 1.06665 	 -0.0256173
16.875 	 1.06507 	 -0.0254098
16.9 	 1.0635 	 -0.0252038
16.925 	 1.06193 	 -0.0249994
16.95 	 1.06037 	 -0.0249994
16.975 	 1.05881 	 -0.0245949
17 	 1.05725 	 -0.0243949
17.025 	 1.0557 	 -0.0241964
17.05 	 1.05416 	 -0.0239994
17.075 	 1.05262 	 -0.0239994
17.1 	 1.05108 	 -0.0236097
17.125 	 1.04955 	 -0.023417
17.15 	 1.04802 	 -0.0232258
17.175 	 1.0465 	 -0.023036
17.2 	 1.04498 	 -0.023036
17.225 	 1.04347 	 -0.0226606
17.25 	 1.04196 	 -0.022475
17.275 	 1.04045 	 -0.0222909
17.3 	 1.03895 	 -0.0221081
17.325 	 1.03745 	 -0.0221081
17.35 	 1.03596 	 -0.0217466
17.375 	 1.03447 	 -0.0215679
17.4 	 1.03299 	 -0.0213905
17.425 	 1.03151 	 -0.0212145
17.45 	 1.03003 	 -0.0212145
17.475 	 1.02856 	 -0.0208665
17.5 	 1.02709 	 -0.0206945
17.525 	 1.02563 	 -0.0205238
17.55 	 1.02417 	 -0.0203544
17.575 	 1.02272 	 -0.0203544
17.6 	 1.02127 	 -0.0200194
17.625 	 1.01982 	 -0.0198539
17.65 	 1.01838 	 -0.0196896
17.675 	 1.01694 	 -0.0195266
17.7 	 1.01551 	 -0.0195266
17.725 	 1.01408 	 -0.0192043
17.75 	 1.01265 	 -0.019045
17.775 	 1.01123 	 -0.0188869
17.8 	 1.00981 	 -0.0187301
17.825 	 1.0084 	 -0.0187301
17.85 	 1.00699 	 -0.01842
17.875 	 1.00558 	 -0.0182668
17.9 	 1.00418 	 -0.0181147
17.925 	 1.00278 	 -0.0179638
17.95 	 1.00139 	 -0.0179638
17.975 	 0.999994 	 -0.0176656
18 	 0.998608 	 -0.0175183
18.025 	 0.997225 	 -0.017372
18.05 	 0.995846 	 -0.017227
18.075 	 0.99447 	 -0.017227
18.1 	 0.993099 	 -0.0169402
18.125 	 0.991731 	 -0.0167985
18.15 	 0.990367 	 -0.0166579
18.175 	 0.989007 	 -0.0165184
18.2 	 0.98765 	 -0.0165184
18.225 	 0.986297 	 -0.0162427
18.25 	 0.984948 	 -0.0161065
18.275 	 0.983603 	 -0.0159714
18.3 	 0.982261 	 -0.0158373
18.325 	 0.980923 	 -0.0158373
18.35 	 0.979588 	 -0.0155723
18.375 	 0.978257 	 -0.0154414
18.4 	 0.97693 	 -0.0153115
18.425 	 0.975607 	 -0.0151827
18.45 	 0.974287 	 -0.0151827
18.475 	 0.97297 	 -0.014928
18.5 	 0.971657 	 -0.0148022
18.525 	 0.970348 	 -0.0146774
18.55 	 0.969042 	 -0.0145536
18.575 	 0.967739 	 -0.0145536
18.6 	 0.96644 	 -0.0143089
18.625 	 0.965145 	 -0.014188
18.65 	 0.963853 	 -0.0140681
18.675 	 0.962564 	 -0.0139492
18.7 	 0.961279 	 -0.0139492
18.725 	 0.959998 	 -0.0137141
18.75 	 0.958719 	 -0.013598
18.775 	 0.957445 	 -0.0134829
18.8 	 0.956173 	 -0.0133686
18.825 	 0.954905 	 -0.0133686
18.85 	 0.95364 	 -0.0131429
18.875 	 0.952379 	 -0.0130313
18.9 	 0.951121 	 -0.0129207
18.925 	 0.949866 	 -0.012811
18.95 	 0.948615 	 -0.012811
18.975 	 0.947367 	 -0.0125942
19 	 0.946122 	 -0.0124871
19.025 	 0.94488 	 -0.0123809
19.05 	 0.943642 	 -0.0122755
19.075 	 0.942407 	 -0.0122755
19.1 	 0.941175 	 -0.0120674
19.125 	 0.939946 	 -0.0119646
19.15 	 0.938721 	 -0.0118626
19.175 	 0.937499 	 -0.0117614
19.2 	 0.93628 	 -0.0116611
19.225 	 0.935064 	 -0.0115616
19.25 	 0.933851 	 -0.0114629
19.275 	 0.932641 	 -0.011365
19.3 	 0.931435 	 -0.0112679
19.325 	 0.930231 	 -0.0111715
19.35 	 0.929031 	 -0.011076
19.375 	 0.927834 	 -0.0109813
19.4 	 0.92664 	 -0.0108873
19.425 	 0.925449 	 -0.0107941
19.45 	 0.924261 	 -0.0107016
19.475 	 0.923076 	 -0.0106099
19.5 	 0.921894 	 -0.010519
19.525 	 0.920715 	 -0.0104288
19.55 	 0.919539 	 -0.0103394
19.575 	 0.918367 	 -0.0102506
19.6 	 0.917197 	 -0.0101626
19.625 	 0.91603 	 -0.0100754
19.65 	 0.914866 	 -0.0099888
19.675 	 0.913705 	 -0.00990296
19.7 	 0.912547 	 -0.00981781
19.725 	 0.911392 	 -0.00973337
19.75 	 0.91024 	 -0.00964962
19.775 	 0.90909 	 -0.00956656
19.8 	 0.907944 	 -0.00948419
19.825 	 0.9068 	 -0.00940249
19.85 	 0.90566 	 -0.00932146
19.875 	 0.904522 	 -0.0092411
19.9 	 0.903387 	 -0.00916141
19.925 	 0.902255 	 -0.00908237
19.95 	 0.901126 	 -0.00900398
19.975 	 0.9 	 -0.00892623
20 	 0.898876 	 -0.00884913
20.025 	 0.897755 	 -0.00877267
20.05 	 0.896637 	 -0.00869683
20.075 	 0.895522 	 -0.00862162
20.1 	 0.89441 	 -0.00854703
20.125 	 0.8933 	 -0.00847306
20.15 	 0.892193 	 -0.0083997
20.175 	 0.891089 	 -0.00832694
20.2 	 0.889987 	 -0.00825478
20.225 	 0.888889 	 -0.00818322
20.25 	 0.887793 	 -0.00811225
20.275 	 0.886699 	 -0.00804187
20.3 	 0.885609 	 -0.00797207
20.325 	 0.884521 	 -0.00790284
20.35 	 0.883435 	 -0.00783419
20.375 	 0.882353 	 -0.0077661
20.4 	 0.881273 	 -0.00769858
20.425 	 0.880195 	 -0.00763162
20.45 	 0.879121 	 -0.0075652
20.475 	 0.878049 	 -0.00749934
20.5 	 0.876979 	 -0.00743402
20.525 	 0.875912 	 -0.00736924
20.55 	 0.874848 	 -0.007305
20.575 	 0.873786 	 -0.00724128
20.6 	 0.872727 	 -0.0071781
20.625 	 0.871671 	 -0.00711543
20.65 	 0.870616 	 -0.00705328
20.675 	 0.869565 	 -0.00699165
20.7 	 0.868516 	 -0.00693052
20.725 	 0.86747 	 -0.0068699
20.75 	 0.866426 	 -0.00680978
20.775 	 0.865384 	 -0.00675015
20.8 	 0.864346 	 -0.00669102
20.825 	 0.863309 	 -0.00663237
20.85 	 0.862275 	 -0.00657421
20.875 	 0.861244 	 -0.00651652
20.9 	 0.860215 	 -0.00645931
20.925 	 0.859188 	 -0.00640257
20.95 	 0.858164 	 -0.0063463
20.975 	 0.857143 	 -0.00629049
21 	 0.856124 	 -0.00623514
21.025 	 0.855107 	 -0.00618025
21.05 	 0.854092 	 -0.0061258
21.075 	 0.85308 	 -0.0060718
21.1 	 0.852071 	 -0.00601825
21.125 	 0.851064 	 -0.00596513
21.15 	 0.850059 	 -0.00591245
21.175 	 0.849057 	 -0.0058602
21.2 	 0.848056 	 -0.00580838
21.225 	 0.847059 	 -0.00575698
21.25 	 0.846063 	 -0.00570601
21.275 	 0.84507 	 -0.00565544
21.3 	 0.84408 	 -0.0056053
21.325 	 0.843091 	 -0.00555556
21.35 	 0.842105 	 -0.00550622
21.375 	 0.841121 	 -0.00545729
21.4 	 0.84014 	 -0.00540875
21.425 	 0.839161 	 -0.00536061
21.45 	 0.838184 	 -0.00531286
21.475 	 0.837209 	 -0.0052655
21.5 	 0.836237 	 -0.00521852
21.525 	 0.835267 	 -0.00517192
21.55 	 0.834299 	 -0.0051257
21.575 	 0.833333 	 -0.00507985
21.6 	 0.83237 	 -0.00503437
21.625 	 0.831409 	 -0.00498926
21.65 	 0.83045 	 -0.00494451
21.675 	 0.829493 	 -0.00490012
21.7 	 0.828539 	 -0.00485609
21.725 	 0.827586 	 -0.00481241
21.75 	 0.826636 	 -0.00476908
21.775 	 0.825688 	 -0.00472609
21.8 	 0.824742 	 -0.00468345
21.825 	 0.823799 	 -0.00464115
21.85 	 0.822857 	 -0.00459918
21.875 	 0.821918 	 -0.00455755
21.9 	 0.820981 	 -0.00451625
21.925 	 0.820046 	 -0.00447527
21.95 	 0.819113 	 -0.00443462
21.975 	 0.818182 	 -0.00439429
22 	 0.817253 	 -0.00435427
22.025 	 0.816327 	 -0.00431458
22.05 	 0.815402 	 -0.00427519
22.075 	 0.81448 	 -0.00423611
22.1 	 0.813559 	 -0.00419734
22.125 	 0.812641 	 -0.00415886
22.15 	 0.811725 	 -0.00412069
22.175 	 0.810811 	 -0.00408282
22.2 	 0.809899 	 -0.00404523
22.225 	 0.808989 	 -0.00400794
22.25 	 0.808081 	 -0.00397094
22.275 	 0.807175 	 -0.00393422
22.3 	 0.806271 	 -0.00389778
22.325 	 0.805369 	 -0.00386162
22.35 	 0.804469 	 -0.00382574
22.375 	 0.803571 	 -0.00379012
22.4 	 0.802676 	 -0.00375478
22.425 	 0.801782 	 -0.00371971
22.45 	 0.80089 	 -0.0036849
22.475 	 0.8 	 -0.00365036
22.5 	 0.799112 	 -0.00361607
22.525 	 0.798226 	 -0.00358204
22.55 	 0.797342 	 -0.00354827
22.575 	 0.79646 	 -0.00351474
22.6 	 0.79558 	 -0.00348147
22.625 	 0.794702 	 -0.00344844
22.65 	 0.793826 	 -0.00341565
22.675 	 0.792952 	 -0.0033831
22.7 	 0.792079 	 -0.0033508
22.725 	 0.791209 	 -0.00331872
22.75 	 0.79034 	 -0.00328688
22.775 	 0.789474 	 -0.00325527
22.8 	 0.788609 	 -0.00322389
22.825 	 0.787746 	 -0.00319274
22.85 	 0.786885 	 -0.00316181
22.875 	 0.786026 	 -0.00313109
22.9 	 0.785169 	 -0.0031006
22.925 	 0.784314 	 -0.00307032
22.95 	 0.78346 	 -0.00304026
22.975 	 0.782609 	 -0.0030104
23 	 0.781759 	 -0.00298076
23.025 	 0.780911 	 -0.00295132
23.05 	 0.780065 	 -0.00292209
23.075 	 0.779221 	 -0.00289306
23.1 	 0.778378 	 -0.00286422
23.125 	 0.777538 	 -0.00283559
23.15 	 0.776699 	 -0.00280715
23.175 	 0.775862 	 -0.00277891
23.2 	 0.775027 	 -0.00275085
23.225 	 0.774194 	 -0.00272299
23.25 	 0.773362 	 -0.00269531
23.275 	 0.772532 	 -0.00266782
23.3 	 0.771704 	 -0.00264051
23.325 	 0.770878 	 -0.00261338
23.35 	 0.770053 	 -0.00258643
23.375 	 0.769231 	 -0.00255966
23.4 	 0.76841 	 -0.00253307
23.425 	 0.767591 	 -0.00250665
23.45 	 0.766773 	 -0.0024804
23.475 	 0.765957 	 -0.00245432
23.5 	 0.765143 	 -0.00242842
23.525 	 0.764331 	 -0.00240268
23.55 	 0.763521 	 -0.00237711
23.575 	 0.762712 	 -0.0023517
23.6 	 0.761905 	 -0.00232646
23.625 	 0.761099 	 -0.00230138
23.65 	 0.760296 	 -0.00227646
23.675 	 0.759494 	 -0.0022517
23.7 	 0.758693 	 -0.0022271
23.725 	 0.757895 	 -0.00220267
23.75 	 0.757098 	 -0.00217839
23.775 	 0.756303 	 -0.00215426
23.8 	 0.755509 	 -0.0021303
23.825 	 0.754717 	 -0.00210649
23.85 	 0.753927 	 -0.00208284
23.875 	 0.753138 	 -0.00205934
23.9 	 0.752351 	 -0.002036
23.925 	 0.751566 	 -0.00201282
23.95 	 0.750782 	 -0.0019898
23.975 	 0.75 	 -0.00196693
24 	 0.74922 	 -0.00194422
24.025 	 0.748441 	 -0.00192168
24.05 	 0.747664 	 -0.00189929
24.075 	 0.746888 	 -0.00187707
24.1 	 0.746114 	 -0.00185501
24.125 	 0.745342 	 -0.00183312
24.15 	 0.744571 	 -0.0018114
24.175 	 0.743802 	 -0.00178985
24.2 	 0.743034 	 -0.00176848
24.225 	 0.742268 	 -0.00174728
24.25 	 0.741504 	 -0.00172627
24.275 	 0.740741 	 -0.00170544
24.3 	 0.739979 	 -0.00168481
24.325 	 0.73922 	 -0.00166437
24.35 	 0.738462 	 -0.00164414
24.375 	 0.737705 	 -0.00162411
24.4 	 0.73695 	 -0.00160431
24.425 	 0.736196 	 -0.00158472
24.45 	 0.735444 	 -0.00156537
24.475 	 0.734694 	 -0.00154626
24.5 	 0.733945 	 -0.0015274
24.525 	 0.733198 	 -0.0015088
24.55 	 0.732452 	 -0.00149047
24.575 	 0.731707 	 -0.00147243
24.6 	 0.730964 	 -0.00145469
24.625 	 0.730223 	 -0.00143725
24.65 	 0.729483 	 -0.00142015
24.675 	 0.728745 	 -0.00140338
24.7 	 0.728008 	 -0.00138697
24.725 	 0.727273 	 -0.00137094
24.75 	 0.726539 	 -0.00135531
24.775 	 0.725806 	 -0.00134009
24.8 	 0.725076 	 -0.0013253
24.825 	 0.724346 	 -0.00131097
24.85 	 0.723618 	 -0.00129712
24.875 	 0.722892 	 -0.00128377
24.9 	 0.722166 	 -0.00127094
24.925 	 0.721443 	 -0.00125867
24.95 	 0.720721 	 -0.00124696
24.975 	 0.72 	 -0.00123586
