0 	 0.483893 	 -0.176795
0.025 	 0.483903 	 -0.176787
0.05 	 0.483907 	 -0.176779
0.075 	 0.483903 	 -0.17677
0.1 	 0.483893 	 -0.176762
0.125 	 0.483875 	 -0.176753
0.15 	 0.483851 	 -0.176743
0.175 	 0.483819 	 -0.176734
0.2 	 0.483781 	 -0.176725
0.225 	 0.483736 	 -0.176715
0.25 	 0.483683 	 -0.176705
0.275 	 0.483624 	 -0.176694
0.3 	 0.483558 	 -0.176684
0.325 	 0.483484 	 -0.176673
0.35 	 0.483404 	 -0.176662
0.375 	 0.483317 	 -0.17665
0.4 	 0.483223 	 -0.176639
0.425 	 0.483121 	 -0.176627
0.45 	 0.483013 	 -0.176614
0.475 	 0.482898 	 -0.176602
0.5 	 0.482776 	 -0.176589
0.525 	 0.482647 	 -0.176576
0.55 	 0.482511 	 -0.176562
0.575 	 0.482369 	 -0.176548
0.6 	 0.482219 	 -0.176534
0.625 	 0.482062 	 -0.17652
0.65 	 0.481898 	 -0.176505
0.675 	 0.481728 	 -0.176489
0.7 	 0.48155 	 -0.176474
0.725 	 0.481366 	 -0.176457
0.75 	 0.481174 	 -0.176441
0.775 	 0.480976 	 -0.176424
0.8 	 0.480771 	 -0.176407
0.825 	 0.480559 	 -0.176389
0.85 	 0.48034 	 -0.176371
0.875 	 0.480114 	 -0.176352
0.9 	 0.479881 	 -0.176333
0.925 	 0.479641 	 -0.176313
0.95 	 0.479394 	 -0.176293
0.975 	 0.479141 	 -0.176273
1 	 0.47888 	 -0.176252
1.025 	 0.478613 	 -0.17623
1.05 	 0.478339 	 -0.176208
1.075 	 0.478058 	 -0.176208
1.1 	 0.47777 	 -0.176162
1.125 	 0.477475 	 -0.176138
1.15 	 0.477174 	 -0.176114
1.175 	 0.476865 	 -0.176089
1.2 	 0.47655 	 -0.176063
1.225 	 0.476228 	 -0.176037
1.25 	 0.475899 	 -0.17601
1.275 	 0.475563 	 -0.175983
1.3 	 0.47522 	 -0.175954
1.325 	 0.474871 	 -0.175925
1.35 	 0.474514 	 -0.175896
1.375 	 0.474151 	 -0.175865
1.4 	 0.473781 	 -0.175834
1.425 	 0.473405 	 -0.175802
1.45 	 0.473021 	 -0.17577
1.475 	 0.472631 	 -0.175736
1.5 	 0.472234 	 -0.175702
1.525 	 0.47183 	 -0.175667
1.55 	 0.47142 	 -0.175631
1.575 	 0.471002 	 -0.175594
1.6 	 0.470578 	 -0.175557
1.625 	 0.470147 	 -0.175518
1.65 	 0.46971 	 -0.175478
1.675 	 0.469266 	 -0.175438
1.7 	 0.468815 	 -0.175396
1.725 	 0.468357 	 -0.175354
1.75 	 0.467893 	 -0.17531
1.775 	 0.467422 	 -0.175266
1.8 	 0.466945 	 -0.17522
1.825 	 0.46646 	 -0.175173
1.85 	 0.465969 	 -0.175125
1.875 	 0.465472 	 -0.175076
1.9 	 0.464968 	 -0.175026
1.925 	 0.464457 	 -0.174975
1.95 	 0.46394 	 -0.174922
1.975 	 0.463416 	 -0.174868
2 	 0.462885 	 -0.174813
2.025 	 0.46235 	 -0.174813
2.05 	 0.461804 	 -0.174699
2.075 	 0.461254 	 -0.174639
2.1 	 0.460697 	 -0.174579
2.125 	 0.460134 	 -0.174517
2.15 	 0.459566 	 -0.174517
2.175 	 0.458988 	 -0.174388
2.2 	 0.458406 	 -0.174322
2.225 	 0.457817 	 -0.174254
2.25 	 0.457221 	 -0.174184
2.275 	 0.456621 	 -0.174184
2.3 	 0.456011 	 -0.17404
2.325 	 0.455396 	 -0.173965
2.35 	 0.454775 	 -0.173889
2.375 	 0.454147 	 -0.17381
2.4 	 0.453514 	 -0.17373
2.425 	 0.452873 	 -0.173648
2.45 	 0.452227 	 -0.173565
2.475 	 0.451574 	 -0.173479
2.5 	 0.450915 	 -0.173391
2.525 	 0.45025 	 -0.173302
2.55 	 0.449579 	 -0.17321
2.575 	 0.448901 	 -0.173116
2.6 	 0.448217 	 -0.17302
2.625 	 0.447528 	 -0.172922
2.65 	 0.446831 	 -0.172822
2.675 	 0.446129 	 -0.172719
2.7 	 0.445421 	 -0.172614
2.725 	 0.444707 	 -0.172507
2.75 	 0.443987 	 -0.172398
2.775 	 0.44326 	 -0.172286
2.8 	 0.442528 	 -0.172171
2.825 	 0.44179 	 -0.172054
2.85 	 0.441045 	 -0.171934
2.875 	 0.440295 	 -0.171812
2.9 	 0.439539 	 -0.171687
2.925 	 0.438778 	 -0.171559
2.95 	 0.43801 	 -0.171429
2.975 	 0.437237 	 -0.171296
3 	 0.436458 	 -0.171159
3.025 	 0.435673 	 -0.17102
3.05 	 0.434882 	 -0.170878
3.075 	 0.434086 	 -0.170733
3.1 	 0.433284 	 -0.170585
3.125 	 0.432477 	 -0.170434
3.15 	 0.431664 	 -0.170279
3.175 	 0.430846 	 -0.170121
3.2 	 0.430022 	 -0.16996
3.225 	 0.429192 	 -0.169796
3.25 	 0.428358 	 -0.169628
3.275 	 0.427518 	 -0.169457
3.3 	 0.426672 	 -0.169282
3.325 	 0.425822 	 -0.169104
3.35 	 0.424966 	 -0.168922
3.375 	 0.424105 	 -0.168736
3.4 	 0.423238 	 -0.168547
3.425 	 0.422367 	 -0.168354
3.45 	 0.421491 	 -0.168157
3.475 	 0.420609 	 -0.167956
3.5 	 0.419723 	 -0.167751
3.525 	 0.418831 	 -0.167542
3.55 	 0.417935 	 -0.167329
3.575 	 0.417034 	 -0.167113
3.6 	 0.416129 	 -0.166891
3.625 	 0.415218 	 -0.166666
3.65 	 0.414303 	 -0.166437
3.675 	 0.413383 	 -0.166203
3.7 	 0.412459 	 -0.165965
3.725 	 0.41153 	 -0.165722
3.75 	 0.410597 	 -0.165475
3.775 	 0.409659 	 -0.165224
3.8 	 0.408717 	 -0.164968
3.825 	 0.407771 	 -0.164707
3.85 	 0.406821 	 -0.164442
3.875 	 0.405866 	 -0.164172
3.9 	 0.404907 	 -0.163898
3.925 	 0.403945 	 -0.163618
3.95 	 0.402978 	 -0.163334
3.975 	 0.402008 	 -0.163045
4 	 0.401033 	 -0.162751
4.025 	 0.400055 	 -0.162452
4.05 	 0.39909 	 -0.162452
4.075 	 0.398088 	 -0.16184
4.1 	 0.397099 	 -0.161526
4.125 	 0.396106 	 -0.161208
4.15 	 0.39511 	 -0.160884
4.175 	 0.394129 	 -0.160884
4.2 	 0.393109 	 -0.160221
4.225 	 0.392103 	 -0.159882
4.25 	 0.391094 	 -0.159537
4.275 	 0.390082 	 -0.159188
4.3 	 0.389087 	 -0.159188
4.325 	 0.38805 	 -0.158473
4.35 	 0.387029 	 -0.158108
4.375 	 0.386006 	 -0.157738
4.4 	 0.38498 	 -0.157362
4.425 	 0.383973 	 -0.157362
4.45 	 0.382921 	 -0.156595
4.475 	 0.381887 	 -0.156204
4.5 	 0.380852 	 -0.155807
4.525 	 0.379814 	 -0.155405
4.55 	 0.378796 	 -0.155405
4.575 	 0.377732 	 -0.154586
4.6 	 0.376688 	 -0.154168
4.625 	 0.375642 	 -0.153746
4.65 	 0.374594 	 -0.153318
4.675 	 0.373568 	 -0.153318
4.7 	 0.372493 	 -0.152446
4.725 	 0.371441 	 -0.152003
4.75 	 0.370387 	 -0.151555
4.775 	 0.369331 	 -0.151101
4.8 	 0.368274 	 -0.150643
4.825 	 0.367216 	 -0.150179
4.85 	 0.366157 	 -0.149711
4.875 	 0.365097 	 -0.149237
4.9 	 0.364036 	 -0.148759
4.925 	 0.362975 	 -0.148276
4.95 	 0.361912 	 -0.147788
4.975 	 0.360849 	 -0.147296
5 	 0.359785 	 -0.146799
5.025 	 0.358721 	 -0.146297
5.05 	 0.357656 	 -0.14579
5.075 	 0.356591 	 -0.145279
5.1 	 0.355526 	 -0.144764
5.125 	 0.354461 	 -0.144244
5.15 	 0.353396 	 -0.14372
5.175 	 0.352331 	 -0.143192
5.2 	 0.351266 	 -0.14266
5.225 	 0.350201 	 -0.142123
5.25 	 0.349136 	 -0.141583
5.275 	 0.348072 	 -0.141038
5.3 	 0.347009 	 -0.14049
5.325 	 0.345946 	 -0.139938
5.35 	 0.344884 	 -0.139382
5.375 	 0.343822 	 -0.138823
5.4 	 0.342762 	 -0.13826
5.425 	 0.341702 	 -0.137693
5.45 	 0.340643 	 -0.137123
5.475 	 0.339586 	 -0.13655
5.5 	 0.338529 	 -0.135974
5.525 	 0.337474 	 -0.135395
5.55 	 0.33642 	 -0.134813
5.575 	 0.335368 	 -0.134228
5.6 	 0.334317 	 -0.13364
5.625 	 0.333267 	 -0.133049
5.65 	 0.332219 	 -0.132456
5.675 	 0.331173 	 -0.13186
5.7 	 0.330129 	 -0.131261
5.725 	 0.329086 	 -0.130661
5.75 	 0.328046 	 -0.130058
5.775 	 0.327007 	 -0.129453
5.8 	 0.325971 	 -0.128846
5.825 	 0.324936 	 -0.128237
5.85 	 0.323904 	 -0.127626
5.875 	 0.322874 	 -0.127014
5.9 	 0.321847 	 -0.1264
5.925 	 0.320821 	 -0.125784
5.95 	 0.319799 	 -0.125167
5.975 	 0.318778 	 -0.124548
6 	 0.31776 	 -0.123928
6.025 	 0.316745 	 -0.123307
6.05 	 0.315733 	 -0.122685
6.075 	 0.314723 	 -0.122062
6.1 	 0.313716 	 -0.121438
6.125 	 0.312712 	 -0.120814
6.15 	 0.311711 	 -0.120188
6.175 	 0.310712 	 -0.119562
6.2 	 0.309717 	 -0.118936
6.225 	 0.308724 	 -0.118308
6.25 	 0.307735 	 -0.117681
6.275 	 0.306749 	 -0.117053
6.3 	 0.305766 	 -0.116426
6.325 	 0.304786 	 -0.115798
6.35 	 0.303809 	 -0.11517
6.375 	 0.302836 	 -0.114542
6.4 	 0.301866 	 -0.113914
6.425 	 0.300899 	 -0.113287
6.45 	 0.299935 	 -0.11266
6.475 	 0.298975 	 -0.112033
6.5 	 0.298019 	 -0.111407
6.525 	 0.297066 	 -0.110781
6.55 	 0.296116 	 -0.110156
6.575 	 0.29517 	 -0.109531
6.6 	 0.294227 	 -0.108907
6.625 	 0.293288 	 -0.108284
6.65 	 0.292353 	 -0.107662
6.675 	 0.291421 	 -0.107041
6.7 	 0.290493 	 -0.106421
6.725 	 0.289568 	 -0.105802
6.75 	 0.288647 	 -0.105184
6.775 	 0.28773 	 -0.104567
6.8 	 0.286817 	 -0.103952
6.825 	 0.285907 	 -0.103338
6.85 	 0.285001 	 -0.102725
6.875 	 0.284098 	 -0.102113
6.9 	 0.2832 	 -0.101503
6.925 	 0.282305 	 -0.100895
6.95 	 0.281414 	 -0.100288
6.975 	 0.280527 	 -0.0996829
7 	 0.279644 	 -0.0990794
7.025 	 0.278764 	 -0.0984775
7.05 	 0.277889 	 -0.0978774
7.075 	 0.277017 	 -0.097279
7.1 	 0.276149 	 -0.0966825
7.125 	 0.275285 	 -0.0960879
7.15 	 0.274424 	 -0.0954952
7.175 	 0.273568 	 -0.0949044
7.2 	 0.272715 	 -0.0943156
7.225 	 0.271867 	 -0.0937289
7.25 	 0.271022 	 -0.0931441
7.275 	 0.270181 	 -0.0925615
7.3 	 0.269343 	 -0.091981
7.325 	 0.26851 	 -0.0914026
7.35 	 0.267681 	 -0.0908264
7.375 	 0.266855 	 -0.0902524
7.4 	 0.266033 	 -0.0896807
7.425 	 0.265215 	 -0.0891111
7.45 	 0.264401 	 -0.0885439
7.475 	 0.263591 	 -0.087979
7.5 	 0.262784 	 -0.0874163
7.525 	 0.261982 	 -0.086856
7.55 	 0.261183 	 -0.0862981
7.575 	 0.260388 	 -0.0857426
7.6 	 0.259597 	 -0.0851895
7.625 	 0.258809 	 -0.0846387
7.65 	 0.258026 	 -0.0840905
7.675 	 0.257246 	 -0.0835446
7.7 	 0.25647 	 -0.0830012
7.725 	 0.255697 	 -0.0824603
7.75 	 0.254929 	 -0.0819219
7.775 	 0.254164 	 -0.081386
7.8 	 0.253403 	 -0.0808527
7.825 	 0.252646 	 -0.0803218
7.85 	 0.251892 	 -0.0797935
7.875 	 0.251142 	 -0.0792677
7.9 	 0.250396 	 -0.0787444
7.925 	 0.249653 	 -0.0782238
7.95 	 0.248914 	 -0.0777056
7.975 	 0.248179 	 -0.0771901
8 	 0.247447 	 -0.0766771
8.025 	 0.246719 	 -0.0761668
8.05 	 0.245995 	 -0.075659
8.075 	 0.245274 	 -0.0751538
8.1 	 0.244564 	 -0.0751538
8.125 	 0.243843 	 -0.0741512
8.15 	 0.243133 	 -0.0736538
8.175 	 0.242426 	 -0.073159
8.2 	 0.241723 	 -0.0726668
8.225 	 0.24103 	 -0.0726668
8.25 	 0.240327 	 -0.0716902
8.275 	 0.239635 	 -0.0712059
8.3 	 0.238945 	 -0.0707241
8.325 	 0.23826 	 -0.0702449
8.35 	 0.237583 	 -0.0702449
8.375 	 0.236898 	 -0.0692944
8.4 	 0.236223 	 -0.0688231
8.425 	 0.235551 	 -0.0683543
8.45 	 0.234882 	 -0.0678881
8.475 	 0.234222 	 -0.0678881
8.5 	 0.233554 	 -0.0669636
8.525 	 0.232896 	 -0.0665052
8.55 	 0.23224 	 -0.0660493
8.575 	 0.231588 	 -0.0655961
8.6 	 0.230944 	 -0.0655961
8.625 	 0.230293 	 -0.0646973
8.65 	 0.229651 	 -0.0642517
8.675 	 0.229012 	 -0.0638087
8.7 	 0.228375 	 -0.0633683
8.725 	 0.227747 	 -0.0633683
8.75 	 0.227113 	 -0.062495
8.775 	 0.226486 	 -0.0620622
8.8 	 0.225863 	 -0.0616318
8.825 	 0.225242 	 -0.061204
8.85 	 0.224629 	 -0.061204
8.875 	 0.224011 	 -0.060356
8.9 	 0.2234 	 -0.0599357
8.925 	 0.222792 	 -0.0595179
8.95 	 0.222187 	 -0.0591025
8.975 	 0.221588 	 -0.0591025
9 	 0.220986 	 -0.0582793
9.025 	 0.220389 	 -0.0578714
9.05 	 0.219796 	 -0.0574659
9.075 	 0.219206 	 -0.0570628
9.1 	 0.218622 	 -0.0570628
9.125 	 0.218034 	 -0.056264
9.15 	 0.217453 	 -0.0558683
9.175 	 0.216874 	 -0.0554749
9.2 	 0.216299 	 -0.0550839
9.225 	 0.215729 	 -0.0550839
9.25 	 0.215156 	 -0.0543091
9.275 	 0.214588 	 -0.0539253
9.3 	 0.214024 	 -0.0535438
9.325 	 0.213462 	 -0.0531646
9.35 	 0.212906 	 -0.0531646
9.375 	 0.212347 	 -0.0524134
9.4 	 0.211793 	 -0.0520412
9.425 	 0.211243 	 -0.0516714
9.45 	 0.210694 	 -0.0513038
9.475 	 0.210151 	 -0.0513038
9.5 	 0.209606 	 -0.0505756
9.525 	 0.209066 	 -0.0502149
9.55 	 0.208528 	 -0.0498565
9.575 	 0.207994 	 -0.0495003
9.6 	 0.207461 	 -0.0491463
9.625 	 0.206931 	 -0.0487946
9.65 	 0.206404 	 -0.0484451
9.675 	 0.20588 	 -0.0480978
9.7 	 0.205357 	 -0.0477527
9.725 	 0.204838 	 -0.0474098
9.75 	 0.204321 	 -0.0470691
9.775 	 0.203806 	 -0.0467306
9.8 	 0.203294 	 -0.0463942
9.825 	 0.202784 	 -0.0460599
9.85 	 0.202277 	 -0.0457278
9.875 	 0.201772 	 -0.0453979
9.9 	 0.20127 	 -0.04507
9.925 	 0.20077 	 -0.0447443
9.95 	 0.200272 	 -0.0444206
9.975 	 0.199777 	 -0.044099
10 	 0.199284 	 -0.0437796
10.025 	 0.198793 	 -0.0434621
10.05 	 0.198305 	 -0.0431468
10.075 	 0.197819 	 -0.0428334
10.1 	 0.197335 	 -0.0425222
10.125 	 0.196853 	 -0.0422129
10.15 	 0.196374 	 -0.0419057
10.175 	 0.195897 	 -0.0416004
10.2 	 0.195423 	 -0.0412972
10.225 	 0.19495 	 -0.0409959
10.25 	 0.19448 	 -0.0406966
10.275 	 0.194012 	 -0.0403993
10.3 	 0.193546 	 -0.0401039
10.325 	 0.193082 	 -0.0398105
10.35 	 0.19262 	 -0.039519
10.375 	 0.192161 	 -0.0392294
10.4 	 0.191703 	 -0.0389417
10.425 	 0.191248 	 -0.038656
10.45 	 0.190795 	 -0.0383721
10.475 	 0.190344 	 -0.0380901
10.5 	 0.189895 	 -0.03781
10.525 	 0.189448 	 -0.0375317
10.55 	 0.189003 	 -0.0372553
10.575 	 0.18856 	 -0.0369808
10.6 	 0.188119 	 -0.036708
10.625 	 0.18768 	 -0.0364371
10.65 	 0.187243 	 -0.036168
10.675 	 0.186809 	 -0.0359007
10.7 	 0.186376 	 -0.0356352
10.725 	 0.185945 	 -0.0353715
10.75 	 0.185516 	 -0.0351095
10.775 	 0.185089 	 -0.0348494
10.8 	 0.184663 	 -0.0345909
10.825 	 0.18424 	 -0.0343342
10.85 	 0.183819 	 -0.0340793
10.875 	 0.183399 	 -0.033826
10.9 	 0.182982 	 -0.0335745
10.925 	 0.182566 	 -0.0333247
10.95 	 0.182152 	 -0.0330766
10.975 	 0.18174 	 -0.0328301
11 	 0.18133 	 -0.0325854
11.025 	 0.180921 	 -0.0323423
11.05 	 0.180514 	 -0.0321008
11.075 	 0.18011 	 -0.031861
11.1 	 0.179706 	 -0.0316229
11.125 	 0.179305 	 -0.0313863
11.15 	 0.178906 	 -0.0311514
11.175 	 0.178508 	 -0.0309181
11.2 	 0.178112 	 -0.0306864
11.225 	 0.177717 	 -0.0304563
11.25 	 0.177325 	 -0.0302278
11.275 	 0.176934 	 -0.0300008
11.3 	 0.176545 	 -0.0297755
11.325 	 0.176157 	 -0.0295516
11.35 	 0.175771 	 -0.0293293
11.375 	 0.175387 	 -0.0291086
11.4 	 0.175004 	 -0.0288893
11.425 	 0.174624 	 -0.0286716
11.45 	 0.174244 	 -0.0284554
11.475 	 0.173867 	 -0.0282407
11.5 	 0.173491 	 -0.0280275
11.525 	 0.173116 	 -0.0278158
11.55 	 0.172743 	 -0.0276056
11.575 	 0.172372 	 -0.0273968
11.6 	 0.172002 	 -0.0271895
11.625 	 0.171634 	 -0.0269836
11.65 	 0.171268 	 -0.0267791
11.675 	 0.170902 	 -0.0265761
11.7 	 0.170539 	 -0.0263745
11.725 	 0.170177 	 -0.0261744
11.75 	 0.169817 	 -0.0259756
11.775 	 0.169458 	 -0.0257782
11.8 	 0.1691 	 -0.0255822
11.825 	 0.168744 	 -0.0253876
11.85 	 0.16839 	 -0.0251944
11.875 	 0.168037 	 -0.0250025
11.9 	 0.167685 	 -0.024812
11.925 	 0.167335 	 -0.0246229
11.95 	 0.166986 	 -0.024435
11.975 	 0.166639 	 -0.0242485
12 	 0.166293 	 -0.0240634
12.025 	 0.165949 	 -0.0238795
12.05 	 0.165606 	 -0.0236969
12.075 	 0.165264 	 -0.0235157
12.1 	 0.164924 	 -0.0233357
12.125 	 0.164585 	 -0.023157
12.15 	 0.164248 	 -0.0229796
12.175 	 0.163912 	 -0.0228035
12.2 	 0.163577 	 -0.0226286
12.225 	 0.163244 	 -0.022455
12.25 	 0.162912 	 -0.0222826
12.275 	 0.162581 	 -0.0221114
12.3 	 0.162252 	 -0.0219415
12.325 	 0.161924 	 -0.0217728
12.35 	 0.161598 	 -0.0216052
12.375 	 0.161272 	 -0.021439
12.4 	 0.160948 	 -0.0212739
12.425 	 0.160625 	 -0.0211099
12.45 	 0.160304 	 -0.0209472
12.475 	 0.159984 	 -0.0207857
12.5 	 0.159665 	 -0.0206253
12.525 	 0.159347 	 -0.020466
12.55 	 0.159031 	 -0.020308
12.575 	 0.158715 	 -0.020151
12.6 	 0.158401 	 -0.0199952
12.625 	 0.158089 	 -0.0198406
12.65 	 0.157777 	 -0.019687
12.675 	 0.157467 	 -0.0195346
12.7 	 0.157158 	 -0.0193833
12.725 	 0.15685 	 -0.019233
12.75 	 0.156544 	 -0.0190839
12.775 	 0.156238 	 -0.0189359
12.8 	 0.155934 	 -0.0187889
12.825 	 0.155631 	 -0.018643
12.85 	 0.155329 	 -0.0184982
12.875 	 0.155028 	 -0.0183545
12.9 	 0.154728 	 -0.0182118
12.925 	 0.15443 	 -0.0180701
12.95 	 0.154133 	 -0.0179295
12.975 	 0.153836 	 -0.0177899
13 	 0.153541 	 -0.0176513
13.025 	 0.153247 	 -0.0175138
13.05 	 0.152955 	 -0.0173773
13.075 	 0.152663 	 -0.0172417
13.1 	 0.152372 	 -0.0171072
13.125 	 0.152083 	 -0.0169737
13.15 	 0.151795 	 -0.0168411
13.175 	 0.151507 	 -0.0167095
13.2 	 0.151221 	 -0.0165789
13.225 	 0.150936 	 -0.0164493
13.25 	 0.150652 	 -0.0163206
13.275 	 0.150369 	 -0.0161929
13.3 	 0.150087 	 -0.0160661
13.325 	 0.149806 	 -0.0159403
13.35 	 0.149526 	 -0.0158154
13.375 	 0.149247 	 -0.0156914
13.4 	 0.14897 	 -0.0155684
13.425 	 0.148693 	 -0.0154462
13.45 	 0.148417 	 -0.015325
13.475 	 0.148142 	 -0.0152047
13.5 	 0.147869 	 -0.0150853
13.525 	 0.147596 	 -0.0149667
13.55 	 0.147324 	 -0.0148491
13.575 	 0.147054 	 -0.0147323
13.6 	 0.146784 	 -0.0146164
13.625 	 0.146515 	 -0.0145014
13.65 	 0.146247 	 -0.0143872
13.675 	 0.145981 	 -0.0142739
13.7 	 0.145715 	 -0.0141615
13.725 	 0.14545 	 -0.0140499
13.75 	 0.145186 	 -0.0139391
13.775 	 0.144923 	 -0.0138291
13.8 	 0.144661 	 -0.01372
13.825 	 0.1444 	 -0.0136117
13.85 	 0.14414 	 -0.0135042
13.875 	 0.143881 	 -0.0133976
13.9 	 0.143623 	 -0.0132917
13.925 	 0.143366 	 -0.0131866
13.95 	 0.143109 	 -0.0130824
13.975 	 0.142854 	 -0.0129789
14 	 0.142599 	 -0.0128762
14.025 	 0.142346 	 -0.0127743
14.05 	 0.142093 	 -0.0126731
14.075 	 0.141841 	 -0.0125727
14.1 	 0.14159 	 -0.0124731
14.125 	 0.14134 	 -0.0123742
14.15 	 0.141091 	 -0.0122761
14.175 	 0.140842 	 -0.0121787
14.2 	 0.140595 	 -0.0120821
14.225 	 0.140348 	 -0.0119862
14.25 	 0.140103 	 -0.011891
14.275 	 0.139858 	 -0.0117966
14.3 	 0.139614 	 -0.0117029
14.325 	 0.13937 	 -0.0116099
14.35 	 0.139128 	 -0.0115176
14.375 	 0.138887 	 -0.011426
14.4 	 0.138646 	 -0.0113351
14.425 	 0.138406 	 -0.0112449
14.45 	 0.138167 	 -0.0111554
14.475 	 0.137929 	 -0.0110666
14.5 	 0.137692 	 -0.0109784
14.525 	 0.137455 	 -0.0108909
14.55 	 0.137219 	 -0.0108041
14.575 	 0.136984 	 -0.010718
14.6 	 0.13675 	 -0.0106325
14.625 	 0.136517 	 -0.0105477
14.65 	 0.136285 	 -0.0104636
14.675 	 0.136053 	 -0.01038
14.7 	 0.135822 	 -0.0102972
14.725 	 0.135592 	 -0.0102149
14.75 	 0.135362 	 -0.0101333
14.775 	 0.135134 	 -0.0100524
14.8 	 0.134906 	 -0.00997201
14.825 	 0.134679 	 -0.00989228
14.85 	 0.134452 	 -0.00981316
14.875 	 0.134227 	 -0.00973466
14.9 	 0.134002 	 -0.00965676
14.925 	 0.133778 	 -0.00957947
14.95 	 0.133555 	 -0.00950277
14.975 	 0.133332 	 -0.00942666
15 	 0.13311 	 -0.00935115
15.025 	 0.132889 	 -0.00927622
15.05 	 0.132669 	 -0.00920187
15.075 	 0.132449 	 -0.0091281
15.1 	 0.13223 	 -0.0090549
15.125 	 0.132012 	 -0.00898226
15.15 	 0.131795 	 -0.0089102
15.175 	 0.131578 	 -0.00883869
15.2 	 0.131362 	 -0.00876773
15.225 	 0.131147 	 -0.00869733
15.25 	 0.130932 	 -0.00862748
15.275 	 0.130718 	 -0.00855817
15.3 	 0.130505 	 -0.0084894
15.325 	 0.130292 	 -0.00842117
15.35 	 0.13008 	 -0.00835346
15.375 	 0.129869 	 -0.00828629
15.4 	 0.129659 	 -0.00821964
15.425 	 0.129449 	 -0.00815351
15.45 	 0.12924 	 -0.0080879
15.475 	 0.129032 	 -0.0080228
15.5 	 0.128824 	 -0.00795821
15.525 	 0.128617 	 -0.00789412
15.55 	 0.12841 	 -0.00783053
15.575 	 0.128204 	 -0.00776745
15.6 	 0.127999 	 -0.00770485
15.625 	 0.127795 	 -0.00764275
15.65 	 0.127591 	 -0.00758113
15.675 	 0.127388 	 -0.00752
15.7 	 0.127185 	 -0.00745935
15.725 	 0.126984 	 -0.00739917
15.75 	 0.126782 	 -0.00733946
15.775 	 0.126582 	 -0.00728023
15.8 	 0.126382 	 -0.00722146
15.825 	 0.126182 	 -0.00716315
15.85 	 0.125984 	 -0.0071053
15.875 	 0.125786 	 -0.0070479
15.9 	 0.125588 	 -0.00699096
15.925 	 0.125391 	 -0.00693446
15.95 	 0.125195 	 -0.00687841
15.975 	 0.125 	 -0.00682281
16 	 0.124805 	 -0.00676764
16.025 	 0.12461 	 -0.0067129
16.05 	 0.124416 	 -0.0066586
16.075 	 0.124223 	 -0.0066586
16.1 	 0.124031 	 -0.00655127
16.125 	 0.123839 	 -0.00649825
16.15 	 0.123647 	 -0.00644564
16.175 	 0.123456 	 -0.00639345
16.2 	 0.123266 	 -0.00639345
16.225 	 0.123077 	 -0.0062903
16.25 	 0.122888 	 -0.00623933
16.275 	 0.122699 	 -0.00618877
16.3 	 0.122511 	 -0.00613861
16.325 	 0.122324 	 -0.00613861
16.35 	 0.122137 	 -0.00603948
16.375 	 0.121951 	 -0.00599051
16.4 	 0.121765 	 -0.00594192
16.425 	 0.12158 	 -0.00589372
16.45 	 0.121396 	 -0.00589372
16.475 	 0.121212 	 -0.00579846
16.5 	 0.121028 	 -0.00575139
16.525 	 0.120846 	 -0.0057047
16.55 	 0.120663 	 -0.00565838
16.575 	 0.120482 	 -0.00565838
16.6 	 0.120301 	 -0.00556685
16.625 	 0.12012 	 -0.00552162
16.65 	 0.11994 	 -0.00547676
16.675 	 0.11976 	 -0.00543226
16.7 	 0.119581 	 -0.00543226
16.725 	 0.119403 	 -0.00534431
16.75 	 0.119225 	 -0.00530085
16.775 	 0.119047 	 -0.00525775
16.8 	 0.118871 	 -0.00521499
16.825 	 0.118694 	 -0.00521499
16.85 	 0.118518 	 -0.00513049
16.875 	 0.118343 	 -0.00508874
16.9 	 0.118168 	 -0.00504733
16.925 	 0.117994 	 -0.00500625
16.95 	 0.11782 	 -0.00500625
16.975 	 0.117647 	 -0.00492507
17 	 0.117474 	 -0.00488496
17.025 	 0.117302 	 -0.00484518
17.05 	 0.11713 	 -0.00480571
17.075 	 0.116959 	 -0.00480571
17.1 	 0.116788 	 -0.00472772
17.125 	 0.116618 	 -0.0046892
17.15 	 0.116448 	 -0.00465098
17.175 	 0.116279 	 -0.00461307
17.2 	 0.11611 	 -0.00461307
17.225 	 0.115942 	 -0.00453815
17.25 	 0.115774 	 -0.00450115
17.275 	 0.115607 	 -0.00446443
17.3 	 0.11544 	 -0.00442802
17.325 	 0.115274 	 -0.00442802
17.35 	 0.115108 	 -0.00435606
17.375 	 0.114942 	 -0.00432051
17.4 	 0.114778 	 -0.00428525
17.425 	 0.114613 	 -0.00425027
17.45 	 0.114449 	 -0.00425027
17.475 	 0.114286 	 -0.00418115
17.5 	 0.114123 	 -0.00414701
17.525 	 0.11396 	 -0.00411314
17.55 	 0.113798 	 -0.00407955
17.575 	 0.113636 	 -0.00407955
17.6 	 0.113475 	 -0.00401317
17.625 	 0.113314 	 -0.00398037
17.65 	 0.113154 	 -0.00394785
17.675 	 0.112994 	 -0.00391558
17.7 	 0.112835 	 -0.00391558
17.725 	 0.112676 	 -0.00385183
17.75 	 0.112517 	 -0.00382034
17.775 	 0.112359 	 -0.0037891
17.8 	 0.112202 	 -0.00375811
17.825 	 0.112045 	 -0.00375811
17.85 	 0.111888 	 -0.00369688
17.875 	 0.111732 	 -0.00366664
17.9 	 0.111576 	 -0.00363664
17.925 	 0.111421 	 -0.00360688
17.95 	 0.111266 	 -0.00360688
17.975 	 0.111111 	 -0.00354809
18 	 0.110957 	 -0.00351905
18.025 	 0.110803 	 -0.00349024
18.05 	 0.11065 	 -0.00346166
18.075 	 0.110497 	 -0.00346166
18.1 	 0.110345 	 -0.0034052
18.125 	 0.110193 	 -0.00337732
18.15 	 0.110041 	 -0.00334965
18.175 	 0.10989 	 -0.00332221
18.2 	 0.109739 	 -0.00332221
18.225 	 0.109589 	 -0.003268
18.25 	 0.109439 	 -0.00324122
18.275 	 0.10929 	 -0.00321466
18.3 	 0.10914 	 -0.00318832
18.325 	 0.108992 	 -0.00318832
18.35 	 0.108843 	 -0.00313626
18.375 	 0.108696 	 -0.00311055
18.4 	 0.108548 	 -0.00308505
18.425 	 0.108401 	 -0.00305975
18.45 	 0.108254 	 -0.00305975
18.475 	 0.108108 	 -0.00300977
18.5 	 0.107962 	 -0.00298508
18.525 	 0.107817 	 -0.0029606
18.55 	 0.107672 	 -0.00293631
18.575 	 0.107527 	 -0.00293631
18.6 	 0.107383 	 -0.00288832
18.625 	 0.107239 	 -0.00286462
18.65 	 0.107095 	 -0.00284111
18.675 	 0.106952 	 -0.00281779
18.7 	 0.106809 	 -0.00281779
18.725 	 0.106667 	 -0.00277172
18.75 	 0.106525 	 -0.00274897
18.775 	 0.106383 	 -0.0027264
18.8 	 0.106242 	 -0.00270401
18.825 	 0.106101 	 -0.00270401
18.85 	 0.10596 	 -0.00265978
18.875 	 0.10582 	 -0.00263794
18.9 	 0.10568 	 -0.00261627
18.925 	 0.105541 	 -0.00259478
18.95 	 0.105402 	 -0.00259478
18.975 	 0.105263 	 -0.00255232
19 	 0.105125 	 -0.00253135
19.025 	 0.104987 	 -0.00251055
19.05 	 0.104849 	 -0.00248992
19.075 	 0.104712 	 -0.00248992
19.1 	 0.104575 	 -0.00244915
19.125 	 0.104439 	 -0.00242902
19.15 	 0.104302 	 -0.00240906
19.175 	 0.104167 	 -0.00238925
19.2 	 0.104031 	 -0.00236961
19.225 	 0.103896 	 -0.00235012
19.25 	 0.103761 	 -0.0023308
19.275 	 0.103627 	 -0.00231163
19.3 	 0.103493 	 -0.00229262
19.325 	 0.103359 	 -0.00227376
19.35 	 0.103226 	 -0.00225506
19.375 	 0.103093 	 -0.00223651
19.4 	 0.10296 	 -0.00221811
19.425 	 0.102828 	 -0.00219986
19.45 	 0.102696 	 -0.00218176
19.475 	 0.102564 	 -0.00216381
19.5 	 0.102433 	 -0.00214601
19.525 	 0.102302 	 -0.00212835
19.55 	 0.102171 	 -0.00211083
19.575 	 0.102041 	 -0.00209346
19.6 	 0.101911 	 -0.00207622
19.625 	 0.101781 	 -0.00205913
19.65 	 0.101652 	 -0.00204218
19.675 	 0.101523 	 -0.00202537
19.7 	 0.101394 	 -0.00200869
19.725 	 0.101266 	 -0.00199216
19.75 	 0.101138 	 -0.00197575
19.775 	 0.10101 	 -0.00195948
19.8 	 0.100883 	 -0.00194334
19.825 	 0.100756 	 -0.00192734
19.85 	 0.100629 	 -0.00191147
19.875 	 0.100502 	 -0.00189572
19.9 	 0.100376 	 -0.00188011
19.925 	 0.100251 	 -0.00186462
19.95 	 0.100125 	 -0.00184926
19.975 	 0.1 	 -0.00183402
20 	 0.0998751 	 -0.00181891
20.025 	 0.0997506 	 -0.00180392
20.05 	 0.0996264 	 -0.00178906
20.075 	 0.0995025 	 -0.00177431
20.1 	 0.0993789 	 -0.00175969
20.125 	 0.0992556 	 -0.00174519
20.15 	 0.0991326 	 -0.0017308
20.175 	 0.0990099 	 -0.00171654
20.2 	 0.0988875 	 -0.00170239
20.225 	 0.0987654 	 -0.00168835
20.25 	 0.0986436 	 -0.00167444
20.275 	 0.0985221 	 -0.00166063
20.3 	 0.098401 	 -0.00164694
20.325 	 0.0982801 	 -0.00163336
20.35 	 0.0981595 	 -0.00161989
20.375 	 0.0980392 	 -0.00160653
20.4 	 0.0979192 	 -0.00159328
20.425 	 0.0977995 	 -0.00158014
20.45 	 0.0976801 	 -0.00156711
20.475 	 0.097561 	 -0.00155419
20.5 	 0.0974421 	 -0.00154137
20.525 	 0.0973236 	 -0.00152865
20.55 	 0.0972053 	 -0.00151604
20.575 	 0.0970874 	 -0.00150354
20.6 	 0.0969697 	 -0.00149113
20.625 	 0.0968523 	 -0.00147883
20.65 	 0.0967352 	 -0.00146663
20.675 	 0.0966183 	 -0.00145453
20.7 	 0.0965018 	 -0.00144253
20.725 	 0.0963855 	 -0.00143062
20.75 	 0.0962695 	 -0.00141882
20.775 	 0.0961538 	 -0.00140711
20.8 	 0.0960384 	 -0.00139549
20.825 	 0.0959232 	 -0.00138398
20.85 	 0.0958084 	 -0.00137255
20.875 	 0.0956938 	 -0.00136122
20.9 	 0.0955794 	 -0.00134999
20.925 	 0.0954654 	 -0.00133884
20.95 	 0.0953516 	 -0.00132779
20.975 	 0.0952381 	 -0.00131683
21 	 0.0951248 	 -0.00130596
21.025 	 0.0950119 	 -0.00129518
21.05 	 0.0948992 	 -0.00128448
21.075 	 0.0947867 	 -0.00127388
21.1 	 0.0946745 	 -0.00126336
21.125 	 0.0945626 	 -0.00125293
21.15 	 0.094451 	 -0.00124258
21.175 	 0.0943396 	 -0.00123232
21.2 	 0.0942285 	 -0.00122214
21.225 	 0.0941176 	 -0.00121205
21.25 	 0.094007 	 -0.00120204
21.275 	 0.0938967 	 -0.00119211
21.3 	 0.0937866 	 -0.00118226
21.325 	 0.0936768 	 -0.0011725
21.35 	 0.0935672 	 -0.00116281
21.375 	 0.0934579 	 -0.0011532
21.4 	 0.0933489 	 -0.00114368
21.425 	 0.0932401 	 -0.00113423
21.45 	 0.0931315 	 -0.00112486
21.475 	 0.0930232 	 -0.00111556
21.5 	 0.0929152 	 -0.00110635
21.525 	 0.0928074 	 -0.00109721
21.55 	 0.0926999 	 -0.00108814
21.575 	 0.0925926 	 -0.00107915
21.6 	 0.0924855 	 -0.00107023
21.625 	 0.0923787 	 -0.00106139
21.65 	 0.0922722 	 -0.00105261
21.675 	 0.0921659 	 -0.00104392
21.7 	 0.0920598 	 -0.00103529
21.725 	 0.091954 	 -0.00102673
21.75 	 0.0918484 	 -0.00101824
21.775 	 0.0917431 	 -0.00100983
21.8 	 0.091638 	 -0.00100148
21.825 	 0.0915332 	 -0.000993203
21.85 	 0.0914286 	 -0.000984993
21.875 	 0.0913242 	 -0.00097685
21.9 	 0.0912201 	 -0.000968775
21.925 	 0.0911162 	 -0.000960766
21.95 	 0.0910125 	 -0.000952823
21.975 	 0.0909091 	 -0.000944945
22 	 0.0908059 	 -0.000937132
22.025 	 0.0907029 	 -0.000929384
22.05 	 0.0906002 	 -0.000921699
22.075 	 0.0904977 	 -0.000914078
22.1 	 0.0903955 	 -0.00090652
22.125 	 0.0902934 	 -0.000899024
22.15 	 0.0901916 	 -0.000891589
22.175 	 0.0900901 	 -0.000884216
22.2 	 0.0899887 	 -0.000876904
22.225 	 0.0898876 	 -0.000869652
22.25 	 0.0897867 	 -0.000862459
22.275 	 0.0896861 	 -0.000855326
22.3 	 0.0895857 	 -0.000848252
22.325 	 0.0894854 	 -0.000841236
22.35 	 0.0893855 	 -0.000834278
22.375 	 0.0892857 	 -0.000827377
22.4 	 0.0891862 	 -0.000820533
22.425 	 0.0890868 	 -0.000813746
22.45 	 0.0889877 	 -0.000807015
22.475 	 0.0888889 	 -0.000800339
22.5 	 0.0887902 	 -0.000793718
22.525 	 0.0886918 	 -0.000787152
22.55 	 0.0885936 	 -0.000780639
22.575 	 0.0884956 	 -0.000774181
22.6 	 0.0883978 	 -0.000767776
22.625 	 0.0883002 	 -0.000761424
22.65 	 0.0882029 	 -0.000755124
22.675 	 0.0881057 	 -0.000748876
22.7 	 0.0880088 	 -0.000742679
22.725 	 0.0879121 	 -0.000736534
22.75 	 0.0878156 	 -0.000730439
22.775 	 0.0877193 	 -0.000724395
22.8 	 0.0876232 	 -0.000718401
22.825 	 0.0875273 	 -0.000712456
22.85 	 0.0874317 	 -0.00070656
22.875 	 0.0873362 	 -0.000700713
22.9 	 0.087241 	 -0.000694914
22.925 	 0.087146 	 -0.000689163
22.95 	 0.0870511 	 -0.000683459
22.975 	 0.0869565 	 -0.000677802
23 	 0.0868621 	 -0.000672192
23.025 	 0.0867679 	 -0.000666629
23.05 	 0.0866739 	 -0.000661111
23.075 	 0.0865801 	 -0.000655639
23.1 	 0.0864865 	 -0.000650212
23.125 	 0.0863931 	 -0.00064483
23.15 	 0.0862999 	 -0.000639492
23.175 	 0.0862069 	 -0.000634199
23.2 	 0.0861141 	 -0.000628949
23.225 	 0.0860215 	 -0.000623742
23.25 	 0.0859291 	 -0.000618579
23.275 	 0.0858369 	 -0.000613458
23.3 	 0.0857449 	 -0.000608379
23.325 	 0.0856531 	 -0.000603343
23.35 	 0.0855615 	 -0.000598348
23.375 	 0.0854701 	 -0.000593394
23.4 	 0.0853789 	 -0.000588481
23.425 	 0.0852878 	 -0.000583609
23.45 	 0.085197 	 -0.000578777
23.475 	 0.0851064 	 -0.000573984
23.5 	 0.0850159 	 -0.000569232
23.525 	 0.0849257 	 -0.000564519
23.55 	 0.0848356 	 -0.000559844
23.575 	 0.0847457 	 -0.000555208
23.6 	 0.0846561 	 -0.000550611
23.625 	 0.0845666 	 -0.000546052
23.65 	 0.0844773 	 -0.00054153
23.675 	 0.0843882 	 -0.000537045
23.7 	 0.0842992 	 -0.000532598
23.725 	 0.0842105 	 -0.000528187
23.75 	 0.084122 	 -0.000523813
23.775 	 0.0840336 	 -0.000519475
23.8 	 0.0839454 	 -0.000515173
23.825 	 0.0838574 	 -0.000510906
23.85 	 0.0837696 	 -0.000506675
23.875 	 0.083682 	 -0.000502479
23.9 	 0.0835946 	 -0.000498317
23.925 	 0.0835073 	 -0.00049419
23.95 	 0.0834202 	 -0.000490097
23.975 	 0.0833333 	 -0.000486037
24 	 0.0832466 	 -0.000482012
24.025 	 0.0831601 	 -0.000478019
24.05 	 0.0830737 	 -0.00047406
24.075 	 0.0829875 	 -0.000470133
24.1 	 0.0829015 	 -0.000466239
24.125 	 0.0828157 	 -0.000462377
24.15 	 0.0827301 	 -0.000458546
24.175 	 0.0826446 	 -0.000454748
24.2 	 0.0825593 	 -0.000450981
24.225 	 0.0824742 	 -0.000447245
24.25 	 0.0823893 	 -0.00044354
24.275 	 0.0823045 	 -0.000439866
24.3 	 0.0822199 	 -0.000436222
24.325 	 0.0821355 	 -0.000432608
24.35 	 0.0820513 	 -0.000429024
24.375 	 0.0819672 	 -0.00042547
24.4 	 0.0818833 	 -0.000421945
24.425 	 0.0817996 	 -0.000418449
24.45 	 0.081716 	 -0.000414982
24.475 	 0.0816326 	 -0.000411544
24.5 	 0.0815494 	 -0.000408134
24.525 	 0.0814664 	 -0.000404753
24.55 	 0.0813835 	 -0.000401399
24.575 	 0.0813008 	 -0.000398073
24.6 	 0.0812183 	 -0.000394775
24.625 	 0.0811359 	 -0.000391504
24.65 	 0.0810537 	 -0.00038826
24.675 	 0.0809716 	 -0.000385043
24.7 	 0.0808898 	 -0.000381852
24.725 	 0.0808081 	 -0.000378688
24.75 	 0.0807265 	 -0.00037555
24.775 	 0.0806451 	 -0.000372438
24.8 	 0.0805639 	 -0.000369352
24.825 	 0.0804829 	 -0.000366291
24.85 	 0.080402 	 -0.000363256
24.875 	 0.0803213 	 -0.000360246
24.9 	 0.0802407 	 -0.00035726
24.925 	 0.0801603 	 -0.0003543
24.95 	 0.0800801 	 -0.000351364
24.975 	 0.08 	 -0.000348452
