0	100
200	100
400	100
600	99
800	100
1000	100
1200	100
1400	100
1600	100
1800	100
2000	100
2200	100
2400	100
2600	100
2800	100
3000	100
3200	100
3400	100
3600	100
3800	100
4000	100
4200	100
4400	100
4600	101
4800	100
5000	100
5200	100
5400	100
5600	100
5800	100
6000	100
6200	100
6400	100
6600	100
6800	100
7000	100
7200	100
7400	100
7600	100
7800	100
8000	100
8200	100
8400	100
8600	100
8800	100
9000	100
9200	100
9400	100
9600	100
9800	100
10000	100
10200	100
10400	100
10600	100
10800	100
11000	100
11200	100
11400	100
11600	100
11800	100
12000	100
12200	100
12400	100
12600	100
12800	100
13000	100
13200	100
13400	100
13600	100
13800	100
14000	100
14200	100
14400	100
14600	100
14800	100
15000	100
15200	100
15400	100
15600	100
15800	100
16000	100
16200	100
16400	100
16600	100
16800	100
17000	100
17200	100
17400	100
17600	100
17800	100
18000	100
18200	100
18400	100
18600	100
18800	100
19000	100
19200	100
19400	100
19600	100
19800	100
20000	100
20200	100
20400	100
20600	100
20800	100
21000	100
21200	100
21400	100
21600	100
21800	100
22000	100
22200	100
22400	100
22600	100
22800	100
23000	100
23200	100
23400	100
23600	100
23800	100
24000	100
24200	100
24400	100
24600	100
24800	100
25000	100
25200	100
25400	100
25600	100
25800	100
26000	100
26200	100
26400	100
26600	100
26800	100
27000	100
27200	100
27400	100
27600	100
27800	100
28000	100
28200	100
28400	100
28600	100
28800	100
29000	100
29200	100
29400	100
29600	100
29800	100
30000	100
30200	100
30400	100
30600	100
30800	100
31000	100
31200	100
31400	100
31600	100
31800	100
32000	100
32200	100
32400	100
32600	100
32800	100
33000	100
33200	100
33400	100
33600	100
33800	100
34000	100
34200	100
34400	100
34600	100
34800	100
35000	100
35200	100
35400	100
35600	100
35800	100
36000	100
36200	100
36400	100
36600	100
36800	100
37000	100
37200	100
37400	100
37600	100
37800	100
38000	100
38200	100
38400	100
38600	100
38800	100
39000	100
39200	100
39400	100
39600	100
39800	100
40000	100
40200	100
40400	100
40600	100
40800	100
41000	100
41200	100
41400	100
41600	100
41800	100
42000	100
42200	100
42400	100
42600	100
42800	100
43000	100
43200	100
43400	100
43600	100
43800	100
44000	100
44200	100
44400	100
44600	100
44800	100
45000	100
45200	100
45400	100
45600	100
45800	100
46000	100
46200	100
46400	100
46600	100
46800	100
47000	100
47200	100
47400	100
47600	100
47800	100
48000	100
48200	100
48400	100
48600	100
48800	100
49000	100
49200	100
49400	100
49600	100
49800	100
50000	102
50200	100
50400	100
50600	100
50800	100
51000	100
51200	100
51400	100
51600	100
51800	100
52000	100
52200	100
52400	100
52600	100
52800	100
53000	100
53200	100
53400	100
53600	100
53800	100
54000	100
54200	100
54400	100
54600	100
54800	100
55000	100
55200	100
55400	100
55600	100
55800	100
56000	100
56200	100
56400	100
56600	100
56800	100
57000	100
57200	100
57400	100
57600	100
57800	100
58000	100
58200	100
58400	100
58600	100
58800	100
59000	100
59200	100
59400	100
59600	100
59800	100
60000	100
60200	100
60400	100
60600	100
60800	100
61000	100
61200	100
61400	100
61600	100
61800	100
62000	100
62200	100
62400	100
62600	100
62800	100
63000	100
63200	100
63400	100
63600	100
63800	100
64000	100
64200	100
64400	100
64600	100
64800	100
65000	100
65200	100
65400	100
65600	100
65800	100
66000	100
66200	100
66400	100
66600	100
66800	100
67000	100
67200	100
67400	100
67600	100
67800	100
68000	100
68200	100
68400	100
68600	100
68800	100
69000	100
69200	100
69400	100
69600	100
69800	100
70000	100
70200	100
70400	100
70600	100
70800	100
71000	100
71200	100
71400	100
71600	100
71800	100
72000	100
72200	100
72400	100
72600	100
72800	100
73000	100
73200	100
73400	100
73600	100
73800	100
74000	100
74200	100
74400	100
74600	100
74800	100
75000	100
75200	100
75400	100
75600	100
75800	100
76000	100
76200	100
76400	100
76600	100
76800	100
77000	100
77200	100
77400	100
77600	100
77800	100
78000	100
78200	100
78400	100
78600	100
78800	100
79000	100
79200	100
79400	100
79600	100
79800	100
80000	100
80200	100
80400	100
80600	100
80800	100
81000	100
81200	100
81400	100
81600	100
81800	100
82000	100
82200	100
82400	100
82600	100
82800	100
83000	100
83200	100
83400	100
83600	100
83800	100
84000	100
84200	100
84400	100
84600	100
84800	100
85000	100
85200	100
85400	100
85600	100
85800	100
86000	100
86200	100
86400	100
86600	101
86800	100
87000	100
87200	100
87400	100
87600	100
87800	100
88000	100
88200	100
88400	100
88600	100
88800	100
89000	100
89200	100
89400	100
89600	100
89800	100
90000	100
90200	100
90400	100
90600	100
90800	100
91000	100
91200	100
91400	100
91600	100
91800	100
92000	100
92200	100
92400	100
92600	100
92800	100
93000	100
93200	100
93400	100
93600	100
93800	100
94000	100
94200	100
94400	100
94600	100
94800	100
95000	100
95200	100
95400	100
95600	100
95800	100
96000	100
96200	100
96400	100
96600	100
96800	100
97000	100
97200	100
97400	100
97600	100
97800	100
98000	100
98200	100
98400	100
98600	100
98800	100
99000	100
99200	100
99400	100
99600	100
99800	100
100000	100
100200	100
100400	100
100600	100
100800	100
101000	100
101200	100
101400	100
101600	100
101800	100
102000	100
102200	100
102400	100
102600	100
102800	100
103000	100
103200	100
103400	100
103600	100
103800	100
104000	100
104200	100
104400	100
104600	100
104800	100
105000	100
105200	100
105400	100
105600	100
105800	100
106000	100
106200	100
106400	100
106600	100
106800	100
107000	100
107200	100
107400	100
107600	100
107800	100
108000	100
108200	100
108400	100
108600	100
108800	100
109000	100
109200	100
109400	99
109600	100
109800	100
110000	100
110200	100
110400	100
110600	100
110800	100
111000	100
111200	100
111400	100
111600	100
111800	100
112000	100
112200	100
112400	100
112600	100
112800	100
113000	100
113200	100
113400	100
113600	100
113800	100
114000	100
114200	100
114400	100
114600	100
114800	100
115000	100
115200	100
115400	100
115600	100
115800	100
116000	100
116200	100
116400	100
116600	100
116800	100
117000	100
117200	100
117400	100
117600	100
117800	100
118000	100
118200	100
118400	100
118600	100
118800	100
119000	100
119200	100
119400	100
119600	100
119800	100
120000	100
120200	100
120400	100
120600	100
120800	100
121000	100
121200	100
121400	100
121600	100
121800	100
122000	100
122200	100
122400	100
122600	100
122800	100
123000	100
123200	100
123400	100
123600	100
123800	100
124000	100
124200	100
124400	100
124600	100
124800	100
125000	100
125200	100
125400	100
125600	100
125800	100
126000	100
126200	100
126400	100
126600	100
126800	100
127000	100
127200	100
127400	100
127600	100
127800	100
128000	100
128200	100
128400	100
128600	100
128800	100
129000	100
129200	100
129400	100
129600	100
129800	100
130000	100
130200	100
130400	100
130600	100
130800	100
131000	100
131200	100
131400	100
131600	100
131800	100
132000	100
132200	100
132400	100
132600	100
132800	100
133000	100
133200	100
133400	100
133600	100
133800	100
134000	100
134200	100
134400	100
134600	100
134800	100
135000	100
135200	100
135400	100
135600	100
135800	100
136000	100
136200	100
136400	100
136600	100
136800	100
137000	100
137200	100
137400	100
137600	100
137800	100
138000	100
138200	100
138400	100
138600	100
138800	100
139000	100
139200	100
139400	100
139600	100
139800	100
140000	100
140200	100
140400	100
140600	100
140800	100
141000	100
141200	100
141400	100
141600	100
141800	100
142000	100
142200	100
142400	100
142600	100
142800	100
143000	100
143200	100
143400	100
143600	100
143800	100
144000	100
144200	100
144400	100
144600	100
144800	100
145000	100
145200	100
145400	100
145600	100
145800	100
146000	100
146200	100
146400	100
146600	100
146800	100
147000	100
147200	100
147400	100
147600	100
147800	100
148000	100
148200	100
148400	100
148600	100
148800	100
149000	100
149200	100
149400	100
149600	100
149800	100
150000	100
150200	100
150400	100
150600	100
150800	100
151000	100
151200	100
151400	100
151600	100
151800	100
152000	100
152200	100
152400	100
152600	100
152800	100
153000	100
153200	100
153400	100
153600	100
153800	100
154000	100
154200	100
154400	100
154600	100
154800	100
155000	100
155200	100
155400	100
155600	100
155800	100
156000	100
156200	100
156400	100
156600	100
156800	100
157000	100
157200	100
157400	100
157600	100
157800	100
158000	100
158200	100
158400	100
158600	100
158800	100
159000	100
159200	100
159400	100
159600	100
159800	100
160000	100
160200	100
160400	100
160600	100
160800	100
161000	100
161200	100
161400	100
161600	100
161800	100
162000	100
162200	100
162400	100
162600	100
162800	100
163000	100
163200	100
163400	100
163600	100
163800	100
164000	100
164200	100
164400	100
164600	100
164800	100
165000	100
165200	100
165400	100
165600	100
165800	100
166000	100
166200	100
166400	100
166600	100
166800	100
167000	100
167200	100
167400	100
167600	100
167800	100
168000	100
168200	100
168400	100
168600	100
168800	100
169000	100
169200	100
169400	100
169600	100
169800	100
170000	100
170200	100
170400	100
170600	100
170800	100
171000	100
171200	100
171400	100
171600	100
171800	101
172000	100
172200	100
172400	100
172600	100
172800	100
173000	100
173200	100
173400	100
173600	100
173800	100
174000	100
174200	100
174400	100
174600	100
174800	100
175000	100
175200	100
175400	100
175600	100
175800	100
176000	100
176200	100
176400	100
176600	100
176800	100
177000	100
177200	100
177400	100
177600	100
177800	100
178000	100
178200	100
178400	100
178600	100
178800	100
179000	100
179200	100
179400	100
179600	100
179800	100
180000	100
180200	100
180400	100
180600	100
180800	100
181000	100
181200	100
181400	100
181600	100
181800	100
182000	100
182200	100
182400	100
182600	100
182800	100
183000	100
183200	100
183400	100
183600	100
183800	100
184000	100
184200	100
184400	100
184600	100
184800	100
185000	100
185200	100
185400	100
185600	100
185800	100
186000	100
186200	100
186400	100
186600	100
186800	100
187000	100
187200	100
187400	100
187600	100
187800	100
188000	100
188200	100
188400	100
188600	100
188800	100
189000	100
189200	100
189400	100
189600	100
189800	100
190000	100
190200	100
190400	100
190600	100
190800	100
191000	100
191200	100
191400	100
191600	100
191800	100
192000	100
192200	100
192400	100
192600	100
192800	100
193000	100
193200	100
193400	100
193600	100
193800	100
194000	100
194200	100
194400	100
194600	100
194800	100
195000	100
195200	100
195400	100
195600	100
195800	100
196000	100
196200	100
196400	100
196600	100
196800	100
197000	100
197200	100
197400	100
197600	100
197800	100
198000	100
198200	100
198400	100
198600	100
198800	100
199000	100
199200	100
199400	100
199600	100
199800	100
200000	100
200200	100
200400	100
200600	100
200800	100
201000	100
201200	100
201400	100
201600	100
201800	100
202000	100
202200	100
202400	100
202600	100
202800	100
203000	100
203200	100
203400	100
203600	100
203800	100
204000	100
204200	100
204400	100
204600	100
204800	100
205000	100
205200	100
205400	100
205600	100
205800	100
206000	100
206200	100
206400	100
206600	100
206800	100
207000	100
207200	100
207400	100
207600	100
207800	100
208000	100
208200	100
208400	100
208600	100
208800	100
209000	100
209200	100
209400	100
209600	100
209800	100
210000	100
210200	100
210400	100
210600	100
210800	100
211000	100
211200	100
211400	100
211600	100
211800	100
212000	100
212200	100
212400	100
212600	100
212800	100
213000	100
213200	100
213400	100
213600	100
213800	100
214000	100
214200	100
214400	100
214600	100
214800	100
215000	100
215200	100
215400	100
215600	100
215800	100
216000	100
216200	100
216400	100
216600	100
216800	100
217000	100
217200	100
217400	100
217600	100
217800	100
218000	100
218200	100
218400	100
218600	100
218800	100
219000	100
219200	100
219400	100
219600	100
219800	100
220000	100
220200	100
220400	100
220600	100
220800	100
221000	100
221200	100
221400	100
221600	100
221800	100
222000	100
222200	100
222400	100
222600	100
222800	100
223000	100
223200	100
223400	100
223600	100
223800	100
224000	100
224200	100
224400	100
224600	100
224800	100
225000	100
225200	100
225400	100
225600	100
225800	100
226000	100
226200	100
226400	100
226600	100
226800	100
227000	100
227200	100
227400	100
227600	100
227800	100
228000	100
228200	100
228400	100
228600	100
228800	100
229000	100
229200	100
229400	100
229600	100
229800	100
230000	100
230200	100
230400	100
230600	100
230800	100
231000	100
231200	100
231400	100
231600	100
231800	100
232000	100
232200	100
232400	100
232600	100
232800	100
233000	100
233200	100
233400	100
233600	100
233800	100
234000	100
234200	100
234400	100
234600	101
234800	100
235000	100
235200	100
235400	100
235600	100
235800	100
236000	100
236200	100
236400	100
236600	100
236800	100
237000	100
237200	100
237400	100
237600	100
237800	100
238000	100
238200	100
238400	100
238600	100
238800	100
239000	100
239200	100
239400	100
239600	100
239800	100
240000	100
240200	100
240400	100
240600	100
240800	100
241000	100
241200	100
241400	100
241600	100
241800	100
242000	100
242200	100
242400	100
242600	100
242800	100
243000	100
243200	100
243400	100
243600	100
243800	100
244000	100
244200	100
244400	100
244600	100
244800	100
245000	100
245200	100
245400	100
245600	100
245800	100
246000	100
246200	100
246400	100
246600	100
246800	100
247000	100
247200	100
247400	100
247600	100
247800	100
248000	100
248200	100
248400	100
248600	100
248800	100
249000	100
249200	100
249400	100
249600	100
249800	100
250000	100
250200	100
250400	100
250600	100
250800	100
251000	100
251200	100
251400	100
251600	100
251800	100
252000	100
252200	100
252400	100
252600	100
252800	100
253000	100
253200	100
253400	100
253600	100
253800	100
254000	100
254200	100
254400	100
254600	100
254800	100
255000	100
255200	100
255400	100
255600	100
255800	100
256000	100
256200	100
256400	100
256600	100
256800	100
257000	100
257200	100
257400	100
257600	100
257800	100
258000	101
258200	100
258400	100
258600	100
258800	100
259000	100
259200	100
259400	100
259600	100
259800	100
260000	100
260200	100
260400	100
260600	100
260800	100
261000	100
261200	100
261400	100
261600	100
261800	100
262000	100
262200	100
262400	100
262600	100
262800	100
263000	100
263200	100
263400	100
263600	100
263800	100
264000	100
264200	100
264400	100
264600	100
264800	100
265000	100
265200	100
265400	100
265600	100
265800	100
266000	100
266200	100
266400	100
266600	99
266800	100
267000	100
267200	100
267400	100
267600	100
267800	100
268000	100
268200	100
268400	100
268600	100
268800	100
269000	100
269200	100
269400	100
269600	100
269800	100
270000	100
270200	100
270400	100
270600	100
270800	100
271000	100
271200	100
271400	100
271600	100
271800	100
272000	100
272200	100
272400	100
272600	100
272800	100
273000	100
273200	100
273400	100
273600	100
273800	100
274000	100
274200	100
274400	100
274600	100
274800	100
275000	100
275200	100
275400	100
275600	100
275800	100
276000	100
276200	100
276400	100
276600	100
276800	100
277000	100
277200	100
277400	100
277600	100
277800	100
278000	100
278200	100
278400	100
278600	100
278800	100
279000	100
279200	100
279400	100
279600	100
279800	100
280000	100
280200	100
280400	100
280600	100
280800	100
281000	100
281200	100
281400	100
281600	100
281800	100
282000	100
282200	100
282400	100
282600	100
282800	100
283000	100
283200	100
283400	100
283600	100
283800	100
284000	100
284200	100
284400	100
284600	100
284800	100
285000	100
285200	100
285400	100
285600	100
285800	100
286000	100
286200	100
286400	100
286600	100
286800	100
287000	100
287200	100
287400	100
287600	100
287800	100
288000	100
288200	100
288400	100
288600	100
288800	100
289000	100
289200	100
289400	100
289600	100
289800	100
290000	100
290200	100
290400	100
290600	100
290800	100
291000	100
291200	100
291400	100
291600	100
291800	100
292000	100
292200	100
292400	100
292600	100
292800	100
293000	100
293200	100
293400	100
293600	100
293800	100
294000	100
294200	100
294400	100
294600	100
294800	100
295000	100
295200	100
295400	100
295600	100
295800	100
296000	100
296200	100
296400	100
296600	100
296800	100
297000	100
297200	100
297400	100
297600	100
297800	100
298000	100
298200	100
298400	100
298600	100
298800	100
299000	100
299200	100
299400	100
299600	100
299800	100
300000	100
300200	100
300400	100
300600	100
300800	100
301000	100
301200	100
301400	100
301600	100
301800	100
302000	100
302200	100
302400	100
302600	100
302800	100
303000	100
303200	100
303400	100
303600	100
303800	100
304000	100
304200	100
304400	100
304600	100
304800	100
305000	100
305200	100
305400	100
305600	100
305800	100
306000	100
306200	100
306400	100
306600	100
306800	100
307000	100
307200	100
307400	100
307600	100
307800	100
308000	100
308200	100
308400	100
308600	100
308800	100
309000	100
309200	100
309400	100
309600	100
309800	100
310000	100
310200	100
310400	100
310600	100
310800	100
311000	100
311200	100
311400	100
311600	100
311800	100
312000	100
312200	100
312400	100
312600	100
312800	100
313000	100
313200	100
313400	100
313600	100
313800	100
314000	100
314200	100
314400	100
314600	100
314800	100
315000	100
315200	100
315400	100
315600	100
315800	100
316000	100
316200	100
316400	100
316600	100
316800	100
317000	100
317200	100
317400	100
317600	100
317800	100
318000	100
318200	100
318400	100
318600	100
318800	100
319000	100
319200	100
319400	100
319600	100
319800	100
320000	100
320200	100
320400	100
320600	100
320800	100
321000	100
321200	100
321400	100
321600	100
321800	100
322000	100
322200	100
322400	100
322600	100
322800	100
323000	100
323200	100
323400	100
323600	100
323800	100
324000	100
324200	100
324400	100
324600	100
324800	100
325000	100
325200	100
325400	100
325600	100
325800	100
326000	100
326200	100
326400	100
326600	100
326800	100
327000	100
327200	100
327400	100
327600	100
327800	100
328000	100
328200	100
328400	100
328600	100
328800	100
329000	100
329200	100
329400	100
329600	100
329800	100
330000	100
330200	100
330400	100
330600	100
330800	100
331000	100
331200	100
331400	100
331600	100
331800	100
332000	100
332200	100
332400	100
332600	100
332800	100
333000	100
333200	100
333400	100
333600	100
333800	100
334000	100
334200	100
334400	100
334600	100
334800	100
335000	100
335200	100
335400	100
335600	100
335800	100
336000	100
336200	100
336400	100
336600	100
336800	100
337000	100
337200	100
337400	100
337600	100
337800	100
338000	100
338200	100
338400	100
338600	100
338800	100
339000	100
339200	100
339400	100
339600	101
339800	100
340000	100
340200	100
340400	100
340600	100
340800	100
341000	100
341200	100
341400	100
341600	100
341800	100
342000	100
342200	100
342400	100
342600	100
342800	100
343000	100
343200	100
343400	100
343600	100
343800	100
344000	100
344200	100
344400	100
344600	100
344800	100
345000	99
345200	100
345400	100
345600	100
345800	100
346000	100
346200	100
346400	100
346600	100
346800	100
347000	100
347200	100
347400	100
347600	100
347800	100
348000	100
348200	100
348400	100
348600	100
348800	100
349000	100
349200	100
349400	100
349600	100
349800	100
350000	100
350200	100
350400	100
350600	100
350800	100
351000	100
351200	100
351400	100
351600	100
351800	100
352000	100
352200	100
352400	100
352600	100
352800	100
353000	100
353200	100
353400	100
353600	100
353800	100
354000	100
354200	100
354400	100
354600	100
354800	100
355000	100
355200	100
355400	100
355600	100
355800	100
356000	100
356200	100
356400	100
356600	100
356800	100
357000	100
357200	100
357400	100
357600	100
357800	100
358000	100
358200	100
358400	100
358600	100
358800	100
359000	100
359200	100
359400	100
359600	100
359800	100
360000	100
360200	100
360400	100
360600	100
360800	100
361000	100
361200	100
361400	100
361600	100
361800	100
362000	100
362200	100
362400	100
362600	100
362800	100
363000	100
363200	100
363400	100
363600	100
363800	100
364000	100
364200	100
364400	100
364600	100
364800	100
365000	100
365200	100
365400	100
365600	100
365800	100
366000	100
366200	100
366400	100
366600	100
366800	100
367000	100
367200	100
367400	100
367600	100
367800	100
368000	100
368200	100
368400	100
368600	100
368800	100
369000	100
369200	100
369400	100
369600	100
369800	100
370000	100
370200	100
370400	100
370600	100
370800	100
371000	100
371200	100
371400	100
371600	100
371800	100
372000	100
372200	100
372400	100
372600	100
372800	100
373000	100
373200	100
373400	100
373600	100
373800	100
374000	100
374200	100
374400	100
374600	100
374800	100
375000	100
375200	100
375400	100
375600	100
375800	100
376000	100
376200	100
376400	100
376600	100
376800	100
377000	100
377200	100
377400	100
377600	100
377800	100
378000	100
378200	100
378400	100
378600	100
378800	100
379000	100
379200	100
379400	100
379600	100
379800	100
380000	100
380200	100
380400	100
380600	100
380800	100
381000	100
381200	100
381400	100
381600	100
381800	100
382000	100
382200	100
382400	100
382600	100
382800	100
383000	100
383200	101
383400	100
383600	100
383800	100
384000	100
384200	100
384400	100
384600	100
384800	100
385000	100
385200	100
385400	100
385600	100
385800	100
386000	100
386200	100
386400	100
386600	100
386800	100
387000	100
387200	100
387400	100
387600	100
387800	100
388000	100
388200	100
388400	100
388600	100
388800	100
389000	100
389200	100
389400	100
389600	100
389800	100
390000	100
390200	100
390400	100
390600	100
390800	100
391000	100
391200	100
391400	100
391600	100
391800	100
392000	100
392200	100
392400	100
392600	100
392800	100
393000	100
393200	100
393400	100
393600	100
393800	100
394000	100
394200	100
394400	100
394600	100
394800	100
395000	100
395200	100
395400	100
395600	100
395800	100
396000	100
396200	100
396400	100
396600	100
396800	100
397000	100
397200	100
397400	100
397600	100
397800	100
398000	100
398200	100
398400	100
398600	100
398800	100
399000	100
399200	100
399400	100
399600	100
399800	100
400000	100
400200	100
400400	100
400600	100
400800	100
401000	100
401200	100
401400	100
401600	100
401800	100
402000	100
402200	100
402400	100
402600	100
402800	100
403000	100
403200	100
403400	100
403600	100
403800	100
404000	100
404200	100
404400	100
404600	100
404800	100
405000	100
405200	100
405400	100
405600	100
405800	100
406000	100
406200	100
406400	100
406600	100
406800	100
407000	100
407200	100
407400	100
407600	100
407800	100
408000	100
408200	100
408400	100
408600	100
408800	100
409000	100
409200	100
409400	100
409600	100
409800	100
410000	100
410200	100
410400	100
410600	100
410800	100
411000	100
411200	100
411400	100
411600	100
411800	100
412000	100
412200	100
412400	100
412600	100
412800	100
413000	100
413200	100
413400	100
413600	100
413800	100
414000	101
414200	100
414400	100
414600	100
414800	100
415000	100
415200	100
415400	100
415600	100
415800	100
416000	100
416200	100
416400	100
416600	100
416800	100
417000	100
417200	100
417400	100
417600	100
417800	100
418000	100
418200	100
418400	100
418600	100
418800	100
419000	100
419200	100
419400	100
419600	100
419800	100
420000	100
420200	100
420400	100
420600	100
420800	100
421000	100
421200	100
421400	100
421600	100
421800	100
422000	100
422200	100
422400	100
422600	100
422800	100
423000	100
423200	100
423400	100
423600	100
423800	100
424000	100
424200	100
424400	100
424600	100
424800	100
425000	100
425200	100
425400	100
425600	100
425800	100
426000	100
426200	100
426400	100
426600	100
426800	100
427000	100
427200	100
427400	100
427600	100
427800	100
428000	100
428200	100
428400	100
428600	100
428800	100
429000	100
429200	100
429400	100
429600	100
429800	100
430000	100
430200	100
430400	100
430600	100
430800	100
431000	100
431200	100
431400	100
431600	100
431800	100
432000	100
432200	100
432400	100
432600	99
432800	100
433000	100
433200	100
433400	100
433600	100
433800	100
434000	100
434200	100
434400	100
434600	100
434800	100
435000	100
435200	100
435400	100
435600	100
435800	100
436000	100
436200	100
436400	100
436600	100
436800	100
437000	100
437200	100
437400	100
437600	100
437800	100
438000	100
438200	100
438400	100
438600	100
438800	100
439000	100
439200	100
439400	100
439600	100
439800	100
440000	100
440200	100
440400	100
440600	100
440800	100
441000	100
441200	100
441400	100
441600	100
441800	100
442000	100
442200	100
442400	100
442600	100
442800	100
443000	100
443200	100
443400	100
443600	100
443800	100
444000	100
444200	100
444400	100
444600	100
444800	100
445000	100
445200	100
445400	100
445600	100
445800	100
446000	100
446200	100
446400	100
446600	100
446800	100
447000	100
447200	100
447400	100
447600	100
447800	100
448000	100
448200	100
448400	100
448600	100
448800	100
449000	100
449200	100
449400	100
449600	100
449800	100
450000	100
450200	100
450400	100
450600	100
450800	100
451000	100
451200	100
451400	100
451600	100
451800	100
452000	100
452200	100
452400	100
452600	100
452800	100
453000	100
453200	100
453400	100
453600	100
453800	100
454000	100
454200	100
454400	100
454600	100
454800	100
455000	100
455200	100
455400	100
455600	100
455800	100
456000	100
456200	100
456400	100
456600	100
456800	100
457000	100
457200	100
457400	100
457600	100
457800	100
458000	100
458200	100
458400	100
458600	100
458800	100
459000	100
459200	100
459400	100
459600	100
459800	100
460000	100
460200	100
460400	100
460600	100
460800	100
461000	100
461200	100
461400	100
461600	100
461800	100
462000	100
462200	100
462400	100
462600	100
462800	100
463000	100
463200	100
463400	100
463600	100
463800	100
464000	100
464200	100
464400	100
464600	100
464800	100
465000	100
465200	100
465400	100
465600	100
465800	100
466000	100
466200	100
466400	100
466600	100
466800	100
467000	100
467200	100
467400	100
467600	100
467800	100
468000	100
468200	100
468400	100
468600	100
468800	100
469000	100
469200	100
469400	100
469600	100
469800	100
470000	100
470200	100
470400	100
470600	100
470800	100
471000	100
471200	100
471400	100
471600	100
471800	100
472000	100
472200	100
472400	100
472600	100
472800	100
473000	100
473200	100
473400	100
473600	100
473800	100
474000	100
474200	100
474400	100
474600	100
474800	100
475000	100
475200	100
475400	100
475600	100
475800	100
476000	100
476200	100
476400	100
476600	100
476800	100
477000	100
477200	100
477400	100
477600	100
477800	100
478000	100
478200	100
478400	100
478600	100
478800	100
479000	100
479200	100
479400	100
479600	100
479800	100
480000	100
480200	100
480400	100
480600	100
480800	100
481000	100
481200	100
481400	100
481600	100
481800	100
482000	100
482200	100
482400	100
482600	100
482800	100
483000	100
483200	100
483400	100
483600	100
483800	100
484000	100
484200	100
484400	100
484600	100
484800	100
485000	100
485200	100
485400	100
485600	100
485800	100
486000	100
486200	100
486400	100
486600	100
486800	100
487000	100
487200	100
487400	100
487600	100
487800	100
488000	100
488200	100
488400	100
488600	100
488800	100
489000	100
489200	100
489400	100
489600	100
489800	100
490000	100
490200	100
490400	100
490600	100
490800	100
491000	100
491200	100
491400	100
491600	100
491800	100
492000	100
492200	100
492400	100
492600	100
492800	100
493000	100
493200	100
493400	100
493600	100
493800	100
494000	100
494200	100
494400	100
494600	100
494800	100
495000	100
495200	100
495400	100
495600	100
495800	100
496000	100
496200	100
496400	100
496600	100
496800	100
497000	100
497200	100
497400	100
497600	100
497800	100
498000	100
498200	100
498400	100
498600	100
498800	100
499000	100
499200	100
499400	100
499600	100
499800	100
500000	100
500200	100
500400	100
500600	100
500800	100
501000	100
501200	100
501400	100
501600	100
501800	100
502000	100
502200	100
502400	100
502600	100
502800	100
503000	100
503200	100
503400	100
503600	100
503800	100
504000	100
504200	100
504400	100
504600	100
504800	100
505000	100
505200	100
505400	100
505600	100
505800	100
506000	100
506200	100
506400	100
506600	100
506800	100
507000	100
507200	100
507400	100
507600	100
507800	100
508000	100
508200	103
508400	100
508600	100
508800	100
509000	100
509200	100
509400	100
509600	100
509800	100
510000	100
510200	100
510400	100
510600	100
510800	100
511000	100
511200	100
511400	100
511600	100
511800	100
512000	100
512200	100
512400	100
512600	100
512800	100
513000	100
513200	100
513400	100
513600	100
513800	100
514000	100
514200	100
514400	100
514600	100
514800	100
515000	100
515200	100
515400	100
515600	100
515800	100
516000	100
516200	100
516400	100
516600	100
516800	100
517000	100
517200	100
517400	100
517600	100
517800	100
518000	100
518200	99
518400	100
518600	100
518800	100
519000	100
519200	100
519400	100
519600	100
519800	100
520000	100
520200	100
520400	100
520600	100
520800	100
521000	100
521200	100
521400	100
521600	100
521800	100
522000	100
522200	100
522400	100
522600	100
522800	100
523000	100
523200	100
523400	100
523600	100
523800	100
524000	100
524200	100
524400	100
524600	100
524800	100
525000	100
525200	100
525400	100
525600	100
525800	100
526000	100
526200	100
526400	100
526600	100
526800	100
527000	100
527200	100
527400	100
527600	100
527800	100
528000	100
528200	100
528400	100
528600	100
528800	100
529000	100
529200	100
529400	100
529600	100
529800	100
530000	100
530200	100
530400	100
530600	100
530800	100
531000	100
531200	100
531400	100
531600	100
531800	100
532000	100
532200	100
532400	100
532600	100
532800	100
533000	100
533200	100
533400	100
533600	100
533800	100
534000	100
534200	100
534400	100
534600	100
534800	100
535000	100
535200	100
535400	100
535600	100
535800	100
536000	100
536200	100
536400	100
536600	100
536800	100
537000	100
537200	100
537400	100
537600	100
537800	100
538000	100
538200	100
538400	100
538600	100
538800	100
539000	100
539200	100
539400	100
539600	100
539800	100
540000	100
540200	100
540400	100
540600	100
540800	100
541000	100
541200	100
541400	100
541600	100
541800	100
542000	100
542200	100
542400	100
542600	100
542800	100
543000	100
543200	100
543400	100
543600	100
543800	100
544000	100
544200	100
544400	100
544600	100
544800	100
545000	100
545200	100
545400	100
545600	100
545800	100
546000	100
546200	100
546400	100
546600	100
546800	100
547000	100
547200	100
547400	100
547600	100
547800	100
548000	100
548200	100
548400	100
548600	100
548800	100
549000	100
549200	100
549400	100
549600	100
549800	100
550000	100
550200	100
550400	100
550600	100
550800	100
551000	100
551200	99
551400	100
551600	100
551800	100
552000	100
552200	100
552400	100
552600	100
552800	100
553000	100
553200	100
553400	100
553600	100
553800	100
554000	100
554200	100
554400	100
554600	100
554800	100
555000	100
555200	100
555400	100
555600	100
555800	100
556000	100
556200	100
556400	100
556600	100
556800	100
557000	100
557200	100
557400	100
557600	100
557800	100
558000	100
558200	100
558400	100
558600	100
558800	100
559000	100
559200	100
559400	100
559600	100
559800	100
560000	100
560200	100
560400	100
560600	100
560800	100
561000	100
561200	100
561400	100
561600	100
561800	100
562000	100
562200	100
562400	100
562600	100
562800	100
563000	100
563200	100
563400	100
563600	100
563800	100
564000	100
564200	100
564400	100
564600	100
564800	100
565000	100
565200	100
565400	100
565600	100
565800	100
566000	100
566200	100
566400	100
566600	100
566800	100
567000	100
567200	100
567400	100
567600	100
567800	100
568000	100
568200	100
568400	100
568600	100
568800	100
569000	100
569200	100
569400	100
569600	100
569800	100
570000	100
570200	100
570400	100
570600	100
570800	100
571000	100
571200	100
571400	100
571600	100
571800	100
572000	100
572200	100
572400	100
572600	100
572800	100
573000	100
573200	100
573400	100
573600	100
573800	100
574000	100
574200	100
574400	100
574600	100
574800	100
575000	100
575200	100
575400	100
575600	100
575800	100
576000	100
576200	100
576400	100
576600	100
576800	100
577000	100
577200	100
577400	100
577600	100
577800	100
578000	100
578200	100
578400	100
578600	100
578800	100
579000	100
579200	100
579400	100
579600	100
579800	100
580000	100
580200	99
580400	100
580600	100
580800	100
581000	100
581200	100
581400	100
581600	100
581800	100
582000	100
582200	100
582400	100
582600	100
582800	100
583000	100
583200	100
583400	100
583600	100
583800	100
584000	100
584200	100
584400	100
584600	100
584800	100
585000	100
585200	100
585400	100
585600	100
585800	100
586000	100
586200	100
586400	100
586600	100
586800	100
587000	100
587200	100
587400	100
587600	100
587800	100
588000	100
588200	100
588400	100
588600	100
588800	100
589000	100
589200	100
589400	100
589600	100
589800	100
590000	100
590200	100
590400	100
590600	100
590800	100
591000	100
591200	100
591400	100
591600	100
591800	100
592000	100
592200	100
592400	100
592600	100
592800	100
593000	100
593200	100
593400	100
593600	100
593800	100
594000	100
594200	100
594400	100
594600	100
594800	100
595000	100
595200	100
595400	100
595600	100
595800	100
596000	100
596200	100
596400	100
596600	100
596800	100
597000	100
597200	100
597400	100
597600	100
597800	100
598000	100
598200	100
598400	100
598600	100
598800	100
599000	100
599200	100
599400	100
599600	100
599800	100
600000	100
600200	100
600400	100
600600	100
600800	100
601000	100
601200	100
601400	100
601600	100
601800	100
602000	100
602200	100
602400	100
602600	100
602800	100
603000	100
603200	100
603400	100
603600	100
603800	100
604000	100
604200	100
604400	100
604600	100
604800	100
605000	100
605200	100
605400	100
605600	100
605800	100
606000	100
606200	100
606400	100
606600	100
606800	100
607000	100
607200	100
607400	100
607600	100
607800	100
608000	100
608200	100
608400	100
608600	100
608800	100
609000	100
609200	100
609400	100
609600	100
609800	100
610000	100
610200	100
610400	100
610600	100
610800	100
611000	100
611200	100
611400	100
611600	100
611800	100
612000	100
612200	100
612400	100
612600	100
612800	100
613000	100
613200	100
613400	100
613600	100
613800	100
614000	100
614200	100
614400	100
614600	100
614800	100
615000	100
615200	100
615400	100
615600	100
615800	100
616000	100
616200	100
616400	100
616600	100
616800	100
617000	100
617200	100
617400	100
617600	100
617800	100
618000	100
618200	100
618400	100
618600	100
618800	100
619000	100
619200	100
619400	100
619600	100
619800	100
620000	100
620200	100
620400	100
620600	100
620800	100
621000	100
621200	100
621400	100
621600	100
621800	100
622000	100
622200	100
622400	100
622600	100
622800	100
623000	100
623200	100
623400	100
623600	100
623800	100
624000	100
624200	100
624400	100
624600	100
624800	100
625000	100
625200	100
625400	100
625600	100
625800	100
626000	100
626200	100
626400	100
626600	100
626800	100
627000	100
627200	100
627400	100
627600	100
627800	100
628000	100
628200	100
628400	100
628600	100
628800	100
629000	100
629200	100
629400	100
629600	100
629800	100
630000	100
630200	100
630400	100
630600	100
630800	100
631000	100
631200	100
631400	100
631600	100
631800	100
632000	100
632200	100
632400	100
632600	100
632800	100
633000	100
633200	100
633400	100
633600	100
633800	100
634000	100
634200	100
634400	100
634600	100
634800	100
635000	100
635200	100
635400	100
635600	100
635800	100
636000	100
636200	100
636400	100
636600	100
636800	100
637000	100
637200	100
637400	100
637600	100
637800	100
638000	100
638200	100
638400	100
638600	100
638800	100
639000	100
639200	100
639400	100
639600	100
639800	100
640000	100
640200	100
640400	100
640600	100
640800	100
641000	100
641200	100
641400	100
641600	100
641800	100
642000	100
642200	100
642400	100
642600	100
642800	100
643000	100
643200	100
643400	100
643600	100
643800	100
644000	100
644200	100
644400	100
644600	100
644800	100
645000	100
645200	100
645400	100
645600	100
645800	100
646000	100
646200	100
646400	100
646600	100
646800	100
647000	100
647200	100
647400	100
647600	100
647800	100
648000	100
648200	100
648400	100
648600	100
648800	100
649000	100
649200	100
649400	100
649600	100
649800	100
650000	100
650200	100
650400	100
650600	100
650800	100
651000	100
651200	100
651400	100
651600	100
651800	100
652000	100
652200	100
652400	100
652600	100
652800	100
653000	100
653200	100
653400	100
653600	100
653800	100
654000	100
654200	100
654400	100
654600	100
654800	100
655000	100
655200	100
655400	100
655600	100
655800	100
656000	100
656200	100
656400	100
656600	100
656800	100
657000	100
657200	100
657400	100
657600	100
657800	100
658000	100
658200	100
658400	100
658600	100
658800	100
659000	100
659200	100
659400	100
659600	100
659800	100
660000	100
660200	100
660400	100
660600	100
660800	100
661000	100
661200	100
661400	100
661600	100
661800	100
662000	100
662200	100
662400	100
662600	100
662800	100
663000	100
663200	100
663400	100
663600	100
663800	100
664000	100
664200	100
664400	100
664600	100
664800	100
665000	100
665200	100
665400	100
665600	100
665800	100
666000	100
666200	100
666400	100
666600	100
666800	100
667000	100
667200	100
667400	100
667600	100
667800	100
668000	100
668200	100
668400	100
668600	100
668800	100
669000	100
669200	100
669400	100
669600	100
669800	100
670000	100
670200	100
670400	100
670600	100
670800	100
671000	100
671200	100
671400	100
671600	100
671800	100
672000	100
672200	100
672400	100
672600	100
672800	100
673000	100
673200	100
673400	100
673600	100
673800	100
674000	100
674200	100
674400	100
674600	100
674800	100
675000	100
675200	100
675400	100
675600	100
675800	100
676000	100
676200	100
676400	100
676600	100
676800	100
677000	100
677200	100
677400	100
677600	100
677800	100
678000	100
678200	100
678400	100
678600	100
678800	100
679000	100
679200	100
679400	100
679600	100
679800	100
680000	100
680200	100
680400	100
680600	100
680800	100
681000	100
681200	100
681400	100
681600	100
681800	100
682000	100
682200	100
682400	100
682600	100
682800	100
683000	100
683200	100
683400	100
683600	100
683800	100
684000	100
684200	100
684400	100
684600	100
684800	100
685000	100
685200	100
685400	100
685600	100
685800	100
686000	100
686200	100
686400	100
686600	100
686800	100
687000	100
687200	100
687400	100
687600	100
687800	100
688000	100
688200	100
688400	100
688600	100
688800	100
689000	100
689200	100
689400	100
689600	100
689800	100
690000	100
690200	100
690400	100
690600	100
690800	100
691000	100
691200	100
691400	100
691600	100
691800	100
692000	100
692200	100
692400	100
692600	101
692800	100
693000	100
693200	100
693400	100
693600	100
693800	100
694000	100
694200	100
694400	100
694600	100
694800	100
695000	100
695200	100
695400	100
695600	100
695800	100
696000	100
696200	100
696400	100
696600	100
696800	100
697000	100
697200	100
697400	100
697600	100
697800	100
698000	100
698200	100
698400	100
698600	100
698800	100
699000	100
699200	100
699400	100
699600	100
699800	100
700000	100
700200	100
700400	100
700600	100
700800	100
701000	100
701200	100
701400	100
701600	100
701800	100
702000	100
702200	100
702400	100
702600	100
702800	100
703000	100
703200	100
703400	100
703600	100
703800	100
704000	100
704200	100
704400	100
704600	100
704800	100
705000	100
705200	100
705400	100
705600	100
705800	100
706000	100
706200	100
706400	100
706600	100
706800	100
707000	100
707200	100
707400	100
707600	100
707800	100
708000	100
708200	100
708400	100
708600	100
708800	100
709000	100
709200	100
709400	100
709600	100
709800	100
710000	100
710200	100
710400	100
710600	100
710800	100
711000	100
711200	100
711400	100
711600	99
711800	100
712000	100
712200	100
712400	100
712600	100
712800	100
713000	100
713200	100
713400	100
713600	100
713800	100
714000	100
714200	100
714400	100
714600	100
714800	100
715000	100
715200	100
715400	100
715600	100
715800	100
716000	100
716200	100
716400	100
716600	100
716800	100
717000	100
717200	100
717400	100
717600	100
717800	100
718000	100
718200	100
718400	100
718600	100
718800	100
719000	100
719200	100
719400	100
719600	100
719800	100
720000	100
720200	100
720400	100
720600	100
720800	100
721000	100
721200	100
721400	100
721600	100
721800	100
722000	100
722200	100
722400	100
722600	100
722800	100
723000	100
723200	100
723400	100
723600	100
723800	100
724000	100
724200	100
724400	100
724600	100
724800	100
725000	100
725200	100
725400	100
725600	100
725800	100
726000	100
726200	100
726400	100
726600	100
726800	100
727000	100
727200	100
727400	100
727600	100
727800	100
728000	100
728200	100
728400	100
728600	100
728800	100
729000	100
729200	100
729400	100
729600	100
729800	100
730000	100
730200	100
730400	100
730600	100
730800	100
731000	100
731200	100
731400	100
731600	100
731800	100
732000	100
732200	100
732400	100
732600	100
732800	100
733000	100
733200	100
733400	100
733600	100
733800	100
734000	100
734200	100
734400	100
734600	100
734800	100
735000	100
735200	100
735400	100
735600	100
735800	100
736000	100
736200	100
736400	100
736600	100
736800	100
737000	100
737200	100
737400	100
737600	100
737800	100
738000	100
738200	100
738400	100
738600	100
738800	100
739000	100
739200	100
739400	100
739600	100
739800	100
740000	100
740200	100
740400	100
740600	100
740800	100
741000	100
741200	100
741400	100
741600	100
741800	100
742000	100
742200	100
742400	100
742600	100
742800	100
743000	100
743200	100
743400	100
743600	100
743800	100
744000	100
744200	100
744400	100
744600	100
744800	100
745000	100
745200	100
745400	100
745600	100
745800	100
746000	100
746200	100
746400	100
746600	100
746800	100
747000	100
747200	100
747400	100
747600	100
747800	100
748000	100
748200	100
748400	100
748600	100
748800	100
749000	100
749200	100
749400	100
749600	100
749800	100
750000	100
750200	100
750400	100
750600	100
750800	100
751000	100
751200	100
751400	100
751600	100
751800	100
752000	100
752200	100
752400	100
752600	100
752800	100
753000	100
753200	100
753400	100
753600	100
753800	100
754000	100
754200	100
754400	100
754600	100
754800	100
755000	100
755200	100
755400	100
755600	100
755800	100
756000	100
756200	100
756400	100
756600	100
756800	100
757000	100
757200	100
757400	100
757600	100
757800	100
758000	100
758200	100
758400	100
758600	100
758800	100
759000	100
759200	100
759400	100
759600	100
759800	100
760000	100
760200	100
760400	100
760600	100
760800	100
761000	100
761200	100
761400	100
761600	100
761800	100
762000	100
762200	100
762400	100
762600	100
762800	99
763000	100
763200	100
763400	100
763600	100
763800	100
764000	100
764200	100
764400	100
764600	100
764800	100
765000	100
765200	100
765400	100
765600	100
765800	100
766000	100
766200	100
766400	100
766600	100
766800	100
767000	100
767200	100
767400	100
767600	100
767800	100
768000	100
768200	100
768400	100
768600	100
768800	100
769000	100
769200	100
769400	100
769600	100
769800	100
770000	100
770200	100
770400	100
770600	100
770800	100
771000	100
771200	100
771400	100
771600	100
771800	100
772000	100
772200	100
772400	100
772600	100
772800	100
773000	100
773200	100
773400	100
773600	100
773800	100
774000	100
774200	100
774400	100
774600	100
774800	100
775000	100
775200	100
775400	100
775600	100
775800	100
776000	100
776200	100
776400	100
776600	100
776800	100
777000	100
777200	100
777400	100
777600	100
777800	100
778000	100
778200	100
778400	100
778600	100
778800	100
779000	100
779200	100
779400	100
779600	100
779800	100
780000	100
780200	100
780400	100
780600	100
780800	100
781000	100
781200	100
781400	100
781600	100
781800	100
782000	100
782200	100
782400	100
782600	100
782800	100
783000	100
783200	100
783400	100
783600	100
783800	100
784000	99
784200	100
784400	100
784600	100
784800	100
785000	100
785200	100
785400	100
785600	100
785800	100
786000	100
786200	100
786400	100
786600	100
786800	100
787000	100
787200	100
787400	100
787600	100
787800	100
788000	100
788200	100
788400	100
788600	100
788800	100
789000	100
789200	100
789400	100
789600	100
789800	100
790000	100
790200	100
790400	100
790600	100
790800	100
791000	100
791200	100
791400	100
791600	100
791800	100
792000	100
792200	100
792400	100
792600	100
792800	100
793000	100
793200	100
793400	100
793600	100
793800	100
794000	100
794200	100
794400	100
794600	100
794800	100
795000	100
795200	100
795400	100
795600	100
795800	100
796000	100
796200	100
796400	100
796600	100
796800	100
797000	100
797200	100
797400	100
797600	100
797800	100
798000	100
798200	100
798400	100
798600	100
798800	100
799000	100
799200	100
799400	100
799600	100
799800	100
800000	100
800200	100
800400	100
800600	100
800800	100
801000	100
801200	100
801400	100
801600	100
801800	100
802000	100
802200	100
802400	100
802600	100
802800	100
803000	100
803200	100
803400	100
803600	100
803800	100
804000	100
804200	100
804400	100
804600	100
804800	100
805000	100
805200	100
805400	100
805600	100
805800	100
806000	100
806200	100
806400	100
806600	100
806800	100
807000	100
807200	100
807400	100
807600	100
807800	100
808000	100
808200	100
808400	100
808600	100
808800	100
809000	100
809200	100
809400	100
809600	100
809800	100
810000	100
810200	100
810400	100
810600	100
810800	100
811000	100
811200	100
811400	100
811600	100
811800	100
812000	100
812200	100
812400	100
812600	100
812800	100
813000	100
813200	100
813400	100
813600	100
813800	100
814000	100
814200	100
814400	100
814600	100
814800	100
815000	100
815200	100
815400	100
815600	100
815800	100
816000	100
816200	100
816400	100
816600	100
816800	100
817000	100
817200	100
817400	100
817600	100
817800	100
818000	100
818200	100
818400	100
818600	100
818800	100
819000	100
819200	100
819400	100
819600	100
819800	100
820000	100
820200	100
820400	100
820600	100
820800	100
821000	100
821200	100
821400	100
821600	100
821800	100
822000	100
822200	100
822400	100
822600	100
822800	100
823000	100
823200	104
823400	100
823600	100
823800	100
824000	100
824200	100
824400	100
824600	100
824800	100
825000	100
825200	100
825400	100
825600	100
825800	100
826000	100
826200	100
826400	100
826600	100
826800	100
827000	100
827200	100
827400	100
827600	100
827800	100
828000	100
828200	100
828400	100
828600	100
828800	100
829000	100
829200	100
829400	100
829600	100
829800	100
830000	100
830200	100
830400	100
830600	100
830800	100
831000	100
831200	100
831400	100
831600	100
831800	100
832000	100
832200	100
832400	100
832600	100
832800	100
833000	100
833200	100
833400	100
833600	100
833800	100
834000	100
834200	100
834400	100
834600	100
834800	100
835000	100
835200	100
835400	100
835600	100
835800	100
836000	100
836200	100
836400	100
836600	100
836800	100
837000	100
837200	100
837400	100
837600	100
837800	100
838000	100
838200	100
838400	100
838600	100
838800	100
839000	100
839200	100
839400	100
839600	100
839800	100
840000	100
840200	100
840400	100
840600	100
840800	100
841000	100
841200	100
841400	100
841600	100
841800	100
842000	100
842200	100
842400	100
842600	100
842800	100
843000	100
843200	100
843400	100
843600	100
843800	100
844000	100
844200	100
844400	100
844600	100
844800	100
845000	100
845200	100
845400	100
845600	100
845800	100
846000	100
846200	100
846400	100
846600	100
846800	100
847000	100
847200	100
847400	100
847600	100
847800	100
848000	100
848200	100
848400	100
848600	100
848800	100
849000	100
849200	100
849400	100
849600	100
849800	100
850000	100
850200	100
850400	100
850600	100
850800	100
851000	100
851200	100
851400	100
851600	100
851800	100
852000	100
852200	100
852400	100
852600	100
852800	100
853000	100
853200	100
853400	100
853600	100
853800	100
854000	100
854200	100
854400	100
854600	100
854800	100
855000	100
855200	100
855400	100
855600	100
855800	100
856000	100
856200	100
856400	100
856600	100
856800	100
857000	100
857200	100
857400	100
857600	100
857800	100
858000	100
858200	100
858400	100
858600	100
858800	100
859000	100
859200	100
859400	100
859600	100
859800	100
860000	100
860200	100
860400	100
860600	100
860800	100
861000	100
861200	100
861400	100
861600	100
861800	100
862000	100
862200	100
862400	100
862600	100
862800	100
863000	100
863200	100
863400	100
863600	100
863800	100
864000	100
864200	100
864400	100
864600	100
864800	100
865000	100
865200	100
865400	100
865600	100
865800	100
866000	100
866200	100
866400	100
866600	100
866800	100
867000	100
867200	100
867400	100
867600	100
867800	100
868000	100
868200	100
868400	100
868600	100
868800	100
869000	100
869200	100
869400	100
869600	100
869800	100
870000	100
870200	100
870400	100
870600	100
870800	100
871000	100
871200	100
871400	100
871600	100
871800	100
872000	100
872200	100
872400	100
872600	100
872800	100
873000	100
873200	100
873400	100
873600	100
873800	100
874000	100
874200	100
874400	100
874600	100
874800	100
875000	100
875200	100
875400	100
875600	100
875800	100
876000	100
876200	100
876400	100
876600	100
876800	100
877000	100
877200	100
877400	100
877600	100
877800	102
878000	100
878200	100
878400	100
878600	100
878800	100
879000	100
879200	100
879400	100
879600	100
879800	99
880000	100
880200	100
880400	100
880600	100
880800	100
881000	100
881200	100
881400	100
881600	100
881800	100
882000	100
882200	100
882400	100
882600	100
882800	100
883000	100
883200	100
883400	100
883600	100
883800	100
884000	100
884200	100
884400	100
884600	100
884800	100
885000	100
885200	100
885400	100
885600	100
885800	100
886000	100
886200	100
886400	100
886600	100
886800	100
887000	100
887200	100
887400	100
887600	100
887800	100
888000	100
888200	100
888400	100
888600	100
888800	100
889000	100
889200	100
889400	100
889600	100
889800	100
890000	100
890200	100
890400	100
890600	100
890800	100
891000	100
891200	100
891400	100
891600	100
891800	100
892000	100
892200	100
892400	100
892600	100
892800	100
893000	100
893200	100
893400	100
893600	100
893800	100
894000	100
894200	100
894400	100
894600	100
894800	100
895000	100
895200	100
895400	100
895600	100
895800	100
896000	100
896200	100
896400	100
896600	100
896800	100
897000	100
897200	100
897400	100
897600	100
897800	100
898000	100
898200	100
898400	100
898600	100
898800	100
899000	100
899200	100
899400	100
899600	100
899800	100
900000	100
900200	100
900400	100
900600	100
900800	100
901000	100
901200	100
901400	100
901600	100
901800	100
902000	100
902200	100
902400	100
902600	100
902800	100
903000	100
903200	100
903400	100
903600	100
903800	100
904000	100
904200	100
904400	100
904600	100
904800	100
905000	100
905200	100
905400	100
905600	100
905800	100
906000	100
906200	100
906400	100
906600	100
906800	100
907000	100
907200	100
907400	100
907600	100
907800	100
908000	100
908200	100
908400	100
908600	100
908800	100
909000	100
909200	100
909400	100
909600	100
909800	100
910000	100
910200	100
910400	100
910600	100
910800	100
911000	100
911200	100
911400	100
911600	100
911800	100
912000	100
912200	100
912400	100
912600	100
912800	100
913000	100
913200	100
913400	100
913600	100
913800	100
914000	100
914200	100
914400	100
914600	100
914800	100
915000	100
915200	100
915400	100
915600	100
915800	100
916000	100
916200	100
916400	100
916600	100
916800	100
917000	100
917200	100
917400	100
917600	100
917800	100
918000	100
918200	100
918400	100
918600	100
918800	100
919000	100
919200	100
919400	100
919600	100
919800	100
920000	100
920200	100
920400	100
920600	100
920800	100
921000	100
921200	100
921400	100
921600	100
921800	100
922000	100
922200	100
922400	100
922600	100
922800	100
923000	100
923200	100
923400	100
923600	100
923800	100
924000	100
924200	100
924400	100
924600	100
924800	100
925000	100
925200	100
925400	100
925600	100
925800	100
926000	100
926200	100
926400	100
926600	100
926800	100
927000	100
927200	100
927400	100
927600	100
927800	100
928000	100
928200	100
928400	100
928600	100
928800	100
929000	100
929200	100
929400	100
929600	100
929800	100
930000	100
930200	100
930400	100
930600	100
930800	100
931000	100
931200	100
931400	100
931600	100
931800	100
932000	100
932200	100
932400	100
932600	100
932800	100
933000	100
933200	100
933400	100
933600	100
933800	100
934000	100
934200	100
934400	100
934600	100
934800	100
935000	100
935200	100
935400	100
935600	100
935800	100
936000	100
936200	100
936400	100
936600	100
936800	100
937000	100
937200	100
937400	100
937600	100
937800	100
938000	100
938200	100
938400	100
938600	100
938800	100
939000	100
939200	100
939400	100
939600	100
939800	100
940000	100
940200	100
940400	100
940600	100
940800	100
941000	100
941200	100
941400	100
941600	100
941800	100
942000	100
942200	100
942400	100
942600	100
942800	100
943000	100
943200	100
943400	100
943600	100
943800	100
944000	100
944200	100
944400	100
944600	100
944800	100
945000	100
945200	100
945400	100
945600	100
945800	100
946000	100
946200	100
946400	100
946600	100
946800	100
947000	100
947200	100
947400	100
947600	100
947800	100
948000	100
948200	100
948400	100
948600	100
948800	100
949000	100
949200	100
949400	100
949600	100
949800	100
950000	100
950200	100
950400	100
950600	100
950800	100
951000	100
951200	100
951400	100
951600	100
951800	100
952000	100
952200	100
952400	101
952600	100
952800	100
953000	100
953200	100
953400	100
953600	100
953800	100
954000	100
954200	100
954400	100
954600	100
954800	100
955000	100
955200	100
955400	100
955600	100
955800	100
956000	100
956200	100
956400	100
956600	100
956800	100
957000	100
957200	100
957400	100
957600	100
957800	100
958000	100
958200	100
958400	100
958600	100
958800	100
959000	100
959200	100
959400	100
959600	100
959800	100
960000	100
960200	100
960400	100
960600	100
960800	100
961000	100
961200	100
961400	100
961600	100
961800	100
962000	100
962200	100
962400	101
962600	100
962800	100
963000	100
963200	100
963400	100
963600	100
963800	100
964000	100
964200	100
964400	100
964600	100
964800	100
965000	100
965200	100
965400	100
965600	100
965800	100
966000	100
966200	100
966400	100
966600	100
966800	100
967000	100
967200	100
967400	100
967600	100
967800	100
968000	100
968200	100
968400	100
968600	100
968800	100
969000	100
969200	100
969400	100
969600	100
969800	100
970000	100
970200	100
970400	100
970600	100
970800	100
971000	100
971200	100
971400	100
971600	100
971800	100
972000	100
972200	100
972400	100
972600	100
972800	100
973000	100
973200	100
973400	100
973600	100
973800	100
974000	100
974200	100
974400	100
974600	100
974800	100
975000	100
975200	100
975400	100
975600	100
975800	100
976000	100
976200	100
976400	100
976600	100
976800	100
977000	100
977200	100
977400	100
977600	100
977800	100
978000	100
978200	100
978400	100
978600	100
978800	100
979000	100
979200	100
979400	100
979600	99
979800	100
980000	100
980200	100
980400	100
980600	101
980800	100
981000	100
981200	100
981400	100
981600	100
981800	100
982000	100
982200	100
982400	100
982600	100
982800	100
983000	100
983200	100
983400	100
983600	100
983800	100
984000	100
984200	100
984400	100
984600	100
984800	100
985000	100
985200	100
985400	100
985600	100
985800	100
986000	100
986200	100
986400	100
986600	100
986800	100
987000	100
987200	100
987400	100
987600	100
987800	100
988000	100
988200	100
988400	100
988600	100
988800	100
989000	100
989200	100
989400	100
989600	100
989800	100
990000	100
990200	100
990400	100
990600	100
990800	100
991000	100
991200	100
991400	100
991600	100
991800	100
992000	100
992200	100
992400	100
992600	100
992800	100
993000	100
993200	100
993400	100
993600	100
993800	100
994000	100
994200	100
994400	100
994600	100
994800	100
995000	100
995200	101
995400	100
995600	101
995800	100
996000	100
996200	100
996400	100
996600	100
996800	100
997000	100
997200	100
997400	100
997600	100
997800	100
998000	100
998200	100
998400	100
998600	100
998800	100
999000	100
999200	100
999400	100
999600	100
999800	100
