0 	 0.00342296 	 	 
0.015 	 0.00342296 	 	 
0.03 	 0.00342296 	 	 
0.045 	 0.00342295 	 	 
0.06 	 0.00342295 	 	 
0.075 	 0.00342295 	 	 
0.09 	 0.00342295 	 	 
0.105 	 0.00342295 	 	 
0.12 	 0.00342295 	 	 
0.135 	 0.00342295 	 	 
0.15 	 0.00342294 	 	 
0.165 	 0.00342294 	 	 
0.18 	 0.00342294 	 	 
0.195 	 0.00342294 	 	 
0.21 	 0.00342294 	 	 
0.225 	 0.00342294 	 	 
0.24 	 0.00342293 	 	 
0.255 	 0.00342293 	 	 
0.27 	 0.00342293 	 	 
0.285 	 0.00342293 	 	 
0.3 	 0.00342293 	 	 
0.315 	 0.00342292 	 	 
0.33 	 0.00342292 	 	 
0.345 	 0.00342292 	 	 
0.36 	 0.00342292 	 	 
0.375 	 0.00342292 	 	 
0.39 	 0.00342291 	 	 
0.405 	 0.00342291 	 	 
0.42 	 0.00342291 	 	 
0.435 	 0.00342291 	 	 
0.45 	 0.0034229 	 	 
0.465 	 0.0034229 	 	 
0.48 	 0.0034229 	 	 
0.495 	 0.0034229 	 	 
0.51 	 0.0034229 	 	 
0.525 	 0.00342289 	 	 
0.54 	 0.00342289 	 	 
0.555 	 0.00342289 	 	 
0.57 	 0.00342289 	 	 
0.585 	 0.00342288 	 	 
0.6 	 0.00342288 	 	 
0.615 	 0.00342288 	 	 
0.63 	 0.00342288 	 	 
0.645 	 0.00342287 	 	 
0.66 	 0.00342287 	 	 
0.675 	 0.00342287 	 	 
0.69 	 0.00342286 	 	 
0.705 	 0.00342286 	 	 
0.72 	 0.00342286 	 	 
0.735 	 0.00342286 	 	 
0.75 	 0.00342285 	 	 
0.765 	 0.00342285 	 	 
0.78 	 0.00342285 	 	 
0.795 	 0.00342284 	 	 
0.81 	 0.00342284 	 	 
0.825 	 0.00342284 	 	 
0.84 	 0.00342283 	 	 
0.855 	 0.00342283 	 	 
0.87 	 0.00342283 	 	 
0.885 	 0.00342282 	 	 
0.9 	 0.00342282 	 	 
0.915 	 0.00342282 	 	 
0.93 	 0.00342281 	 	 
0.945 	 0.00342281 	 	 
0.96 	 0.0034228 	 	 
0.975 	 0.0034228 	 	 
0.99 	 0.0034228 	 	 
1.005 	 0.00342279 	 	 
1.02 	 0.00342279 	 	 
1.035 	 0.00342279 	 	 
1.05 	 0.00342278 	 	 
1.065 	 0.00342278 	 	 
1.08 	 0.00342277 	 	 
1.095 	 0.00342277 	 	 
1.11 	 0.00342276 	 	 
1.125 	 0.00342276 	 	 
1.14 	 0.00342276 	 	 
1.155 	 0.00342275 	 	 
1.17 	 0.00342275 	 	 
1.185 	 0.00342274 	 	 
1.2 	 0.00342274 	 	 
1.215 	 0.00342273 	 	 
1.23 	 0.00342273 	 	 
1.245 	 0.00342272 	 	 
1.26 	 0.00342272 	 	 
1.275 	 0.00342271 	 	 
1.29 	 0.00342271 	 	 
1.305 	 0.0034227 	 	 
1.32 	 0.0034227 	 	 
1.335 	 0.00342269 	 	 
1.35 	 0.00342269 	 	 
1.365 	 0.00342268 	 	 
1.38 	 0.00342267 	 	 
1.395 	 0.00342267 	 	 
1.41 	 0.00342266 	 	 
1.425 	 0.00342266 	 	 
1.44 	 0.00342265 	 	 
1.455 	 0.00342264 	 	 
1.47 	 0.00342264 	 	 
1.485 	 0.00342263 	 	 
1.5 	 0.00342263 	 	 
1.515 	 0.00342262 	 	 
1.53 	 0.00342261 	 	 
1.545 	 0.00342261 	 	 
1.56 	 0.0034226 	 	 
1.575 	 0.00342259 	 	 
1.59 	 0.00342259 	 	 
1.605 	 0.00342258 	 	 
1.62 	 0.00342257 	 	 
1.635 	 0.00342256 	 	 
1.65 	 0.00342256 	 	 
1.665 	 0.00342255 	 	 
1.68 	 0.00342254 	 	 
1.695 	 0.00342253 	 	 
1.71 	 0.00342253 	 	 
1.725 	 0.00342252 	 	 
1.74 	 0.00342251 	 	 
1.755 	 0.0034225 	 	 
1.77 	 0.00342249 	 	 
1.785 	 0.00342248 	 	 
1.8 	 0.00342248 	 	 
1.815 	 0.00342247 	 	 
1.83 	 0.00342246 	 	 
1.845 	 0.00342245 	 	 
1.86 	 0.00342244 	 	 
1.875 	 0.00342243 	 	 
1.89 	 0.00342242 	 	 
1.905 	 0.00342241 	 	 
1.92 	 0.0034224 	 	 
1.935 	 0.00342239 	 	 
1.95 	 0.00342238 	 	 
1.965 	 0.00342237 	 	 
1.98 	 0.00342236 	 	 
1.995 	 0.00342235 	 	 
2.01 	 0.00342234 	 	 
2.025 	 0.00342233 	 	 
2.04 	 0.00342232 	 	 
2.055 	 0.00342231 	 	 
2.07 	 0.0034223 	 	 
2.085 	 0.00342228 	 	 
2.1 	 0.00342227 	 	 
2.115 	 0.00342226 	 	 
2.13 	 0.00342225 	 	 
2.145 	 0.00342224 	 	 
2.16 	 0.00342222 	 	 
2.175 	 0.00342221 	 	 
2.19 	 0.0034222 	 	 
2.205 	 0.00342219 	 	 
2.22 	 0.00342217 	 	 
2.235 	 0.00342216 	 	 
2.25 	 0.00342215 	 	 
2.265 	 0.00342213 	 	 
2.28 	 0.00342212 	 	 
2.295 	 0.0034221 	 	 
2.31 	 0.00342209 	 	 
2.325 	 0.00342208 	 	 
2.34 	 0.00342206 	 	 
2.355 	 0.00342205 	 	 
2.37 	 0.00342203 	 	 
2.385 	 0.00342201 	 	 
2.4 	 0.003422 	 	 
2.415 	 0.00342198 	 	 
2.43 	 0.00342197 	 	 
2.445 	 0.00342195 	 	 
2.46 	 0.00342193 	 	 
2.475 	 0.00342192 	 	 
2.49 	 0.0034219 	 	 
2.505 	 0.00342188 	 	 
2.52 	 0.00342186 	 	 
2.535 	 0.00342185 	 	 
2.55 	 0.00342183 	 	 
2.565 	 0.00342181 	 	 
2.58 	 0.00342179 	 	 
2.595 	 0.00342177 	 	 
2.61 	 0.00342175 	 	 
2.625 	 0.00342173 	 	 
2.64 	 0.00342171 	 	 
2.655 	 0.00342169 	 	 
2.67 	 0.00342167 	 	 
2.685 	 0.00342165 	 	 
2.7 	 0.00342163 	 	 
2.715 	 0.00342161 	 	 
2.73 	 0.00342159 	 	 
2.745 	 0.00342156 	 	 
2.76 	 0.00342154 	 	 
2.775 	 0.00342152 	 	 
2.79 	 0.00342149 	 	 
2.805 	 0.00342147 	 	 
2.82 	 0.00342145 	 	 
2.835 	 0.00342142 	 	 
2.85 	 0.0034214 	 	 
2.865 	 0.00342137 	 	 
2.88 	 0.00342135 	 	 
2.895 	 0.00342132 	 	 
2.91 	 0.0034213 	 	 
2.925 	 0.00342127 	 	 
2.94 	 0.00342124 	 	 
2.955 	 0.00342122 	 	 
2.97 	 0.00342119 	 	 
2.985 	 0.00342116 	 	 
3 	 0.00342113 	 	 
3.015 	 0.0034211 	 	 
3.03 	 0.00342107 	 	 
3.045 	 0.00342104 	 	 
3.06 	 0.00342101 	 	 
3.075 	 0.00342098 	 	 
3.09 	 0.00342095 	 	 
3.105 	 0.00342092 	 	 
3.12 	 0.00342089 	 	 
3.135 	 0.00342085 	 	 
3.15 	 0.00342082 	 	 
3.165 	 0.00342079 	 	 
3.18 	 0.00342075 	 	 
3.195 	 0.00342072 	 	 
3.21 	 0.00342068 	 	 
3.225 	 0.00342065 	 	 
3.24 	 0.00342061 	 	 
3.255 	 0.00342057 	 	 
3.27 	 0.00342053 	 	 
3.285 	 0.0034205 	 	 
3.3 	 0.00342046 	 	 
3.315 	 0.00342042 	 	 
3.33 	 0.00342038 	 	 
3.345 	 0.00342034 	 	 
3.36 	 0.0034203 	 	 
3.375 	 0.00342026 	 	 
3.39 	 0.00342021 	 	 
3.405 	 0.00342017 	 	 
3.42 	 0.00342013 	 	 
3.435 	 0.00342008 	 	 
3.45 	 0.00342004 	 	 
3.465 	 0.00341999 	 	 
3.48 	 0.00341995 	 	 
3.495 	 0.0034199 	 	 
3.51 	 0.00341985 	 	 
3.525 	 0.0034198 	 	 
3.54 	 0.00341975 	 	 
3.555 	 0.0034197 	 	 
3.57 	 0.00341965 	 	 
3.585 	 0.0034196 	 	 
3.6 	 0.00341955 	 	 
3.615 	 0.0034195 	 	 
3.63 	 0.00341944 	 	 
3.645 	 0.00341939 	 	 
3.66 	 0.00341933 	 	 
3.675 	 0.00341928 	 	 
3.69 	 0.00341922 	 	 
3.705 	 0.00341916 	 	 
3.72 	 0.0034191 	 	 
3.735 	 0.00341904 	 	 
3.75 	 0.00341898 	 	 
3.765 	 0.00341892 	 	 
3.78 	 0.00341886 	 	 
3.795 	 0.0034188 	 	 
3.81 	 0.00341873 	 	 
3.825 	 0.00341867 	 	 
3.84 	 0.0034186 	 	 
3.855 	 0.00341853 	 	 
3.87 	 0.00341846 	 	 
3.885 	 0.0034184 	 	 
3.9 	 0.00341833 	 	 
3.915 	 0.00341825 	 	 
3.93 	 0.00341818 	 	 
3.945 	 0.00341811 	 	 
3.96 	 0.00341803 	 	 
3.975 	 0.00341796 	 	 
3.99 	 0.00341788 	 	 
4.005 	 0.0034178 	 	 
4.02 	 0.00341772 	 	 
4.035 	 0.00341764 	 	 
4.05 	 0.00341756 	 	 
4.065 	 0.00341748 	 	 
4.08 	 0.00341739 	 	 
4.095 	 0.00341731 	 	 
4.11 	 0.00341722 	 	 
4.125 	 0.00341713 	 	 
4.14 	 0.00341704 	 	 
4.155 	 0.00341695 	 	 
4.17 	 0.00341686 	 	 
4.185 	 0.00341677 	 	 
4.2 	 0.00341667 	 	 
4.215 	 0.00341658 	 	 
4.23 	 0.00341648 	 	 
4.245 	 0.00341638 	 	 
4.26 	 0.00341628 	 	 
4.275 	 0.00341618 	 	 
4.29 	 0.00341607 	 	 
4.305 	 0.00341597 	 	 
4.32 	 0.00341586 	 	 
4.335 	 0.00341575 	 	 
4.35 	 0.00341564 	 	 
4.365 	 0.00341553 	 	 
4.38 	 0.00341542 	 	 
4.395 	 0.0034153 	 	 
4.41 	 0.00341519 	 	 
4.425 	 0.00341507 	 	 
4.44 	 0.00341495 	 	 
4.455 	 0.00341482 	 	 
4.47 	 0.0034147 	 	 
4.485 	 0.00341457 	 	 
4.5 	 0.00341445 	 	 
4.515 	 0.00341432 	 	 
4.53 	 0.00341418 	 	 
4.545 	 0.00341405 	 	 
4.56 	 0.00341392 	 	 
4.575 	 0.00341378 	 	 
4.59 	 0.00341364 	 	 
4.605 	 0.0034135 	 	 
4.62 	 0.00341335 	 	 
4.635 	 0.00341321 	 	 
4.65 	 0.00341306 	 	 
4.665 	 0.00341291 	 	 
4.68 	 0.00341275 	 	 
4.695 	 0.0034126 	 	 
4.71 	 0.00341244 	 	 
4.725 	 0.00341228 	 	 
4.74 	 0.00341212 	 	 
4.755 	 0.00341195 	 	 
4.77 	 0.00341179 	 	 
4.785 	 0.00341162 	 	 
4.8 	 0.00341144 	 	 
4.815 	 0.00341127 	 	 
4.83 	 0.00341109 	 	 
4.845 	 0.00341091 	 	 
4.86 	 0.00341073 	 	 
4.875 	 0.00341054 	 	 
4.89 	 0.00341036 	 	 
4.905 	 0.00341016 	 	 
4.92 	 0.00340997 	 	 
4.935 	 0.00340977 	 	 
4.95 	 0.00340957 	 	 
4.965 	 0.00340937 	 	 
4.98 	 0.00340916 	 	 
4.995 	 0.00340895 	 	 
5.01 	 0.00340874 	 	 
5.025 	 0.00340853 	 	 
5.04 	 0.00340831 	 	 
5.055 	 0.00340809 	 	 
5.07 	 0.00340786 	 	 
5.085 	 0.00340763 	 	 
5.1 	 0.0034074 	 	 
5.115 	 0.00340717 	 	 
5.13 	 0.00340693 	 	 
5.145 	 0.00340668 	 	 
5.16 	 0.00340644 	 	 
5.175 	 0.00340619 	 	 
5.19 	 0.00340593 	 	 
5.205 	 0.00340568 	 	 
5.22 	 0.00340542 	 	 
5.235 	 0.00340515 	 	 
5.25 	 0.00340488 	 	 
5.265 	 0.00340461 	 	 
5.28 	 0.00340433 	 	 
5.295 	 0.00340405 	 	 
5.31 	 0.00340376 	 	 
5.325 	 0.00340347 	 	 
5.34 	 0.00340318 	 	 
5.355 	 0.00340288 	 	 
5.37 	 0.00340258 	 	 
5.385 	 0.00340227 	 	 
5.4 	 0.00340196 	 	 
5.415 	 0.00340164 	 	 
5.43 	 0.00340132 	 	 
5.445 	 0.00340099 	 	 
5.46 	 0.00340066 	 	 
5.475 	 0.00340033 	 	 
5.49 	 0.00339998 	 	 
5.505 	 0.00339964 	 	 
5.52 	 0.00339929 	 	 
5.535 	 0.00339893 	 	 
5.55 	 0.00339857 	 	 
5.565 	 0.0033982 	 	 
5.58 	 0.00339783 	 	 
5.595 	 0.00339745 	 	 
5.61 	 0.00339707 	 	 
5.625 	 0.00339668 	 	 
5.64 	 0.00339628 	 	 
5.655 	 0.00339588 	 	 
5.67 	 0.00339547 	 	 
5.685 	 0.00339506 	 	 
5.7 	 0.00339464 	 	 
5.715 	 0.00339421 	 	 
5.73 	 0.00339378 	 	 
5.745 	 0.00339334 	 	 
5.76 	 0.0033929 	 	 
5.775 	 0.00339244 	 	 
5.79 	 0.00339199 	 	 
5.805 	 0.00339152 	 	 
5.82 	 0.00339105 	 	 
5.835 	 0.00339057 	 	 
5.85 	 0.00339008 	 	 
5.865 	 0.00338959 	 	 
5.88 	 0.00338909 	 	 
5.895 	 0.00338858 	 	 
5.91 	 0.00338807 	 	 
5.925 	 0.00338754 	 	 
5.94 	 0.00338701 	 	 
5.955 	 0.00338647 	 	 
5.97 	 0.00338593 	 	 
5.985 	 0.00338537 	 	 
6 	 0.00338481 	 	 
6.015 	 0.00338424 	 	 
6.03 	 0.00338366 	 	 
6.045 	 0.00338307 	 	 
6.06 	 0.00338247 	 	 
6.075 	 0.00338186 	 	 
6.09 	 0.00338125 	 	 
6.105 	 0.00338063 	 	 
6.12 	 0.00337999 	 	 
6.135 	 0.00337935 	 	 
6.15 	 0.0033787 	 	 
6.165 	 0.00337804 	 	 
6.18 	 0.00337736 	 	 
6.195 	 0.00337668 	 	 
6.21 	 0.00337599 	 	 
6.225 	 0.00337529 	 	 
6.24 	 0.00337458 	 	 
6.255 	 0.00337386 	 	 
6.27 	 0.00337312 	 	 
6.285 	 0.00337238 	 	 
6.3 	 0.00337163 	 	 
6.315 	 0.00337086 	 	 
6.33 	 0.00337009 	 	 
6.345 	 0.0033693 	 	 
6.36 	 0.0033685 	 	 
6.375 	 0.00336769 	 	 
6.39 	 0.00336686 	 	 
6.405 	 0.00336603 	 	 
6.42 	 0.00336518 	 	 
6.435 	 0.00336432 	 	 
6.45 	 0.00336345 	 	 
6.465 	 0.00336256 	 	 
6.48 	 0.00336167 	 	 
6.495 	 0.00336076 	 	 
6.51 	 0.00335983 	 	 
6.525 	 0.00335889 	 	 
6.54 	 0.00335794 	 	 
6.555 	 0.00335698 	 	 
6.57 	 0.003356 	 	 
6.585 	 0.00335501 	 	 
6.6 	 0.003354 	 	 
6.615 	 0.00335298 	 	 
6.63 	 0.00335194 	 	 
6.645 	 0.00335089 	 	 
6.66 	 0.00334982 	 	 
6.675 	 0.00334874 	 	 
6.69 	 0.00334764 	 	 
6.705 	 0.00334652 	 	 
6.72 	 0.00334539 	 	 
6.735 	 0.00334425 	 	 
6.75 	 0.00334308 	 	 
6.765 	 0.0033419 	 	 
6.78 	 0.00334071 	 	 
6.795 	 0.00333949 	 	 
6.81 	 0.00333826 	 	 
6.825 	 0.00333701 	 	 
6.84 	 0.00333574 	 	 
6.855 	 0.00333446 	 	 
6.87 	 0.00333315 	 	 
6.885 	 0.00333183 	 	 
6.9 	 0.00333049 	 	 
6.915 	 0.00332913 	 	 
6.93 	 0.00332775 	 	 
6.945 	 0.00332635 	 	 
6.96 	 0.00332493 	 	 
6.975 	 0.00332349 	 	 
6.99 	 0.00332203 	 	 
7.005 	 0.00332055 	 	 
7.02 	 0.00331905 	 	 
7.035 	 0.00331752 	 	 
7.05 	 0.00331598 	 	 
7.065 	 0.00331441 	 	 
7.08 	 0.00331282 	 	 
7.095 	 0.00331121 	 	 
7.11 	 0.00330958 	 	 
7.125 	 0.00330792 	 	 
7.14 	 0.00330624 	 	 
7.155 	 0.00330453 	 	 
7.17 	 0.00330281 	 	 
7.185 	 0.00330105 	 	 
7.2 	 0.00329928 	 	 
7.215 	 0.00329747 	 	 
7.23 	 0.00329565 	 	 
7.245 	 0.00329379 	 	 
7.26 	 0.00329192 	 	 
7.275 	 0.00329001 	 	 
7.29 	 0.00328808 	 	 
7.305 	 0.00328612 	 	 
7.32 	 0.00328414 	 	 
7.335 	 0.00328212 	 	 
7.35 	 0.00328008 	 	 
7.365 	 0.00327801 	 	 
7.38 	 0.00327591 	 	 
7.395 	 0.00327379 	 	 
7.41 	 0.00327163 	 	 
7.425 	 0.00326945 	 	 
7.44 	 0.00326723 	 	 
7.455 	 0.00326498 	 	 
7.47 	 0.00326271 	 	 
7.485 	 0.0032604 	 	 
7.5 	 0.00325806 	 	 
7.515 	 0.00325569 	 	 
7.53 	 0.00325328 	 	 
7.545 	 0.00325085 	 	 
7.56 	 0.00324838 	 	 
7.575 	 0.00324587 	 	 
7.59 	 0.00324334 	 	 
7.605 	 0.00324077 	 	 
7.62 	 0.00323816 	 	 
7.635 	 0.00323552 	 	 
7.65 	 0.00323284 	 	 
7.665 	 0.00323013 	 	 
7.68 	 0.00322738 	 	 
7.695 	 0.00322459 	 	 
7.71 	 0.00322177 	 	 
7.725 	 0.00321891 	 	 
7.74 	 0.00321601 	 	 
7.755 	 0.00321307 	 	 
7.77 	 0.0032101 	 	 
7.785 	 0.00320708 	 	 
7.8 	 0.00320403 	 	 
7.815 	 0.00320093 	 	 
7.83 	 0.0031978 	 	 
7.845 	 0.00319462 	 	 
7.86 	 0.0031914 	 	 
7.875 	 0.00318814 	 	 
7.89 	 0.00318484 	 	 
7.905 	 0.00318149 	 	 
7.92 	 0.0031781 	 	 
7.935 	 0.00317467 	 	 
7.95 	 0.00317119 	 	 
7.965 	 0.00316767 	 	 
7.98 	 0.0031641 	 	 
7.995 	 0.00316049 	 	 
8.01 	 0.00315683 	 	 
8.025 	 0.00315312 	 	 
8.04 	 0.00314937 	 	 
8.055 	 0.00314557 	 	 
8.07 	 0.00314172 	 	 
8.085 	 0.00313782 	 	 
8.1 	 0.00313387 	 	 
8.115 	 0.00312988 	 	 
8.13 	 0.00312583 	 	 
8.145 	 0.00312173 	 	 
8.16 	 0.00311759 	 	 
8.175 	 0.00311339 	 	 
8.19 	 0.00310914 	 	 
8.205 	 0.00310483 	 	 
8.22 	 0.00310048 	 	 
8.235 	 0.00309607 	 	 
8.25 	 0.0030916 	 	 
8.265 	 0.00308709 	 	 
8.28 	 0.00308251 	 	 
8.295 	 0.00307789 	 	 
8.31 	 0.0030732 	 	 
8.325 	 0.00306846 	 	 
8.34 	 0.00306367 	 	 
8.355 	 0.00305881 	 	 
8.37 	 0.0030539 	 	 
8.385 	 0.00304893 	 	 
8.4 	 0.00304391 	 	 
8.415 	 0.00303882 	 	 
8.43 	 0.00303367 	 	 
8.445 	 0.00302847 	 	 
8.46 	 0.0030232 	 	 
8.475 	 0.00301787 	 	 
8.49 	 0.00301248 	 	 
8.505 	 0.00300703 	 	 
8.52 	 0.00300152 	 	 
8.535 	 0.00299594 	 	 
8.55 	 0.0029903 	 	 
8.565 	 0.0029846 	 	 
8.58 	 0.00297883 	 	 
8.595 	 0.002973 	 	 
8.61 	 0.00296711 	 	 
8.625 	 0.00296115 	 	 
8.64 	 0.00295512 	 	 
8.655 	 0.00294903 	 	 
8.67 	 0.00294287 	 	 
8.685 	 0.00293664 	 	 
8.7 	 0.00293035 	 	 
8.715 	 0.00292399 	 	 
8.73 	 0.00291756 	 	 
8.745 	 0.00291106 	 	 
8.76 	 0.0029045 	 	 
8.775 	 0.00289786 	 	 
8.79 	 0.00289116 	 	 
8.805 	 0.00288439 	 	 
8.82 	 0.00287754 	 	 
8.835 	 0.00287063 	 	 
8.85 	 0.00286364 	 	 
8.865 	 0.00285659 	 	 
8.88 	 0.00284946 	 	 
8.895 	 0.00284226 	 	 
8.91 	 0.00283499 	 	 
8.925 	 0.00282765 	 	 
8.94 	 0.00282024 	 	 
8.955 	 0.00281275 	 	 
8.97 	 0.00280519 	 	 
8.985 	 0.00279756 	 	 
9 	 0.00278986 	 	 
9.015 	 0.00278208 	 	 
9.03 	 0.00277423 	 	 
9.045 	 0.00276631 	 	 
9.06 	 0.00275831 	 	 
9.075 	 0.00275024 	 	 
9.09 	 0.00274209 	 	 
9.105 	 0.00273387 	 	 
9.12 	 0.00272558 	 	 
9.135 	 0.00271721 	 	 
9.15 	 0.00270877 	 	 
9.165 	 0.00270025 	 	 
9.18 	 0.00269166 	 	 
9.195 	 0.002683 	 	 
9.21 	 0.00267426 	 	 
9.225 	 0.00266545 	 	 
9.24 	 0.00265656 	 	 
9.255 	 0.0026476 	 	 
9.27 	 0.00263857 	 	 
9.285 	 0.00262946 	 	 
9.3 	 0.00262028 	 	 
9.315 	 0.00261103 	 	 
9.33 	 0.0026017 	 	 
9.345 	 0.0025923 	 	 
9.36 	 0.00258283 	 	 
9.375 	 0.00257328 	 	 
9.39 	 0.00256366 	 	 
9.405 	 0.00255397 	 	 
9.42 	 0.00254421 	 	 
9.435 	 0.00253438 	 	 
9.45 	 0.00252447 	 	 
9.465 	 0.00251449 	 	 
9.48 	 0.00250445 	 	 
9.495 	 0.00249433 	 	 
9.51 	 0.00248415 	 	 
9.525 	 0.00247389 	 	 
9.54 	 0.00246357 	 	 
9.555 	 0.00245317 	 	 
9.57 	 0.00244271 	 	 
9.585 	 0.00243219 	 	 
9.6 	 0.00242159 	 	 
9.615 	 0.00241093 	 	 
9.63 	 0.00240021 	 	 
9.645 	 0.00238942 	 	 
9.66 	 0.00237856 	 	 
9.675 	 0.00236764 	 	 
9.69 	 0.00235666 	 	 
9.705 	 0.00234562 	 	 
9.72 	 0.00233451 	 	 
9.735 	 0.00232335 	 	 
9.75 	 0.00231212 	 	 
9.765 	 0.00230084 	 	 
9.78 	 0.00228949 	 	 
9.795 	 0.00227809 	 	 
9.81 	 0.00226663 	 	 
9.825 	 0.00225512 	 	 
9.84 	 0.00224355 	 	 
9.855 	 0.00223193 	 	 
9.87 	 0.00222025 	 	 
9.885 	 0.00220852 	 	 
9.9 	 0.00219674 	 	 
9.915 	 0.00218491 	 	 
9.93 	 0.00217304 	 	 
9.945 	 0.00216111 	 	 
9.96 	 0.00214913 	 	 
9.975 	 0.00213711 	 	 
9.99 	 0.00212505 	 	 
10.005 	 0.00211294 	 	 
10.02 	 0.00210079 	 	 
10.035 	 0.0020886 	 	 
10.05 	 0.00207636 	 	 
10.065 	 0.00206409 	 	 
10.08 	 0.00205178 	 	 
10.095 	 0.00203943 	 	 
10.11 	 0.00202705 	 	 
10.125 	 0.00201463 	 	 
10.14 	 0.00200218 	 	 
10.155 	 0.0019897 	 	 
10.17 	 0.00197719 	 	 
10.185 	 0.00196465 	 	 
10.2 	 0.00195208 	 	 
10.215 	 0.00193948 	 	 
10.23 	 0.00192686 	 	 
10.245 	 0.00191421 	 	 
10.26 	 0.00190155 	 	 
10.275 	 0.00188886 	 	 
10.29 	 0.00187615 	 	 
10.305 	 0.00186342 	 	 
10.32 	 0.00185068 	 	 
10.335 	 0.00183792 	 	 
10.35 	 0.00182515 	 	 
10.365 	 0.00181236 	 	 
10.38 	 0.00179956 	 	 
10.395 	 0.00178676 	 	 
10.41 	 0.00177394 	 	 
10.425 	 0.00176112 	 	 
10.44 	 0.00174829 	 	 
10.455 	 0.00173546 	 	 
10.47 	 0.00172262 	 	 
10.485 	 0.00170979 	 	 
10.5 	 0.00169695 	 	 
10.515 	 0.00168412 	 	 
10.53 	 0.00167128 	 	 
10.545 	 0.00165846 	 	 
10.56 	 0.00164564 	 	 
10.575 	 0.00163282 	 	 
10.59 	 0.00162002 	 	 
10.605 	 0.00160722 	 	 
10.62 	 0.00159444 	 	 
10.635 	 0.00158167 	 	 
10.65 	 0.00156892 	 	 
10.665 	 0.00155618 	 	 
10.68 	 0.00154346 	 	 
10.695 	 0.00153075 	 	 
10.71 	 0.00151807 	 	 
10.725 	 0.00150541 	 	 
10.74 	 0.00149277 	 	 
10.755 	 0.00148016 	 	 
10.77 	 0.00146757 	 	 
10.785 	 0.001455 	 	 
10.8 	 0.00144247 	 	 
10.815 	 0.00142997 	 	 
10.83 	 0.00141749 	 	 
10.845 	 0.00140505 	 	 
10.86 	 0.00139264 	 	 
10.875 	 0.00138027 	 	 
10.89 	 0.00136793 	 	 
10.905 	 0.00135563 	 	 
10.92 	 0.00134337 	 	 
10.935 	 0.00133115 	 	 
10.95 	 0.00131897 	 	 
10.965 	 0.00130683 	 	 
10.98 	 0.00129473 	 	 
10.995 	 0.00128268 	 	 
11.01 	 0.00127067 	 	 
11.025 	 0.00125871 	 	 
11.04 	 0.00124679 	 	 
11.055 	 0.00123493 	 	 
11.07 	 0.00122311 	 	 
11.085 	 0.00121135 	 	 
11.1 	 0.00119963 	 	 
11.115 	 0.00118797 	 	 
11.13 	 0.00117636 	 	 
11.145 	 0.00116481 	 	 
11.16 	 0.00115331 	 	 
11.175 	 0.00114187 	 	 
11.19 	 0.00113048 	 	 
11.205 	 0.00111915 	 	 
11.22 	 0.00110788 	 	 
11.235 	 0.00109667 	 	 
11.25 	 0.00108552 	 	 
11.265 	 0.00107443 	 	 
11.28 	 0.00106341 	 	 
11.295 	 0.00105244 	 	 
11.31 	 0.00104154 	 	 
11.325 	 0.0010307 	 	 
11.34 	 0.00101993 	 	 
11.355 	 0.00100922 	 	 
11.37 	 0.000998581 	 	 
11.385 	 0.000988005 	 	 
11.4 	 0.000977496 	 	 
11.415 	 0.000967055 	 	 
11.43 	 0.000956681 	 	 
11.445 	 0.000946376 	 	 
11.46 	 0.000936139 	 	 
11.475 	 0.000925972 	 	 
11.49 	 0.000915875 	 	 
11.505 	 0.000905848 	 	 
11.52 	 0.000895891 	 	 
11.535 	 0.000886005 	 	 
11.55 	 0.000876191 	 	 
11.565 	 0.000866448 	 	 
11.58 	 0.000856777 	 	 
11.595 	 0.000847178 	 	 
11.61 	 0.000837652 	 	 
11.625 	 0.000828198 	 	 
11.64 	 0.000818817 	 	 
11.655 	 0.00080951 	 	 
11.67 	 0.000800275 	 	 
11.685 	 0.000791114 	 	 
11.7 	 0.000782027 	 	 
11.715 	 0.000773013 	 	 
11.73 	 0.000764074 	 	 
11.745 	 0.000755208 	 	 
11.76 	 0.000746416 	 	 
11.775 	 0.000737698 	 	 
11.79 	 0.000729054 	 	 
11.805 	 0.000720485 	 	 
11.82 	 0.000711989 	 	 
11.835 	 0.000703568 	 	 
11.85 	 0.00069522 	 	 
11.865 	 0.000686947 	 	 
11.88 	 0.000678748 	 	 
11.895 	 0.000670622 	 	 
11.91 	 0.000662571 	 	 
11.925 	 0.000654593 	 	 
11.94 	 0.000646688 	 	 
11.955 	 0.000638857 	 	 
11.97 	 0.000631099 	 	 
11.985 	 0.000623415 	 	 
12 	 0.000615803 	 	 
12.015 	 0.000608264 	 	 
12.03 	 0.000600798 	 	 
12.045 	 0.000593403 	 	 
12.06 	 0.000586081 	 	 
12.075 	 0.000578831 	 	 
12.09 	 0.000571653 	 	 
12.105 	 0.000564546 	 	 
12.12 	 0.00055751 	 	 
12.135 	 0.000550544 	 	 
12.15 	 0.00054365 	 	 
12.165 	 0.000536825 	 	 
12.18 	 0.00053007 	 	 
12.195 	 0.000523385 	 	 
12.21 	 0.000516769 	 	 
12.225 	 0.000510223 	 	 
12.24 	 0.000503744 	 	 
12.255 	 0.000497334 	 	 
12.27 	 0.000490992 	 	 
12.285 	 0.000484717 	 	 
12.3 	 0.000478509 	 	 
12.315 	 0.000472368 	 	 
12.33 	 0.000466294 	 	 
12.345 	 0.000460285 	 	 
12.36 	 0.000454342 	 	 
12.375 	 0.000448464 	 	 
12.39 	 0.00044265 	 	 
12.405 	 0.000436901 	 	 
12.42 	 0.000431216 	 	 
12.435 	 0.000425594 	 	 
12.45 	 0.000420035 	 	 
12.465 	 0.000414539 	 	 
12.48 	 0.000409105 	 	 
12.495 	 0.000403733 	 	 
12.51 	 0.000398422 	 	 
12.525 	 0.000393171 	 	 
12.54 	 0.000387981 	 	 
12.555 	 0.000382851 	 	 
12.57 	 0.00037778 	 	 
12.585 	 0.000372768 	 	 
12.6 	 0.000367815 	 	 
12.615 	 0.000362919 	 	 
12.63 	 0.000358081 	 	 
12.645 	 0.0003533 	 	 
12.66 	 0.000348576 	 	 
12.675 	 0.000343908 	 	 
12.69 	 0.000339295 	 	 
12.705 	 0.000334738 	 	 
12.72 	 0.000330235 	 	 
12.735 	 0.000325786 	 	 
12.75 	 0.000321391 	 	 
12.765 	 0.00031705 	 	 
12.78 	 0.000312761 	 	 
12.795 	 0.000308524 	 	 
12.81 	 0.000304339 	 	 
12.825 	 0.000300205 	 	 
12.84 	 0.000296123 	 	 
12.855 	 0.00029209 	 	 
12.87 	 0.000288107 	 	 
12.885 	 0.000284174 	 	 
12.9 	 0.00028029 	 	 
12.915 	 0.000276454 	 	 
12.93 	 0.000272666 	 	 
12.945 	 0.000268925 	 	 
12.96 	 0.000265232 	 	 
12.975 	 0.000261585 	 	 
12.99 	 0.000257984 	 	 
13.005 	 0.000254428 	 	 
13.02 	 0.000250918 	 	 
13.035 	 0.000247452 	 	 
13.05 	 0.000244031 	 	 
13.065 	 0.000240653 	 	 
13.08 	 0.000237319 	 	 
13.095 	 0.000234027 	 	 
13.11 	 0.000230778 	 	 
13.125 	 0.00022757 	 	 
13.14 	 0.000224404 	 	 
13.155 	 0.000221279 	 	 
13.17 	 0.000218195 	 	 
13.185 	 0.000215151 	 	 
13.2 	 0.000212146 	 	 
13.215 	 0.000209181 	 	 
13.23 	 0.000206254 	 	 
13.245 	 0.000203366 	 	 
13.26 	 0.000200515 	 	 
13.275 	 0.000197702 	 	 
13.29 	 0.000194927 	 	 
13.305 	 0.000192188 	 	 
13.32 	 0.000189485 	 	 
13.335 	 0.000186818 	 	 
13.35 	 0.000184186 	 	 
13.365 	 0.000181589 	 	 
13.38 	 0.000179027 	 	 
13.395 	 0.000176499 	 	 
13.41 	 0.000174005 	 	 
13.425 	 0.000171544 	 	 
13.44 	 0.000169116 	 	 
13.455 	 0.000166721 	 	 
13.47 	 0.000164358 	 	 
13.485 	 0.000162027 	 	 
13.5 	 0.000159727 	 	 
13.515 	 0.000157459 	 	 
13.53 	 0.000155221 	 	 
13.545 	 0.000153013 	 	 
13.56 	 0.000150835 	 	 
13.575 	 0.000148687 	 	 
13.59 	 0.000146568 	 	 
13.605 	 0.000144478 	 	 
13.62 	 0.000142417 	 	 
13.635 	 0.000140384 	 	 
13.65 	 0.000138378 	 	 
13.665 	 0.0001364 	 	 
13.68 	 0.000134449 	 	 
13.695 	 0.000132525 	 	 
13.71 	 0.000130627 	 	 
13.725 	 0.000128755 	 	 
13.74 	 0.00012691 	 	 
13.755 	 0.000125089 	 	 
13.77 	 0.000123294 	 	 
13.785 	 0.000121523 	 	 
13.8 	 0.000119778 	 	 
13.815 	 0.000118056 	 	 
13.83 	 0.000116358 	 	 
13.845 	 0.000114684 	 	 
13.86 	 0.000113033 	 	 
13.875 	 0.000111404 	 	 
13.89 	 0.000109799 	 	 
13.905 	 0.000108216 	 	 
13.92 	 0.000106655 	 	 
13.935 	 0.000105116 	 	 
13.95 	 0.000103598 	 	 
13.965 	 0.000102102 	 	 
13.98 	 0.000100627 	 	 
13.995 	 9.91719e-05 	 	 
14.01 	 9.77376e-05 	 	 
14.025 	 9.63234e-05 	 	 
14.04 	 9.49291e-05 	 	 
14.055 	 9.35544e-05 	 	 
14.07 	 9.21991e-05 	 	 
14.085 	 9.08629e-05 	 	 
14.1 	 8.95455e-05 	 	 
14.115 	 8.82467e-05 	 	 
14.13 	 8.69662e-05 	 	 
14.145 	 8.57039e-05 	 	 
14.16 	 8.44594e-05 	 	 
14.175 	 8.32326e-05 	 	 
14.19 	 8.20231e-05 	 	 
14.205 	 8.08307e-05 	 	 
14.22 	 7.96553e-05 	 	 
14.235 	 7.84966e-05 	 	 
14.25 	 7.73544e-05 	 	 
14.265 	 7.62284e-05 	 	 
14.28 	 7.51184e-05 	 	 
14.295 	 7.40242e-05 	 	 
14.31 	 7.29456e-05 	 	 
14.325 	 7.18824e-05 	 	 
14.34 	 7.08343e-05 	 	 
14.355 	 6.98013e-05 	 	 
14.37 	 6.87829e-05 	 	 
14.385 	 6.77792e-05 	 	 
14.4 	 6.67898e-05 	 	 
14.415 	 6.58145e-05 	 	 
14.43 	 6.48532e-05 	 	 
14.445 	 6.39057e-05 	 	 
14.46 	 6.29718e-05 	 	 
14.475 	 6.20512e-05 	 	 
14.49 	 6.11439e-05 	 	 
14.505 	 6.02496e-05 	 	 
14.52 	 5.93682e-05 	 	 
14.535 	 5.84994e-05 	 	 
14.55 	 5.76431e-05 	 	 
14.565 	 5.67992e-05 	 	 
14.58 	 5.59674e-05 	 	 
14.595 	 5.51476e-05 	 	 
14.61 	 5.43396e-05 	 	 
14.625 	 5.35432e-05 	 	 
14.64 	 5.27583e-05 	 	 
14.655 	 5.19848e-05 	 	 
14.67 	 5.12224e-05 	 	 
14.685 	 5.04711e-05 	 	 
14.7 	 4.97306e-05 	 	 
14.715 	 4.90008e-05 	 	 
14.73 	 4.82815e-05 	 	 
14.745 	 4.75727e-05 	 	 
14.76 	 4.68741e-05 	 	 
14.775 	 4.61857e-05 	 	 
14.79 	 4.55072e-05 	 	 
14.805 	 4.48386e-05 	 	 
14.82 	 4.41796e-05 	 	 
14.835 	 4.35302e-05 	 	 
14.85 	 4.28903e-05 	 	 
14.865 	 4.22596e-05 	 	 
14.88 	 4.16381e-05 	 	 
14.895 	 4.10256e-05 	 	 
14.91 	 4.0422e-05 	 	 
14.925 	 3.98272e-05 	 	 
14.94 	 3.92411e-05 	 	 
14.955 	 3.86635e-05 	 	 
14.97 	 3.80942e-05 	 	 
14.985 	 3.75333e-05 	 	 
15 	 3.69806e-05 	 	 
15.015 	 3.64358e-05 	 	 
15.03 	 3.58991e-05 	 	 
15.045 	 3.53701e-05 	 	 
15.06 	 3.48489e-05 	 	 
15.075 	 3.43353e-05 	 	 
15.09 	 3.38291e-05 	 	 
15.105 	 3.33304e-05 	 	 
15.12 	 3.28389e-05 	 	 
15.135 	 3.23546e-05 	 	 
15.15 	 3.18774e-05 	 	 
15.165 	 3.14072e-05 	 	 
15.18 	 3.09438e-05 	 	 
15.195 	 3.04872e-05 	 	 
15.21 	 3.00373e-05 	 	 
15.225 	 2.9594e-05 	 	 
15.24 	 2.91571e-05 	 	 
15.255 	 2.87267e-05 	 	 
15.27 	 2.83025e-05 	 	 
15.285 	 2.78846e-05 	 	 
15.3 	 2.74728e-05 	 	 
15.315 	 2.7067e-05 	 	 
15.33 	 2.66672e-05 	 	 
15.345 	 2.62732e-05 	 	 
15.36 	 2.5885e-05 	 	 
15.375 	 2.55025e-05 	 	 
15.39 	 2.51256e-05 	 	 
15.405 	 2.47542e-05 	 	 
15.42 	 2.43883e-05 	 	 
15.435 	 2.40278e-05 	 	 
15.45 	 2.36725e-05 	 	 
15.465 	 2.33225e-05 	 	 
15.48 	 2.29776e-05 	 	 
15.495 	 2.26378e-05 	 	 
15.51 	 2.23029e-05 	 	 
15.525 	 2.1973e-05 	 	 
15.54 	 2.16479e-05 	 	 
15.555 	 2.13276e-05 	 	 
15.57 	 2.10121e-05 	 	 
15.585 	 2.07011e-05 	 	 
15.6 	 2.03948e-05 	 	 
15.615 	 2.00929e-05 	 	 
15.63 	 1.97955e-05 	 	 
15.645 	 1.95025e-05 	 	 
15.66 	 1.92137e-05 	 	 
15.675 	 1.89293e-05 	 	 
15.69 	 1.8649e-05 	 	 
15.705 	 1.83728e-05 	 	 
15.72 	 1.81007e-05 	 	 
15.735 	 1.78327e-05 	 	 
15.75 	 1.75685e-05 	 	 
15.765 	 1.73083e-05 	 	 
15.78 	 1.70519e-05 	 	 
15.795 	 1.67993e-05 	 	 
15.81 	 1.65504e-05 	 	 
15.825 	 1.63051e-05 	 	 
15.84 	 1.60635e-05 	 	 
15.855 	 1.58255e-05 	 	 
15.87 	 1.55909e-05 	 	 
15.885 	 1.53599e-05 	 	 
15.9 	 1.51322e-05 	 	 
15.915 	 1.49079e-05 	 	 
15.93 	 1.46869e-05 	 	 
15.945 	 1.44691e-05 	 	 
15.96 	 1.42546e-05 	 	 
15.975 	 1.40433e-05 	 	 
15.99 	 1.3835e-05 	 	 
16.005 	 1.36299e-05 	 	 
16.02 	 1.34278e-05 	 	 
16.035 	 1.32286e-05 	 	 
16.05 	 1.30324e-05 	 	 
16.065 	 1.28391e-05 	 	 
16.08 	 1.26487e-05 	 	 
16.095 	 1.2461e-05 	 	 
16.11 	 1.22762e-05 	 	 
16.125 	 1.20941e-05 	 	 
16.14 	 1.19146e-05 	 	 
16.155 	 1.17379e-05 	 	 
16.17 	 1.15637e-05 	 	 
16.185 	 1.13921e-05 	 	 
16.2 	 1.12231e-05 	 	 
16.215 	 1.10565e-05 	 	 
16.23 	 1.08924e-05 	 	 
16.245 	 1.07308e-05 	 	 
16.26 	 1.05715e-05 	 	 
16.275 	 1.04146e-05 	 	 
16.29 	 1.026e-05 	 	 
16.305 	 1.01077e-05 	 	 
16.32 	 9.95765e-06 	 	 
16.335 	 9.80982e-06 	 	 
16.35 	 9.66419e-06 	 	 
16.365 	 9.52071e-06 	 	 
16.38 	 9.37935e-06 	 	 
16.395 	 9.24009e-06 	 	 
16.41 	 9.10289e-06 	 	 
16.425 	 8.96772e-06 	 	 
16.44 	 8.83455e-06 	 	 
16.455 	 8.70335e-06 	 	 
16.47 	 8.5741e-06 	 	 
16.485 	 8.44677e-06 	 	 
16.5 	 8.32132e-06 	 	 
16.515 	 8.19772e-06 	 	 
16.53 	 8.07596e-06 	 	 
16.545 	 7.95601e-06 	 	 
16.56 	 7.83783e-06 	 	 
16.575 	 7.7214e-06 	 	 
16.59 	 7.6067e-06 	 	 
16.605 	 7.4937e-06 	 	 
16.62 	 7.38237e-06 	 	 
16.635 	 7.2727e-06 	 	 
16.65 	 7.16465e-06 	 	 
16.665 	 7.0582e-06 	 	 
16.68 	 6.95333e-06 	 	 
16.695 	 6.85002e-06 	 	 
16.71 	 6.74824e-06 	 	 
16.725 	 6.64796e-06 	 	 
16.74 	 6.54918e-06 	 	 
16.755 	 6.45186e-06 	 	 
16.77 	 6.35598e-06 	 	 
16.785 	 6.26152e-06 	 	 
16.8 	 6.16847e-06 	 	 
16.815 	 6.0768e-06 	 	 
16.83 	 5.98648e-06 	 	 
16.845 	 5.89751e-06 	 	 
16.86 	 5.80986e-06 	 	 
16.875 	 5.7235e-06 	 	 
16.89 	 5.63843e-06 	 	 
16.905 	 5.55462e-06 	 	 
16.92 	 5.47206e-06 	 	 
16.935 	 5.39072e-06 	 	 
16.95 	 5.31058e-06 	 	 
16.965 	 5.23164e-06 	 	 
16.98 	 5.15387e-06 	 	 
16.995 	 5.07725e-06 	 	 
17.01 	 5.00177e-06 	 	 
17.025 	 4.92741e-06 	 	 
17.04 	 4.85416e-06 	 	 
17.055 	 4.78199e-06 	 	 
17.07 	 4.71089e-06 	 	 
17.085 	 4.64085e-06 	 	 
17.1 	 4.57185e-06 	 	 
17.115 	 4.50387e-06 	 	 
17.13 	 4.43691e-06 	 	 
17.145 	 4.37093e-06 	 	 
17.16 	 4.30594e-06 	 	 
17.175 	 4.24191e-06 	 	 
17.19 	 4.17884e-06 	 	 
17.205 	 4.1167e-06 	 	 
17.22 	 4.05548e-06 	 	 
17.235 	 3.99517e-06 	 	 
17.25 	 3.93576e-06 	 	 
17.265 	 3.87723e-06 	 	 
17.28 	 3.81957e-06 	 	 
17.295 	 3.76277e-06 	 	 
17.31 	 3.70681e-06 	 	 
17.325 	 3.65168e-06 	 	 
17.34 	 3.59737e-06 	 	 
17.355 	 3.54387e-06 	 	 
17.37 	 3.49116e-06 	 	 
17.385 	 3.43924e-06 	 	 
17.4 	 3.38808e-06 	 	 
17.415 	 3.33769e-06 	 	 
17.43 	 3.28805e-06 	 	 
17.445 	 3.23914e-06 	 	 
17.46 	 3.19096e-06 	 	 
17.475 	 3.1435e-06 	 	 
17.49 	 3.09674e-06 	 	 
17.505 	 3.05067e-06 	 	 
17.52 	 3.0053e-06 	 	 
17.535 	 2.96059e-06 	 	 
17.55 	 2.91655e-06 	 	 
17.565 	 2.87317e-06 	 	 
17.58 	 2.83043e-06 	 	 
17.595 	 2.78832e-06 	 	 
17.61 	 2.74684e-06 	 	 
17.625 	 2.70598e-06 	 	 
17.64 	 2.66572e-06 	 	 
17.655 	 2.62607e-06 	 	 
17.67 	 2.587e-06 	 	 
17.685 	 2.54851e-06 	 	 
17.7 	 2.5106e-06 	 	 
17.715 	 2.47325e-06 	 	 
17.73 	 2.43645e-06 	 	 
17.745 	 2.4002e-06 	 	 
17.76 	 2.36449e-06 	 	 
17.775 	 2.32931e-06 	 	 
17.79 	 2.29466e-06 	 	 
17.805 	 2.26052e-06 	 	 
17.82 	 2.22688e-06 	 	 
17.835 	 2.19375e-06 	 	 
17.85 	 2.16111e-06 	 	 
17.865 	 2.12896e-06 	 	 
17.88 	 2.09728e-06 	 	 
17.895 	 2.06607e-06 	 	 
17.91 	 2.03533e-06 	 	 
17.925 	 2.00505e-06 	 	 
17.94 	 1.97521e-06 	 	 
17.955 	 1.94582e-06 	 	 
17.97 	 1.91687e-06 	 	 
17.985 	 1.88835e-06 	 	 
18 	 1.86025e-06 	 	 
18.015 	 1.83257e-06 	 	 
18.03 	 1.8053e-06 	 	 
18.045 	 1.77844e-06 	 	 
18.06 	 1.75197e-06 	 	 
18.075 	 1.7259e-06 	 	 
18.09 	 1.70022e-06 	 	 
18.105 	 1.67492e-06 	 	 
18.12 	 1.64999e-06 	 	 
18.135 	 1.62544e-06 	 	 
18.15 	 1.60125e-06 	 	 
18.165 	 1.57742e-06 	 	 
18.18 	 1.55395e-06 	 	 
18.195 	 1.53083e-06 	 	 
18.21 	 1.50804e-06 	 	 
18.225 	 1.4856e-06 	 	 
18.24 	 1.46349e-06 	 	 
18.255 	 1.44171e-06 	 	 
18.27 	 1.42026e-06 	 	 
18.285 	 1.39912e-06 	 	 
18.3 	 1.3783e-06 	 	 
18.315 	 1.35779e-06 	 	 
18.33 	 1.33758e-06 	 	 
18.345 	 1.31768e-06 	 	 
18.36 	 1.29807e-06 	 	 
18.375 	 1.27875e-06 	 	 
18.39 	 1.25972e-06 	 	 
18.405 	 1.24097e-06 	 	 
18.42 	 1.2225e-06 	 	 
18.435 	 1.2043e-06 	 	 
18.45 	 1.18638e-06 	 	 
18.465 	 1.16872e-06 	 	 
18.48 	 1.15133e-06 	 	 
18.495 	 1.13419e-06 	 	 
18.51 	 1.11731e-06 	 	 
18.525 	 1.10069e-06 	 	 
18.54 	 1.0843e-06 	 	 
18.555 	 1.06817e-06 	 	 
18.57 	 1.05227e-06 	 	 
18.585 	 1.03661e-06 	 	 
18.6 	 1.02118e-06 	 	 
18.615 	 1.00598e-06 	 	 
18.63 	 9.91006e-07 	 	 
18.645 	 9.76256e-07 	 	 
18.66 	 9.61725e-07 	 	 
18.675 	 9.47411e-07 	 	 
18.69 	 9.3331e-07 	 	 
18.705 	 9.19418e-07 	 	 
18.72 	 9.05733e-07 	 	 
18.735 	 8.92252e-07 	 	 
18.75 	 8.78972e-07 	 	 
18.765 	 8.65889e-07 	 	 
18.78 	 8.53001e-07 	 	 
18.795 	 8.40304e-07 	 	 
18.81 	 8.27797e-07 	 	 
18.825 	 8.15475e-07 	 	 
18.84 	 8.03338e-07 	 	 
18.855 	 7.9138e-07 	 	 
18.87 	 7.79601e-07 	 	 
18.885 	 7.67997e-07 	 	 
18.9 	 7.56565e-07 	 	 
18.915 	 7.45304e-07 	 	 
18.93 	 7.3421e-07 	 	 
18.945 	 7.23281e-07 	 	 
18.96 	 7.12515e-07 	 	 
18.975 	 7.0191e-07 	 	 
18.99 	 6.91462e-07 	 	 
19.005 	 6.81169e-07 	 	 
19.02 	 6.7103e-07 	 	 
19.035 	 6.61041e-07 	 	 
19.05 	 6.51202e-07 	 	 
19.065 	 6.41508e-07 	 	 
19.08 	 6.31959e-07 	 	 
19.095 	 6.22552e-07 	 	 
19.11 	 6.13285e-07 	 	 
19.125 	 6.04156e-07 	 	 
19.14 	 5.95163e-07 	 	 
19.155 	 5.86304e-07 	 	 
19.17 	 5.77576e-07 	 	 
19.185 	 5.68979e-07 	 	 
19.2 	 5.60509e-07 	 	 
19.215 	 5.52166e-07 	 	 
19.23 	 5.43946e-07 	 	 
19.245 	 5.35849e-07 	 	 
19.26 	 5.27873e-07 	 	 
19.275 	 5.20015e-07 	 	 
19.29 	 5.12274e-07 	 	 
19.305 	 5.04649e-07 	 	 
19.32 	 4.97136e-07 	 	 
19.335 	 4.89736e-07 	 	 
19.35 	 4.82446e-07 	 	 
19.365 	 4.75264e-07 	 	 
19.38 	 4.68189e-07 	 	 
19.395 	 4.6122e-07 	 	 
19.41 	 4.54354e-07 	 	 
19.425 	 4.47591e-07 	 	 
19.44 	 4.40928e-07 	 	 
19.455 	 4.34364e-07 	 	 
19.47 	 4.27898e-07 	 	 
19.485 	 4.21528e-07 	 	 
19.5 	 4.15253e-07 	 	 
19.515 	 4.09072e-07 	 	 
19.53 	 4.02982e-07 	 	 
19.545 	 3.96983e-07 	 	 
19.56 	 3.91073e-07 	 	 
19.575 	 3.85252e-07 	 	 
19.59 	 3.79517e-07 	 	 
19.605 	 3.73867e-07 	 	 
19.62 	 3.68302e-07 	 	 
19.635 	 3.62819e-07 	 	 
19.65 	 3.57418e-07 	 	 
19.665 	 3.52097e-07 	 	 
19.68 	 3.46856e-07 	 	 
19.695 	 3.41692e-07 	 	 
19.71 	 3.36605e-07 	 	 
19.725 	 3.31594e-07 	 	 
19.74 	 3.26658e-07 	 	 
19.755 	 3.21795e-07 	 	 
19.77 	 3.17005e-07 	 	 
19.785 	 3.12286e-07 	 	 
19.8 	 3.07637e-07 	 	 
19.815 	 3.03057e-07 	 	 
19.83 	 2.98546e-07 	 	 
19.845 	 2.94101e-07 	 	 
19.86 	 2.89723e-07 	 	 
19.875 	 2.8541e-07 	 	 
19.89 	 2.81161e-07 	 	 
19.905 	 2.76975e-07 	 	 
19.92 	 2.72852e-07 	 	 
19.935 	 2.6879e-07 	 	 
19.95 	 2.64789e-07 	 	 
19.965 	 2.60847e-07 	 	 
19.98 	 2.56964e-07 	 	 
