5 	 3.3495 	 79.5955 	 1.3495 	 80.9450
6 	 0.9171 	 2.4324 	 82.0279 	 79.5955
7 	 0.7597 	 0.1574 	 2.5898 	 2.4324
8 	 -0.3220 	 1.0817 	 1.2391 	 0.1574
9 	 -0.4064 	 0.0844 	 1.1661 	 1.0817
10 	 -0.9704 	 0.5640 	 0.6484 	 0.0844
11 	 -1.0231 	 0.0526 	 0.6167 	 0.5640
12 	 -1.3497 	 0.3266 	 0.3793 	 0.0526
13 	 -1.3853 	 0.0356 	 0.3623 	 0.3266
14 	 -1.5892 	 0.2039 	 0.2395 	 0.0356
15 	 -1.6146 	 0.0253 	 0.2292 	 0.2039
16 	 -1.7492 	 0.1347 	 0.1600 	 0.0253
17 	 -1.7679 	 0.0186 	 0.1533 	 0.1347
18 	 -1.8609 	 0.0930 	 0.1116 	 0.0186
19 	 -1.8749 	 0.0140 	 0.1070 	 0.0930
20 	 -1.9414 	 0.0665 	 0.0805 	 0.0140
21 	 -1.9521 	 0.0107 	 0.0772 	 0.0665
22 	 -2.0010 	 0.0490 	 0.0597 	 0.0107
23 	 -2.0093 	 0.0083 	 0.0573 	 0.0490
24 	 -2.0462 	 0.0369 	 0.0452 	 0.0083
25 	 -2.0527 	 0.0065 	 0.0434 	 0.0369
26 	 -2.0811 	 0.0284 	 0.0349 	 0.0065
27 	 -2.0863 	 0.0052 	 0.0335 	 0.0284
28 	 -2.1085 	 0.0222 	 0.0274 	 0.0052
29 	 -2.1126 	 0.0041 	 0.0263 	 0.0222
30 	 -2.1302 	 0.0176 	 0.0218 	 0.0041
31 	 -2.1336 	 0.0033 	 0.0209 	 0.0176
32 	 -2.1477 	 0.0142 	 0.0175 	 0.0033
33 	 -2.1504 	 0.0027 	 0.0169 	 0.0142
34 	 -2.1620 	 0.0115 	 0.0142 	 0.0027
35 	 -2.1641 	 0.0022 	 0.0137 	 0.0115
36 	 -2.1736 	 0.0095 	 0.0117 	 0.0022
37 	 -2.1754 	 0.0018 	 0.0113 	 0.0095
38 	 -2.1833 	 0.0078 	 0.0096 	 0.0018
39 	 -2.1847 	 0.0015 	 0.0093 	 0.0078
40 	 -2.1913 	 0.0066 	 0.0080 	 0.0015
41 	 -2.1925 	 0.0012 	 0.0078 	 0.0066
42 	 -2.1980 	 0.0055 	 0.0067 	 0.0012
43 	 -2.1990 	 0.0010 	 0.0065 	 0.0055
44 	 -2.2037 	 0.0047 	 0.0057 	 0.0010
45 	 -2.2046 	 0.0008 	 0.0055 	 0.0047
46 	 -2.2085 	 0.0040 	 0.0048 	 0.0008
47 	 -2.2092 	 0.0007 	 0.0047 	 0.0040
48 	 -2.2126 	 0.0034 	 0.0041 	 0.0007
49 	 -2.2132 	 0.0006 	 0.0040 	 0.0034
50 	 -2.2162 	 0.0029 	 0.0035 	 0.0006
51 	 -2.2167 	 0.0005 	 0.0034 	 0.0029
52 	 -2.2192 	 0.0025 	 0.0030 	 0.0005
53 	 -2.2196 	 0.0004 	 0.0030 	 0.0025
54 	 -2.2218 	 0.0022 	 0.0026 	 0.0004
55 	 -2.2222 	 0.0003 	 0.0026 	 0.0022
56 	 -2.2241 	 0.0019 	 0.0023 	 0.0003
57 	 -2.2244 	 0.0003 	 0.0022 	 0.0019
58 	 -2.2261 	 0.0017 	 0.0020 	 0.0003
59 	 -2.2263 	 0.0002 	 0.0019 	 0.0017
60 	 -2.2278 	 0.0015 	 0.0017 	 0.0002
61 	 -2.2280 	 0.0002 	 0.0017 	 0.0015
62 	 -2.2293 	 0.0013 	 0.0015 	 0.0002
63 	 -2.2295 	 0.0002 	 0.0015 	 0.0013
64 	 -2.2306 	 0.0012 	 0.0013 	 0.0002
65 	 -2.2308 	 0.0001 	 0.0013 	 0.0012
66 	 -2.2318 	 0.0010 	 0.0012 	 0.0001
67 	 -2.2319 	 0.0001 	 0.0012 	 0.0010
68 	 -2.2329 	 0.0009 	 0.0010 	 0.0001
69 	 -2.2330 	 0.0001 	 0.0010 	 0.0009
70 	 -2.2338 	 0.0008 	 0.0009 	 0.0001
71 	 -2.2339 	 0.0001 	 0.0009 	 0.0008
72 	 -2.2346 	 0.0007 	 0.0008 	 0.0001
73 	 -2.2347 	 0.0001 	 0.0008 	 0.0007
74 	 -2.2353 	 0.0007 	 0.0007 	 0.0001
75 	 -2.2354 	 0.0001 	 0.0007 	 0.0007
76 	 -2.2360 	 0.0006 	 0.0007 	 0.0001
77 	 -2.2360 	 0.0001 	 0.0006 	 0.0006
78 	 -2.2366 	 0.0005 	 0.0006 	 0.0001
79 	 -2.2366 	 0.0000 	 0.0006 	 0.0005
80 	 -2.2371 	 0.0005 	 0.0005 	 0.0000
81 	 -2.2371 	 0.0000 	 0.0005 	 0.0005
82 	 -2.2375 	 0.0004 	 0.0005 	 0.0000
