5 	 2.8255 	 80.1245 	 1.7255 	 1.6255 	 81.8500 	 0.1000 	 81.7500
6 	 2.7877 	 0.0378 	 80.1623 	 1.6877 	 80.1245 	 81.8500 	 1.7255
7 	 0.9373 	 1.8504 	 1.8883 	 82.0127 	 0.0378 	 80.1245 	 80.1623
8 	 0.9220 	 0.0153 	 1.8657 	 1.9036 	 1.8504 	 0.0378 	 1.8883
9 	 -0.0610 	 0.9830 	 0.9983 	 2.8487 	 0.0153 	 1.8504 	 1.8657
10 	 -0.0686 	 0.0077 	 0.9906 	 1.0059 	 0.9830 	 0.0153 	 0.9983
11 	 -0.6517 	 0.5830 	 0.5907 	 1.5737 	 0.0077 	 0.9830 	 0.9906
12 	 -0.6560 	 0.0043 	 0.5873 	 0.5950 	 0.5830 	 0.0077 	 0.5907
13 	 -1.0295 	 0.3735 	 0.3778 	 0.9609 	 0.0043 	 0.5830 	 0.5873
14 	 -1.0321 	 0.0026 	 0.3761 	 0.3804 	 0.3735 	 0.0043 	 0.3778
15 	 -1.2855 	 0.2534 	 0.2560 	 0.6295 	 0.0026 	 0.3735 	 0.3761
16 	 -1.2870 	 0.0015 	 0.2550 	 0.2575 	 0.2534 	 0.0026 	 0.2560
17 	 -1.4667 	 0.1797 	 0.1812 	 0.4346 	 0.0015 	 0.2534 	 0.2550
18 	 -1.4677 	 0.0009 	 0.1806 	 0.1822 	 0.1797 	 0.0015 	 0.1812
19 	 -1.5996 	 0.1320 	 0.1329 	 0.3126 	 0.0009 	 0.1797 	 0.1806
20 	 -1.6002 	 0.0006 	 0.1325 	 0.1335 	 0.1320 	 0.0009 	 0.1329
21 	 -1.7000 	 0.0998 	 0.1003 	 0.2323 	 0.0006 	 0.1320 	 0.1325
22 	 -1.7003 	 0.0003 	 0.1001 	 0.1006 	 0.0998 	 0.0006 	 0.1003
23 	 -1.7775 	 0.0772 	 0.0775 	 0.1773 	 0.0003 	 0.0998 	 0.1001
24 	 -1.7777 	 0.0002 	 0.0774 	 0.0777 	 0.0772 	 0.0003 	 0.0775
25 	 -1.8387 	 0.0610 	 0.0612 	 0.1384 	 0.0002 	 0.0772 	 0.0774
26 	 -1.8387 	 0.0001 	 0.0611 	 0.0612 	 0.0610 	 0.0002 	 0.0612
27 	 -1.8877 	 0.0490 	 0.0491 	 0.1101 	 0.0001 	 0.0610 	 0.0611
28 	 -1.8877 	 0.0000 	 0.0490 	 0.0491 	 0.0490 	 0.0001 	 0.0491
29 	 -1.9277 	 0.0399 	 0.0400 	 0.0889 	 0.0000 	 0.0490 	 0.0490
30 	 -1.9277 	 0.0000 	 0.0399 	 0.0400 	 0.0399 	 0.0000 	 0.0400
31 	 -1.9607 	 0.0330 	 0.0330 	 0.0729 	 0.0000 	 0.0399 	 0.0399
32 	 -1.9607 	 0.0000 	 0.0330 	 0.0330 	 0.0330 	 0.0000 	 0.0330
33 	 -1.9882 	 0.0275 	 0.0275 	 0.0605 	 0.0000 	 0.0330 	 0.0330
34 	 -1.9882 	 0.0000 	 0.0275 	 0.0275 	 0.0275 	 0.0000 	 0.0275
35 	 -2.0114 	 0.0232 	 0.0232 	 0.0508 	 0.0000 	 0.0275 	 0.0275
36 	 -2.0114 	 0.0000 	 0.0232 	 0.0232 	 0.0232 	 0.0000 	 0.0232
37 	 -2.0312 	 0.0198 	 0.0198 	 0.0430 	 0.0000 	 0.0232 	 0.0232
38 	 -2.0312 	 0.0000 	 0.0198 	 0.0198 	 0.0198 	 0.0000 	 0.0198
39 	 -2.0482 	 0.0169 	 0.0170 	 0.0367 	 0.0000 	 0.0198 	 0.0198
40 	 -2.0482 	 0.0001 	 0.0170 	 0.0170 	 0.0169 	 0.0000 	 0.0170
41 	 -2.0629 	 0.0146 	 0.0147 	 0.0316 	 0.0001 	 0.0169 	 0.0170
42 	 -2.0630 	 0.0001 	 0.0147 	 0.0148 	 0.0146 	 0.0001 	 0.0147
43 	 -2.0757 	 0.0127 	 0.0128 	 0.0275 	 0.0001 	 0.0146 	 0.0147
44 	 -2.0758 	 0.0001 	 0.0128 	 0.0129 	 0.0127 	 0.0001 	 0.0128
45 	 -2.0869 	 0.0111 	 0.0112 	 0.0240 	 0.0001 	 0.0127 	 0.0128
46 	 -2.0871 	 0.0001 	 0.0113 	 0.0114 	 0.0111 	 0.0001 	 0.0112
47 	 -2.0969 	 0.0098 	 0.0099 	 0.0211 	 0.0001 	 0.0111 	 0.0113
48 	 -2.0970 	 0.0001 	 0.0099 	 0.0101 	 0.0098 	 0.0001 	 0.0099
49 	 -2.1057 	 0.0087 	 0.0088 	 0.0186 	 0.0001 	 0.0098 	 0.0099
50 	 -2.1058 	 0.0002 	 0.0088 	 0.0090 	 0.0087 	 0.0001 	 0.0088
