1 	 63.1183 	 19.8317 	 61.1183 	 60.1183 	 80.9500 	 1.0000 	 79.9500
2 	 12.9872 	 50.1310 	 69.9628 	 10.9872 	 19.8317 	 80.9500 	 61.1183
3 	 11.0152 	 1.9720 	 52.1030 	 71.9348 	 50.1310 	 19.8317 	 69.9628
4 	 3.7390 	 7.2763 	 9.2483 	 59.3793 	 1.9720 	 50.1310 	 52.1030
5 	 3.3415 	 0.3975 	 7.6738 	 9.6458 	 7.2763 	 1.9720 	 9.2483
6 	 0.9091 	 2.4324 	 2.8299 	 10.1061 	 0.3975 	 7.2763 	 7.6738
7 	 0.7520 	 0.1571 	 2.5895 	 2.9869 	 2.4324 	 0.3975 	 2.8299
8 	 -0.3296 	 1.0816 	 1.2387 	 3.6710 	 0.1571 	 2.4324 	 2.5895
9 	 -0.4137 	 0.0842 	 1.1658 	 1.3228 	 1.0816 	 0.1571 	 1.2387
10 	 -0.9776 	 0.5639 	 0.6481 	 1.7296 	 0.0842 	 1.0816 	 1.1658
11 	 -1.0301 	 0.0525 	 0.6164 	 0.7006 	 0.5639 	 0.0842 	 0.6481
12 	 -1.3566 	 0.3265 	 0.3790 	 0.9429 	 0.0525 	 0.5639 	 0.6164
13 	 -1.3921 	 0.0355 	 0.3620 	 0.4145 	 0.3265 	 0.0525 	 0.3790
14 	 -1.5959 	 0.2038 	 0.2393 	 0.5658 	 0.0355 	 0.3265 	 0.3620
15 	 -1.6212 	 0.0253 	 0.2291 	 0.2646 	 0.2038 	 0.0355 	 0.2393
16 	 -1.7558 	 0.1346 	 0.1599 	 0.3637 	 0.0253 	 0.2038 	 0.2291
17 	 -1.7744 	 0.0186 	 0.1532 	 0.1784 	 0.1346 	 0.0253 	 0.1599
18 	 -1.8673 	 0.0929 	 0.1115 	 0.2461 	 0.0186 	 0.1346 	 0.1532
19 	 -1.8812 	 0.0139 	 0.1069 	 0.1254 	 0.0929 	 0.0186 	 0.1115
20 	 -1.9477 	 0.0664 	 0.0804 	 0.1733 	 0.0139 	 0.0929 	 0.1069
21 	 -1.9583 	 0.0107 	 0.0771 	 0.0911 	 0.0664 	 0.0139 	 0.0804
22 	 -2.0072 	 0.0489 	 0.0596 	 0.1260 	 0.0107 	 0.0664 	 0.0771
23 	 -2.0155 	 0.0083 	 0.0572 	 0.0678 	 0.0489 	 0.0107 	 0.0596
24 	 -2.0524 	 0.0369 	 0.0451 	 0.0940 	 0.0083 	 0.0489 	 0.0572
25 	 -2.0589 	 0.0065 	 0.0433 	 0.0516 	 0.0369 	 0.0083 	 0.0451
26 	 -2.0872 	 0.0283 	 0.0348 	 0.0717 	 0.0065 	 0.0369 	 0.0433
27 	 -2.0923 	 0.0051 	 0.0335 	 0.0400 	 0.0283 	 0.0065 	 0.0348
28 	 -2.1145 	 0.0222 	 0.0273 	 0.0557 	 0.0051 	 0.0283 	 0.0335
29 	 -2.1186 	 0.0041 	 0.0263 	 0.0314 	 0.0222 	 0.0051 	 0.0273
30 	 -2.1362 	 0.0176 	 0.0217 	 0.0439 	 0.0041 	 0.0222 	 0.0263
31 	 -2.1395 	 0.0033 	 0.0209 	 0.0250 	 0.0176 	 0.0041 	 0.0217
32 	 -2.1537 	 0.0142 	 0.0175 	 0.0351 	 0.0033 	 0.0176 	 0.0209
33 	 -2.1563 	 0.0027 	 0.0168 	 0.0201 	 0.0142 	 0.0033 	 0.0175
34 	 -2.1679 	 0.0115 	 0.0142 	 0.0283 	 0.0027 	 0.0142 	 0.0168
35 	 -2.1700 	 0.0022 	 0.0137 	 0.0164 	 0.0115 	 0.0027 	 0.0142
36 	 -2.1795 	 0.0095 	 0.0116 	 0.0231 	 0.0022 	 0.0115 	 0.0137
37 	 -2.1813 	 0.0018 	 0.0112 	 0.0134 	 0.0095 	 0.0022 	 0.0116
38 	 -2.1891 	 0.0078 	 0.0096 	 0.0191 	 0.0018 	 0.0095 	 0.0112
39 	 -2.1906 	 0.0015 	 0.0093 	 0.0111 	 0.0078 	 0.0018 	 0.0096
40 	 -2.1971 	 0.0065 	 0.0080 	 0.0158 	 0.0015 	 0.0078 	 0.0093
41 	 -2.1983 	 0.0012 	 0.0078 	 0.0092 	 0.0065 	 0.0015 	 0.0080
42 	 -2.2038 	 0.0055 	 0.0067 	 0.0133 	 0.0012 	 0.0065 	 0.0078
43 	 -2.2048 	 0.0010 	 0.0065 	 0.0077 	 0.0055 	 0.0012 	 0.0067
44 	 -2.2095 	 0.0047 	 0.0057 	 0.0112 	 0.0010 	 0.0055 	 0.0065
45 	 -2.2103 	 0.0008 	 0.0055 	 0.0065 	 0.0047 	 0.0010 	 0.0057
46 	 -2.2143 	 0.0040 	 0.0048 	 0.0095 	 0.0008 	 0.0047 	 0.0055
47 	 -2.2150 	 0.0007 	 0.0047 	 0.0055 	 0.0040 	 0.0008 	 0.0048
48 	 -2.2184 	 0.0034 	 0.0041 	 0.0081 	 0.0007 	 0.0040 	 0.0047
49 	 -2.2190 	 0.0006 	 0.0040 	 0.0047 	 0.0034 	 0.0007 	 0.0041
