0 	 0.352265
0.05 	 0.352265
0.1 	 0.354004
0.15 	 0.350568
0.2 	 0.355586
0.25 	 0.349109
0.3 	 0.35684
0.35 	 0.348039
0.4 	 0.357659
0.45 	 0.34744
0.5 	 0.358005
0.55 	 0.347317
0.6 	 0.357915
0.65 	 0.347602
0.7 	 0.357478
0.75 	 0.348185
0.8 	 0.356812
0.85 	 0.348934
0.9 	 0.356042
0.95 	 0.349731
1 	 0.355272
1.05 	 0.350481
1.1 	 0.354579
1.15 	 0.351125
1.2 	 0.354005
1.25 	 0.351637
1.3 	 0.353562
1.35 	 0.352019
1.4 	 0.353242
1.45 	 0.352285
1.5 	 0.353025
1.55 	 0.35246
1.6 	 0.352886
1.65 	 0.352569
1.7 	 0.352802
1.75 	 0.352633
1.8 	 0.352754
1.85 	 0.352668
1.9 	 0.352728
1.95 	 0.352687
2 	 0.352715
2.05 	 0.352696
2.1 	 0.352709
2.15 	 0.352709
2.2 	 0.352706
2.25 	 0.352702
2.3 	 0.352705
2.35 	 0.352703
2.4 	 0.352704
2.45 	 0.352704
2.5 	 0.352704
2.55 	 0.352704
2.6 	 0.352703
2.65 	 0.352704
2.7 	 0.352703
2.75 	 0.352705
2.8 	 0.352702
2.85 	 0.352707
2.9 	 0.3527
2.95 	 0.35271
3 	 0.352695
3.05 	 0.352717
3.1 	 0.352685
3.15 	 0.35273
3.2 	 0.352668
3.25 	 0.352753
3.3 	 0.352636
3.35 	 0.352796
3.4 	 0.352581
3.45 	 0.352867
3.5 	 0.352489
3.55 	 0.352982
3.6 	 0.352345
3.65 	 0.35316
3.7 	 0.352128
3.75 	 0.35342
3.8 	 0.351817
3.85 	 0.353783
3.9 	 0.351395
3.95 	 0.354262
4 	 0.350853
4.05 	 0.350853
4.1 	 0.3502
4.15 	 0.355542
4.2 	 0.349471
4.25 	 0.356274
4.3 	 0.356274
4.35 	 0.356974
4.4 	 0.348068
4.45 	 0.357538
4.5 	 0.347601
4.55 	 0.347601
4.6 	 0.347446
4.65 	 0.357815
4.7 	 0.347701
4.75 	 0.357345
4.8 	 0.348416
4.85 	 0.356423
4.9 	 0.349577
4.95 	 0.355092
5 	 0.351093
5.05 	 0.353469
5.1 	 0.352808
5.15 	 0.351725
5.2 	 0.354528
5.25 	 0.350061
5.3 	 0.356054
5.35 	 0.34867
5.4 	 0.357223
5.45 	 0.347699
5.5 	 0.357931
5.55 	 0.347222
5.6 	 0.358153
5.65 	 0.34723
5.7 	 0.357935
5.75 	 0.347644
5.8 	 0.35738
5.85 	 0.348337
5.9 	 0.35662
5.95 	 0.349168
6 	 0.355785
6.05 	 0.350012
6.1 	 0.354986
6.15 	 0.350773
6.2 	 0.354295
6.25 	 0.3514
6.3 	 0.353748
6.35 	 0.351875
6.4 	 0.353348
6.45 	 0.352209
6.5 	 0.353077
6.55 	 0.352426
6.6 	 0.352906
6.65 	 0.352558
6.7 	 0.352806
6.75 	 0.352633
6.8 	 0.352752
6.85 	 0.352672
6.9 	 0.352725
6.95 	 0.35269
7 	 0.352712
7.05 	 0.352699
7.1 	 0.352707
7.15 	 0.352702
7.2 	 0.352705
7.25 	 0.352703
7.3 	 0.352704
7.35 	 0.352704
7.4 	 0.352704
7.45 	 0.352704
7.5 	 0.352704
7.55 	 0.352704
7.6 	 0.352703
7.65 	 0.352704
7.7 	 0.352703
7.75 	 0.352705
7.8 	 0.352701
7.85 	 0.352707
7.9 	 0.352699
7.95 	 0.352711
8 	 0.352694
8.05 	 0.352717
8.1 	 0.352717
8.15 	 0.352729
8.2 	 0.352669
8.25 	 0.352751
8.3 	 0.35264
8.35 	 0.35264
8.4 	 0.352593
8.45 	 0.352849
8.5 	 0.352515
8.55 	 0.352946
8.6 	 0.352946
8.65 	 0.353093
8.7 	 0.352215
8.75 	 0.353309
8.8 	 0.351958
8.85 	 0.351958
8.9 	 0.351607
8.95 	 0.35401
9 	 0.35115
9.05 	 0.354517
9.1 	 0.354517
9.15 	 0.355121
9.2 	 0.349935
9.25 	 0.355793
9.3 	 0.349236
9.35 	 0.349236
9.4 	 0.348556
9.45 	 0.3571
9.5 	 0.347988
9.55 	 0.35756
9.6 	 0.34764
9.65 	 0.357752
9.7 	 0.347617
9.75 	 0.357585
9.8 	 0.348001
9.85 	 0.356995
9.9 	 0.348829
9.95 	 0.355974
10 	 0.350072
10.05 	 0.354577
10.1 	 0.351632
10.15 	 0.352925
10.2 	 0.353351
10.25 	 0.351191
10.3 	 0.355036
10.35 	 0.349576
10.4 	 0.356494
10.45 	 0.348266
10.5 	 0.357567
10.55 	 0.347402
10.6 	 0.358161
10.65 	 0.347049
10.7 	 0.358257
10.75 	 0.347188
10.8 	 0.357915
10.85 	 0.347725
10.9 	 0.357248
10.95 	 0.348522
11 	 0.356398
11.05 	 0.349427
11.1 	 0.355507
11.15 	 0.35031
11.2 	 0.354685
11.25 	 0.351075
11.3 	 0.354005
11.35 	 0.351676
11.4 	 0.353494
11.45 	 0.352106
11.5 	 0.353144
11.55 	 0.352386
11.6 	 0.352926
11.65 	 0.352552
11.7 	 0.352804
11.75 	 0.35264
11.8 	 0.352743
11.85 	 0.352681
11.9 	 0.352716
11.95 	 0.352697
12 	 0.352707
12.05 	 0.352703
12.1 	 0.352704
12.15 	 0.352704
12.2 	 0.352703
12.25 	 0.352704
12.3 	 0.352704
12.35 	 0.352704
12.4 	 0.352704
12.45 	 0.352704
12.5 	 0.352703
12.55 	 0.352704
12.6 	 0.352703
12.65 	 0.352705
12.7 	 0.352702
12.75 	 0.352706
12.8 	 0.352701
12.85 	 0.352707
12.9 	 0.352699
12.95 	 0.352711
13 	 0.352694
13.05 	 0.352717
13.1 	 0.352685
13.15 	 0.352728
13.2 	 0.352671
13.25 	 0.352748
13.3 	 0.352645
13.35 	 0.35278
13.4 	 0.352604
13.45 	 0.352833
13.5 	 0.352538
13.55 	 0.352915
13.6 	 0.352437
13.65 	 0.353039
13.7 	 0.352286
13.75 	 0.353219
13.8 	 0.352072
13.85 	 0.35347
13.9 	 0.351777
13.95 	 0.353808
14 	 0.35139
14.05 	 0.354241
14.1 	 0.350905
14.15 	 0.354767
14.2 	 0.35033
14.25 	 0.355373
14.3 	 0.349688
14.35 	 0.35602
14.4 	 0.349027
14.45 	 0.356653
14.5 	 0.348417
14.55 	 0.357191
14.6 	 0.347948
14.65 	 0.357542
14.7 	 0.347721
14.75 	 0.35761
14.8 	 0.347829
14.85 	 0.357315
14.9 	 0.348339
14.95 	 0.35661
15 	 0.349272
15.05 	 0.355498
15.1 	 0.350588
15.15 	 0.354045
15.2 	 0.352179
15.25 	 0.352377
15.3 	 0.353888
15.35 	 0.350668
15.4 	 0.355525
15.45 	 0.349115
15.5 	 0.356902
15.55 	 0.347898
15.6 	 0.357871
15.65 	 0.347149
15.7 	 0.358345
15.75 	 0.346923
15.8 	 0.358317
15.85 	 0.347189
15.9 	 0.357855
15.95 	 0.347844
16 	 0.357082
16.05 	 0.348736
16.1 	 0.356152
16.15 	 0.349708
16.2 	 0.349708
16.25 	 0.350621
16.3 	 0.354375
16.35 	 0.351382
16.4 	 0.353713
16.45 	 0.353713
16.5 	 0.353245
16.55 	 0.352329
16.6 	 0.352951
16.65 	 0.35255
16.7 	 0.35255
16.75 	 0.35266
16.8 	 0.35272
16.85 	 0.352703
16.9 	 0.352697
16.95 	 0.352697
17 	 0.352696
17.05 	 0.35271
17.1 	 0.352699
17.15 	 0.352706
17.2 	 0.352706
17.25 	 0.352704
17.3 	 0.352704
17.35 	 0.352703
17.4 	 0.352704
17.45 	 0.352704
17.5 	 0.352704
17.55 	 0.352704
17.6 	 0.352703
17.65 	 0.352705
17.7 	 0.352705
17.75 	 0.352706
17.8 	 0.352701
17.85 	 0.352708
17.9 	 0.352699
17.95 	 0.352699
18 	 0.352694
18.05 	 0.352717
18.1 	 0.352686
18.15 	 0.352727
18.2 	 0.352727
18.25 	 0.352744
18.3 	 0.352651
18.35 	 0.352773
18.4 	 0.352615
18.45 	 0.352615
18.5 	 0.352558
18.55 	 0.352888
18.6 	 0.352472
18.65 	 0.352993
18.7 	 0.352993
18.75 	 0.353145
18.8 	 0.352164
18.85 	 0.353357
18.9 	 0.351916
18.95 	 0.351916
19 	 0.351587
19.05 	 0.354013
19.1 	 0.351169
19.15 	 0.354472
19.2 	 0.350664
19.25 	 0.355011
19.3 	 0.350084
19.35 	 0.355608
19.4 	 0.349461
19.45 	 0.356223
19.5 	 0.348847
19.55 	 0.356794
19.6 	 0.348314
19.65 	 0.357244
19.7 	 0.347949
19.75 	 0.357483
19.8 	 0.347844
19.85 	 0.357428
19.9 	 0.348081
19.95 	 0.357009
20 	 0.348712
