0 	 0.445871
0.01 	 0.445871
0.02 	 0.45033
0.03 	 0.45033
0.04 	 0.454745
0.05 	 0.454745
0.06 	 0.459118
0.07 	 0.459118
0.08 	 0.463449
0.09 	 0.463449
0.1 	 0.467741
0.11 	 0.467741
0.12 	 0.471993
0.13 	 0.471993
0.14 	 0.476207
0.15 	 0.476207
0.16 	 0.480384
0.17 	 0.480384
0.18 	 0.484526
0.19 	 0.484526
0.2 	 0.488632
0.21 	 0.488632
0.22 	 0.492704
0.23 	 0.492704
0.24 	 0.496743
0.25 	 0.496743
0.26 	 0.500749
0.27 	 0.500749
0.28 	 0.504723
0.29 	 0.504723
0.3 	 0.508666
0.31 	 0.508666
0.32 	 0.512579
0.33 	 0.512579
0.34 	 0.516462
0.35 	 0.516462
0.36 	 0.520317
0.37 	 0.520317
0.38 	 0.524142
0.39 	 0.524142
0.4 	 0.527941
0.41 	 0.527941
0.42 	 0.531712
0.43 	 0.531712
0.44 	 0.535456
0.45 	 0.535456
0.46 	 0.539175
0.47 	 0.539175
0.48 	 0.542868
0.49 	 0.542868
0.5 	 0.546536
0.51 	 0.546536
0.52 	 0.550179
0.53 	 0.550179
0.54 	 0.553799
0.55 	 0.553799
0.56 	 0.557395
0.57 	 0.557395
0.58 	 0.557395
0.59 	 0.560968
0.6 	 0.564519
0.61 	 0.564519
0.62 	 0.568047
0.63 	 0.568047
0.64 	 0.571553
0.65 	 0.571553
0.66 	 0.575039
0.67 	 0.575039
0.68 	 0.578503
0.69 	 0.578503
0.7 	 0.581946
0.71 	 0.581946
0.72 	 0.585369
0.73 	 0.585369
0.74 	 0.588773
0.75 	 0.588773
0.76 	 0.592157
0.77 	 0.592157
0.78 	 0.595521
0.79 	 0.595521
0.8 	 0.598867
0.81 	 0.598867
0.82 	 0.602194
0.83 	 0.602194
0.84 	 0.605503
0.85 	 0.605503
0.86 	 0.608793
0.87 	 0.608793
0.88 	 0.612066
0.89 	 0.612066
0.9 	 0.615322
0.91 	 0.615322
0.92 	 0.618561
0.93 	 0.618561
0.94 	 0.621782
0.95 	 0.621782
0.96 	 0.624988
0.97 	 0.624988
0.98 	 0.628176
0.99 	 0.628176
1 	 0.631349
1.01 	 0.632929
1.02 	 0.634506
1.03 	 0.636078
1.04 	 0.637647
1.05 	 0.639212
1.06 	 0.640773
1.07 	 0.64233
1.08 	 0.643883
1.09 	 0.645433
1.1 	 0.646979
1.11 	 0.648521
1.12 	 0.65006
1.13 	 0.651595
1.14 	 0.653126
1.15 	 0.654654
1.16 	 0.654654
1.17 	 0.656178
1.18 	 0.657699
1.19 	 0.659216
1.2 	 0.66224
1.21 	 0.663747
1.22 	 0.66525
1.23 	 0.66675
1.24 	 0.668247
1.25 	 0.66974
1.26 	 0.67123
1.27 	 0.672716
1.28 	 0.6742
1.29 	 0.67568
1.3 	 0.677157
1.31 	 0.678631
1.32 	 0.680101
1.33 	 0.681568
1.34 	 0.683033
1.35 	 0.684494
1.36 	 0.685952
1.37 	 0.687406
1.38 	 0.688858
1.39 	 0.690307
1.4 	 0.691752
1.41 	 0.693195
1.42 	 0.694635
1.43 	 0.696071
1.44 	 0.697505
1.45 	 0.698936
1.46 	 0.700364
1.47 	 0.701789
1.48 	 0.703211
1.49 	 0.70463
1.5 	 0.706046
1.51 	 0.70746
1.52 	 0.708871
1.53 	 0.710278
1.54 	 0.711684
1.55 	 0.713086
1.56 	 0.714485
1.57 	 0.715882
1.58 	 0.717276
1.59 	 0.718668
1.6 	 0.720057
1.61 	 0.721443
1.62 	 0.722826
1.63 	 0.724207
1.64 	 0.725585
1.65 	 0.72696
1.66 	 0.728333
1.67 	 0.729704
1.68 	 0.731071
1.69 	 0.732437
1.7 	 0.733799
1.71 	 0.73516
1.72 	 0.736517
1.73 	 0.737872
1.74 	 0.739225
1.75 	 0.740575
1.76 	 0.741923
1.77 	 0.743268
1.78 	 0.744611
1.79 	 0.745951
1.8 	 0.747289
1.81 	 0.748625
1.82 	 0.749958
1.83 	 0.751289
1.84 	 0.752618
1.85 	 0.753944
1.86 	 0.755268
1.87 	 0.756589
1.88 	 0.757909
1.89 	 0.759226
1.9 	 0.76054
1.91 	 0.761853
1.92 	 0.763163
1.93 	 0.764471
1.94 	 0.765776
1.95 	 0.76708
1.96 	 0.768381
1.97 	 0.76968
1.98 	 0.770977
1.99 	 0.772272
2 	 0.773564
2.01 	 0.774855
2.02 	 0.776143
2.03 	 0.777429
2.04 	 0.778713
2.05 	 0.778713
2.06 	 0.781274
2.07 	 0.781274
2.08 	 0.783828
2.09 	 0.783828
2.1 	 0.786372
2.11 	 0.786372
2.12 	 0.788909
2.13 	 0.788909
2.14 	 0.791438
2.15 	 0.792699
2.16 	 0.793958
2.17 	 0.795215
2.18 	 0.796471
2.19 	 0.797724
2.2 	 0.798975
2.21 	 0.800225
2.22 	 0.801472
2.23 	 0.802718
2.24 	 0.803961
2.25 	 0.805203
2.26 	 0.806443
2.27 	 0.80768
2.28 	 0.808916
2.29 	 0.81015
2.3 	 0.811383
2.31 	 0.812613
2.32 	 0.812613
2.33 	 0.815068
2.34 	 0.815068
2.35 	 0.817516
2.36 	 0.817516
2.37 	 0.819956
2.38 	 0.819956
2.39 	 0.822389
2.4 	 0.823603
2.41 	 0.824815
2.42 	 0.826025
2.43 	 0.827234
2.44 	 0.828441
2.45 	 0.829646
2.46 	 0.830849
2.47 	 0.83205
2.48 	 0.83325
2.49 	 0.834448
2.5 	 0.835644
2.51 	 0.836839
2.52 	 0.838032
2.53 	 0.839223
2.54 	 0.840413
2.55 	 0.841601
2.56 	 0.842787
2.57 	 0.843971
2.58 	 0.845154
2.59 	 0.846335
2.6 	 0.847515
2.61 	 0.848693
2.62 	 0.849869
2.63 	 0.851044
2.64 	 0.852217
2.65 	 0.853388
2.66 	 0.854558
2.67 	 0.855726
2.68 	 0.856893
2.69 	 0.858058
2.7 	 0.859222
2.71 	 0.860383
2.72 	 0.861544
2.73 	 0.862703
2.74 	 0.86386
2.75 	 0.865015
2.76 	 0.86617
2.77 	 0.867322
2.78 	 0.868473
2.79 	 0.869623
2.8 	 0.870771
2.81 	 0.871917
2.82 	 0.873062
2.83 	 0.874206
2.84 	 0.875348
2.85 	 0.876488
2.86 	 0.877627
2.87 	 0.878765
2.88 	 0.879901
2.89 	 0.881036
2.9 	 0.882169
2.91 	 0.883301
2.92 	 0.884431
2.93 	 0.88556
2.94 	 0.886687
2.95 	 0.887813
2.96 	 0.888937
2.97 	 0.890061
2.98 	 0.891182
2.99 	 0.892303
3 	 0.893421
3.01 	 0.894539
3.02 	 0.895655
3.03 	 0.89677
3.04 	 0.897883
3.05 	 0.898995
3.06 	 0.900105
3.07 	 0.901215
3.08 	 0.902322
3.09 	 0.903429
3.1 	 0.904534
3.11 	 0.905638
3.12 	 0.90674
3.13 	 0.907841
3.14 	 0.908941
3.15 	 0.910039
3.16 	 0.911137
3.17 	 0.912232
3.18 	 0.913327
3.19 	 0.91442
3.2 	 0.915512
3.21 	 0.916602
3.22 	 0.917692
3.23 	 0.91878
3.24 	 0.919866
3.25 	 0.920952
3.26 	 0.922036
3.27 	 0.923119
3.28 	 0.9242
3.29 	 0.92528
3.3 	 0.926359
3.31 	 0.927437
3.32 	 0.928514
3.33 	 0.929589
3.34 	 0.930663
3.35 	 0.931736
3.36 	 0.932808
3.37 	 0.933878
3.38 	 0.934947
3.39 	 0.936015
3.4 	 0.937082
3.41 	 0.938147
3.42 	 0.939211
3.43 	 0.940274
3.44 	 0.941336
3.45 	 0.942397
3.46 	 0.943456
3.47 	 0.944515
3.48 	 0.945572
3.49 	 0.946628
3.5 	 0.947682
3.51 	 0.948736
3.52 	 0.949788
3.53 	 0.95084
3.54 	 0.95189
3.55 	 0.952939
3.56 	 0.953986
3.57 	 0.955033
3.58 	 0.956078
3.59 	 0.957123
3.6 	 0.958166
3.61 	 0.959208
3.62 	 0.960249
3.63 	 0.961289
3.64 	 0.962327
3.65 	 0.963365
3.66 	 0.964401
3.67 	 0.965437
3.68 	 0.966471
3.69 	 0.967504
3.7 	 0.968536
3.71 	 0.969567
3.72 	 0.970597
3.73 	 0.971625
3.74 	 0.972653
3.75 	 0.97368
3.76 	 0.974705
3.77 	 0.975729
3.78 	 0.976753
3.79 	 0.977775
3.8 	 0.978796
3.81 	 0.979816
3.82 	 0.980835
3.83 	 0.981853
3.84 	 0.98287
3.85 	 0.983886
3.86 	 0.984901
3.87 	 0.985915
3.88 	 0.986928
3.89 	 0.987939
3.9 	 0.98895
3.91 	 0.98996
3.92 	 0.990968
3.93 	 0.991976
3.94 	 0.992982
3.95 	 0.993988
3.96 	 0.994992
3.97 	 0.995996
3.98 	 0.996998
3.99 	 0.998
4 	 0.999
4.01 	 0.999
4.02 	 1.001
4.03 	 1.00399
4.04 	 1.00498
4.05 	 1.00796
4.06 	 1.00895
4.07 	 1.01192
4.08 	 1.0129
4.09 	 1.01586
4.1 	 1.01586
4.11 	 1.01978
4.12 	 1.02076
4.13 	 1.0237
4.14 	 1.0237
4.15 	 1.02759
4.16 	 1.02856
4.17 	 1.03147
4.18 	 1.03147
4.19 	 1.03534
4.2 	 1.0363
4.21 	 1.03919
4.22 	 1.03919
4.23 	 1.04303
4.24 	 1.04399
4.25 	 1.04685
4.26 	 1.04685
4.27 	 1.05066
4.28 	 1.05161
4.29 	 1.05446
4.3 	 1.05541
4.31 	 1.05824
4.32 	 1.05919
4.33 	 1.06201
4.34 	 1.06295
4.35 	 1.06577
4.36 	 1.06671
4.37 	 1.06951
4.38 	 1.07045
4.39 	 1.07045
4.4 	 1.07417
4.41 	 1.07696
4.42 	 1.07789
4.43 	 1.07789
4.44 	 1.08159
4.45 	 1.08435
4.46 	 1.08528
4.47 	 1.08528
4.48 	 1.08895
4.49 	 1.0917
4.5 	 1.09261
4.51 	 1.09261
4.52 	 1.09627
4.53 	 1.099
4.54 	 1.0999
4.55 	 1.10263
4.56 	 1.10353
4.57 	 1.10624
4.58 	 1.10715
4.59 	 1.10985
4.6 	 1.11075
4.61 	 1.11345
4.62 	 1.11434
4.63 	 1.11703
4.64 	 1.11703
4.65 	 1.1206
4.66 	 1.12149
4.67 	 1.12416
4.68 	 1.12416
4.69 	 1.12771
4.7 	 1.12859
4.71 	 1.13125
4.72 	 1.13125
4.73 	 1.13477
4.74 	 1.13565
4.75 	 1.13829
4.76 	 1.13829
4.77 	 1.1418
4.78 	 1.14267
4.79 	 1.14529
4.8 	 1.14616
4.81 	 1.14877
4.82 	 1.14964
4.83 	 1.15225
4.84 	 1.15311
4.85 	 1.15571
4.86 	 1.15657
4.87 	 1.15916
4.88 	 1.16002
4.89 	 1.16002
4.9 	 1.16346
4.91 	 1.16604
4.92 	 1.16689
4.93 	 1.16689
4.94 	 1.17031
4.95 	 1.17287
4.96 	 1.17372
4.97 	 1.17372
4.98 	 1.17712
4.99 	 1.17966
5 	 1.18051
5.01 	 1.18051
5.02 	 1.18558
5.03 	 1.18642
5.04 	 1.18894
5.05 	 1.18978
5.06 	 1.1923
5.07 	 1.19314
5.08 	 1.19565
5.09 	 1.19648
5.1 	 1.19898
5.11 	 1.19982
5.12 	 1.20231
5.13 	 1.20314
5.14 	 1.20563
5.15 	 1.20646
5.16 	 1.20894
5.17 	 1.20977
5.18 	 1.21224
5.19 	 1.21307
5.2 	 1.21553
5.21 	 1.21636
5.22 	 1.21882
5.23 	 1.21964
5.24 	 1.22209
5.25 	 1.22291
5.26 	 1.22536
5.27 	 1.22617
5.28 	 1.22861
5.29 	 1.22943
5.3 	 1.23186
5.31 	 1.23267
5.32 	 1.2351
5.33 	 1.23591
5.34 	 1.23833
5.35 	 1.23914
5.36 	 1.24155
5.37 	 1.24236
5.38 	 1.24477
5.39 	 1.24557
5.4 	 1.24798
5.41 	 1.24878
5.42 	 1.25117
5.43 	 1.25197
5.44 	 1.25436
5.45 	 1.25516
5.46 	 1.25754
5.47 	 1.25834
5.48 	 1.26072
5.49 	 1.26151
5.5 	 1.26388
5.51 	 1.26467
5.52 	 1.26704
5.53 	 1.26783
5.54 	 1.27019
5.55 	 1.27098
5.56 	 1.27333
5.57 	 1.27412
5.58 	 1.27647
5.59 	 1.27725
5.6 	 1.27959
5.61 	 1.28038
5.62 	 1.28271
5.63 	 1.28349
5.64 	 1.28583
5.65 	 1.2866
5.66 	 1.28893
5.67 	 1.2897
5.68 	 1.29203
5.69 	 1.2928
5.7 	 1.29511
5.71 	 1.29589
5.72 	 1.2982
5.73 	 1.29897
5.74 	 1.30127
5.75 	 1.30204
5.76 	 1.30434
5.77 	 1.3051
5.78 	 1.3074
5.79 	 1.30816
5.8 	 1.31045
5.81 	 1.31121
5.82 	 1.3135
5.83 	 1.31426
5.84 	 1.31654
5.85 	 1.31729
5.86 	 1.31957
5.87 	 1.32032
5.88 	 1.32259
5.89 	 1.32335
5.9 	 1.32561
5.91 	 1.32636
5.92 	 1.32862
5.93 	 1.32937
5.94 	 1.33163
5.95 	 1.33238
5.96 	 1.33462
5.97 	 1.33537
5.98 	 1.33761
5.99 	 1.33836
6 	 1.3406
6.01 	 1.34134
6.02 	 1.34209
6.03 	 1.34283
6.04 	 1.34358
6.05 	 1.34432
6.06 	 1.34506
6.07 	 1.3458
6.08 	 1.34655
6.09 	 1.34729
6.1 	 1.34803
6.11 	 1.34877
6.12 	 1.34951
6.13 	 1.35025
6.14 	 1.35099
6.15 	 1.35173
6.16 	 1.35247
6.17 	 1.35321
6.18 	 1.35394
6.19 	 1.35468
6.2 	 1.35542
6.21 	 1.35616
6.22 	 1.35689
6.23 	 1.35763
6.24 	 1.35836
6.25 	 1.3591
6.26 	 1.35983
6.27 	 1.36057
6.28 	 1.3613
6.29 	 1.36204
6.3 	 1.36277
6.31 	 1.3635
6.32 	 1.36424
6.33 	 1.36497
6.34 	 1.3657
6.35 	 1.36643
6.36 	 1.36716
6.37 	 1.36789
6.38 	 1.36862
6.39 	 1.36935
6.4 	 1.37008
6.41 	 1.37081
6.42 	 1.37154
6.43 	 1.37227
6.44 	 1.37299
6.45 	 1.37372
6.46 	 1.37445
6.47 	 1.37518
6.48 	 1.3759
6.49 	 1.37663
6.5 	 1.37735
6.51 	 1.37808
6.52 	 1.3788
6.53 	 1.37953
6.54 	 1.38025
6.55 	 1.38098
6.56 	 1.3817
6.57 	 1.38242
6.58 	 1.38314
6.59 	 1.38387
6.6 	 1.38459
6.61 	 1.38531
6.62 	 1.38603
6.63 	 1.38675
6.64 	 1.38747
6.65 	 1.38819
6.66 	 1.38891
6.67 	 1.38963
6.68 	 1.39035
6.69 	 1.39107
6.7 	 1.39178
6.71 	 1.3925
6.72 	 1.39322
6.73 	 1.39394
6.74 	 1.39465
6.75 	 1.39537
6.76 	 1.39608
6.77 	 1.3968
6.78 	 1.39751
6.79 	 1.39823
6.8 	 1.39894
6.81 	 1.39966
6.82 	 1.40037
6.83 	 1.40108
6.84 	 1.4018
6.85 	 1.40251
6.86 	 1.40322
6.87 	 1.40393
6.88 	 1.40464
6.89 	 1.40536
6.9 	 1.40607
6.91 	 1.40678
6.92 	 1.40749
6.93 	 1.4082
6.94 	 1.40891
6.95 	 1.40961
6.96 	 1.41032
6.97 	 1.41103
6.98 	 1.41174
6.99 	 1.41245
7 	 1.41315
7.01 	 1.41386
7.02 	 1.41457
7.03 	 1.41527
7.04 	 1.41598
7.05 	 1.41668
7.06 	 1.41739
7.07 	 1.41809
7.08 	 1.4188
7.09 	 1.4195
7.1 	 1.42021
7.11 	 1.42091
7.12 	 1.42161
7.13 	 1.42231
7.14 	 1.42302
7.15 	 1.42372
7.16 	 1.42442
7.17 	 1.42512
7.18 	 1.42582
7.19 	 1.42652
7.2 	 1.42722
7.21 	 1.42792
7.22 	 1.42862
7.23 	 1.42932
7.24 	 1.43002
7.25 	 1.43072
7.26 	 1.43142
7.27 	 1.43211
7.28 	 1.43281
7.29 	 1.43351
7.3 	 1.4342
7.31 	 1.4349
7.32 	 1.4356
7.33 	 1.43629
7.34 	 1.43699
7.35 	 1.43768
7.36 	 1.43838
7.37 	 1.43907
7.38 	 1.43977
7.39 	 1.44046
7.4 	 1.44115
7.41 	 1.44185
7.42 	 1.44254
7.43 	 1.44323
7.44 	 1.44392
7.45 	 1.44462
7.46 	 1.44531
7.47 	 1.446
7.48 	 1.44669
7.49 	 1.44738
7.5 	 1.44807
7.51 	 1.44876
7.52 	 1.44945
7.53 	 1.45014
7.54 	 1.45083
7.55 	 1.45151
7.56 	 1.4522
7.57 	 1.45289
7.58 	 1.45358
7.59 	 1.45426
7.6 	 1.45495
7.61 	 1.45564
7.62 	 1.45632
7.63 	 1.45701
7.64 	 1.4577
7.65 	 1.45838
7.66 	 1.45907
7.67 	 1.45975
7.68 	 1.46043
7.69 	 1.46112
7.7 	 1.4618
7.71 	 1.46248
7.72 	 1.46317
7.73 	 1.46385
7.74 	 1.46453
7.75 	 1.46521
7.76 	 1.4659
7.77 	 1.46658
7.78 	 1.46726
7.79 	 1.46794
7.8 	 1.46862
7.81 	 1.4693
7.82 	 1.46998
7.83 	 1.47066
7.84 	 1.47134
7.85 	 1.47202
7.86 	 1.4727
7.87 	 1.47337
7.88 	 1.47405
7.89 	 1.47473
7.9 	 1.47541
7.91 	 1.47608
7.92 	 1.47676
7.93 	 1.47744
7.94 	 1.47811
7.95 	 1.47879
7.96 	 1.47946
7.97 	 1.48014
7.98 	 1.48081
7.99 	 1.48149
8 	 1.48216
8.01 	 1.48284
8.02 	 1.48284
8.03 	 1.48351
8.04 	 1.48486
8.05 	 1.48553
8.06 	 1.4862
8.07 	 1.48687
8.08 	 1.48754
8.09 	 1.48822
8.1 	 1.48889
8.11 	 1.48889
8.12 	 1.49023
8.13 	 1.4909
8.14 	 1.49157
8.15 	 1.49224
8.16 	 1.49291
8.17 	 1.49358
8.18 	 1.49424
8.19 	 1.49424
8.2 	 1.49491
8.21 	 1.49625
8.22 	 1.49692
8.23 	 1.49758
8.24 	 1.49825
8.25 	 1.49892
8.26 	 1.49958
8.27 	 1.49958
8.28 	 1.50025
8.29 	 1.50158
8.3 	 1.50225
8.31 	 1.50291
8.32 	 1.50358
8.33 	 1.50424
8.34 	 1.5049
8.35 	 1.50557
8.36 	 1.50557
8.37 	 1.50689
8.38 	 1.50756
8.39 	 1.50822
8.4 	 1.50888
8.41 	 1.50954
8.42 	 1.51021
8.43 	 1.51087
8.44 	 1.51087
8.45 	 1.51153
8.46 	 1.51285
8.47 	 1.51351
8.48 	 1.51417
8.49 	 1.51483
8.5 	 1.51549
8.51 	 1.51615
8.52 	 1.51615
8.53 	 1.51681
8.54 	 1.51812
8.55 	 1.51878
8.56 	 1.51944
8.57 	 1.5201
8.58 	 1.52075
8.59 	 1.52141
8.6 	 1.52207
8.61 	 1.52207
8.62 	 1.52338
8.63 	 1.52403
8.64 	 1.52469
8.65 	 1.52534
8.66 	 1.526
8.67 	 1.52665
8.68 	 1.52731
8.69 	 1.52731
8.7 	 1.52861
8.71 	 1.52927
8.72 	 1.52992
8.73 	 1.53057
8.74 	 1.53123
8.75 	 1.53188
8.76 	 1.53253
8.77 	 1.53253
8.78 	 1.53318
8.79 	 1.53449
8.8 	 1.53514
8.81 	 1.53579
8.82 	 1.53644
8.83 	 1.53709
8.84 	 1.53774
8.85 	 1.53839
8.86 	 1.53839
8.87 	 1.53968
8.88 	 1.54033
8.89 	 1.54098
8.9 	 1.54163
8.91 	 1.54228
8.92 	 1.54293
8.93 	 1.54357
8.94 	 1.54357
8.95 	 1.54487
8.96 	 1.54551
8.97 	 1.54616
8.98 	 1.54681
8.99 	 1.54745
9 	 1.5481
9.01 	 1.54874
9.02 	 1.54874
9.03 	 1.54939
9.04 	 1.55068
9.05 	 1.55196
9.06 	 1.55196
9.07 	 1.55325
9.08 	 1.55325
9.09 	 1.55454
9.1 	 1.55454
9.11 	 1.55454
9.12 	 1.55582
9.13 	 1.5571
9.14 	 1.5571
9.15 	 1.55839
9.16 	 1.55839
9.17 	 1.55967
9.18 	 1.55967
9.19 	 1.55967
9.2 	 1.56095
9.21 	 1.56223
9.22 	 1.56223
9.23 	 1.56351
9.24 	 1.56351
9.25 	 1.56478
9.26 	 1.56478
9.27 	 1.56478
9.28 	 1.56606
9.29 	 1.56734
9.3 	 1.56734
9.31 	 1.56861
9.32 	 1.56861
9.33 	 1.56988
9.34 	 1.56988
9.35 	 1.57116
9.36 	 1.57116
9.37 	 1.57243
9.38 	 1.57243
9.39 	 1.5737
9.4 	 1.5737
9.41 	 1.57497
9.42 	 1.57497
9.43 	 1.57623
9.44 	 1.57623
9.45 	 1.5775
9.46 	 1.5775
9.47 	 1.57877
9.48 	 1.57877
9.49 	 1.58003
9.5 	 1.58003
9.51 	 1.5813
9.52 	 1.5813
9.53 	 1.5813
9.54 	 1.58256
9.55 	 1.58382
9.56 	 1.58382
9.57 	 1.58508
9.58 	 1.58508
9.59 	 1.58634
9.6 	 1.58634
9.61 	 1.58634
9.62 	 1.5876
9.63 	 1.58886
9.64 	 1.58886
9.65 	 1.59012
9.66 	 1.59012
9.67 	 1.59137
9.68 	 1.59137
9.69 	 1.59137
9.7 	 1.59263
9.71 	 1.59388
9.72 	 1.59388
9.73 	 1.59513
9.74 	 1.59513
9.75 	 1.59639
9.76 	 1.59639
9.77 	 1.59639
9.78 	 1.59764
9.79 	 1.59889
9.8 	 1.59889
9.81 	 1.60014
9.82 	 1.60014
9.83 	 1.60139
9.84 	 1.60139
9.85 	 1.60263
9.86 	 1.60263
9.87 	 1.60388
9.88 	 1.60388
9.89 	 1.60512
9.9 	 1.60512
9.91 	 1.60637
9.92 	 1.60637
9.93 	 1.60761
9.94 	 1.60761
9.95 	 1.60885
9.96 	 1.60885
9.97 	 1.6101
9.98 	 1.6101
9.99 	 1.61134
10 	 1.61134
10.01 	 1.61258
10.02 	 1.61258
10.03 	 1.61258
10.04 	 1.61134
10.05 	 1.6101
10.06 	 1.6101
10.07 	 1.60885
10.08 	 1.60885
10.09 	 1.60761
10.1 	 1.60761
10.11 	 1.60761
10.12 	 1.60637
10.13 	 1.60512
10.14 	 1.60512
10.15 	 1.60388
10.16 	 1.60388
10.17 	 1.60263
10.18 	 1.60263
10.19 	 1.60263
10.2 	 1.60139
10.21 	 1.60014
10.22 	 1.60014
10.23 	 1.59889
10.24 	 1.59889
10.25 	 1.59764
10.26 	 1.59764
10.27 	 1.59639
10.28 	 1.59639
10.29 	 1.59513
10.3 	 1.59513
10.31 	 1.59388
10.32 	 1.59388
10.33 	 1.59263
10.34 	 1.59263
10.35 	 1.59137
10.36 	 1.59137
10.37 	 1.59012
10.38 	 1.59012
10.39 	 1.58886
10.4 	 1.58886
10.41 	 1.5876
10.42 	 1.5876
10.43 	 1.58634
10.44 	 1.58634
10.45 	 1.58508
10.46 	 1.58508
10.47 	 1.58382
10.48 	 1.58382
10.49 	 1.58256
10.5 	 1.58256
10.51 	 1.5813
10.52 	 1.5813
10.53 	 1.58003
10.54 	 1.58003
10.55 	 1.57877
10.56 	 1.57877
10.57 	 1.5775
10.58 	 1.5775
10.59 	 1.57623
10.6 	 1.57623
10.61 	 1.57497
10.62 	 1.57497
10.63 	 1.5737
10.64 	 1.5737
10.65 	 1.57243
10.66 	 1.57243
10.67 	 1.57116
10.68 	 1.57116
10.69 	 1.56988
10.7 	 1.56988
10.71 	 1.56861
10.72 	 1.56861
10.73 	 1.56734
10.74 	 1.56734
10.75 	 1.56606
10.76 	 1.56606
10.77 	 1.56478
10.78 	 1.56478
10.79 	 1.56351
10.8 	 1.56351
10.81 	 1.56223
10.82 	 1.56223
10.83 	 1.56095
10.84 	 1.56095
10.85 	 1.55967
10.86 	 1.55967
10.87 	 1.55839
10.88 	 1.55839
10.89 	 1.5571
10.9 	 1.5571
10.91 	 1.55582
10.92 	 1.55582
10.93 	 1.55454
10.94 	 1.55454
10.95 	 1.55325
10.96 	 1.55325
10.97 	 1.55196
10.98 	 1.55196
10.99 	 1.55068
11 	 1.55068
11.01 	 1.54939
11.02 	 1.54874
11.03 	 1.5481
11.04 	 1.54745
11.05 	 1.54681
11.06 	 1.54616
11.07 	 1.54551
11.08 	 1.54487
11.09 	 1.54422
11.1 	 1.54357
11.11 	 1.54293
11.12 	 1.54228
11.13 	 1.54163
11.14 	 1.54098
11.15 	 1.54033
11.16 	 1.53968
11.17 	 1.53904
11.18 	 1.53839
11.19 	 1.53774
11.2 	 1.53709
11.21 	 1.53644
11.22 	 1.53579
11.23 	 1.53514
11.24 	 1.53449
11.25 	 1.53383
11.26 	 1.53318
11.27 	 1.53253
11.28 	 1.53188
11.29 	 1.53123
11.3 	 1.53057
11.31 	 1.52992
11.32 	 1.52927
11.33 	 1.52861
11.34 	 1.52796
11.35 	 1.52731
11.36 	 1.52665
11.37 	 1.526
11.38 	 1.52534
11.39 	 1.52469
11.4 	 1.52403
11.41 	 1.52338
11.42 	 1.52272
11.43 	 1.52207
11.44 	 1.52141
11.45 	 1.52075
11.46 	 1.5201
11.47 	 1.51944
11.48 	 1.51878
11.49 	 1.51812
11.5 	 1.51746
11.51 	 1.51681
11.52 	 1.51615
11.53 	 1.51549
11.54 	 1.51483
11.55 	 1.51417
11.56 	 1.51351
11.57 	 1.51285
11.58 	 1.51219
11.59 	 1.51153
11.6 	 1.51087
11.61 	 1.51021
11.62 	 1.50954
11.63 	 1.50888
11.64 	 1.50822
11.65 	 1.50756
11.66 	 1.50689
11.67 	 1.50623
11.68 	 1.50557
11.69 	 1.5049
11.7 	 1.50424
11.71 	 1.50358
11.72 	 1.50291
11.73 	 1.50225
11.74 	 1.50158
11.75 	 1.50092
11.76 	 1.50025
11.77 	 1.49958
11.78 	 1.49892
11.79 	 1.49825
11.8 	 1.49758
11.81 	 1.49692
11.82 	 1.49625
11.83 	 1.49558
11.84 	 1.49491
11.85 	 1.49424
11.86 	 1.49358
11.87 	 1.49291
11.88 	 1.49224
11.89 	 1.49157
11.9 	 1.4909
11.91 	 1.49023
11.92 	 1.48956
11.93 	 1.48889
11.94 	 1.48822
11.95 	 1.48754
11.96 	 1.48687
11.97 	 1.4862
11.98 	 1.48553
11.99 	 1.48486
12 	 1.48418
12.01 	 1.48351
12.02 	 1.48284
12.03 	 1.48216
12.04 	 1.48149
12.05 	 1.48081
12.06 	 1.48014
12.07 	 1.47946
12.08 	 1.47879
12.09 	 1.47811
12.1 	 1.47744
12.11 	 1.47676
12.12 	 1.47608
12.13 	 1.47541
12.14 	 1.47473
12.15 	 1.47405
12.16 	 1.47337
12.17 	 1.4727
12.18 	 1.47202
12.19 	 1.47134
12.2 	 1.47066
12.21 	 1.46998
12.22 	 1.4693
12.23 	 1.46862
12.24 	 1.46794
12.25 	 1.46726
12.26 	 1.46658
12.27 	 1.4659
12.28 	 1.46521
12.29 	 1.46453
12.3 	 1.46385
12.31 	 1.46317
12.32 	 1.46248
12.33 	 1.4618
12.34 	 1.46112
12.35 	 1.46043
12.36 	 1.45975
12.37 	 1.45907
12.38 	 1.45838
12.39 	 1.4577
12.4 	 1.45701
12.41 	 1.45632
12.42 	 1.45564
12.43 	 1.45495
12.44 	 1.45426
12.45 	 1.45358
12.46 	 1.45289
12.47 	 1.4522
12.48 	 1.45151
12.49 	 1.45083
12.5 	 1.45014
12.51 	 1.44945
12.52 	 1.44876
12.53 	 1.44807
12.54 	 1.44738
12.55 	 1.44669
12.56 	 1.446
12.57 	 1.44531
12.58 	 1.44462
12.59 	 1.44392
12.6 	 1.44323
12.61 	 1.44254
12.62 	 1.44185
12.63 	 1.44115
12.64 	 1.44046
12.65 	 1.43977
12.66 	 1.43907
12.67 	 1.43838
12.68 	 1.43768
12.69 	 1.43699
12.7 	 1.43629
12.71 	 1.4356
12.72 	 1.4349
12.73 	 1.4342
12.74 	 1.43351
12.75 	 1.43281
12.76 	 1.43211
12.77 	 1.43142
12.78 	 1.43072
12.79 	 1.43002
12.8 	 1.42932
12.81 	 1.42862
12.82 	 1.42792
12.83 	 1.42722
12.84 	 1.42652
12.85 	 1.42582
12.86 	 1.42512
12.87 	 1.42442
12.88 	 1.42372
12.89 	 1.42302
12.9 	 1.42231
12.91 	 1.42161
12.92 	 1.42091
12.93 	 1.42021
12.94 	 1.4195
12.95 	 1.4188
12.96 	 1.41809
12.97 	 1.41739
12.98 	 1.41668
12.99 	 1.41598
13 	 1.41527
13.01 	 1.41457
13.02 	 1.41386
13.03 	 1.41315
13.04 	 1.41245
13.05 	 1.41174
13.06 	 1.41103
13.07 	 1.41032
13.08 	 1.40961
13.09 	 1.40891
13.1 	 1.4082
13.11 	 1.40749
13.12 	 1.40678
13.13 	 1.40607
13.14 	 1.40536
13.15 	 1.40464
13.16 	 1.40393
13.17 	 1.40322
13.18 	 1.40251
13.19 	 1.4018
13.2 	 1.40108
13.21 	 1.40037
13.22 	 1.39966
13.23 	 1.39894
13.24 	 1.39823
13.25 	 1.39751
13.26 	 1.3968
13.27 	 1.39608
13.28 	 1.39537
13.29 	 1.39465
13.3 	 1.39394
13.31 	 1.39322
13.32 	 1.3925
13.33 	 1.39178
13.34 	 1.39107
13.35 	 1.39035
13.36 	 1.38963
13.37 	 1.38891
13.38 	 1.38819
13.39 	 1.38747
13.4 	 1.38675
13.41 	 1.38603
13.42 	 1.38531
13.43 	 1.38459
13.44 	 1.38387
13.45 	 1.38314
13.46 	 1.38242
13.47 	 1.3817
13.48 	 1.38098
13.49 	 1.38025
13.5 	 1.37953
13.51 	 1.3788
13.52 	 1.37808
13.53 	 1.37735
13.54 	 1.37663
13.55 	 1.3759
13.56 	 1.37518
13.57 	 1.37445
13.58 	 1.37372
13.59 	 1.37299
13.6 	 1.37227
13.61 	 1.37154
13.62 	 1.37081
13.63 	 1.37008
13.64 	 1.36935
13.65 	 1.36862
13.66 	 1.36789
13.67 	 1.36716
13.68 	 1.36643
13.69 	 1.3657
13.7 	 1.36497
13.71 	 1.36424
13.72 	 1.3635
13.73 	 1.36277
13.74 	 1.36204
13.75 	 1.3613
13.76 	 1.36057
13.77 	 1.35983
13.78 	 1.3591
13.79 	 1.35836
13.8 	 1.35763
13.81 	 1.35689
13.82 	 1.35616
13.83 	 1.35542
13.84 	 1.35468
13.85 	 1.35394
13.86 	 1.35321
13.87 	 1.35247
13.88 	 1.35173
13.89 	 1.35099
13.9 	 1.35025
13.91 	 1.34951
13.92 	 1.34877
13.93 	 1.34803
13.94 	 1.34729
13.95 	 1.34655
13.96 	 1.3458
13.97 	 1.34506
13.98 	 1.34432
13.99 	 1.34358
14 	 1.34283
14.01 	 1.34209
14.02 	 1.34134
14.03 	 1.3406
14.04 	 1.33836
14.05 	 1.33761
14.06 	 1.33537
14.07 	 1.33462
14.08 	 1.33238
14.09 	 1.33163
14.1 	 1.32937
14.11 	 1.32862
14.12 	 1.32636
14.13 	 1.32561
14.14 	 1.32335
14.15 	 1.32259
14.16 	 1.32032
14.17 	 1.31957
14.18 	 1.31729
14.19 	 1.31654
14.2 	 1.31426
14.21 	 1.3135
14.22 	 1.31121
14.23 	 1.31045
14.24 	 1.30816
14.25 	 1.3074
14.26 	 1.3051
14.27 	 1.30434
14.28 	 1.30204
14.29 	 1.30127
14.3 	 1.29897
14.31 	 1.2982
14.32 	 1.29589
14.33 	 1.29511
14.34 	 1.2928
14.35 	 1.29203
14.36 	 1.2897
14.37 	 1.28893
14.38 	 1.2866
14.39 	 1.28583
14.4 	 1.28349
14.41 	 1.28271
14.42 	 1.28038
14.43 	 1.27959
14.44 	 1.27725
14.45 	 1.27647
14.46 	 1.27412
14.47 	 1.27333
14.48 	 1.27098
14.49 	 1.27019
14.5 	 1.26783
14.51 	 1.26704
14.52 	 1.26467
14.53 	 1.26388
14.54 	 1.26151
14.55 	 1.26072
14.56 	 1.25834
14.57 	 1.25754
14.58 	 1.25516
14.59 	 1.25436
14.6 	 1.25197
14.61 	 1.25117
14.62 	 1.24878
14.63 	 1.24798
14.64 	 1.24557
14.65 	 1.24477
14.66 	 1.24236
14.67 	 1.24155
14.68 	 1.23914
14.69 	 1.23833
14.7 	 1.23591
14.71 	 1.2351
14.72 	 1.23267
14.73 	 1.23186
14.74 	 1.22943
14.75 	 1.22861
14.76 	 1.22617
14.77 	 1.22536
14.78 	 1.22291
14.79 	 1.22209
14.8 	 1.21964
14.81 	 1.21882
14.82 	 1.21636
14.83 	 1.21553
14.84 	 1.21307
14.85 	 1.21224
14.86 	 1.20977
14.87 	 1.20894
14.88 	 1.20646
14.89 	 1.20563
14.9 	 1.20314
14.91 	 1.20231
14.92 	 1.19982
14.93 	 1.19898
14.94 	 1.19648
14.95 	 1.19565
14.96 	 1.19314
14.97 	 1.1923
14.98 	 1.18978
14.99 	 1.18894
15 	 1.18642
15.01 	 1.18558
15.02 	 1.18305
15.03 	 1.18051
15.04 	 1.17966
15.05 	 1.17712
15.06 	 1.17627
15.07 	 1.17372
15.08 	 1.17287
15.09 	 1.17031
15.1 	 1.16946
15.11 	 1.16689
15.12 	 1.16604
15.13 	 1.16346
15.14 	 1.1626
15.15 	 1.16002
15.16 	 1.15916
15.17 	 1.15657
15.18 	 1.15571
15.19 	 1.15311
15.2 	 1.15225
15.21 	 1.14964
15.22 	 1.14877
15.23 	 1.14616
15.24 	 1.14529
15.25 	 1.14267
15.26 	 1.1418
15.27 	 1.13917
15.28 	 1.13829
15.29 	 1.13565
15.3 	 1.13477
15.31 	 1.13213
15.32 	 1.13125
15.33 	 1.12859
15.34 	 1.12771
15.35 	 1.12505
15.36 	 1.12416
15.37 	 1.12149
15.38 	 1.1206
15.39 	 1.11792
15.4 	 1.11703
15.41 	 1.11434
15.42 	 1.11345
15.43 	 1.11075
15.44 	 1.10985
15.45 	 1.10715
15.46 	 1.10624
15.47 	 1.10353
15.48 	 1.10263
15.49 	 1.0999
15.5 	 1.099
15.51 	 1.09627
15.52 	 1.09535
15.53 	 1.09261
15.54 	 1.0917
15.55 	 1.08895
15.56 	 1.08803
15.57 	 1.08528
15.58 	 1.08435
15.59 	 1.08159
15.6 	 1.08066
15.61 	 1.07789
15.62 	 1.07696
15.63 	 1.07417
15.64 	 1.07324
15.65 	 1.07045
15.66 	 1.06951
15.67 	 1.06671
15.68 	 1.06577
15.69 	 1.06295
15.7 	 1.06201
15.71 	 1.05919
15.72 	 1.05824
15.73 	 1.05541
15.74 	 1.05446
15.75 	 1.05161
15.76 	 1.05066
15.77 	 1.04781
15.78 	 1.04685
15.79 	 1.04399
15.8 	 1.04303
15.81 	 1.04015
15.82 	 1.03919
15.83 	 1.0363
15.84 	 1.03534
15.85 	 1.03244
15.86 	 1.03147
15.87 	 1.02856
15.88 	 1.02759
15.89 	 1.02467
15.9 	 1.0237
15.91 	 1.02076
15.92 	 1.01978
15.93 	 1.01684
15.94 	 1.01586
15.95 	 1.0129
15.96 	 1.01192
15.97 	 1.00895
15.98 	 1.00796
15.99 	 1.00498
16 	 1.00399
16.01 	 1.001
16.02 	 1
16.03 	 0.999
16.04 	 0.999
16.05 	 0.996998
16.06 	 0.996998
16.07 	 0.994992
16.08 	 0.993988
16.09 	 0.992982
16.1 	 0.991976
16.11 	 0.990968
16.12 	 0.98996
16.13 	 0.98996
16.14 	 0.987939
16.15 	 0.987939
16.16 	 0.985915
16.17 	 0.984901
16.18 	 0.983886
16.19 	 0.98287
16.2 	 0.981853
16.21 	 0.980835
16.22 	 0.980835
16.23 	 0.978796
16.24 	 0.977775
16.25 	 0.976753
16.26 	 0.975729
16.27 	 0.974705
16.28 	 0.97368
16.29 	 0.97368
16.3 	 0.971625
16.31 	 0.971625
16.32 	 0.969567
16.33 	 0.968536
16.34 	 0.967504
16.35 	 0.966471
16.36 	 0.965437
16.37 	 0.964401
16.38 	 0.964401
16.39 	 0.962327
16.4 	 0.962327
16.41 	 0.960249
16.42 	 0.959208
16.43 	 0.958166
16.44 	 0.957123
16.45 	 0.956078
16.46 	 0.955033
16.47 	 0.955033
16.48 	 0.952939
16.49 	 0.95189
16.5 	 0.95084
16.51 	 0.949788
16.52 	 0.948736
16.53 	 0.947682
16.54 	 0.947682
16.55 	 0.945572
16.56 	 0.945572
16.57 	 0.943456
16.58 	 0.942397
16.59 	 0.941336
16.6 	 0.940274
16.61 	 0.939211
16.62 	 0.938147
16.63 	 0.938147
16.64 	 0.936015
16.65 	 0.936015
16.66 	 0.933878
16.67 	 0.932808
16.68 	 0.931736
16.69 	 0.930663
16.7 	 0.929589
16.71 	 0.928514
16.72 	 0.928514
16.73 	 0.926359
16.74 	 0.92528
16.75 	 0.9242
16.76 	 0.923119
16.77 	 0.922036
16.78 	 0.920952
16.79 	 0.920952
16.8 	 0.91878
16.81 	 0.91878
16.82 	 0.916602
16.83 	 0.915512
16.84 	 0.91442
16.85 	 0.913327
16.86 	 0.912232
16.87 	 0.911137
16.88 	 0.911137
16.89 	 0.908941
16.9 	 0.908941
16.91 	 0.90674
16.92 	 0.905638
16.93 	 0.904534
16.94 	 0.903429
16.95 	 0.902322
16.96 	 0.901215
16.97 	 0.901215
16.98 	 0.898995
16.99 	 0.897883
17 	 0.89677
17.01 	 0.895655
17.02 	 0.894539
17.03 	 0.893421
17.04 	 0.893421
17.05 	 0.891182
17.06 	 0.891182
17.07 	 0.888937
17.08 	 0.887813
17.09 	 0.886687
17.1 	 0.88556
17.11 	 0.884431
17.12 	 0.883301
17.13 	 0.883301
17.14 	 0.881036
17.15 	 0.879901
17.16 	 0.878765
17.17 	 0.877627
17.18 	 0.876488
17.19 	 0.875348
17.2 	 0.874206
17.21 	 0.873062
17.22 	 0.873062
17.23 	 0.870771
17.24 	 0.869623
17.25 	 0.868473
17.26 	 0.867322
17.27 	 0.86617
17.28 	 0.865015
17.29 	 0.865015
17.3 	 0.862703
17.31 	 0.862703
17.32 	 0.860383
17.33 	 0.859222
17.34 	 0.858058
17.35 	 0.856893
17.36 	 0.855726
17.37 	 0.854558
17.38 	 0.854558
17.39 	 0.852217
17.4 	 0.851044
17.41 	 0.849869
17.42 	 0.848693
17.43 	 0.847515
17.44 	 0.846335
17.45 	 0.845154
17.46 	 0.843971
17.47 	 0.843971
17.48 	 0.841601
17.49 	 0.840413
17.5 	 0.839223
17.51 	 0.838032
17.52 	 0.836839
17.53 	 0.835644
17.54 	 0.835644
17.55 	 0.83325
17.56 	 0.83325
17.57 	 0.830849
17.58 	 0.829646
17.59 	 0.828441
17.6 	 0.827234
17.61 	 0.826025
17.62 	 0.824815
17.63 	 0.824815
17.64 	 0.822389
17.65 	 0.821173
17.66 	 0.819956
17.67 	 0.818737
17.68 	 0.817516
17.69 	 0.816293
17.7 	 0.815068
17.71 	 0.813841
17.72 	 0.813841
17.73 	 0.811383
17.74 	 0.81015
17.75 	 0.808916
17.76 	 0.80768
17.77 	 0.806443
17.78 	 0.805203
17.79 	 0.805203
17.8 	 0.802718
17.81 	 0.802718
17.82 	 0.800225
17.83 	 0.798975
17.84 	 0.797724
17.85 	 0.796471
17.86 	 0.795215
17.87 	 0.793958
17.88 	 0.793958
17.89 	 0.791438
17.9 	 0.790174
17.91 	 0.788909
17.92 	 0.787642
17.93 	 0.786372
17.94 	 0.785101
17.95 	 0.783828
17.96 	 0.782552
17.97 	 0.782552
17.98 	 0.779995
17.99 	 0.778713
18 	 0.777429
18.01 	 0.776143
18.02 	 0.774855
18.03 	 0.773564
18.04 	 0.773564
18.05 	 0.770977
18.06 	 0.770977
18.07 	 0.768381
18.08 	 0.76708
18.09 	 0.765776
18.1 	 0.764471
18.11 	 0.763163
18.12 	 0.761853
18.13 	 0.761853
18.14 	 0.759226
18.15 	 0.757909
18.16 	 0.756589
18.17 	 0.755268
18.18 	 0.753944
18.19 	 0.752618
18.2 	 0.751289
18.21 	 0.749958
18.22 	 0.749958
18.23 	 0.747289
18.24 	 0.745951
18.25 	 0.744611
18.26 	 0.743268
18.27 	 0.741923
18.28 	 0.740575
18.29 	 0.740575
18.3 	 0.737872
18.31 	 0.737872
18.32 	 0.73516
18.33 	 0.733799
18.34 	 0.732437
18.35 	 0.731071
18.36 	 0.729704
18.37 	 0.728333
18.38 	 0.728333
18.39 	 0.725585
18.4 	 0.724207
18.41 	 0.722826
18.42 	 0.721443
18.43 	 0.720057
18.44 	 0.718668
18.45 	 0.717276
18.46 	 0.715882
18.47 	 0.715882
18.48 	 0.713086
18.49 	 0.711684
18.5 	 0.710278
18.51 	 0.708871
18.52 	 0.70746
18.53 	 0.706046
18.54 	 0.706046
18.55 	 0.703211
18.56 	 0.703211
18.57 	 0.700364
18.58 	 0.698936
18.59 	 0.697505
18.6 	 0.696071
18.61 	 0.694635
18.62 	 0.693195
18.63 	 0.693195
18.64 	 0.690307
18.65 	 0.688858
18.66 	 0.687406
18.67 	 0.685952
18.68 	 0.684494
18.69 	 0.683033
18.7 	 0.681568
18.71 	 0.680101
18.72 	 0.680101
18.73 	 0.677157
18.74 	 0.67568
18.75 	 0.6742
18.76 	 0.672716
18.77 	 0.67123
18.78 	 0.66974
18.79 	 0.66974
18.8 	 0.66675
18.81 	 0.66675
18.82 	 0.663747
18.83 	 0.66224
18.84 	 0.660729
18.85 	 0.659216
18.86 	 0.657699
18.87 	 0.656178
18.88 	 0.656178
18.89 	 0.653126
18.9 	 0.651595
18.91 	 0.65006
18.92 	 0.648521
18.93 	 0.646979
18.94 	 0.645433
18.95 	 0.643883
18.96 	 0.64233
18.97 	 0.64233
18.98 	 0.639212
18.99 	 0.637647
19 	 0.636078
19.01 	 0.634506
19.02 	 0.632929
19.03 	 0.631349
19.04 	 0.631349
19.05 	 0.628176
19.06 	 0.628176
19.07 	 0.624988
19.08 	 0.621782
19.09 	 0.621782
19.1 	 0.618561
19.11 	 0.618561
19.12 	 0.615322
19.13 	 0.615322
19.14 	 0.612066
19.15 	 0.612066
19.16 	 0.608793
19.17 	 0.608793
19.18 	 0.605503
19.19 	 0.605503
19.2 	 0.602194
19.21 	 0.602194
19.22 	 0.602194
19.23 	 0.598867
19.24 	 0.595521
19.25 	 0.595521
19.26 	 0.592157
19.27 	 0.592157
19.28 	 0.588773
19.29 	 0.588773
19.3 	 0.585369
19.31 	 0.585369
19.32 	 0.581946
19.33 	 0.581946
19.34 	 0.578503
19.35 	 0.578503
19.36 	 0.575039
19.37 	 0.575039
19.38 	 0.575039
19.39 	 0.571553
19.4 	 0.568047
19.41 	 0.568047
19.42 	 0.564519
19.43 	 0.564519
19.44 	 0.560968
19.45 	 0.560968
19.46 	 0.557395
19.47 	 0.557395
19.48 	 0.553799
19.49 	 0.553799
19.5 	 0.550179
19.51 	 0.550179
19.52 	 0.546536
19.53 	 0.546536
19.54 	 0.546536
19.55 	 0.542868
19.56 	 0.542868
19.57 	 0.539175
19.58 	 0.535456
19.59 	 0.535456
19.6 	 0.531712
19.61 	 0.531712
19.62 	 0.527941
19.63 	 0.527941
19.64 	 0.524142
19.65 	 0.524142
19.66 	 0.520317
19.67 	 0.520317
19.68 	 0.516462
19.69 	 0.516462
19.7 	 0.512579
19.71 	 0.512579
19.72 	 0.512579
19.73 	 0.508666
19.74 	 0.504723
19.75 	 0.504723
19.76 	 0.500749
19.77 	 0.500749
19.78 	 0.496743
19.79 	 0.496743
19.8 	 0.492704
19.81 	 0.492704
19.82 	 0.488632
19.83 	 0.488632
19.84 	 0.484526
19.85 	 0.484526
19.86 	 0.480384
19.87 	 0.480384
19.88 	 0.480384
19.89 	 0.476207
19.9 	 0.471993
19.91 	 0.471993
19.92 	 0.467741
19.93 	 0.467741
19.94 	 0.463449
19.95 	 0.463449
19.96 	 0.459118
19.97 	 0.459118
19.98 	 0.454745
19.99 	 0.454745
20 	 0.45033
