0 	 0.353845
0.005 	 0.353845
0.01 	 0.353863
0.015 	 0.353827
0.02 	 0.35388
0.025 	 0.35381
0.03 	 0.353898
0.035 	 0.353792
0.04 	 0.353915
0.045 	 0.353774
0.05 	 0.353933
0.055 	 0.353757
0.06 	 0.35395
0.065 	 0.35374
0.07 	 0.353968
0.075 	 0.353722
0.08 	 0.353985
0.085 	 0.353705
0.09 	 0.354002
0.095 	 0.353688
0.1 	 0.354019
0.105 	 0.353672
0.11 	 0.354035
0.115 	 0.353655
0.12 	 0.354051
0.125 	 0.353639
0.13 	 0.354068
0.135 	 0.353623
0.14 	 0.354083
0.145 	 0.354083
0.15 	 0.354099
0.155 	 0.353592
0.16 	 0.354114
0.165 	 0.353577
0.17 	 0.354129
0.175 	 0.353562
0.18 	 0.354144
0.185 	 0.353547
0.19 	 0.354158
0.195 	 0.353533
0.2 	 0.354172
0.205 	 0.353519
0.21 	 0.354186
0.215 	 0.353506
0.22 	 0.354199
0.225 	 0.353493
0.23 	 0.354212
0.235 	 0.35348
0.24 	 0.354224
0.245 	 0.353468
0.25 	 0.354236
0.255 	 0.353456
0.26 	 0.354248
0.265 	 0.353444
0.27 	 0.354259
0.275 	 0.353433
0.28 	 0.35427
0.285 	 0.353423
0.29 	 0.353423
0.295 	 0.35428
0.3 	 0.35429
0.305 	 0.353403
0.31 	 0.354299
0.315 	 0.353394
0.32 	 0.354308
0.325 	 0.353386
0.33 	 0.354317
0.335 	 0.353377
0.34 	 0.354324
0.345 	 0.35337
0.35 	 0.354332
0.355 	 0.353363
0.36 	 0.354339
0.365 	 0.353356
0.37 	 0.354345
0.375 	 0.35335
0.38 	 0.354351
0.385 	 0.353344
0.39 	 0.354357
0.395 	 0.353339
0.4 	 0.354362
0.405 	 0.353334
0.41 	 0.354366
0.415 	 0.35333
0.42 	 0.35437
0.425 	 0.353326
0.43 	 0.354374
0.435 	 0.353323
0.44 	 0.354377
0.445 	 0.35332
0.45 	 0.354379
0.455 	 0.353317
0.46 	 0.354381
0.465 	 0.353315
0.47 	 0.354383
0.475 	 0.353314
0.48 	 0.354384
0.485 	 0.353313
0.49 	 0.354385
0.495 	 0.353312
0.5 	 0.354385
0.505 	 0.353312
0.51 	 0.354385
0.515 	 0.353313
0.52 	 0.354385
0.525 	 0.353313
0.53 	 0.354384
0.535 	 0.353315
0.54 	 0.354383
0.545 	 0.353316
0.55 	 0.354381
0.555 	 0.353318
0.56 	 0.354379
0.565 	 0.35332
0.57 	 0.354376
0.575 	 0.353323
0.58 	 0.353323
0.585 	 0.354373
0.59 	 0.353326
0.595 	 0.35437
0.6 	 0.354367
0.605 	 0.353333
0.61 	 0.354363
0.615 	 0.353337
0.62 	 0.354359
0.625 	 0.353342
0.63 	 0.354354
0.635 	 0.353346
0.64 	 0.354349
0.645 	 0.353351
0.65 	 0.354344
0.655 	 0.353356
0.66 	 0.354339
0.665 	 0.353362
0.67 	 0.354333
0.675 	 0.353367
0.68 	 0.354328
0.685 	 0.353373
0.69 	 0.354322
0.695 	 0.353379
0.7 	 0.354315
0.705 	 0.353386
0.71 	 0.354309
0.715 	 0.353392
0.72 	 0.354302
0.725 	 0.353399
0.73 	 0.354296
0.735 	 0.353406
0.74 	 0.354289
0.745 	 0.353413
0.75 	 0.354282
0.755 	 0.35342
0.76 	 0.354274
0.765 	 0.353427
0.77 	 0.354267
0.775 	 0.353435
0.78 	 0.35426
0.785 	 0.353442
0.79 	 0.354252
0.795 	 0.35345
0.8 	 0.354245
0.805 	 0.353457
0.81 	 0.354237
0.815 	 0.353465
0.82 	 0.354229
0.825 	 0.353473
0.83 	 0.354221
0.835 	 0.353481
0.84 	 0.354214
0.845 	 0.353489
0.85 	 0.354206
0.855 	 0.353497
0.86 	 0.354198
0.865 	 0.353504
0.87 	 0.35419
0.875 	 0.353512
0.88 	 0.354182
0.885 	 0.35352
0.89 	 0.354174
0.895 	 0.353528
0.9 	 0.354166
0.905 	 0.353536
0.91 	 0.354158
0.915 	 0.353544
0.92 	 0.354151
0.925 	 0.353552
0.93 	 0.354143
0.935 	 0.353559
0.94 	 0.354135
0.945 	 0.353567
0.95 	 0.354128
0.955 	 0.353575
0.96 	 0.35412
0.965 	 0.353582
0.97 	 0.354112
0.975 	 0.35359
0.98 	 0.354105
0.985 	 0.353597
0.99 	 0.354098
0.995 	 0.353604
1 	 0.35409
1.005 	 0.353612
1.01 	 0.354083
1.015 	 0.353619
1.02 	 0.354076
1.025 	 0.354076
1.03 	 0.354069
1.035 	 0.354069
1.04 	 0.354062
1.045 	 0.354062
1.05 	 0.354056
1.055 	 0.354056
1.06 	 0.354049
1.065 	 0.354049
1.07 	 0.354043
1.075 	 0.353659
1.08 	 0.354036
1.085 	 0.353665
1.09 	 0.35403
1.095 	 0.353672
1.1 	 0.354024
1.105 	 0.353678
1.11 	 0.354018
1.115 	 0.353684
1.12 	 0.354012
1.125 	 0.353689
1.13 	 0.354006
1.135 	 0.353695
1.14 	 0.354001
1.145 	 0.353701
1.15 	 0.353995
1.155 	 0.353706
1.16 	 0.353706
1.165 	 0.353711
1.17 	 0.353711
1.175 	 0.353717
1.18 	 0.353717
1.185 	 0.353722
1.19 	 0.353722
1.195 	 0.353727
1.2 	 0.35397
1.205 	 0.353731
1.21 	 0.353965
1.215 	 0.353736
1.22 	 0.35396
1.225 	 0.35374
1.23 	 0.353956
1.235 	 0.353745
1.24 	 0.353952
1.245 	 0.353749
1.25 	 0.353947
1.255 	 0.353753
1.26 	 0.353943
1.265 	 0.353757
1.27 	 0.35394
1.275 	 0.353761
1.28 	 0.353936
1.285 	 0.353765
1.29 	 0.353932
1.295 	 0.353768
1.3 	 0.353928
1.305 	 0.353772
1.31 	 0.353925
1.315 	 0.353775
1.32 	 0.353922
1.325 	 0.353779
1.33 	 0.353919
1.335 	 0.353782
1.34 	 0.353915
1.345 	 0.353785
1.35 	 0.353912
1.355 	 0.353788
1.36 	 0.35391
1.365 	 0.35379
1.37 	 0.353907
1.375 	 0.353793
1.38 	 0.353904
1.385 	 0.353796
1.39 	 0.353902
1.395 	 0.353798
1.4 	 0.353899
1.405 	 0.353801
1.41 	 0.353897
1.415 	 0.353803
1.42 	 0.353894
1.425 	 0.353805
1.43 	 0.353892
1.435 	 0.353807
1.44 	 0.35389
1.445 	 0.35381
1.45 	 0.353888
1.455 	 0.353812
1.46 	 0.353886
1.465 	 0.353813
1.47 	 0.353884
1.475 	 0.353815
1.48 	 0.353883
1.485 	 0.353817
1.49 	 0.353881
1.495 	 0.353819
1.5 	 0.353879
1.505 	 0.35382
1.51 	 0.353878
1.515 	 0.353822
1.52 	 0.353876
1.525 	 0.353823
1.53 	 0.353875
1.535 	 0.353825
1.54 	 0.353873
1.545 	 0.353826
1.55 	 0.353872
1.555 	 0.353827
1.56 	 0.353871
1.565 	 0.353828
1.57 	 0.35387
1.575 	 0.35383
1.58 	 0.353869
1.585 	 0.353831
1.59 	 0.353867
1.595 	 0.353832
1.6 	 0.353866
1.605 	 0.353833
1.61 	 0.353866
1.615 	 0.353834
1.62 	 0.353865
1.625 	 0.353834
1.63 	 0.353864
1.635 	 0.353835
1.64 	 0.353863
1.645 	 0.353836
1.65 	 0.353862
1.655 	 0.353837
1.66 	 0.353861
1.665 	 0.353838
1.67 	 0.353861
1.675 	 0.353838
1.68 	 0.35386
1.685 	 0.353839
1.69 	 0.353859
1.695 	 0.35384
1.7 	 0.353859
1.705 	 0.35384
1.71 	 0.353858
1.715 	 0.353841
1.72 	 0.353858
1.725 	 0.353841
1.73 	 0.353857
1.735 	 0.353842
1.74 	 0.353857
1.745 	 0.353842
1.75 	 0.353856
1.755 	 0.353843
1.76 	 0.353856
1.765 	 0.353843
1.77 	 0.353855
1.775 	 0.353843
1.78 	 0.353855
1.785 	 0.353844
1.79 	 0.353855
1.795 	 0.353844
1.8 	 0.353854
1.805 	 0.353845
1.81 	 0.353854
1.815 	 0.353845
1.82 	 0.353854
1.825 	 0.353845
1.83 	 0.353853
1.835 	 0.353845
1.84 	 0.353853
1.845 	 0.353846
1.85 	 0.353853
1.855 	 0.353846
1.86 	 0.353853
1.865 	 0.353846
1.87 	 0.353852
1.875 	 0.353846
1.88 	 0.353852
1.885 	 0.353847
1.89 	 0.353852
1.895 	 0.353847
1.9 	 0.353852
1.905 	 0.353847
1.91 	 0.353852
1.915 	 0.353847
1.92 	 0.353851
1.925 	 0.353847
1.93 	 0.353851
1.935 	 0.353847
1.94 	 0.353851
1.945 	 0.353848
1.95 	 0.353851
1.955 	 0.353848
1.96 	 0.353851
1.965 	 0.353848
1.97 	 0.353851
1.975 	 0.353848
1.98 	 0.353851
1.985 	 0.353848
1.99 	 0.353851
1.995 	 0.353848
2 	 0.353851
2.005 	 0.353851
2.01 	 0.35385
2.015 	 0.353848
2.02 	 0.35385
2.025 	 0.353848
2.03 	 0.35385
2.035 	 0.353848
2.04 	 0.35385
2.045 	 0.353848
2.05 	 0.353848
2.055 	 0.353849
2.06 	 0.35385
2.065 	 0.353849
2.07 	 0.353849
2.075 	 0.353849
2.08 	 0.35385
2.085 	 0.353849
2.09 	 0.353849
2.095 	 0.353849
2.1 	 0.35385
2.105 	 0.353849
2.11 	 0.353849
2.115 	 0.353849
2.12 	 0.35385
2.125 	 0.353849
2.13 	 0.353849
2.135 	 0.353849
2.14 	 0.35385
2.145 	 0.353849
2.15 	 0.35385
2.155 	 0.353849
2.16 	 0.35385
2.165 	 0.353849
2.17 	 0.35385
2.175 	 0.353849
2.18 	 0.35385
2.185 	 0.353849
2.19 	 0.35385
2.195 	 0.35385
2.2 	 0.35385
2.205 	 0.353849
2.21 	 0.35385
2.215 	 0.35385
2.22 	 0.35385
2.225 	 0.353849
2.23 	 0.35385
2.235 	 0.35385
2.24 	 0.353849
2.245 	 0.353849
2.25 	 0.353849
2.255 	 0.353849
2.26 	 0.353849
2.265 	 0.353849
2.27 	 0.353849
2.275 	 0.353849
2.28 	 0.353849
2.285 	 0.353849
2.29 	 0.353849
2.295 	 0.353849
2.3 	 0.353849
2.305 	 0.353849
2.31 	 0.353849
2.315 	 0.353849
2.32 	 0.353849
2.325 	 0.353849
2.33 	 0.353849
2.335 	 0.353849
2.34 	 0.353849
2.345 	 0.353849
2.35 	 0.353849
2.355 	 0.353849
2.36 	 0.353849
2.365 	 0.353849
2.37 	 0.353849
2.375 	 0.353849
2.38 	 0.353849
2.385 	 0.353849
2.39 	 0.353849
2.395 	 0.353849
2.4 	 0.353849
2.405 	 0.353849
2.41 	 0.353849
2.415 	 0.353849
2.42 	 0.353849
2.425 	 0.353849
2.43 	 0.353849
2.435 	 0.353849
2.44 	 0.353849
2.445 	 0.353849
2.45 	 0.353849
2.455 	 0.353849
2.46 	 0.353849
2.465 	 0.353849
2.47 	 0.353849
2.475 	 0.353849
2.48 	 0.353849
2.485 	 0.353849
2.49 	 0.353849
2.495 	 0.353849
2.5 	 0.353849
2.505 	 0.353849
2.51 	 0.353849
2.515 	 0.353849
2.52 	 0.353849
2.525 	 0.353849
2.53 	 0.353849
2.535 	 0.353849
2.54 	 0.353849
2.545 	 0.353849
2.55 	 0.353849
2.555 	 0.353849
2.56 	 0.353849
2.565 	 0.353849
2.57 	 0.353849
2.575 	 0.353849
2.58 	 0.353849
2.585 	 0.353849
2.59 	 0.353849
2.595 	 0.353849
2.6 	 0.353849
2.605 	 0.353849
2.61 	 0.353849
2.615 	 0.353849
2.62 	 0.353849
2.625 	 0.353849
2.63 	 0.353849
2.635 	 0.353849
2.64 	 0.353849
2.645 	 0.353849
2.65 	 0.353849
2.655 	 0.353849
2.66 	 0.353849
2.665 	 0.353849
2.67 	 0.353849
2.675 	 0.353849
2.68 	 0.353849
2.685 	 0.353849
2.69 	 0.353849
2.695 	 0.353849
2.7 	 0.353849
2.705 	 0.353849
2.71 	 0.353849
2.715 	 0.353849
2.72 	 0.353849
2.725 	 0.353849
2.73 	 0.353849
2.735 	 0.353849
2.74 	 0.353849
2.745 	 0.353849
2.75 	 0.353849
2.755 	 0.353849
2.76 	 0.353849
2.765 	 0.353849
2.77 	 0.353849
2.775 	 0.353849
2.78 	 0.353849
2.785 	 0.35385
2.79 	 0.353849
2.795 	 0.35385
2.8 	 0.353849
2.805 	 0.35385
2.81 	 0.353849
2.815 	 0.35385
2.82 	 0.353849
2.825 	 0.35385
2.83 	 0.353849
2.835 	 0.35385
2.84 	 0.353849
2.845 	 0.35385
2.85 	 0.353849
2.855 	 0.35385
2.86 	 0.353849
2.865 	 0.35385
2.87 	 0.353849
2.875 	 0.35385
2.88 	 0.353849
2.885 	 0.35385
2.89 	 0.353849
2.895 	 0.35385
2.9 	 0.353849
2.905 	 0.35385
2.91 	 0.353849
2.915 	 0.35385
2.92 	 0.353849
2.925 	 0.35385
2.93 	 0.353849
2.935 	 0.35385
2.94 	 0.353849
2.945 	 0.35385
2.95 	 0.353849
2.955 	 0.35385
2.96 	 0.353848
2.965 	 0.35385
2.97 	 0.353848
2.975 	 0.35385
2.98 	 0.353848
2.985 	 0.35385
2.99 	 0.353848
2.995 	 0.35385
3 	 0.353848
3.005 	 0.35385
3.01 	 0.353848
3.015 	 0.353851
3.02 	 0.353848
3.025 	 0.353851
3.03 	 0.353848
3.035 	 0.353851
3.04 	 0.353848
3.045 	 0.353851
3.05 	 0.353848
3.055 	 0.353851
3.06 	 0.353848
3.065 	 0.353851
3.07 	 0.353847
3.075 	 0.353851
3.08 	 0.353847
3.085 	 0.353851
3.09 	 0.353847
3.095 	 0.353852
3.1 	 0.353847
3.105 	 0.353852
3.11 	 0.353847
3.115 	 0.353852
3.12 	 0.353847
3.125 	 0.353852
3.13 	 0.353846
3.135 	 0.353852
3.14 	 0.353846
3.145 	 0.353853
3.15 	 0.353846
3.155 	 0.353853
3.16 	 0.353846
3.165 	 0.353853
3.17 	 0.353846
3.175 	 0.353853
3.18 	 0.353845
3.185 	 0.353854
3.19 	 0.353845
3.195 	 0.353854
3.2 	 0.353845
3.205 	 0.353854
3.21 	 0.353844
3.215 	 0.353854
3.22 	 0.353844
3.225 	 0.353855
3.23 	 0.353844
3.235 	 0.353855
3.24 	 0.353843
3.245 	 0.353856
3.25 	 0.353843
3.255 	 0.353856
3.26 	 0.353842
3.265 	 0.353856
3.27 	 0.353842
3.275 	 0.353857
3.28 	 0.353841
3.285 	 0.353857
3.29 	 0.353841
3.295 	 0.353858
3.3 	 0.35384
3.305 	 0.353858
3.31 	 0.35384
3.315 	 0.353859
3.32 	 0.353839
3.325 	 0.35386
3.33 	 0.353839
3.335 	 0.35386
3.34 	 0.353838
3.345 	 0.353861
3.35 	 0.353837
3.355 	 0.353862
3.36 	 0.353837
3.365 	 0.353863
3.37 	 0.353836
3.375 	 0.353863
3.38 	 0.353835
3.385 	 0.353864
3.39 	 0.353834
3.395 	 0.353865
3.4 	 0.353833
3.405 	 0.353866
3.41 	 0.353832
3.415 	 0.353867
3.42 	 0.353831
3.425 	 0.353868
3.43 	 0.35383
3.435 	 0.353869
3.44 	 0.353829
3.445 	 0.35387
3.45 	 0.353828
3.455 	 0.353871
3.46 	 0.353827
3.465 	 0.353873
3.47 	 0.353825
3.475 	 0.353874
3.48 	 0.353824
3.485 	 0.353875
3.49 	 0.353822
3.495 	 0.353877
3.5 	 0.353821
3.505 	 0.353878
3.51 	 0.353819
3.515 	 0.35388
3.52 	 0.353818
3.525 	 0.353882
3.53 	 0.353816
3.535 	 0.353883
3.54 	 0.353814
3.545 	 0.353885
3.55 	 0.353812
3.555 	 0.353887
3.56 	 0.353811
3.565 	 0.353889
3.57 	 0.353808
3.575 	 0.353891
3.58 	 0.353806
3.585 	 0.353893
3.59 	 0.353804
3.595 	 0.353896
3.6 	 0.353802
3.605 	 0.353898
3.61 	 0.3538
3.615 	 0.3539
3.62 	 0.353797
3.625 	 0.353903
3.63 	 0.353794
3.635 	 0.353905
3.64 	 0.353792
3.645 	 0.353908
3.65 	 0.353789
3.655 	 0.353911
3.66 	 0.353786
3.665 	 0.353914
3.67 	 0.353783
3.675 	 0.353917
3.68 	 0.35378
3.685 	 0.35392
3.69 	 0.353777
3.695 	 0.353923
3.7 	 0.353774
3.705 	 0.353927
3.71 	 0.35377
3.715 	 0.35393
3.72 	 0.353767
3.725 	 0.353934
3.73 	 0.353763
3.735 	 0.353938
3.74 	 0.353759
3.745 	 0.353941
3.75 	 0.353755
3.755 	 0.353945
3.76 	 0.353751
3.765 	 0.35395
3.77 	 0.353747
3.775 	 0.353954
3.78 	 0.353743
3.785 	 0.353958
3.79 	 0.353738
3.795 	 0.353963
3.8 	 0.353734
3.805 	 0.353967
3.81 	 0.353729
3.815 	 0.353972
3.82 	 0.353724
3.825 	 0.353977
3.83 	 0.353719
3.835 	 0.353982
3.84 	 0.353714
3.845 	 0.353987
3.85 	 0.353709
3.855 	 0.353992
3.86 	 0.353703
3.865 	 0.353998
3.87 	 0.353698
3.875 	 0.354003
3.88 	 0.353692
3.885 	 0.354009
3.89 	 0.353687
3.895 	 0.354015
3.9 	 0.353681
3.905 	 0.354021
3.91 	 0.353675
3.915 	 0.354027
3.92 	 0.353669
3.925 	 0.354033
3.93 	 0.353662
3.935 	 0.354039
3.94 	 0.353656
3.945 	 0.354046
3.95 	 0.353649
3.955 	 0.354052
3.96 	 0.353643
3.965 	 0.354059
3.97 	 0.353636
3.975 	 0.354066
3.98 	 0.353629
3.985 	 0.354073
3.99 	 0.353622
3.995 	 0.35408
4 	 0.353615
4.005 	 0.354087
4.01 	 0.354087
4.015 	 0.353608
4.02 	 0.353601
4.025 	 0.354101
4.03 	 0.353593
4.035 	 0.354109
4.04 	 0.353586
4.045 	 0.354116
4.05 	 0.353579
4.055 	 0.353579
4.06 	 0.353571
4.065 	 0.354131
4.07 	 0.353563
4.075 	 0.354139
4.08 	 0.353556
4.085 	 0.354147
4.09 	 0.353548
4.095 	 0.353548
4.1 	 0.354154
4.105 	 0.354162
4.11 	 0.353532
4.115 	 0.35417
4.12 	 0.353524
4.125 	 0.354178
4.13 	 0.353516
4.135 	 0.353516
4.14 	 0.354186
4.145 	 0.354194
4.15 	 0.353501
4.155 	 0.354202
4.16 	 0.353493
4.165 	 0.354209
4.17 	 0.353485
4.175 	 0.354217
4.18 	 0.354217
4.185 	 0.354225
4.19 	 0.353469
4.195 	 0.354233
4.2 	 0.353461
4.205 	 0.354241
4.21 	 0.353454
4.215 	 0.354248
4.22 	 0.354248
4.225 	 0.353446
4.23 	 0.353439
4.235 	 0.354263
4.24 	 0.353431
4.245 	 0.354271
4.25 	 0.353424
4.255 	 0.354278
4.26 	 0.354278
4.265 	 0.353417
4.27 	 0.35341
4.275 	 0.354292
4.28 	 0.353403
4.285 	 0.354299
4.29 	 0.353396
4.295 	 0.354306
4.3 	 0.353389
4.305 	 0.353389
4.31 	 0.353383
4.315 	 0.354318
4.32 	 0.353377
4.325 	 0.354324
4.33 	 0.353371
4.335 	 0.35433
4.34 	 0.353365
4.345 	 0.353365
4.35 	 0.353359
4.355 	 0.354341
4.36 	 0.353354
4.365 	 0.354347
4.37 	 0.353349
4.375 	 0.354352
4.38 	 0.353344
4.385 	 0.353344
4.39 	 0.354356
4.395 	 0.35436
4.4 	 0.353335
4.405 	 0.354365
4.41 	 0.353331
4.415 	 0.354368
4.42 	 0.353328
4.425 	 0.354372
4.43 	 0.354372
4.435 	 0.354375
4.44 	 0.353322
4.445 	 0.354377
4.45 	 0.353319
4.455 	 0.35438
4.46 	 0.353317
4.465 	 0.354382
4.47 	 0.354382
4.475 	 0.354383
4.48 	 0.353314
4.485 	 0.354384
4.49 	 0.353313
4.495 	 0.354385
4.5 	 0.353313
4.505 	 0.354385
4.51 	 0.354385
4.515 	 0.353312
4.52 	 0.353313
4.525 	 0.354385
4.53 	 0.353314
4.535 	 0.354384
4.54 	 0.353315
4.545 	 0.354382
4.55 	 0.353316
4.555 	 0.353316
4.56 	 0.353319
4.565 	 0.354378
4.57 	 0.353321
4.575 	 0.354375
4.58 	 0.353324
4.585 	 0.354372
4.59 	 0.353328
4.595 	 0.353328
4.6 	 0.353332
4.605 	 0.354364
4.61 	 0.353336
4.615 	 0.354359
4.62 	 0.353341
4.625 	 0.354354
4.63 	 0.353347
4.635 	 0.353347
4.64 	 0.354348
4.645 	 0.354342
4.65 	 0.353359
4.655 	 0.354335
4.66 	 0.353366
4.665 	 0.354328
4.67 	 0.353373
4.675 	 0.354321
4.68 	 0.354321
4.685 	 0.354312
4.69 	 0.35339
4.695 	 0.354304
4.7 	 0.353399
4.705 	 0.354295
4.71 	 0.353408
4.715 	 0.354285
4.72 	 0.354285
4.725 	 0.354275
4.73 	 0.353428
4.735 	 0.354265
4.74 	 0.353439
4.745 	 0.354254
4.75 	 0.35345
4.755 	 0.354242
4.76 	 0.354242
4.765 	 0.353462
4.77 	 0.353474
4.775 	 0.354218
4.78 	 0.353486
4.785 	 0.354206
4.79 	 0.353499
4.795 	 0.354193
4.8 	 0.353512
4.805 	 0.353512
4.81 	 0.353526
4.815 	 0.354166
4.82 	 0.35354
4.825 	 0.354151
4.83 	 0.353554
4.835 	 0.354137
4.84 	 0.353569
4.845 	 0.353569
4.85 	 0.353584
4.855 	 0.354107
4.86 	 0.353599
4.865 	 0.354092
4.87 	 0.353615
4.875 	 0.354076
4.88 	 0.353631
4.885 	 0.353631
4.89 	 0.35406
4.895 	 0.354044
4.9 	 0.353663
4.905 	 0.354027
4.91 	 0.35368
4.915 	 0.35401
4.92 	 0.353697
4.925 	 0.353994
4.93 	 0.353994
4.935 	 0.353977
4.94 	 0.353731
4.945 	 0.353959
4.95 	 0.353748
4.955 	 0.353942
4.96 	 0.353765
4.965 	 0.353925
4.97 	 0.353925
4.975 	 0.353907
4.98 	 0.3538
4.985 	 0.353889
4.99 	 0.353818
4.995 	 0.353872
5 	 0.353836
5.005 	 0.353854
5.01 	 0.353854
5.015 	 0.353853
5.02 	 0.353871
5.025 	 0.353819
5.03 	 0.353889
5.035 	 0.353801
5.04 	 0.353906
5.045 	 0.353783
5.05 	 0.353924
5.055 	 0.353924
5.06 	 0.353941
5.065 	 0.353749
5.07 	 0.353959
5.075 	 0.353731
5.08 	 0.353976
5.085 	 0.353714
5.09 	 0.353993
5.095 	 0.353993
5.1 	 0.35401
5.105 	 0.35368
5.11 	 0.354027
5.115 	 0.353664
5.12 	 0.354043
5.125 	 0.353647
5.13 	 0.354059
5.135 	 0.353631
5.14 	 0.354075
5.145 	 0.353615
5.15 	 0.354091
5.155 	 0.3536
5.16 	 0.354107
5.165 	 0.353584
5.17 	 0.354122
5.175 	 0.353569
5.18 	 0.354137
5.185 	 0.353555
5.19 	 0.354151
5.195 	 0.35354
5.2 	 0.354165
5.205 	 0.353526
5.21 	 0.354179
5.215 	 0.353513
5.22 	 0.354192
5.225 	 0.353499
5.23 	 0.354205
5.235 	 0.353486
5.24 	 0.354218
5.245 	 0.353474
5.25 	 0.35423
5.255 	 0.353462
5.26 	 0.354242
5.265 	 0.35345
5.27 	 0.354254
5.275 	 0.353439
5.28 	 0.354265
5.285 	 0.353428
5.29 	 0.354275
5.295 	 0.353418
5.3 	 0.354285
5.305 	 0.353408
5.31 	 0.354295
5.315 	 0.353399
5.32 	 0.354304
5.325 	 0.35339
5.33 	 0.354312
5.335 	 0.353382
5.34 	 0.354321
5.345 	 0.353374
5.35 	 0.354328
5.355 	 0.353366
5.36 	 0.354335
5.365 	 0.353359
5.37 	 0.354342
5.375 	 0.353353
5.38 	 0.354348
5.385 	 0.353347
5.39 	 0.354354
5.395 	 0.353341
5.4 	 0.354359
5.405 	 0.353336
5.41 	 0.354364
5.415 	 0.353332
5.42 	 0.354368
5.425 	 0.353328
5.43 	 0.354372
5.435 	 0.353324
5.44 	 0.354375
5.445 	 0.353321
5.45 	 0.354378
5.455 	 0.353318
5.46 	 0.354381
5.465 	 0.353316
5.47 	 0.354382
5.475 	 0.353315
5.48 	 0.354384
5.485 	 0.353313
5.49 	 0.354385
5.495 	 0.353313
5.5 	 0.354385
5.505 	 0.353312
5.51 	 0.354386
5.515 	 0.353312
5.52 	 0.354385
5.525 	 0.353313
5.53 	 0.354385
5.535 	 0.353314
5.54 	 0.354383
5.545 	 0.353315
5.55 	 0.354382
5.555 	 0.353317
5.56 	 0.35438
5.565 	 0.353319
5.57 	 0.354378
5.575 	 0.353321
5.58 	 0.354375
5.585 	 0.353324
5.59 	 0.354372
5.595 	 0.353328
5.6 	 0.354369
5.605 	 0.353331
5.61 	 0.354365
5.615 	 0.353335
5.62 	 0.354361
5.625 	 0.353339
5.63 	 0.354357
5.635 	 0.353344
5.64 	 0.354352
5.645 	 0.353348
5.65 	 0.354347
5.655 	 0.353353
5.66 	 0.354342
5.665 	 0.353359
5.67 	 0.354336
5.675 	 0.353364
5.68 	 0.354331
5.685 	 0.35337
5.69 	 0.354325
5.695 	 0.353376
5.7 	 0.354319
5.705 	 0.353382
5.71 	 0.354312
5.715 	 0.353389
5.72 	 0.354306
5.725 	 0.353395
5.73 	 0.354299
5.735 	 0.353402
5.74 	 0.354292
5.745 	 0.353409
5.75 	 0.354285
5.755 	 0.353416
5.76 	 0.354278
5.765 	 0.353423
5.77 	 0.354271
5.775 	 0.353431
5.78 	 0.354264
5.785 	 0.353438
5.79 	 0.354256
5.795 	 0.353446
5.8 	 0.354249
5.805 	 0.353453
5.81 	 0.354241
5.815 	 0.353461
5.82 	 0.354233
5.825 	 0.353469
5.83 	 0.354225
5.835 	 0.353477
5.84 	 0.354218
5.845 	 0.353485
5.85 	 0.35421
5.855 	 0.353492
5.86 	 0.354202
5.865 	 0.3535
5.87 	 0.354194
5.875 	 0.353508
5.88 	 0.354186
5.885 	 0.353516
5.89 	 0.354178
5.895 	 0.353524
5.9 	 0.35417
5.905 	 0.353532
5.91 	 0.354162
5.915 	 0.35354
5.92 	 0.354155
5.925 	 0.353548
5.93 	 0.354147
5.935 	 0.353555
5.94 	 0.354139
5.945 	 0.353563
5.95 	 0.354131
5.955 	 0.353571
5.96 	 0.354124
5.965 	 0.353578
5.97 	 0.354116
5.975 	 0.353586
5.98 	 0.354109
5.985 	 0.353593
5.99 	 0.354101
5.995 	 0.353601
6 	 0.354094
6.005 	 0.353608
6.01 	 0.354087
6.015 	 0.353615
6.02 	 0.35408
6.025 	 0.353622
6.03 	 0.354073
6.035 	 0.353629
6.04 	 0.354066
6.045 	 0.353636
6.05 	 0.354059
6.055 	 0.353643
6.06 	 0.354052
6.065 	 0.353649
6.07 	 0.354046
6.075 	 0.353656
6.08 	 0.354039
6.085 	 0.353662
6.09 	 0.354033
6.095 	 0.353669
6.1 	 0.354027
6.105 	 0.353675
6.11 	 0.354021
6.115 	 0.353681
6.12 	 0.354015
6.125 	 0.353687
6.13 	 0.354009
6.135 	 0.353692
6.14 	 0.354003
6.145 	 0.353698
6.15 	 0.353998
6.155 	 0.353703
6.16 	 0.353992
6.165 	 0.353709
6.17 	 0.353987
6.175 	 0.353714
6.18 	 0.353982
6.185 	 0.353719
6.19 	 0.353977
6.195 	 0.353724
6.2 	 0.353972
6.205 	 0.353729
6.21 	 0.353967
6.215 	 0.353734
6.22 	 0.353963
6.225 	 0.353738
6.23 	 0.353958
6.235 	 0.353743
6.24 	 0.353954
6.245 	 0.353747
6.25 	 0.35395
6.255 	 0.353751
6.26 	 0.353945
6.265 	 0.353755
6.27 	 0.353941
6.275 	 0.353759
6.28 	 0.353938
6.285 	 0.353763
6.29 	 0.353934
6.295 	 0.353767
6.3 	 0.35393
6.305 	 0.35377
6.31 	 0.353927
6.315 	 0.353774
6.32 	 0.353923
6.325 	 0.353777
6.33 	 0.35392
6.335 	 0.35378
6.34 	 0.353917
6.345 	 0.353783
6.35 	 0.353914
6.355 	 0.353786
6.36 	 0.353911
6.365 	 0.353789
6.37 	 0.353908
6.375 	 0.353792
6.38 	 0.353905
6.385 	 0.353795
6.39 	 0.353903
6.395 	 0.353797
6.4 	 0.3539
6.405 	 0.3538
6.41 	 0.353898
6.415 	 0.353802
6.42 	 0.353895
6.425 	 0.353804
6.43 	 0.353893
6.435 	 0.353806
6.44 	 0.353891
6.445 	 0.353809
6.45 	 0.353889
6.455 	 0.353811
6.46 	 0.353887
6.465 	 0.353813
6.47 	 0.353885
6.475 	 0.353814
6.48 	 0.353883
6.485 	 0.353816
6.49 	 0.353882
6.495 	 0.353818
6.5 	 0.35388
6.505 	 0.353819
6.51 	 0.353878
6.515 	 0.353821
6.52 	 0.353877
6.525 	 0.353823
6.53 	 0.353875
6.535 	 0.353824
6.54 	 0.353874
6.545 	 0.353825
6.55 	 0.353873
6.555 	 0.353827
6.56 	 0.353871
6.565 	 0.353828
6.57 	 0.35387
6.575 	 0.353829
6.58 	 0.353869
6.585 	 0.35383
6.59 	 0.353868
6.595 	 0.353831
6.6 	 0.353867
6.605 	 0.353832
6.61 	 0.353866
6.615 	 0.353833
6.62 	 0.353865
6.625 	 0.353834
6.63 	 0.353864
6.635 	 0.353835
6.64 	 0.353863
6.645 	 0.353836
6.65 	 0.353862
6.655 	 0.353837
6.66 	 0.353862
6.665 	 0.353837
6.67 	 0.353861
6.675 	 0.353838
6.68 	 0.35386
6.685 	 0.353839
6.69 	 0.35386
6.695 	 0.353839
6.7 	 0.353859
6.705 	 0.35384
6.71 	 0.353858
6.715 	 0.35384
6.72 	 0.353858
6.725 	 0.353841
6.73 	 0.353857
6.735 	 0.353842
6.74 	 0.353857
6.745 	 0.353842
6.75 	 0.353856
6.755 	 0.353842
6.76 	 0.353856
6.765 	 0.353843
6.77 	 0.353856
6.775 	 0.353843
6.78 	 0.353855
6.785 	 0.353844
6.79 	 0.353855
6.795 	 0.353844
6.8 	 0.353854
6.805 	 0.353844
6.81 	 0.353854
6.815 	 0.353845
6.82 	 0.353854
6.825 	 0.353845
6.83 	 0.353853
6.835 	 0.353845
6.84 	 0.353853
6.845 	 0.353846
6.85 	 0.353853
6.855 	 0.353846
6.86 	 0.353853
6.865 	 0.353846
6.87 	 0.353852
6.875 	 0.353846
6.88 	 0.353852
6.885 	 0.353846
6.89 	 0.353852
6.895 	 0.353847
6.9 	 0.353852
6.905 	 0.353847
6.91 	 0.353852
6.915 	 0.353847
6.92 	 0.353852
6.925 	 0.353847
6.93 	 0.353851
6.935 	 0.353847
6.94 	 0.353851
6.945 	 0.353847
6.95 	 0.353851
6.955 	 0.353848
6.96 	 0.353851
6.965 	 0.353848
6.97 	 0.353851
6.975 	 0.353848
6.98 	 0.353851
6.985 	 0.353848
6.99 	 0.353851
6.995 	 0.353848
7 	 0.353851
7.005 	 0.353848
7.01 	 0.35385
7.015 	 0.353848
7.02 	 0.35385
7.025 	 0.353848
7.03 	 0.35385
7.035 	 0.353848
7.04 	 0.35385
7.045 	 0.353848
7.05 	 0.35385
7.055 	 0.353848
7.06 	 0.35385
7.065 	 0.353849
7.07 	 0.35385
7.075 	 0.353849
7.08 	 0.35385
7.085 	 0.353849
7.09 	 0.35385
7.095 	 0.353849
7.1 	 0.35385
7.105 	 0.353849
7.11 	 0.35385
7.115 	 0.353849
7.12 	 0.35385
7.125 	 0.353849
7.13 	 0.35385
7.135 	 0.353849
7.14 	 0.35385
7.145 	 0.353849
7.15 	 0.35385
7.155 	 0.353849
7.16 	 0.35385
7.165 	 0.353849
7.17 	 0.35385
7.175 	 0.353849
7.18 	 0.35385
7.185 	 0.353849
7.19 	 0.35385
7.195 	 0.353849
7.2 	 0.35385
7.205 	 0.353849
7.21 	 0.35385
7.215 	 0.353849
7.22 	 0.35385
7.225 	 0.353849
7.23 	 0.35385
7.235 	 0.353849
7.24 	 0.353849
7.245 	 0.353849
7.25 	 0.353849
7.255 	 0.353849
7.26 	 0.353849
7.265 	 0.353849
7.27 	 0.353849
7.275 	 0.353849
7.28 	 0.353849
7.285 	 0.353849
7.29 	 0.353849
7.295 	 0.353849
7.3 	 0.353849
7.305 	 0.353849
7.31 	 0.353849
7.315 	 0.353849
7.32 	 0.353849
7.325 	 0.353849
7.33 	 0.353849
7.335 	 0.353849
7.34 	 0.353849
7.345 	 0.353849
7.35 	 0.353849
7.355 	 0.353849
7.36 	 0.353849
7.365 	 0.353849
7.37 	 0.353849
7.375 	 0.353849
7.38 	 0.353849
7.385 	 0.353849
7.39 	 0.353849
7.395 	 0.353849
7.4 	 0.353849
7.405 	 0.353849
7.41 	 0.353849
7.415 	 0.353849
7.42 	 0.353849
7.425 	 0.353849
7.43 	 0.353849
7.435 	 0.353849
7.44 	 0.353849
7.445 	 0.353849
7.45 	 0.353849
7.455 	 0.353849
7.46 	 0.353849
7.465 	 0.353849
7.47 	 0.353849
7.475 	 0.353849
7.48 	 0.353849
7.485 	 0.353849
7.49 	 0.353849
7.495 	 0.353849
7.5 	 0.353849
7.505 	 0.353849
7.51 	 0.353849
7.515 	 0.353849
7.52 	 0.353849
7.525 	 0.353849
7.53 	 0.353849
7.535 	 0.353849
7.54 	 0.353849
7.545 	 0.353849
7.55 	 0.353849
7.555 	 0.353849
7.56 	 0.353849
7.565 	 0.353849
7.57 	 0.353849
7.575 	 0.353849
7.58 	 0.353849
7.585 	 0.353849
7.59 	 0.353849
7.595 	 0.353849
7.6 	 0.353849
7.605 	 0.353849
7.61 	 0.353849
7.615 	 0.353849
7.62 	 0.353849
7.625 	 0.353849
7.63 	 0.353849
7.635 	 0.353849
7.64 	 0.353849
7.645 	 0.353849
7.65 	 0.353849
7.655 	 0.353849
7.66 	 0.353849
7.665 	 0.353849
7.67 	 0.353849
7.675 	 0.353849
7.68 	 0.353849
7.685 	 0.353849
7.69 	 0.353849
7.695 	 0.353849
7.7 	 0.353849
7.705 	 0.353849
7.71 	 0.353849
7.715 	 0.353849
7.72 	 0.353849
7.725 	 0.353849
7.73 	 0.353849
7.735 	 0.353849
7.74 	 0.353849
7.745 	 0.353849
7.75 	 0.353849
7.755 	 0.353849
7.76 	 0.353849
7.765 	 0.353849
7.77 	 0.353849
7.775 	 0.353849
7.78 	 0.353849
7.785 	 0.35385
7.79 	 0.353849
7.795 	 0.35385
7.8 	 0.353849
7.805 	 0.35385
7.81 	 0.353849
7.815 	 0.35385
7.82 	 0.353849
7.825 	 0.35385
7.83 	 0.353849
7.835 	 0.35385
7.84 	 0.353849
7.845 	 0.35385
7.85 	 0.353849
7.855 	 0.35385
7.86 	 0.353849
7.865 	 0.35385
7.87 	 0.353849
7.875 	 0.35385
7.88 	 0.353849
7.885 	 0.35385
7.89 	 0.353849
7.895 	 0.35385
7.9 	 0.353849
7.905 	 0.35385
7.91 	 0.353849
7.915 	 0.35385
7.92 	 0.353849
7.925 	 0.35385
7.93 	 0.353849
7.935 	 0.35385
7.94 	 0.353849
7.945 	 0.35385
7.95 	 0.353849
7.955 	 0.35385
7.96 	 0.353849
7.965 	 0.35385
7.97 	 0.353848
7.975 	 0.35385
7.98 	 0.353848
7.985 	 0.35385
7.99 	 0.353848
7.995 	 0.35385
8 	 0.353848
8.005 	 0.35385
8.01 	 0.353848
8.015 	 0.353851
8.02 	 0.353851
8.025 	 0.353851
8.03 	 0.353851
8.035 	 0.353851
8.04 	 0.353848
8.045 	 0.353851
8.05 	 0.353848
8.055 	 0.353851
8.06 	 0.353848
8.065 	 0.353848
8.07 	 0.353847
8.075 	 0.353847
8.08 	 0.353847
8.085 	 0.353851
8.09 	 0.353847
8.095 	 0.353852
8.1 	 0.353847
8.105 	 0.353852
8.11 	 0.353852
8.115 	 0.353852
8.12 	 0.353847
8.125 	 0.353852
8.13 	 0.353847
8.135 	 0.353852
8.14 	 0.353846
8.145 	 0.353846
8.15 	 0.353846
8.155 	 0.353846
8.16 	 0.353846
8.165 	 0.353853
8.17 	 0.353846
8.175 	 0.353853
8.18 	 0.353845
8.185 	 0.353853
8.19 	 0.353853
8.195 	 0.353854
8.2 	 0.353854
8.205 	 0.353854
8.21 	 0.353844
8.215 	 0.353854
8.22 	 0.353844
8.225 	 0.353855
8.23 	 0.353844
8.235 	 0.353844
8.24 	 0.353843
8.245 	 0.353855
8.25 	 0.353843
8.255 	 0.353856
8.26 	 0.353843
8.265 	 0.353856
8.27 	 0.353856
8.275 	 0.353857
8.28 	 0.353857
8.285 	 0.353857
8.29 	 0.353841
8.295 	 0.353858
8.3 	 0.353841
8.305 	 0.353858
8.31 	 0.35384
8.315 	 0.35384
8.32 	 0.35384
8.325 	 0.35384
8.33 	 0.353839
8.335 	 0.35386
8.34 	 0.353838
8.345 	 0.353861
8.35 	 0.353838
8.355 	 0.353861
8.36 	 0.353861
8.365 	 0.353862
8.37 	 0.353836
8.375 	 0.353863
8.38 	 0.353835
8.385 	 0.353864
8.39 	 0.353834
8.395 	 0.353834
8.4 	 0.353834
8.405 	 0.353834
8.41 	 0.353833
8.415 	 0.353867
8.42 	 0.353832
8.425 	 0.353868
8.43 	 0.353831
8.435 	 0.353869
8.44 	 0.353869
8.445 	 0.35387
8.45 	 0.35387
8.455 	 0.353871
8.46 	 0.353827
8.465 	 0.353872
8.47 	 0.353826
8.475 	 0.353873
8.48 	 0.353825
8.485 	 0.353825
8.49 	 0.353823
8.495 	 0.353876
8.5 	 0.353822
8.505 	 0.353878
8.51 	 0.35382
8.515 	 0.353879
8.52 	 0.353879
8.525 	 0.353881
8.53 	 0.353881
8.535 	 0.353883
8.54 	 0.353815
8.545 	 0.353884
8.55 	 0.353813
8.555 	 0.353886
8.56 	 0.353811
8.565 	 0.353811
8.57 	 0.353809
8.575 	 0.35389
8.58 	 0.353807
8.585 	 0.353892
8.59 	 0.353805
8.595 	 0.353894
8.6 	 0.353803
8.605 	 0.353897
8.61 	 0.353897
8.615 	 0.353899
8.62 	 0.353798
8.625 	 0.353902
8.63 	 0.353796
8.635 	 0.353904
8.64 	 0.353793
8.645 	 0.353793
8.65 	 0.35379
8.655 	 0.35379
8.66 	 0.353788
8.665 	 0.353912
8.67 	 0.353785
8.675 	 0.353915
8.68 	 0.353782
8.685 	 0.353919
8.69 	 0.353919
8.695 	 0.353922
8.7 	 0.353775
8.705 	 0.353925
8.71 	 0.353772
8.715 	 0.353929
8.72 	 0.353768
8.725 	 0.353932
8.73 	 0.353765
8.735 	 0.353765
8.74 	 0.353761
8.745 	 0.35394
8.75 	 0.353757
8.755 	 0.353943
8.76 	 0.353753
8.765 	 0.353948
8.77 	 0.353948
8.775 	 0.353952
8.78 	 0.353952
8.785 	 0.353956
8.79 	 0.35374
8.795 	 0.35396
8.8 	 0.353736
8.805 	 0.353965
8.81 	 0.353731
8.815 	 0.353731
8.82 	 0.353727
8.825 	 0.353974
8.83 	 0.353722
8.835 	 0.353979
8.84 	 0.353717
8.845 	 0.353985
8.85 	 0.353711
8.855 	 0.35399
8.86 	 0.35399
8.865 	 0.353995
8.87 	 0.353701
8.875 	 0.354001
8.88 	 0.353695
8.885 	 0.354006
8.89 	 0.35369
8.895 	 0.35369
8.9 	 0.353684
8.905 	 0.353684
8.91 	 0.353678
8.915 	 0.354024
8.92 	 0.353672
8.925 	 0.35403
8.93 	 0.353666
8.935 	 0.354036
8.94 	 0.354036
8.945 	 0.354043
8.95 	 0.353653
8.955 	 0.354049
8.96 	 0.353646
8.965 	 0.354056
8.97 	 0.35364
8.975 	 0.354062
8.98 	 0.353633
8.985 	 0.353633
8.99 	 0.353626
8.995 	 0.354076
9 	 0.353619
9.005 	 0.354083
9.01 	 0.353612
9.015 	 0.35409
9.02 	 0.35409
9.025 	 0.354098
9.03 	 0.354098
9.035 	 0.354105
9.04 	 0.35359
9.045 	 0.354112
9.05 	 0.353582
9.055 	 0.35412
9.06 	 0.353575
9.065 	 0.353575
9.07 	 0.353567
9.075 	 0.354135
9.08 	 0.35356
9.085 	 0.354143
9.09 	 0.353552
9.095 	 0.35415
9.1 	 0.353544
9.105 	 0.354158
9.11 	 0.354158
9.115 	 0.354166
9.12 	 0.353528
9.125 	 0.354174
9.13 	 0.353521
9.135 	 0.354182
9.14 	 0.353513
9.145 	 0.353513
9.15 	 0.353505
9.155 	 0.353505
9.16 	 0.353497
9.165 	 0.354205
9.17 	 0.353489
9.175 	 0.354213
9.18 	 0.353481
9.185 	 0.354221
9.19 	 0.354221
9.195 	 0.354229
9.2 	 0.353466
9.205 	 0.354237
9.21 	 0.353458
9.215 	 0.354244
9.22 	 0.35345
9.225 	 0.354252
9.23 	 0.353443
9.235 	 0.353443
9.24 	 0.353435
9.245 	 0.354267
9.25 	 0.353428
9.255 	 0.354274
9.26 	 0.35342
9.265 	 0.354281
9.27 	 0.354281
9.275 	 0.354288
9.28 	 0.354288
9.285 	 0.354295
9.29 	 0.353399
9.295 	 0.354302
9.3 	 0.353393
9.305 	 0.354309
9.31 	 0.353386
9.315 	 0.353386
9.32 	 0.35338
9.325 	 0.354321
9.33 	 0.353374
9.335 	 0.354327
9.34 	 0.353368
9.345 	 0.354333
9.35 	 0.353362
9.355 	 0.354339
9.36 	 0.354339
9.365 	 0.354344
9.37 	 0.353351
9.375 	 0.354349
9.38 	 0.353347
9.385 	 0.354354
9.39 	 0.353342
9.395 	 0.353342
9.4 	 0.353338
9.405 	 0.353338
9.41 	 0.353334
9.415 	 0.354366
9.42 	 0.35333
9.425 	 0.35437
9.43 	 0.353326
9.435 	 0.354373
9.44 	 0.354373
9.445 	 0.354376
9.45 	 0.353321
9.455 	 0.354378
9.46 	 0.353318
9.465 	 0.35438
9.47 	 0.353316
9.475 	 0.354382
9.48 	 0.353315
9.485 	 0.353315
9.49 	 0.353314
9.495 	 0.354385
9.5 	 0.353313
9.505 	 0.354385
9.51 	 0.353313
9.515 	 0.354385
9.52 	 0.354385
9.525 	 0.354385
9.53 	 0.354385
9.535 	 0.354384
9.54 	 0.353314
9.545 	 0.354383
9.55 	 0.353316
9.555 	 0.354381
9.56 	 0.353318
9.565 	 0.353318
9.57 	 0.35332
9.575 	 0.354377
9.58 	 0.353323
9.585 	 0.354374
9.59 	 0.353326
9.595 	 0.35437
9.6 	 0.35333
9.605 	 0.354366
9.61 	 0.354366
9.615 	 0.354362
9.62 	 0.353339
9.625 	 0.354357
9.63 	 0.353344
9.635 	 0.354351
9.64 	 0.35335
9.645 	 0.35335
9.65 	 0.353356
9.655 	 0.353356
9.66 	 0.353363
9.665 	 0.354332
9.67 	 0.35337
9.675 	 0.354325
9.68 	 0.353377
9.685 	 0.354317
9.69 	 0.354317
9.695 	 0.354308
9.7 	 0.353394
9.705 	 0.354299
9.71 	 0.353403
9.715 	 0.35429
9.72 	 0.353413
9.725 	 0.35428
9.73 	 0.353423
9.735 	 0.353423
9.74 	 0.353433
9.745 	 0.354259
9.75 	 0.353444
9.755 	 0.354248
9.76 	 0.353456
9.765 	 0.354237
9.77 	 0.354237
9.775 	 0.354225
9.78 	 0.354225
9.785 	 0.354212
9.79 	 0.353492
9.795 	 0.3542
9.8 	 0.353505
9.805 	 0.354186
9.81 	 0.353519
9.815 	 0.353519
9.82 	 0.353532
9.825 	 0.354159
9.83 	 0.353547
9.835 	 0.354145
9.84 	 0.353561
9.845 	 0.35413
9.85 	 0.353576
9.855 	 0.354115
9.86 	 0.354115
9.865 	 0.3541
9.87 	 0.353607
9.875 	 0.354084
9.88 	 0.353622
9.885 	 0.354068
9.89 	 0.353638
9.895 	 0.353638
9.9 	 0.353655
9.905 	 0.353655
9.91 	 0.353671
9.915 	 0.354019
9.92 	 0.353688
9.925 	 0.354002
9.93 	 0.353705
9.935 	 0.353985
9.94 	 0.353985
9.945 	 0.353968
9.95 	 0.353739
9.955 	 0.353951
9.96 	 0.353756
9.965 	 0.353934
9.97 	 0.353774
9.975 	 0.353916
9.98 	 0.353791
9.985 	 0.353791
9.99 	 0.353809
9.995 	 0.353881
10 	 0.353827
10.005 	 0.353863
10.01 	 0.353844
10.015 	 0.353846
10.02 	 0.353846
10.025 	 0.353828
10.03 	 0.353828
10.035 	 0.35381
10.04 	 0.353897
10.045 	 0.353793
10.05 	 0.353915
10.055 	 0.353775
10.06 	 0.353932
10.065 	 0.353932
10.07 	 0.35395
10.075 	 0.35374
10.08 	 0.353967
10.085 	 0.353723
10.09 	 0.353984
10.095 	 0.353706
10.1 	 0.354001
10.105 	 0.353689
10.11 	 0.353689
10.115 	 0.353672
10.12 	 0.354035
10.125 	 0.353656
10.13 	 0.354051
10.135 	 0.35364
10.14 	 0.354067
10.145 	 0.354067
10.15 	 0.354083
10.155 	 0.354083
10.16 	 0.354099
10.165 	 0.353592
10.17 	 0.354114
10.175 	 0.353577
10.18 	 0.354129
10.185 	 0.353562
10.19 	 0.353562
10.195 	 0.353548
10.2 	 0.354158
10.205 	 0.353533
10.21 	 0.354172
10.215 	 0.35352
10.22 	 0.354186
10.225 	 0.353506
10.23 	 0.354199
10.235 	 0.354199
10.24 	 0.354212
10.245 	 0.35348
10.25 	 0.354224
10.255 	 0.353468
10.26 	 0.354236
10.265 	 0.353456
10.27 	 0.354248
10.275 	 0.353445
10.28 	 0.354259
10.285 	 0.353434
10.29 	 0.35427
10.295 	 0.353423
10.3 	 0.35428
10.305 	 0.353413
10.31 	 0.35429
10.315 	 0.353404
10.32 	 0.354299
10.325 	 0.353394
10.33 	 0.354308
10.335 	 0.353386
10.34 	 0.354316
10.345 	 0.353378
10.35 	 0.354324
10.355 	 0.35337
10.36 	 0.354332
10.365 	 0.353363
10.37 	 0.354339
10.375 	 0.353356
10.38 	 0.354345
10.385 	 0.35335
10.39 	 0.354351
10.395 	 0.353344
10.4 	 0.354357
10.405 	 0.353339
10.41 	 0.354362
10.415 	 0.353334
10.42 	 0.354366
10.425 	 0.35333
10.43 	 0.35437
10.435 	 0.353326
10.44 	 0.354374
10.445 	 0.353322
10.45 	 0.354377
10.455 	 0.35332
10.46 	 0.35438
10.465 	 0.353317
10.47 	 0.354382
10.475 	 0.353315
10.48 	 0.354383
10.485 	 0.353314
10.49 	 0.354385
10.495 	 0.353313
10.5 	 0.354385
10.505 	 0.353312
10.51 	 0.354386
10.515 	 0.353312
10.52 	 0.354386
10.525 	 0.353312
10.53 	 0.354385
10.535 	 0.353313
10.54 	 0.354384
10.545 	 0.353314
10.55 	 0.354383
10.555 	 0.353316
10.56 	 0.354381
10.565 	 0.353318
10.57 	 0.354379
10.575 	 0.35332
10.58 	 0.354377
10.585 	 0.353323
10.59 	 0.354374
10.595 	 0.353326
10.6 	 0.354371
10.605 	 0.353329
10.61 	 0.354367
10.615 	 0.353333
10.62 	 0.354363
10.625 	 0.353337
10.63 	 0.354359
10.635 	 0.353341
10.64 	 0.354354
10.645 	 0.353346
10.65 	 0.35435
10.655 	 0.353351
10.66 	 0.354345
10.665 	 0.353356
10.67 	 0.354339
10.675 	 0.353361
10.68 	 0.354334
10.685 	 0.353367
10.69 	 0.354328
10.695 	 0.353373
10.7 	 0.354322
10.705 	 0.353379
10.71 	 0.354316
10.715 	 0.353385
10.72 	 0.354309
10.725 	 0.353392
10.73 	 0.354303
10.735 	 0.353399
10.74 	 0.354296
10.745 	 0.353405
10.75 	 0.354289
10.755 	 0.353412
10.76 	 0.354282
10.765 	 0.35342
10.77 	 0.354275
10.775 	 0.353427
10.78 	 0.354268
10.785 	 0.353434
10.79 	 0.35426
10.795 	 0.353442
10.8 	 0.354253
10.805 	 0.353449
10.81 	 0.354245
10.815 	 0.353457
10.82 	 0.354237
10.825 	 0.353465
10.83 	 0.354229
10.835 	 0.353473
10.84 	 0.354222
10.845 	 0.35348
10.85 	 0.354214
10.855 	 0.353488
10.86 	 0.354206
10.865 	 0.353496
10.87 	 0.354198
10.875 	 0.353504
10.88 	 0.35419
10.885 	 0.353512
10.89 	 0.354182
10.895 	 0.35352
10.9 	 0.354174
10.905 	 0.353528
10.91 	 0.354167
10.915 	 0.353536
10.92 	 0.354159
10.925 	 0.353544
10.93 	 0.354151
10.935 	 0.353551
10.94 	 0.354143
10.945 	 0.353559
10.95 	 0.354135
10.955 	 0.353567
10.96 	 0.354128
10.965 	 0.353574
10.97 	 0.35412
10.975 	 0.353582
10.98 	 0.354113
10.985 	 0.353589
10.99 	 0.354105
10.995 	 0.353597
11 	 0.354098
11.005 	 0.353604
11.01 	 0.354091
11.015 	 0.353611
11.02 	 0.354083
11.025 	 0.353619
11.03 	 0.354076
11.035 	 0.353626
11.04 	 0.354069
11.045 	 0.353633
11.05 	 0.354063
11.055 	 0.353639
11.06 	 0.354056
11.065 	 0.353646
11.07 	 0.354049
11.075 	 0.353653
11.08 	 0.354043
11.085 	 0.353659
11.09 	 0.354036
11.095 	 0.353665
11.1 	 0.35403
11.105 	 0.353672
11.11 	 0.354024
11.115 	 0.353678
11.12 	 0.354018
11.125 	 0.353684
11.13 	 0.354012
11.135 	 0.353689
11.14 	 0.354006
11.145 	 0.353695
11.15 	 0.354001
11.155 	 0.353701
11.16 	 0.353995
11.165 	 0.353706
11.17 	 0.35399
11.175 	 0.353711
11.18 	 0.353985
11.185 	 0.353717
11.19 	 0.353979
11.195 	 0.353722
11.2 	 0.353974
11.205 	 0.353727
11.21 	 0.35397
11.215 	 0.353731
11.22 	 0.353965
11.225 	 0.353736
11.23 	 0.35396
11.235 	 0.35374
11.24 	 0.353956
11.245 	 0.353745
11.25 	 0.353952
11.255 	 0.353749
11.26 	 0.353947
11.265 	 0.353753
11.27 	 0.353943
11.275 	 0.353757
11.28 	 0.353939
11.285 	 0.353761
11.29 	 0.353936
11.295 	 0.353765
11.3 	 0.353932
11.305 	 0.353768
11.31 	 0.353928
11.315 	 0.353772
11.32 	 0.353925
11.325 	 0.353775
11.33 	 0.353922
11.335 	 0.353779
11.34 	 0.353918
11.345 	 0.353782
11.35 	 0.353915
11.355 	 0.353785
11.36 	 0.353912
11.365 	 0.353788
11.37 	 0.353909
11.375 	 0.353791
11.38 	 0.353907
11.385 	 0.353793
11.39 	 0.353904
11.395 	 0.353796
11.4 	 0.353901
11.405 	 0.353798
11.41 	 0.353899
11.415 	 0.353801
11.42 	 0.353897
11.425 	 0.353803
11.43 	 0.353894
11.435 	 0.353805
11.44 	 0.353892
11.445 	 0.353808
11.45 	 0.35389
11.455 	 0.35381
11.46 	 0.353888
11.465 	 0.353812
11.47 	 0.353886
11.475 	 0.353814
11.48 	 0.353884
11.485 	 0.353815
11.49 	 0.353882
11.495 	 0.353817
11.5 	 0.353881
11.505 	 0.353819
11.51 	 0.353879
11.515 	 0.35382
11.52 	 0.353878
11.525 	 0.353822
11.53 	 0.353876
11.535 	 0.353823
11.54 	 0.353875
11.545 	 0.353825
11.55 	 0.353873
11.555 	 0.353826
11.56 	 0.353872
11.565 	 0.353827
11.57 	 0.353871
11.575 	 0.353828
11.58 	 0.35387
11.585 	 0.35383
11.59 	 0.353868
11.595 	 0.353831
11.6 	 0.353867
11.605 	 0.353832
11.61 	 0.353866
11.615 	 0.353833
11.62 	 0.353865
11.625 	 0.353834
11.63 	 0.353865
11.635 	 0.353835
11.64 	 0.353864
11.645 	 0.353835
11.65 	 0.353863
11.655 	 0.353836
11.66 	 0.353862
11.665 	 0.353837
11.67 	 0.353861
11.675 	 0.353838
11.68 	 0.353861
11.685 	 0.353838
11.69 	 0.35386
11.695 	 0.353839
11.7 	 0.353859
11.705 	 0.35384
11.71 	 0.353859
11.715 	 0.35384
11.72 	 0.353858
11.725 	 0.353841
11.73 	 0.353858
11.735 	 0.353841
11.74 	 0.353857
11.745 	 0.353842
11.75 	 0.353857
11.755 	 0.353842
11.76 	 0.353856
11.765 	 0.353843
11.77 	 0.353856
11.775 	 0.353843
11.78 	 0.353855
11.785 	 0.353844
11.79 	 0.353855
11.795 	 0.353844
11.8 	 0.353855
11.805 	 0.353844
11.81 	 0.353854
11.815 	 0.353845
11.82 	 0.353854
11.825 	 0.353845
11.83 	 0.353854
11.835 	 0.353845
11.84 	 0.353853
11.845 	 0.353845
11.85 	 0.353853
11.855 	 0.353846
11.86 	 0.353853
11.865 	 0.353846
11.87 	 0.353853
11.875 	 0.353846
11.88 	 0.353852
11.885 	 0.353846
11.89 	 0.353852
11.895 	 0.353847
11.9 	 0.353852
11.905 	 0.353847
11.91 	 0.353852
11.915 	 0.353847
11.92 	 0.353852
11.925 	 0.353847
11.93 	 0.353851
11.935 	 0.353847
11.94 	 0.353851
11.945 	 0.353847
11.95 	 0.353851
11.955 	 0.353848
11.96 	 0.353851
11.965 	 0.353848
11.97 	 0.353851
11.975 	 0.353848
11.98 	 0.353851
11.985 	 0.353848
11.99 	 0.353851
11.995 	 0.353848
12 	 0.353851
12.005 	 0.353848
12.01 	 0.353851
12.015 	 0.353848
12.02 	 0.35385
12.025 	 0.353848
12.03 	 0.35385
12.035 	 0.353848
12.04 	 0.35385
12.045 	 0.353848
12.05 	 0.35385
12.055 	 0.353848
12.06 	 0.35385
12.065 	 0.353849
12.07 	 0.35385
12.075 	 0.353849
12.08 	 0.35385
12.085 	 0.353849
12.09 	 0.35385
12.095 	 0.353849
12.1 	 0.35385
12.105 	 0.353849
12.11 	 0.35385
12.115 	 0.353849
12.12 	 0.35385
12.125 	 0.353849
12.13 	 0.35385
12.135 	 0.353849
12.14 	 0.35385
12.145 	 0.353849
12.15 	 0.35385
12.155 	 0.353849
12.16 	 0.35385
12.165 	 0.353849
12.17 	 0.35385
12.175 	 0.353849
12.18 	 0.35385
12.185 	 0.353849
12.19 	 0.35385
12.195 	 0.353849
12.2 	 0.35385
12.205 	 0.353849
12.21 	 0.35385
12.215 	 0.353849
12.22 	 0.35385
12.225 	 0.353849
12.23 	 0.35385
12.235 	 0.353849
12.24 	 0.35385
12.245 	 0.353849
12.25 	 0.353849
12.255 	 0.353849
12.26 	 0.353849
12.265 	 0.353849
12.27 	 0.353849
12.275 	 0.353849
12.28 	 0.353849
12.285 	 0.353849
12.29 	 0.353849
12.295 	 0.353849
12.3 	 0.353849
12.305 	 0.353849
12.31 	 0.353849
12.315 	 0.353849
12.32 	 0.353849
12.325 	 0.353849
12.33 	 0.353849
12.335 	 0.353849
12.34 	 0.353849
12.345 	 0.353849
12.35 	 0.353849
12.355 	 0.353849
12.36 	 0.353849
12.365 	 0.353849
12.37 	 0.353849
12.375 	 0.353849
12.38 	 0.353849
12.385 	 0.353849
12.39 	 0.353849
12.395 	 0.353849
12.4 	 0.353849
12.405 	 0.353849
12.41 	 0.353849
12.415 	 0.353849
12.42 	 0.353849
12.425 	 0.353849
12.43 	 0.353849
12.435 	 0.353849
12.44 	 0.353849
12.445 	 0.353849
12.45 	 0.353849
12.455 	 0.353849
12.46 	 0.353849
12.465 	 0.353849
12.47 	 0.353849
12.475 	 0.353849
12.48 	 0.353849
12.485 	 0.353849
12.49 	 0.353849
12.495 	 0.353849
12.5 	 0.353849
12.505 	 0.353849
12.51 	 0.353849
12.515 	 0.353849
12.52 	 0.353849
12.525 	 0.353849
12.53 	 0.353849
12.535 	 0.353849
12.54 	 0.353849
12.545 	 0.353849
12.55 	 0.353849
12.555 	 0.353849
12.56 	 0.353849
12.565 	 0.353849
12.57 	 0.353849
12.575 	 0.353849
12.58 	 0.353849
12.585 	 0.353849
12.59 	 0.353849
12.595 	 0.353849
12.6 	 0.353849
12.605 	 0.353849
12.61 	 0.353849
12.615 	 0.353849
12.62 	 0.353849
12.625 	 0.353849
12.63 	 0.353849
12.635 	 0.353849
12.64 	 0.353849
12.645 	 0.353849
12.65 	 0.353849
12.655 	 0.353849
12.66 	 0.353849
12.665 	 0.353849
12.67 	 0.353849
12.675 	 0.353849
12.68 	 0.353849
12.685 	 0.353849
12.69 	 0.353849
12.695 	 0.353849
12.7 	 0.353849
12.705 	 0.353849
12.71 	 0.353849
12.715 	 0.353849
12.72 	 0.353849
12.725 	 0.353849
12.73 	 0.353849
12.735 	 0.353849
12.74 	 0.353849
12.745 	 0.353849
12.75 	 0.353849
12.755 	 0.353849
12.76 	 0.353849
12.765 	 0.353849
12.77 	 0.353849
12.775 	 0.353849
12.78 	 0.353849
12.785 	 0.35385
12.79 	 0.353849
12.795 	 0.35385
12.8 	 0.353849
12.805 	 0.35385
12.81 	 0.353849
12.815 	 0.35385
12.82 	 0.353849
12.825 	 0.35385
12.83 	 0.353849
12.835 	 0.35385
12.84 	 0.353849
12.845 	 0.35385
12.85 	 0.353849
12.855 	 0.35385
12.86 	 0.353849
12.865 	 0.35385
12.87 	 0.353849
12.875 	 0.35385
12.88 	 0.353849
12.885 	 0.35385
12.89 	 0.353849
12.895 	 0.35385
12.9 	 0.353849
12.905 	 0.35385
12.91 	 0.353849
12.915 	 0.35385
12.92 	 0.353849
12.925 	 0.35385
12.93 	 0.353849
12.935 	 0.35385
12.94 	 0.353849
12.945 	 0.35385
12.95 	 0.353849
12.955 	 0.35385
12.96 	 0.353849
12.965 	 0.35385
12.97 	 0.353848
12.975 	 0.35385
12.98 	 0.353848
12.985 	 0.35385
12.99 	 0.353848
12.995 	 0.35385
13 	 0.353848
13.005 	 0.35385
13.01 	 0.353848
13.015 	 0.35385
13.02 	 0.353848
13.025 	 0.353851
13.03 	 0.353848
13.035 	 0.353851
13.04 	 0.353848
13.045 	 0.353851
13.05 	 0.353848
13.055 	 0.353851
13.06 	 0.353848
13.065 	 0.353851
13.07 	 0.353848
13.075 	 0.353851
13.08 	 0.353847
13.085 	 0.353851
13.09 	 0.353847
13.095 	 0.353851
13.1 	 0.353847
13.105 	 0.353852
13.11 	 0.353847
13.115 	 0.353852
13.12 	 0.353847
13.125 	 0.353852
13.13 	 0.353847
13.135 	 0.353852
13.14 	 0.353846
13.145 	 0.353852
13.15 	 0.353846
13.155 	 0.353853
13.16 	 0.353846
13.165 	 0.353853
13.17 	 0.353846
13.175 	 0.353853
13.18 	 0.353845
13.185 	 0.353853
13.19 	 0.353845
13.195 	 0.353854
13.2 	 0.353845
13.205 	 0.353854
13.21 	 0.353845
13.215 	 0.353854
13.22 	 0.353844
13.225 	 0.353854
13.23 	 0.353844
13.235 	 0.353855
13.24 	 0.353844
13.245 	 0.353855
13.25 	 0.353843
13.255 	 0.353856
13.26 	 0.353843
13.265 	 0.353856
13.27 	 0.353842
13.275 	 0.353856
13.28 	 0.353842
13.285 	 0.353857
13.29 	 0.353841
13.295 	 0.353857
13.3 	 0.353841
13.305 	 0.353858
13.31 	 0.35384
13.315 	 0.353859
13.32 	 0.35384
13.325 	 0.353859
13.33 	 0.353839
13.335 	 0.35386
13.34 	 0.353839
13.345 	 0.35386
13.35 	 0.353838
13.355 	 0.353861
13.36 	 0.353837
13.365 	 0.353862
13.37 	 0.353836
13.375 	 0.353863
13.38 	 0.353836
13.385 	 0.353863
13.39 	 0.353835
13.395 	 0.353864
13.4 	 0.353834
13.405 	 0.353865
13.41 	 0.353833
13.415 	 0.353866
13.42 	 0.353832
13.425 	 0.353867
13.43 	 0.353831
13.435 	 0.353868
13.44 	 0.35383
13.445 	 0.353869
13.45 	 0.353829
13.455 	 0.35387
13.46 	 0.353828
13.465 	 0.353872
13.47 	 0.353826
13.475 	 0.353873
13.48 	 0.353825
13.485 	 0.353874
13.49 	 0.353824
13.495 	 0.353876
13.5 	 0.353822
13.505 	 0.353877
13.51 	 0.353821
13.515 	 0.353879
13.52 	 0.353819
13.525 	 0.35388
13.53 	 0.353818
13.535 	 0.353882
13.54 	 0.353816
13.545 	 0.353883
13.55 	 0.353814
13.555 	 0.353885
13.56 	 0.353812
13.565 	 0.353887
13.57 	 0.35381
13.575 	 0.353889
13.58 	 0.353808
13.585 	 0.353891
13.59 	 0.353806
13.595 	 0.353893
13.6 	 0.353804
13.605 	 0.353896
13.61 	 0.353802
13.615 	 0.353898
13.62 	 0.353799
13.625 	 0.3539
13.63 	 0.353797
13.635 	 0.353903
13.64 	 0.353794
13.645 	 0.353906
13.65 	 0.353792
13.655 	 0.353908
13.66 	 0.353789
13.665 	 0.353911
13.67 	 0.353786
13.675 	 0.353914
13.68 	 0.353783
13.685 	 0.353917
13.69 	 0.35378
13.695 	 0.35392
13.7 	 0.353777
13.705 	 0.353923
13.71 	 0.353773
13.715 	 0.353927
13.72 	 0.35377
13.725 	 0.35393
13.73 	 0.353766
13.735 	 0.353934
13.74 	 0.353763
13.745 	 0.353938
13.75 	 0.353759
13.755 	 0.353942
13.76 	 0.353755
13.765 	 0.353946
13.77 	 0.353751
13.775 	 0.35395
13.78 	 0.353747
13.785 	 0.353954
13.79 	 0.353743
13.795 	 0.353958
13.8 	 0.353738
13.805 	 0.353963
13.81 	 0.353734
13.815 	 0.353967
13.82 	 0.353729
13.825 	 0.353972
13.83 	 0.353724
13.835 	 0.353977
13.84 	 0.353719
13.845 	 0.353982
13.85 	 0.353714
13.855 	 0.353987
13.86 	 0.353709
13.865 	 0.353992
13.87 	 0.353703
13.875 	 0.353998
13.88 	 0.353698
13.885 	 0.354003
13.89 	 0.353692
13.895 	 0.354009
13.9 	 0.353687
13.905 	 0.354015
13.91 	 0.353681
13.915 	 0.354021
13.92 	 0.353675
13.925 	 0.354027
13.93 	 0.353669
13.935 	 0.354033
13.94 	 0.353662
13.945 	 0.354039
13.95 	 0.353656
13.955 	 0.354046
13.96 	 0.35365
13.965 	 0.354052
13.97 	 0.353643
13.975 	 0.354059
13.98 	 0.353636
13.985 	 0.354066
13.99 	 0.353629
13.995 	 0.354073
14 	 0.353622
14.005 	 0.35408
14.01 	 0.353615
14.015 	 0.354087
14.02 	 0.353608
14.025 	 0.354094
14.03 	 0.353601
14.035 	 0.354101
14.04 	 0.353594
14.045 	 0.354109
14.05 	 0.353586
14.055 	 0.354116
14.06 	 0.353579
14.065 	 0.354123
14.07 	 0.353571
14.075 	 0.354131
14.08 	 0.353564
14.085 	 0.354139
14.09 	 0.353556
14.095 	 0.354146
14.1 	 0.353548
14.105 	 0.354154
14.11 	 0.35354
14.115 	 0.354162
14.12 	 0.353532
14.125 	 0.35417
14.13 	 0.353525
14.135 	 0.354178
14.14 	 0.353517
14.145 	 0.354186
14.15 	 0.353509
14.155 	 0.354193
14.16 	 0.353501
14.165 	 0.354201
14.17 	 0.353493
14.175 	 0.354209
14.18 	 0.353485
14.185 	 0.354217
14.19 	 0.353477
14.195 	 0.354225
14.2 	 0.35347
14.205 	 0.354232
14.21 	 0.353462
14.215 	 0.35424
14.22 	 0.353454
14.225 	 0.354248
14.23 	 0.353447
14.235 	 0.354255
14.24 	 0.353439
14.245 	 0.354263
14.25 	 0.353432
14.255 	 0.35427
14.26 	 0.353424
14.265 	 0.354277
14.27 	 0.353417
14.275 	 0.354285
14.28 	 0.35341
14.285 	 0.354292
14.29 	 0.353403
14.295 	 0.354298
14.3 	 0.353396
14.305 	 0.354305
14.31 	 0.35339
14.315 	 0.354312
14.32 	 0.353383
14.325 	 0.354318
14.33 	 0.353377
14.335 	 0.354324
14.34 	 0.353371
14.345 	 0.35433
14.35 	 0.353365
14.355 	 0.354336
14.36 	 0.35336
14.365 	 0.354341
14.37 	 0.353354
14.375 	 0.354346
14.38 	 0.353349
14.385 	 0.354351
14.39 	 0.353344
14.395 	 0.354356
14.4 	 0.35334
14.405 	 0.35436
14.41 	 0.353336
14.415 	 0.354364
14.42 	 0.353332
14.425 	 0.354368
14.43 	 0.353328
14.435 	 0.354371
14.44 	 0.353325
14.445 	 0.354374
14.45 	 0.353322
14.455 	 0.354377
14.46 	 0.35332
14.465 	 0.354379
14.47 	 0.353318
14.475 	 0.354381
14.48 	 0.353316
14.485 	 0.354383
14.49 	 0.353314
14.495 	 0.354384
14.5 	 0.353313
14.505 	 0.354385
14.51 	 0.353313
14.515 	 0.354385
14.52 	 0.353313
14.525 	 0.354385
14.53 	 0.353313
14.535 	 0.354384
14.54 	 0.353314
14.545 	 0.354383
14.55 	 0.353315
14.555 	 0.354382
14.56 	 0.353317
14.565 	 0.35438
14.57 	 0.353319
14.575 	 0.354378
14.58 	 0.353321
14.585 	 0.354375
14.59 	 0.353324
14.595 	 0.354372
14.6 	 0.353328
14.605 	 0.354368
14.61 	 0.353332
14.615 	 0.354364
14.62 	 0.353336
14.625 	 0.354359
14.63 	 0.353341
14.635 	 0.354354
14.64 	 0.353347
14.645 	 0.354348
14.65 	 0.353353
14.655 	 0.354342
14.66 	 0.353359
14.665 	 0.354335
14.67 	 0.353366
14.675 	 0.354328
14.68 	 0.353373
14.685 	 0.354321
14.69 	 0.353381
14.695 	 0.354313
14.7 	 0.35339
14.705 	 0.354304
14.71 	 0.353398
14.715 	 0.354295
14.72 	 0.353408
14.725 	 0.354285
14.73 	 0.353418
14.735 	 0.354275
14.74 	 0.353428
14.745 	 0.354265
14.75 	 0.353439
14.755 	 0.354254
14.76 	 0.35345
14.765 	 0.354243
14.77 	 0.353461
14.775 	 0.354231
14.78 	 0.353473
14.785 	 0.354219
14.79 	 0.353486
14.795 	 0.354206
14.8 	 0.353499
14.805 	 0.354193
14.81 	 0.353512
14.815 	 0.35418
14.82 	 0.353525
14.825 	 0.354166
14.83 	 0.353539
14.835 	 0.354152
14.84 	 0.353554
14.845 	 0.354137
14.85 	 0.353568
14.855 	 0.354123
14.86 	 0.353583
14.865 	 0.354108
14.87 	 0.353599
14.875 	 0.354092
14.88 	 0.353614
14.885 	 0.354076
14.89 	 0.35363
14.895 	 0.35406
14.9 	 0.353646
14.905 	 0.354044
14.91 	 0.353663
14.915 	 0.354028
14.92 	 0.353679
14.925 	 0.354011
14.93 	 0.353696
14.935 	 0.353994
14.94 	 0.353713
14.945 	 0.353977
14.95 	 0.35373
14.955 	 0.35396
14.96 	 0.353747
14.965 	 0.353943
14.97 	 0.353765
14.975 	 0.353925
14.98 	 0.353782
14.985 	 0.353908
14.99 	 0.3538
14.995 	 0.35389
15 	 0.353817
15.005 	 0.353872
15.01 	 0.353835
15.015 	 0.353855
15.02 	 0.353853
15.025 	 0.353837
15.03 	 0.35387
15.035 	 0.353819
15.04 	 0.353888
15.045 	 0.353802
15.05 	 0.353906
15.055 	 0.353784
15.06 	 0.353923
15.065 	 0.353767
15.07 	 0.353941
15.075 	 0.353749
15.08 	 0.353958
15.085 	 0.353732
15.09 	 0.353975
15.095 	 0.353715
15.1 	 0.353992
15.105 	 0.353698
15.11 	 0.354009
15.115 	 0.353681
15.12 	 0.354026
15.125 	 0.353664
15.13 	 0.354042
15.135 	 0.353648
15.14 	 0.354059
15.145 	 0.353632
15.15 	 0.354075
15.155 	 0.353616
15.16 	 0.354091
15.165 	 0.3536
15.17 	 0.354106
15.175 	 0.353585
15.18 	 0.354121
15.185 	 0.35357
15.19 	 0.354136
15.195 	 0.353555
15.2 	 0.354151
15.205 	 0.353541
15.21 	 0.354165
15.215 	 0.353527
15.22 	 0.354179
15.225 	 0.353513
15.23 	 0.354192
15.235 	 0.3535
15.24 	 0.354205
15.245 	 0.353487
15.25 	 0.354218
15.255 	 0.353474
15.26 	 0.35423
15.265 	 0.353462
15.27 	 0.354242
15.275 	 0.353451
15.28 	 0.354253
15.285 	 0.353439
15.29 	 0.354264
15.295 	 0.353429
15.3 	 0.354275
15.305 	 0.353418
15.31 	 0.354285
15.315 	 0.353408
15.32 	 0.354294
15.325 	 0.353399
15.33 	 0.354304
15.335 	 0.35339
15.34 	 0.354312
15.345 	 0.353382
15.35 	 0.35432
15.355 	 0.353374
15.36 	 0.354328
15.365 	 0.353366
15.37 	 0.354335
15.375 	 0.353359
15.38 	 0.354342
15.385 	 0.353353
15.39 	 0.354348
15.395 	 0.353347
15.4 	 0.354354
15.405 	 0.353341
15.41 	 0.354359
15.415 	 0.353336
15.42 	 0.354364
15.425 	 0.353332
15.43 	 0.354368
15.435 	 0.353328
15.44 	 0.354372
15.445 	 0.353324
15.45 	 0.354376
15.455 	 0.353321
15.46 	 0.354378
15.465 	 0.353318
15.47 	 0.354381
15.475 	 0.353316
15.48 	 0.354383
15.485 	 0.353314
15.49 	 0.354384
15.495 	 0.353313
15.5 	 0.354385
15.505 	 0.353312
15.51 	 0.354386
15.515 	 0.353312
15.52 	 0.354386
15.525 	 0.353312
15.53 	 0.354386
15.535 	 0.353313
15.54 	 0.354385
15.545 	 0.353313
15.55 	 0.354384
15.555 	 0.353315
15.56 	 0.354382
15.565 	 0.353317
15.57 	 0.35438
15.575 	 0.353319
15.58 	 0.354378
15.585 	 0.353321
15.59 	 0.354375
15.595 	 0.353324
15.6 	 0.354372
15.605 	 0.353327
15.61 	 0.354369
15.615 	 0.353331
15.62 	 0.354365
15.625 	 0.353335
15.63 	 0.354361
15.635 	 0.353339
15.64 	 0.354357
15.645 	 0.353343
15.65 	 0.354352
15.655 	 0.353348
15.66 	 0.354347
15.665 	 0.353353
15.67 	 0.354342
15.675 	 0.353358
15.68 	 0.354337
15.685 	 0.353364
15.69 	 0.354331
15.695 	 0.35337
15.7 	 0.354325
15.705 	 0.353376
15.71 	 0.354319
15.715 	 0.353382
15.72 	 0.354313
15.725 	 0.353388
15.73 	 0.354306
15.735 	 0.353395
15.74 	 0.3543
15.745 	 0.353402
15.75 	 0.354293
15.755 	 0.353409
15.76 	 0.354286
15.765 	 0.353416
15.77 	 0.354279
15.775 	 0.353423
15.78 	 0.354271
15.785 	 0.35343
15.79 	 0.354264
15.795 	 0.353438
15.8 	 0.354257
15.805 	 0.353445
15.81 	 0.354249
15.815 	 0.353453
15.82 	 0.354241
15.825 	 0.353461
15.83 	 0.354234
15.835 	 0.353469
15.84 	 0.354226
15.845 	 0.353476
15.85 	 0.354218
15.855 	 0.353484
15.86 	 0.35421
15.865 	 0.353492
15.87 	 0.354202
15.875 	 0.3535
15.88 	 0.354194
15.885 	 0.353508
15.89 	 0.354186
15.895 	 0.353516
15.9 	 0.354178
15.905 	 0.353524
15.91 	 0.354171
15.915 	 0.353532
15.92 	 0.354163
15.925 	 0.35354
15.93 	 0.354155
15.935 	 0.353547
15.94 	 0.354147
15.945 	 0.353555
15.95 	 0.354139
15.955 	 0.353563
15.96 	 0.354132
15.965 	 0.353571
15.97 	 0.354124
15.975 	 0.353578
15.98 	 0.354117
15.985 	 0.353586
15.99 	 0.354109
15.995 	 0.353593
16 	 0.354102
16.005 	 0.354102
16.01 	 0.354094
16.015 	 0.353608
16.02 	 0.354087
16.025 	 0.354087
16.03 	 0.35408
16.035 	 0.353622
16.04 	 0.353622
16.045 	 0.353629
16.05 	 0.354066
16.055 	 0.353636
16.06 	 0.353636
16.065 	 0.353643
16.07 	 0.354053
16.075 	 0.353649
16.08 	 0.354046
16.085 	 0.353656
16.09 	 0.35404
16.095 	 0.35404
16.1 	 0.354033
16.105 	 0.353668
16.11 	 0.354027
16.115 	 0.353675
16.12 	 0.354021
16.125 	 0.353681
16.13 	 0.353681
16.135 	 0.353687
16.14 	 0.354009
16.145 	 0.353692
16.15 	 0.353692
16.155 	 0.353698
16.16 	 0.353998
16.165 	 0.353998
16.17 	 0.353992
16.175 	 0.353709
16.18 	 0.353987
16.185 	 0.353987
16.19 	 0.353982
16.195 	 0.353719
16.2 	 0.353977
16.205 	 0.353724
16.21 	 0.353972
16.215 	 0.353729
16.22 	 0.353729
16.225 	 0.353734
16.23 	 0.353963
16.235 	 0.353738
16.24 	 0.353958
16.245 	 0.353743
16.25 	 0.353954
16.255 	 0.353954
16.26 	 0.353949
16.265 	 0.353751
16.27 	 0.353945
16.275 	 0.353945
16.28 	 0.353941
16.285 	 0.353759
16.29 	 0.353759
16.295 	 0.353763
16.3 	 0.353934
16.305 	 0.353767
16.31 	 0.353767
16.315 	 0.35377
16.32 	 0.353927
16.325 	 0.353774
16.33 	 0.353923
16.335 	 0.353777
16.34 	 0.35392
16.345 	 0.35392
16.35 	 0.353917
16.355 	 0.353783
16.36 	 0.353914
16.365 	 0.353786
16.37 	 0.353911
16.375 	 0.353789
16.38 	 0.353789
16.385 	 0.353792
16.39 	 0.353905
16.395 	 0.353795
16.4 	 0.353795
16.405 	 0.353797
16.41 	 0.3539
16.415 	 0.3539
16.42 	 0.353898
16.425 	 0.353802
16.43 	 0.353895
16.435 	 0.353895
16.44 	 0.353893
16.445 	 0.353807
16.45 	 0.353891
16.455 	 0.353809
16.46 	 0.353889
16.465 	 0.353811
16.47 	 0.353811
16.475 	 0.353813
16.48 	 0.353885
16.485 	 0.353814
16.49 	 0.353883
16.495 	 0.353816
16.5 	 0.353882
16.505 	 0.353882
16.51 	 0.35388
16.515 	 0.35382
16.52 	 0.353878
16.525 	 0.353878
16.53 	 0.353877
16.535 	 0.353823
16.54 	 0.353823
16.545 	 0.353824
16.55 	 0.353874
16.555 	 0.353825
16.56 	 0.353825
16.565 	 0.353827
16.57 	 0.353871
16.575 	 0.353828
16.58 	 0.35387
16.585 	 0.353829
16.59 	 0.353869
16.595 	 0.353869
16.6 	 0.353868
16.605 	 0.353831
16.61 	 0.353867
16.615 	 0.353832
16.62 	 0.353866
16.625 	 0.353833
16.63 	 0.353833
16.635 	 0.353834
16.64 	 0.353864
16.645 	 0.353835
16.65 	 0.353835
16.655 	 0.353836
16.66 	 0.353862
16.665 	 0.353862
16.67 	 0.353862
16.675 	 0.353837
16.68 	 0.353861
16.685 	 0.353861
16.69 	 0.35386
16.695 	 0.353839
16.7 	 0.35386
16.705 	 0.353839
16.71 	 0.353859
16.715 	 0.35384
16.72 	 0.35384
16.725 	 0.353841
16.73 	 0.353858
16.735 	 0.353841
16.74 	 0.353857
16.745 	 0.353842
16.75 	 0.353857
16.755 	 0.353857
16.76 	 0.353856
16.765 	 0.353842
16.77 	 0.353856
16.775 	 0.353856
16.78 	 0.353856
16.785 	 0.353843
16.79 	 0.353843
16.795 	 0.353844
16.8 	 0.353855
16.805 	 0.353844
16.81 	 0.353844
16.815 	 0.353844
16.82 	 0.353854
16.825 	 0.353845
16.83 	 0.353854
16.835 	 0.353845
16.84 	 0.353853
16.845 	 0.353853
16.85 	 0.353853
16.855 	 0.353846
16.86 	 0.353853
16.865 	 0.353846
16.87 	 0.353853
16.875 	 0.353846
16.88 	 0.353846
16.885 	 0.353846
16.89 	 0.353852
16.895 	 0.353846
16.9 	 0.353846
16.905 	 0.353847
16.91 	 0.353852
16.915 	 0.353852
16.92 	 0.353852
16.925 	 0.353847
16.93 	 0.353852
16.935 	 0.353852
16.94 	 0.353851
16.945 	 0.353847
16.95 	 0.353851
16.955 	 0.353847
16.96 	 0.353851
16.965 	 0.353848
16.97 	 0.353848
16.975 	 0.353848
16.98 	 0.353851
16.985 	 0.353848
16.99 	 0.353851
16.995 	 0.353848
17 	 0.353851
17.005 	 0.353851
17.01 	 0.353851
17.015 	 0.353848
17.02 	 0.35385
17.025 	 0.35385
17.03 	 0.35385
17.035 	 0.353848
17.04 	 0.353848
17.045 	 0.353848
17.05 	 0.35385
17.055 	 0.353848
17.06 	 0.353848
17.065 	 0.353849
17.07 	 0.35385
17.075 	 0.353849
17.08 	 0.35385
17.085 	 0.353849
17.09 	 0.35385
17.095 	 0.35385
17.1 	 0.35385
17.105 	 0.353849
17.11 	 0.35385
17.115 	 0.353849
17.12 	 0.35385
17.125 	 0.353849
17.13 	 0.353849
17.135 	 0.353849
17.14 	 0.35385
17.145 	 0.353849
17.15 	 0.35385
17.155 	 0.353849
17.16 	 0.35385
17.165 	 0.35385
17.17 	 0.35385
17.175 	 0.353849
17.18 	 0.35385
17.185 	 0.35385
17.19 	 0.35385
17.195 	 0.353849
17.2 	 0.35385
17.205 	 0.353849
17.21 	 0.35385
17.215 	 0.353849
17.22 	 0.353849
17.225 	 0.353849
17.23 	 0.35385
17.235 	 0.353849
17.24 	 0.35385
17.245 	 0.353849
17.25 	 0.353849
17.255 	 0.353849
17.26 	 0.353849
17.265 	 0.353849
17.27 	 0.353849
17.275 	 0.353849
17.28 	 0.353849
17.285 	 0.353849
17.29 	 0.353849
17.295 	 0.353849
17.3 	 0.353849
17.305 	 0.353849
17.31 	 0.353849
17.315 	 0.353849
17.32 	 0.353849
17.325 	 0.353849
17.33 	 0.353849
17.335 	 0.353849
17.34 	 0.353849
17.345 	 0.353849
17.35 	 0.353849
17.355 	 0.353849
17.36 	 0.353849
17.365 	 0.353849
17.37 	 0.353849
17.375 	 0.353849
17.38 	 0.353849
17.385 	 0.353849
17.39 	 0.353849
17.395 	 0.353849
17.4 	 0.353849
17.405 	 0.353849
17.41 	 0.353849
17.415 	 0.353849
17.42 	 0.353849
17.425 	 0.353849
17.43 	 0.353849
17.435 	 0.353849
17.44 	 0.353849
17.445 	 0.353849
17.45 	 0.353849
17.455 	 0.353849
17.46 	 0.353849
17.465 	 0.353849
17.47 	 0.353849
17.475 	 0.353849
17.48 	 0.353849
17.485 	 0.353849
17.49 	 0.353849
17.495 	 0.353849
17.5 	 0.353849
17.505 	 0.353849
17.51 	 0.353849
17.515 	 0.353849
17.52 	 0.353849
17.525 	 0.353849
17.53 	 0.353849
17.535 	 0.353849
17.54 	 0.353849
17.545 	 0.353849
17.55 	 0.353849
17.555 	 0.353849
17.56 	 0.353849
17.565 	 0.353849
17.57 	 0.353849
17.575 	 0.353849
17.58 	 0.353849
17.585 	 0.353849
17.59 	 0.353849
17.595 	 0.353849
17.6 	 0.353849
17.605 	 0.353849
17.61 	 0.353849
17.615 	 0.353849
17.62 	 0.353849
17.625 	 0.353849
17.63 	 0.353849
17.635 	 0.353849
17.64 	 0.353849
17.645 	 0.353849
17.65 	 0.353849
17.655 	 0.353849
17.66 	 0.353849
17.665 	 0.353849
17.67 	 0.353849
17.675 	 0.353849
17.68 	 0.353849
17.685 	 0.353849
17.69 	 0.353849
17.695 	 0.353849
17.7 	 0.353849
17.705 	 0.353849
17.71 	 0.353849
17.715 	 0.353849
17.72 	 0.353849
17.725 	 0.353849
17.73 	 0.353849
17.735 	 0.353849
17.74 	 0.353849
17.745 	 0.353849
17.75 	 0.353849
17.755 	 0.353849
17.76 	 0.353849
17.765 	 0.353849
17.77 	 0.353849
17.775 	 0.353849
17.78 	 0.353849
17.785 	 0.353849
17.79 	 0.353849
17.795 	 0.35385
17.8 	 0.353849
17.805 	 0.35385
17.81 	 0.35385
17.815 	 0.35385
17.82 	 0.353849
17.825 	 0.35385
17.83 	 0.353849
17.835 	 0.35385
17.84 	 0.353849
17.845 	 0.353849
17.85 	 0.353849
17.855 	 0.35385
17.86 	 0.353849
17.865 	 0.35385
17.87 	 0.353849
17.875 	 0.35385
17.88 	 0.35385
17.885 	 0.35385
17.89 	 0.353849
17.895 	 0.35385
17.9 	 0.353849
17.905 	 0.35385
17.91 	 0.353849
17.915 	 0.353849
17.92 	 0.353849
17.925 	 0.35385
17.93 	 0.353849
17.935 	 0.353849
17.94 	 0.353849
17.945 	 0.35385
17.95 	 0.353849
17.955 	 0.35385
17.96 	 0.353849
17.965 	 0.35385
17.97 	 0.35385
17.975 	 0.35385
17.98 	 0.353848
17.985 	 0.35385
17.99 	 0.353848
17.995 	 0.35385
18 	 0.353848
18.005 	 0.353848
18.01 	 0.353848
18.015 	 0.35385
18.02 	 0.353848
18.025 	 0.353851
18.03 	 0.353848
18.035 	 0.353851
18.04 	 0.353851
18.045 	 0.353851
18.05 	 0.353848
18.055 	 0.353851
18.06 	 0.353851
18.065 	 0.353851
18.07 	 0.353848
18.075 	 0.353851
18.08 	 0.353847
18.085 	 0.353851
18.09 	 0.353847
18.095 	 0.353847
18.1 	 0.353847
18.105 	 0.353852
18.11 	 0.353847
18.115 	 0.353852
18.12 	 0.353847
18.125 	 0.353852
18.13 	 0.353852
18.135 	 0.353852
18.14 	 0.353846
18.145 	 0.353852
18.15 	 0.353846
18.155 	 0.353852
18.16 	 0.353846
18.165 	 0.353846
18.17 	 0.353846
18.175 	 0.353853
18.18 	 0.353846
18.185 	 0.353846
18.19 	 0.353845
18.195 	 0.353853
18.2 	 0.353845
18.205 	 0.353854
18.21 	 0.353845
18.215 	 0.353854
18.22 	 0.353854
18.225 	 0.353854
18.23 	 0.353844
18.235 	 0.353855
18.24 	 0.353844
18.245 	 0.353855
18.25 	 0.353843
18.255 	 0.353843
18.26 	 0.353843
18.265 	 0.353856
18.27 	 0.353843
18.275 	 0.353856
18.28 	 0.353842
18.285 	 0.353857
18.29 	 0.353857
18.295 	 0.353857
18.3 	 0.353841
18.305 	 0.353858
18.31 	 0.353858
18.315 	 0.353858
18.32 	 0.35384
18.325 	 0.353859
18.33 	 0.353839
18.335 	 0.353859
18.34 	 0.353839
18.345 	 0.353839
18.35 	 0.353838
18.355 	 0.353861
18.36 	 0.353838
18.365 	 0.353861
18.37 	 0.353837
18.375 	 0.353862
18.38 	 0.353862
18.385 	 0.353863
18.39 	 0.353835
18.395 	 0.353864
18.4 	 0.353834
18.405 	 0.353865
18.41 	 0.353833
18.415 	 0.353833
18.42 	 0.353833
18.425 	 0.353867
18.43 	 0.353832
18.435 	 0.353832
18.44 	 0.35383
18.445 	 0.353869
18.45 	 0.353829
18.455 	 0.35387
18.46 	 0.353828
18.465 	 0.353871
18.47 	 0.353871
18.475 	 0.353872
18.48 	 0.353826
18.485 	 0.353874
18.49 	 0.353824
18.495 	 0.353875
18.5 	 0.353823
18.505 	 0.353823
18.51 	 0.353822
18.515 	 0.353878
18.52 	 0.35382
18.525 	 0.353879
18.53 	 0.353818
18.535 	 0.353881
18.54 	 0.353881
18.545 	 0.353883
18.55 	 0.353815
18.555 	 0.353884
18.56 	 0.353884
18.565 	 0.353886
18.57 	 0.353811
18.575 	 0.353888
18.58 	 0.353809
18.585 	 0.35389
18.59 	 0.353807
18.595 	 0.353807
18.6 	 0.353805
18.605 	 0.353895
18.61 	 0.353803
18.615 	 0.353897
18.62 	 0.353801
18.625 	 0.353899
18.63 	 0.353899
18.635 	 0.353902
18.64 	 0.353796
18.645 	 0.353904
18.65 	 0.353793
18.655 	 0.353907
18.66 	 0.35379
18.665 	 0.35379
18.67 	 0.353788
18.675 	 0.353913
18.68 	 0.353785
18.685 	 0.353785
18.69 	 0.353782
18.695 	 0.353919
18.7 	 0.353778
18.705 	 0.353922
18.71 	 0.353775
18.715 	 0.353925
18.72 	 0.353925
18.725 	 0.353929
18.73 	 0.353768
18.735 	 0.353932
18.74 	 0.353765
18.745 	 0.353936
18.75 	 0.353761
18.755 	 0.353761
18.76 	 0.353757
18.765 	 0.353944
18.77 	 0.353753
18.775 	 0.353948
18.78 	 0.353749
18.785 	 0.353952
18.79 	 0.353952
18.795 	 0.353956
18.8 	 0.35374
18.805 	 0.35396
18.81 	 0.35396
18.815 	 0.353965
18.82 	 0.353731
18.825 	 0.35397
18.83 	 0.353727
18.835 	 0.353975
18.84 	 0.353722
18.845 	 0.353722
18.85 	 0.353717
18.855 	 0.353985
18.86 	 0.353711
18.865 	 0.35399
18.87 	 0.353706
18.875 	 0.353995
18.88 	 0.353995
18.885 	 0.354001
18.89 	 0.353695
18.895 	 0.354006
18.9 	 0.35369
18.905 	 0.354012
18.91 	 0.353684
18.915 	 0.353684
18.92 	 0.353678
18.925 	 0.354024
18.93 	 0.353672
18.935 	 0.353672
18.94 	 0.353666
18.945 	 0.354036
18.95 	 0.353659
18.955 	 0.354042
18.96 	 0.353653
18.965 	 0.354049
18.97 	 0.354049
18.975 	 0.354056
18.98 	 0.35364
18.985 	 0.354062
18.99 	 0.353633
18.995 	 0.354069
19 	 0.353626
19.005 	 0.353626
19.01 	 0.353619
19.015 	 0.354083
19.02 	 0.353612
19.025 	 0.35409
19.03 	 0.353605
19.035 	 0.354097
19.04 	 0.354097
19.045 	 0.354105
19.05 	 0.35359
19.055 	 0.354112
19.06 	 0.354112
19.065 	 0.35412
19.07 	 0.353575
19.075 	 0.354127
19.08 	 0.353567
19.085 	 0.354135
19.09 	 0.35356
19.095 	 0.35356
19.1 	 0.353552
19.105 	 0.35415
19.11 	 0.353544
19.115 	 0.354158
19.12 	 0.353537
19.125 	 0.354166
19.13 	 0.354166
19.135 	 0.354174
19.14 	 0.353521
19.145 	 0.354181
19.15 	 0.353513
19.155 	 0.354189
19.16 	 0.353505
19.165 	 0.353505
19.17 	 0.353497
19.175 	 0.354205
19.18 	 0.353489
19.185 	 0.353489
19.19 	 0.353481
19.195 	 0.354221
19.2 	 0.353474
19.205 	 0.354228
19.21 	 0.353466
19.215 	 0.354236
19.22 	 0.354236
19.225 	 0.354244
19.23 	 0.353451
19.235 	 0.354251
19.24 	 0.353443
19.245 	 0.354259
19.25 	 0.353435
19.255 	 0.353435
19.26 	 0.353428
19.265 	 0.354274
19.27 	 0.353421
19.275 	 0.354281
19.28 	 0.353414
19.285 	 0.354288
19.29 	 0.354288
19.295 	 0.354295
19.3 	 0.3534
19.305 	 0.354302
19.31 	 0.354302
19.315 	 0.354308
19.32 	 0.353387
19.325 	 0.354315
19.33 	 0.35338
19.335 	 0.354321
19.34 	 0.353374
19.345 	 0.353374
19.35 	 0.353368
19.355 	 0.354333
19.36 	 0.353363
19.365 	 0.354338
19.37 	 0.353357
19.375 	 0.354343
19.38 	 0.354343
19.385 	 0.354349
19.39 	 0.353347
19.395 	 0.354353
19.4 	 0.353342
19.405 	 0.354358
19.41 	 0.353338
19.415 	 0.353338
19.42 	 0.353334
19.425 	 0.354366
19.43 	 0.35333
19.435 	 0.35333
19.44 	 0.353327
19.445 	 0.354373
19.45 	 0.353324
19.455 	 0.354375
19.46 	 0.353321
19.465 	 0.354378
19.47 	 0.354378
19.475 	 0.35438
19.48 	 0.353317
19.485 	 0.354382
19.49 	 0.353315
19.495 	 0.354383
19.5 	 0.353314
19.505 	 0.353314
19.51 	 0.353313
19.515 	 0.354385
19.52 	 0.353313
19.525 	 0.354385
19.53 	 0.353313
19.535 	 0.354385
19.54 	 0.354385
19.545 	 0.354384
19.55 	 0.353314
19.555 	 0.354383
19.56 	 0.354383
19.565 	 0.354381
19.57 	 0.353318
19.575 	 0.354379
19.58 	 0.35332
19.585 	 0.354376
19.59 	 0.353323
19.595 	 0.353323
19.6 	 0.353326
19.605 	 0.35437
19.61 	 0.35333
19.615 	 0.354366
19.62 	 0.353334
19.625 	 0.354362
19.63 	 0.354362
19.635 	 0.354357
19.64 	 0.353344
19.645 	 0.354351
19.65 	 0.35335
19.655 	 0.354345
19.66 	 0.353356
19.665 	 0.353356
19.67 	 0.353362
19.675 	 0.354332
19.68 	 0.35337
19.685 	 0.35337
19.69 	 0.353377
19.695 	 0.354317
19.7 	 0.353385
19.705 	 0.354308
19.71 	 0.353394
19.715 	 0.3543
19.72 	 0.3543
19.725 	 0.35429
19.73 	 0.353413
19.735 	 0.354281
19.74 	 0.353423
19.745 	 0.35427
19.75 	 0.353433
19.755 	 0.353433
19.76 	 0.353444
19.765 	 0.354249
19.77 	 0.353455
19.775 	 0.354237
19.78 	 0.353467
19.785 	 0.354225
19.79 	 0.354225
19.795 	 0.354213
19.8 	 0.353492
19.805 	 0.3542
19.81 	 0.3542
19.815 	 0.354187
19.82 	 0.353518
19.825 	 0.354173
19.83 	 0.353532
19.835 	 0.354159
19.84 	 0.353546
19.845 	 0.353546
19.85 	 0.353561
19.855 	 0.35413
19.86 	 0.353576
19.865 	 0.354115
19.87 	 0.353591
19.875 	 0.3541
19.88 	 0.3541
19.885 	 0.354085
19.89 	 0.353622
19.895 	 0.354069
19.9 	 0.353638
19.905 	 0.354053
19.91 	 0.353654
19.915 	 0.353654
19.92 	 0.353671
19.925 	 0.35402
19.93 	 0.353687
19.935 	 0.353687
19.94 	 0.353704
19.945 	 0.353986
19.95 	 0.353721
19.955 	 0.353969
19.96 	 0.353738
19.965 	 0.353952
19.97 	 0.353952
19.975 	 0.353934
19.98 	 0.353773
19.985 	 0.353917
19.99 	 0.353791
19.995 	 0.353899
20 	 0.353808
