0.0005 	 0.354004
0.001 	 0.500637
0.0015 	 0.613152
0.002 	 0.708007
0.0025 	 0.791576
0.003 	 0.867128
0.0035 	 0.936605
0.004 	 1.00127
0.0045 	 1.06201
0.005 	 1.11946
0.0055 	 1.1741
0.006 	 1.2263
0.0065 	 1.27638
0.007 	 1.32456
0.0075 	 1.37105
0.008 	 1.41601
0.0085 	 1.45959
0.009 	 1.50191
0.0095 	 1.54306
0.01 	 1.58315
0.0105 	 1.62224
0.011 	 1.66042
0.0115 	 1.69774
0.012 	 1.73425
0.0125 	 1.77001
0.013 	 1.80506
0.0135 	 1.83945
0.014 	 1.8732
0.0145 	 1.90636
0.015 	 1.93895
0.0155 	 1.971
0.016 	 2.00254
0.0165 	 2.03358
0.017 	 2.06417
0.0175 	 2.0943
0.018 	 2.12401
0.0185 	 2.15331
0.019 	 2.18221
0.0195 	 2.21074
0.02 	 2.2389
0.0205 	 2.26671
0.021 	 2.29419
0.0215 	 2.32134
0.022 	 2.34818
0.0225 	 2.37471
0.023 	 2.40095
0.0235 	 2.42691
0.024 	 2.45259
0.0245 	 2.478
0.025 	 2.50316
0.0255 	 2.52807
0.026 	 2.55273
0.0265 	 2.57716
0.027 	 2.60136
0.0275 	 2.62534
0.028 	 2.64909
0.0285 	 2.67264
0.029 	 2.69598
0.0295 	 2.71913
0.03 	 2.74207
0.0305 	 2.76483
0.031 	 2.7874
0.0315 	 2.80979
0.032 	 2.832
0.0325 	 2.85404
0.033 	 2.87591
0.0335 	 2.89761
0.034 	 2.91915
0.0345 	 2.94054
0.035 	 2.96177
0.0355 	 2.98285
0.036 	 3.00378
0.0365 	 3.02457
0.037 	 3.04521
0.0375 	 3.06572
0.038 	 3.08609
0.0385 	 3.10633
0.039 	 3.12643
0.0395 	 3.14641
0.04 	 3.16626
0.0405 	 3.18599
0.041 	 3.20559
0.0415 	 3.22508
0.042 	 3.24445
0.0425 	 3.2637
0.043 	 3.28284
0.0435 	 3.30187
0.044 	 3.3208
0.0445 	 3.33961
0.045 	 3.35832
0.0455 	 3.37692
0.046 	 3.39543
0.0465 	 3.41383
0.047 	 3.43213
0.0475 	 3.45034
0.048 	 3.46845
0.0485 	 3.48647
0.049 	 3.5044
0.0495 	 3.52223
0.05 	 3.53997
0.0505 	 3.55763
0.051 	 3.5752
0.0515 	 3.59268
0.052 	 3.61007
0.0525 	 3.62739
0.053 	 3.64462
0.0535 	 3.66177
0.054 	 3.67884
0.0545 	 3.69583
0.055 	 3.71275
0.0555 	 3.72958
0.056 	 3.74635
0.0565 	 3.76303
0.057 	 3.77965
0.0575 	 3.79619
0.058 	 3.81266
0.0585 	 3.82905
0.059 	 3.84538
0.0595 	 3.86164
0.06 	 3.87783
0.0605 	 3.89395
0.061 	 3.91001
0.0615 	 3.926
0.062 	 3.94193
0.0625 	 3.95779
0.063 	 3.97359
0.0635 	 3.98933
0.064 	 4.005
0.0645 	 4.02061
0.065 	 4.03617
0.0655 	 4.05166
0.066 	 4.06709
0.0665 	 4.08247
0.067 	 4.09779
0.0675 	 4.11305
0.068 	 4.12825
0.0685 	 4.1434
0.069 	 4.1585
0.0695 	 4.17354
0.07 	 4.18852
0.0705 	 4.20345
0.071 	 4.21833
0.0715 	 4.23316
0.072 	 4.24793
0.0725 	 4.26266
0.073 	 4.27733
0.0735 	 4.29195
0.074 	 4.30652
0.0745 	 4.32105
0.075 	 4.33552
0.0755 	 4.34995
0.076 	 4.36433
0.0765 	 4.37866
0.077 	 4.39295
0.0775 	 4.40718
0.078 	 4.42138
0.0785 	 4.43553
0.079 	 4.44963
0.0795 	 4.46369
0.08 	 4.4777
0.0805 	 4.49167
0.081 	 4.5056
0.0815 	 4.51948
0.082 	 4.53332
0.0825 	 4.54712
0.083 	 4.56088
0.0835 	 4.57459
0.084 	 4.58827
0.0845 	 4.6019
0.085 	 4.6155
0.0855 	 4.62905
0.086 	 4.64257
0.0865 	 4.65604
0.087 	 4.66948
0.0875 	 4.68288
0.088 	 4.69624
0.0885 	 4.70956
0.089 	 4.72284
0.0895 	 4.73609
0.09 	 4.7493
0.0905 	 4.76247
0.091 	 4.77561
0.0915 	 4.78871
0.092 	 4.80178
0.0925 	 4.81481
0.093 	 4.8278
0.0935 	 4.84076
0.094 	 4.85369
0.0945 	 4.86658
0.095 	 4.87943
0.0955 	 4.89226
0.096 	 4.90504
0.0965 	 4.9178
0.097 	 4.93052
0.0975 	 4.94321
0.098 	 4.95587
0.0985 	 4.9685
0.099 	 4.98109
0.0995 	 4.99365
0.1 	 5.00618
0.1005 	 5.01868
0.101 	 5.03115
0.1015 	 5.04359
0.102 	 5.05599
0.1025 	 5.06837
0.103 	 5.08072
0.1035 	 5.09303
0.104 	 5.10532
0.1045 	 5.11757
0.105 	 5.1298
0.1055 	 5.142
0.106 	 5.15417
0.1065 	 5.16631
0.107 	 5.17842
0.1075 	 5.19051
0.108 	 5.20256
0.1085 	 5.21459
0.109 	 5.22659
0.1095 	 5.23856
0.11 	 5.25051
0.1105 	 5.26243
0.111 	 5.27432
0.1115 	 5.28618
0.112 	 5.29802
0.1125 	 5.30983
0.113 	 5.32162
0.1135 	 5.33338
0.114 	 5.34511
0.1145 	 5.35682
0.115 	 5.3685
0.1155 	 5.38016
0.116 	 5.39179
0.1165 	 5.4034
0.117 	 5.41498
0.1175 	 5.42654
0.118 	 5.43807
0.1185 	 5.44958
0.119 	 5.46106
0.1195 	 5.47252
0.12 	 5.48396
0.1205 	 5.49537
0.121 	 5.50676
0.1215 	 5.51812
0.122 	 5.52946
0.1225 	 5.54078
0.123 	 5.55208
0.1235 	 5.56335
0.124 	 5.5746
0.1245 	 5.58583
0.125 	 5.59703
0.1255 	 5.60821
0.126 	 5.61937
0.1265 	 5.63051
0.127 	 5.64162
0.1275 	 5.65272
0.128 	 5.66379
0.1285 	 5.67484
0.129 	 5.68587
0.1295 	 5.69688
0.13 	 5.70786
0.1305 	 5.71883
0.131 	 5.72977
0.1315 	 5.74069
0.132 	 5.7516
0.1325 	 5.76248
0.133 	 5.77334
0.1335 	 5.78418
0.134 	 5.795
0.1345 	 5.8058
0.135 	 5.81658
0.1355 	 5.82734
0.136 	 5.83808
0.1365 	 5.8488
0.137 	 5.85951
0.1375 	 5.87019
0.138 	 5.88085
0.1385 	 5.89149
0.139 	 5.90212
0.1395 	 5.91272
0.14 	 5.92331
0.1405 	 5.93387
0.141 	 5.94442
0.1415 	 5.95495
0.142 	 5.96546
0.1425 	 5.97595
0.143 	 5.98643
0.1435 	 5.99688
0.144 	 6.00732
0.1445 	 6.01774
0.145 	 6.02814
0.1455 	 6.03852
0.146 	 6.04889
0.1465 	 6.05924
0.147 	 6.06957
0.1475 	 6.07988
0.148 	 6.09017
0.1485 	 6.10045
0.149 	 6.11071
0.1495 	 6.12096
0.15 	 6.13118
0.1505 	 6.14139
0.151 	 6.15158
0.1515 	 6.16176
0.152 	 6.17192
0.1525 	 6.18206
0.153 	 6.19218
0.1535 	 6.20229
0.154 	 6.21238
0.1545 	 6.22246
0.155 	 6.23252
0.1555 	 6.24256
0.156 	 6.25259
0.1565 	 6.2626
0.157 	 6.2726
0.1575 	 6.28257
0.158 	 6.29254
0.1585 	 6.30249
0.159 	 6.31242
0.1595 	 6.32233
0.16 	 6.33223
0.1605 	 6.34212
0.161 	 6.35199
0.1615 	 6.36184
0.162 	 6.37168
0.1625 	 6.38151
0.163 	 6.39132
0.1635 	 6.40111
0.164 	 6.41089
0.1645 	 6.42065
0.165 	 6.4304
0.1655 	 6.44014
0.166 	 6.44986
0.1665 	 6.45956
0.167 	 6.46925
0.1675 	 6.47893
0.168 	 6.48859
0.1685 	 6.49824
0.169 	 6.50787
0.1695 	 6.51749
0.17 	 6.52709
0.1705 	 6.53668
0.171 	 6.54626
0.1715 	 6.55582
0.172 	 6.56537
0.1725 	 6.5749
0.173 	 6.58443
0.1735 	 6.59393
0.174 	 6.60343
0.1745 	 6.61291
0.175 	 6.62237
0.1755 	 6.63182
0.176 	 6.64126
0.1765 	 6.65069
0.177 	 6.6601
0.1775 	 6.6695
0.178 	 6.67889
0.1785 	 6.68826
0.179 	 6.69762
0.1795 	 6.70696
0.18 	 6.7163
0.1805 	 6.72562
0.181 	 6.73493
0.1815 	 6.74422
0.182 	 6.7535
0.1825 	 6.76277
0.183 	 6.77203
0.1835 	 6.78127
0.184 	 6.7905
0.1845 	 6.79972
0.185 	 6.80893
0.1855 	 6.81812
0.186 	 6.8273
0.1865 	 6.83647
0.187 	 6.84563
0.1875 	 6.85477
0.188 	 6.86391
0.1885 	 6.87303
0.189 	 6.88213
0.1895 	 6.89123
0.19 	 6.90031
0.1905 	 6.90939
0.191 	 6.91845
0.1915 	 6.92749
0.192 	 6.93653
0.1925 	 6.94556
0.193 	 6.95457
0.1935 	 6.96357
0.194 	 6.97256
0.1945 	 6.98154
0.195 	 6.99051
0.1955 	 6.99946
0.196 	 7.0084
0.1965 	 7.01734
0.197 	 7.02626
0.1975 	 7.03517
0.198 	 7.04407
0.1985 	 7.05295
0.199 	 7.06183
0.1995 	 7.07069
0.2 	 7.07955
0.2005 	 7.08839
0.201 	 7.09722
0.2015 	 7.10604
0.202 	 7.11485
0.2025 	 7.12365
0.203 	 7.13244
0.2035 	 7.14121
0.204 	 7.14998
0.2045 	 7.15874
0.205 	 7.16748
0.2055 	 7.17622
0.206 	 7.18494
0.2065 	 7.19365
0.207 	 7.20235
0.2075 	 7.21105
0.208 	 7.21973
0.2085 	 7.2284
0.209 	 7.23706
0.2095 	 7.24571
0.21 	 7.25435
0.2105 	 7.26298
0.211 	 7.2716
0.2115 	 7.28021
0.212 	 7.28881
0.2125 	 7.2974
0.213 	 7.30597
0.2135 	 7.31454
0.214 	 7.3231
0.2145 	 7.33165
0.215 	 7.34019
0.2155 	 7.34872
0.216 	 7.35724
0.2165 	 7.36575
0.217 	 7.37424
0.2175 	 7.38273
0.218 	 7.39121
0.2185 	 7.39968
0.219 	 7.40814
0.2195 	 7.41659
0.22 	 7.42504
0.2205 	 7.43347
0.221 	 7.44189
0.2215 	 7.4503
0.222 	 7.4587
0.2225 	 7.4671
0.223 	 7.47548
0.2235 	 7.48386
0.224 	 7.49222
0.2245 	 7.50058
0.225 	 7.50892
0.2255 	 7.51726
0.226 	 7.52559
0.2265 	 7.53391
0.227 	 7.54222
0.2275 	 7.55052
0.228 	 7.55881
0.2285 	 7.56709
0.229 	 7.57536
0.2295 	 7.58363
0.23 	 7.59188
0.2305 	 7.60013
0.231 	 7.60837
0.2315 	 7.61659
0.232 	 7.62481
0.2325 	 7.63302
0.233 	 7.64123
0.2335 	 7.64942
0.234 	 7.6576
0.2345 	 7.66578
0.235 	 7.67394
0.2355 	 7.6821
0.236 	 7.69025
0.2365 	 7.69839
0.237 	 7.70653
0.2375 	 7.71465
0.238 	 7.72276
0.2385 	 7.73087
0.239 	 7.73897
0.2395 	 7.74706
0.24 	 7.75514
0.2405 	 7.76321
0.241 	 7.77128
0.2415 	 7.77933
0.242 	 7.78738
0.2425 	 7.79542
0.243 	 7.80345
0.2435 	 7.81147
0.244 	 7.81949
0.2445 	 7.82749
0.245 	 7.83549
0.2455 	 7.84348
0.246 	 7.85146
0.2465 	 7.85944
0.247 	 7.8674
0.2475 	 7.87536
0.248 	 7.88331
0.2485 	 7.89125
0.249 	 7.89918
0.2495 	 7.90711
0.25 	 7.91503
0.2505 	 7.92293
0.251 	 7.93084
0.2515 	 7.93873
0.252 	 7.94662
0.2525 	 7.95449
0.253 	 7.96236
0.2535 	 7.97023
0.254 	 7.97808
0.2545 	 7.98593
0.255 	 7.99377
0.2555 	 8.0016
0.256 	 8.00942
0.2565 	 8.01724
0.257 	 8.02505
0.2575 	 8.03285
0.258 	 8.04064
0.2585 	 8.04843
0.259 	 8.05621
0.2595 	 8.06398
0.26 	 8.07174
0.2605 	 8.0795
0.261 	 8.08725
0.2615 	 8.09499
0.262 	 8.10272
0.2625 	 8.11045
0.263 	 8.11817
0.2635 	 8.12588
0.264 	 8.13358
0.2645 	 8.14128
0.265 	 8.14897
0.2655 	 8.15665
0.266 	 8.16433
0.2665 	 8.172
0.267 	 8.17966
0.2675 	 8.18731
0.268 	 8.19496
0.2685 	 8.2026
0.269 	 8.21023
0.2695 	 8.21786
0.27 	 8.22547
0.2705 	 8.23309
0.271 	 8.24069
0.2715 	 8.24829
0.272 	 8.25588
0.2725 	 8.26346
0.273 	 8.27104
0.2735 	 8.2786
0.274 	 8.28617
0.2745 	 8.29372
0.275 	 8.30127
0.2755 	 8.30881
0.276 	 8.31635
0.2765 	 8.32388
0.277 	 8.3314
0.2775 	 8.33891
0.278 	 8.34642
0.2785 	 8.35392
0.279 	 8.36141
0.2795 	 8.3689
0.28 	 8.37638
0.2805 	 8.38386
0.281 	 8.39132
0.2815 	 8.39878
0.282 	 8.40624
0.2825 	 8.41368
0.283 	 8.42113
0.2835 	 8.42856
0.284 	 8.43599
0.2845 	 8.44341
0.285 	 8.45082
0.2855 	 8.45823
0.286 	 8.46563
0.2865 	 8.47303
0.287 	 8.48042
0.2875 	 8.4878
0.288 	 8.49518
0.2885 	 8.50255
0.289 	 8.50991
0.2895 	 8.51727
0.29 	 8.52462
0.2905 	 8.53196
0.291 	 8.5393
0.2915 	 8.54663
0.292 	 8.55395
0.2925 	 8.56127
0.293 	 8.56859
0.2935 	 8.57589
0.294 	 8.58319
0.2945 	 8.59049
0.295 	 8.59777
0.2955 	 8.60505
0.296 	 8.61233
0.2965 	 8.6196
0.297 	 8.62686
0.2975 	 8.63412
0.298 	 8.64137
0.2985 	 8.64862
0.299 	 8.65585
0.2995 	 8.66309
0.3 	 8.67031
0.3005 	 8.67753
0.301 	 8.68475
0.3015 	 8.69196
0.302 	 8.69916
0.3025 	 8.70636
0.303 	 8.71355
0.3035 	 8.72073
0.304 	 8.72791
0.3045 	 8.73508
0.305 	 8.74225
0.3055 	 8.74941
0.306 	 8.75657
0.3065 	 8.76372
0.307 	 8.77086
0.3075 	 8.778
0.308 	 8.78513
0.3085 	 8.79226
0.309 	 8.79938
0.3095 	 8.80649
0.31 	 8.8136
0.3105 	 8.8207
0.311 	 8.8278
0.3115 	 8.83489
0.312 	 8.84198
0.3125 	 8.84906
0.313 	 8.85613
0.3135 	 8.8632
0.314 	 8.87027
0.3145 	 8.87733
0.315 	 8.88438
0.3155 	 8.89142
0.316 	 8.89847
0.3165 	 8.9055
0.317 	 8.91253
0.3175 	 8.91955
0.318 	 8.92657
0.3185 	 8.93359
0.319 	 8.94059
0.3195 	 8.9476
0.32 	 8.95459
0.3205 	 8.96159
0.321 	 8.96857
0.3215 	 8.97555
0.322 	 8.98253
0.3225 	 8.9895
0.323 	 8.99646
0.3235 	 9.00342
0.324 	 9.01037
0.3245 	 9.01732
0.325 	 9.02426
0.3255 	 9.0312
0.326 	 9.03813
0.3265 	 9.04506
0.327 	 9.05198
0.3275 	 9.0589
0.328 	 9.06581
0.3285 	 9.07271
0.329 	 9.07961
0.3295 	 9.08651
0.33 	 9.0934
0.3305 	 9.10028
0.331 	 9.10716
0.3315 	 9.11404
0.332 	 9.12091
0.3325 	 9.12777
0.333 	 9.13463
0.3335 	 9.14148
0.334 	 9.14833
0.3345 	 9.15517
0.335 	 9.16201
0.3355 	 9.16885
0.336 	 9.17567
0.3365 	 9.1825
0.337 	 9.18931
0.3375 	 9.19613
0.338 	 9.20293
0.3385 	 9.20974
0.339 	 9.21653
0.3395 	 9.22333
0.34 	 9.23012
0.3405 	 9.2369
0.341 	 9.24368
0.3415 	 9.25045
0.342 	 9.25722
0.3425 	 9.26398
0.343 	 9.27074
0.3435 	 9.27749
0.344 	 9.28424
0.3445 	 9.29098
0.345 	 9.29772
0.3455 	 9.30445
0.346 	 9.31118
0.3465 	 9.3179
0.347 	 9.32462
0.3475 	 9.33134
0.348 	 9.33805
0.3485 	 9.34475
0.349 	 9.35145
0.3495 	 9.35814
0.35 	 9.36483
0.3505 	 9.37152
0.351 	 9.3782
0.3515 	 9.38487
0.352 	 9.39154
0.3525 	 9.39821
0.353 	 9.40487
0.3535 	 9.41153
0.354 	 9.41818
0.3545 	 9.42483
0.355 	 9.43147
0.3555 	 9.43811
0.356 	 9.44474
0.3565 	 9.45137
0.357 	 9.45799
0.3575 	 9.46461
0.358 	 9.47123
0.3585 	 9.47784
0.359 	 9.48444
0.3595 	 9.49104
0.36 	 9.49764
0.3605 	 9.50423
0.361 	 9.51082
0.3615 	 9.5174
0.362 	 9.52398
0.3625 	 9.53055
0.363 	 9.53712
0.3635 	 9.54368
0.364 	 9.55024
0.3645 	 9.5568
0.365 	 9.56335
0.3655 	 9.5699
0.366 	 9.57644
0.3665 	 9.58297
0.367 	 9.58951
0.3675 	 9.59604
0.368 	 9.60256
0.3685 	 9.60908
0.369 	 9.61559
0.3695 	 9.6221
0.37 	 9.62861
0.3705 	 9.63511
0.371 	 9.64161
0.3715 	 9.6481
0.372 	 9.65459
0.3725 	 9.66108
0.373 	 9.66756
0.3735 	 9.67403
0.374 	 9.6805
0.3745 	 9.68697
0.375 	 9.69343
0.3755 	 9.69989
0.376 	 9.70634
0.3765 	 9.71279
0.377 	 9.71924
0.3775 	 9.72568
0.378 	 9.73212
0.3785 	 9.73855
0.379 	 9.74498
0.3795 	 9.7514
0.38 	 9.75782
0.3805 	 9.76424
0.381 	 9.77065
0.3815 	 9.77706
0.382 	 9.78346
0.3825 	 9.78986
0.383 	 9.79625
0.3835 	 9.80264
0.384 	 9.80903
0.3845 	 9.81541
0.385 	 9.82179
0.3855 	 9.82817
0.386 	 9.83453
0.3865 	 9.8409
0.387 	 9.84726
0.3875 	 9.85362
0.388 	 9.85997
0.3885 	 9.86632
0.389 	 9.87267
0.3895 	 9.87901
0.39 	 9.88534
0.3905 	 9.89168
0.391 	 9.89801
0.3915 	 9.90433
0.392 	 9.91065
0.3925 	 9.91697
0.393 	 9.92328
0.3935 	 9.92959
0.394 	 9.93589
0.3945 	 9.9422
0.395 	 9.94849
0.3955 	 9.95478
0.396 	 9.96107
0.3965 	 9.96736
0.397 	 9.97364
0.3975 	 9.97992
0.398 	 9.98619
0.3985 	 9.99246
0.399 	 9.99872
0.3995 	 10.005
0.4 	 10.0112
0.4005 	 10.0175
0.401 	 10.0237
0.4015 	 10.03
0.402 	 10.0362
0.4025 	 10.0425
0.403 	 10.0487
0.4035 	 10.0549
0.404 	 10.0612
0.4045 	 10.0674
0.405 	 10.0736
0.4055 	 10.0798
0.406 	 10.086
0.4065 	 10.0922
0.407 	 10.0984
0.4075 	 10.1046
0.408 	 10.1108
0.4085 	 10.117
0.409 	 10.1232
0.4095 	 10.1294
0.41 	 10.1356
0.4105 	 10.1417
0.411 	 10.1479
0.4115 	 10.1541
0.412 	 10.1603
0.4125 	 10.1664
0.413 	 10.1726
0.4135 	 10.1787
0.414 	 10.1849
0.4145 	 10.191
0.415 	 10.1972
0.4155 	 10.2033
0.416 	 10.2094
0.4165 	 10.2156
0.417 	 10.2217
0.4175 	 10.2278
0.418 	 10.2339
0.4185 	 10.2401
0.419 	 10.2462
0.4195 	 10.2523
0.42 	 10.2584
0.4205 	 10.2645
0.421 	 10.2706
0.4215 	 10.2767
0.422 	 10.2828
0.4225 	 10.2889
0.423 	 10.295
0.4235 	 10.301
0.424 	 10.3071
0.4245 	 10.3132
0.425 	 10.3193
0.4255 	 10.3253
0.426 	 10.3314
0.4265 	 10.3374
0.427 	 10.3435
0.4275 	 10.3496
0.428 	 10.3556
0.4285 	 10.3616
0.429 	 10.3677
0.4295 	 10.3737
0.43 	 10.3798
0.4305 	 10.3858
0.431 	 10.3918
0.4315 	 10.3978
0.432 	 10.4039
0.4325 	 10.4099
0.433 	 10.4159
0.4335 	 10.4219
0.434 	 10.4279
0.4345 	 10.4339
0.435 	 10.4399
0.4355 	 10.4459
0.436 	 10.4519
0.4365 	 10.4579
0.437 	 10.4639
0.4375 	 10.4699
0.438 	 10.4758
0.4385 	 10.4818
0.439 	 10.4878
0.4395 	 10.4938
0.44 	 10.4997
0.4405 	 10.5057
0.441 	 10.5116
0.4415 	 10.5176
0.442 	 10.5235
0.4425 	 10.5295
0.443 	 10.5354
0.4435 	 10.5414
0.444 	 10.5473
0.4445 	 10.5533
0.445 	 10.5592
0.4455 	 10.5651
0.446 	 10.571
0.4465 	 10.577
0.447 	 10.5829
0.4475 	 10.5888
0.448 	 10.5947
0.4485 	 10.6006
0.449 	 10.6065
0.4495 	 10.6124
0.45 	 10.6183
0.4505 	 10.6242
0.451 	 10.6301
0.4515 	 10.636
0.452 	 10.6419
0.4525 	 10.6478
0.453 	 10.6536
0.4535 	 10.6595
0.454 	 10.6654
0.4545 	 10.6713
0.455 	 10.6771
0.4555 	 10.683
0.456 	 10.6889
0.4565 	 10.6947
0.457 	 10.7006
0.4575 	 10.7064
0.458 	 10.7123
0.4585 	 10.7181
0.459 	 10.7239
0.4595 	 10.7298
0.46 	 10.7356
0.4605 	 10.7414
0.461 	 10.7473
0.4615 	 10.7531
0.462 	 10.7589
0.4625 	 10.7647
0.463 	 10.7706
0.4635 	 10.7764
0.464 	 10.7822
0.4645 	 10.788
0.465 	 10.7938
0.4655 	 10.7996
0.466 	 10.8054
0.4665 	 10.8112
0.467 	 10.817
0.4675 	 10.8228
0.468 	 10.8285
0.4685 	 10.8343
0.469 	 10.8401
0.4695 	 10.8459
0.47 	 10.8516
0.4705 	 10.8574
0.471 	 10.8632
0.4715 	 10.8689
0.472 	 10.8747
0.4725 	 10.8805
0.473 	 10.8862
0.4735 	 10.892
0.474 	 10.8977
0.4745 	 10.9034
0.475 	 10.9092
0.4755 	 10.9149
0.476 	 10.9207
0.4765 	 10.9264
0.477 	 10.9321
0.4775 	 10.9379
0.478 	 10.9436
0.4785 	 10.9493
0.479 	 10.955
0.4795 	 10.9607
0.48 	 10.9664
0.4805 	 10.9721
0.481 	 10.9778
0.4815 	 10.9836
0.482 	 10.9893
0.4825 	 10.9949
0.483 	 11.0006
0.4835 	 11.0063
0.484 	 11.012
0.4845 	 11.0177
0.485 	 11.0234
0.4855 	 11.0291
0.486 	 11.0347
0.4865 	 11.0404
0.487 	 11.0461
0.4875 	 11.0517
0.488 	 11.0574
0.4885 	 11.0631
0.489 	 11.0687
0.4895 	 11.0744
0.49 	 11.08
0.4905 	 11.0857
0.491 	 11.0913
0.4915 	 11.097
0.492 	 11.1026
0.4925 	 11.1083
0.493 	 11.1139
0.4935 	 11.1195
0.494 	 11.1252
0.4945 	 11.1308
0.495 	 11.1364
0.4955 	 11.142
0.496 	 11.1476
0.4965 	 11.1533
0.497 	 11.1589
0.4975 	 11.1645
0.498 	 11.1701
0.4985 	 11.1757
0.499 	 11.1813
0.4995 	 11.1869
0.5 	 11.1925
0.5005 	 11.1981
0.501 	 11.2037
0.5015 	 11.2093
0.502 	 11.2148
0.5025 	 11.2204
0.503 	 11.226
0.5035 	 11.2316
0.504 	 11.2372
0.5045 	 11.2427
0.505 	 11.2483
0.5055 	 11.2539
0.506 	 11.2594
0.5065 	 11.265
0.507 	 11.2705
0.5075 	 11.2761
0.508 	 11.2816
0.5085 	 11.2872
0.509 	 11.2927
0.5095 	 11.2983
0.51 	 11.3038
0.5105 	 11.3094
0.511 	 11.3149
0.5115 	 11.3204
0.512 	 11.326
0.5125 	 11.3315
0.513 	 11.337
0.5135 	 11.3425
0.514 	 11.348
0.5145 	 11.3536
0.515 	 11.3591
0.5155 	 11.3646
0.516 	 11.3701
0.5165 	 11.3756
0.517 	 11.3811
0.5175 	 11.3866
0.518 	 11.3921
0.5185 	 11.3976
0.519 	 11.4031
0.5195 	 11.4086
0.52 	 11.4141
0.5205 	 11.4195
0.521 	 11.425
0.5215 	 11.4305
0.522 	 11.436
0.5225 	 11.4415
0.523 	 11.4469
0.5235 	 11.4524
0.524 	 11.4579
0.5245 	 11.4633
0.525 	 11.4688
0.5255 	 11.4742
0.526 	 11.4797
0.5265 	 11.4851
0.527 	 11.4906
0.5275 	 11.496
0.528 	 11.5015
0.5285 	 11.5069
0.529 	 11.5124
0.5295 	 11.5178
0.53 	 11.5232
0.5305 	 11.5287
0.531 	 11.5341
0.5315 	 11.5395
0.532 	 11.545
0.5325 	 11.5504
0.533 	 11.5558
0.5335 	 11.5612
0.534 	 11.5666
0.5345 	 11.572
0.535 	 11.5774
0.5355 	 11.5829
0.536 	 11.5883
0.5365 	 11.5937
0.537 	 11.5991
0.5375 	 11.6045
0.538 	 11.6098
0.5385 	 11.6152
0.539 	 11.6206
0.5395 	 11.626
0.54 	 11.6314
0.5405 	 11.6368
0.541 	 11.6422
0.5415 	 11.6475
0.542 	 11.6529
0.5425 	 11.6583
0.543 	 11.6637
0.5435 	 11.669
0.544 	 11.6744
0.5445 	 11.6797
0.545 	 11.6851
0.5455 	 11.6905
0.546 	 11.6958
0.5465 	 11.7012
0.547 	 11.7065
0.5475 	 11.7119
0.548 	 11.7172
0.5485 	 11.7225
0.549 	 11.7279
0.5495 	 11.7332
0.55 	 11.7386
0.5505 	 11.7439
0.551 	 11.7492
0.5515 	 11.7545
0.552 	 11.7599
0.5525 	 11.7652
0.553 	 11.7705
0.5535 	 11.7758
0.554 	 11.7812
0.5545 	 11.7865
0.555 	 11.7918
0.5555 	 11.7971
0.556 	 11.8024
0.5565 	 11.8077
0.557 	 11.813
0.5575 	 11.8183
0.558 	 11.8236
0.5585 	 11.8289
0.559 	 11.8342
0.5595 	 11.8395
0.56 	 11.8447
0.5605 	 11.85
0.561 	 11.8553
0.5615 	 11.8606
0.562 	 11.8659
0.5625 	 11.8711
0.563 	 11.8764
0.5635 	 11.8817
0.564 	 11.887
0.5645 	 11.8922
0.565 	 11.8975
0.5655 	 11.9027
0.566 	 11.908
0.5665 	 11.9133
0.567 	 11.9185
0.5675 	 11.9238
0.568 	 11.929
0.5685 	 11.9343
0.569 	 11.9395
0.5695 	 11.9448
0.57 	 11.95
0.5705 	 11.9552
0.571 	 11.9605
0.5715 	 11.9657
0.572 	 11.9709
0.5725 	 11.9762
0.573 	 11.9814
0.5735 	 11.9866
0.574 	 11.9918
0.5745 	 11.9971
0.575 	 12.0023
0.5755 	 12.0075
0.576 	 12.0127
0.5765 	 12.0179
0.577 	 12.0231
0.5775 	 12.0283
0.578 	 12.0335
0.5785 	 12.0387
0.579 	 12.0439
0.5795 	 12.0491
0.58 	 12.0543
0.5805 	 12.0595
0.581 	 12.0647
0.5815 	 12.0699
0.582 	 12.0751
0.5825 	 12.0803
0.583 	 12.0854
0.5835 	 12.0906
0.584 	 12.0958
0.5845 	 12.101
0.585 	 12.1061
0.5855 	 12.1113
0.586 	 12.1165
0.5865 	 12.1216
0.587 	 12.1268
0.5875 	 12.132
0.588 	 12.1371
0.5885 	 12.1423
0.589 	 12.1474
0.5895 	 12.1526
0.59 	 12.1577
0.5905 	 12.1629
0.591 	 12.168
0.5915 	 12.1732
0.592 	 12.1783
0.5925 	 12.1835
0.593 	 12.1886
0.5935 	 12.1937
0.594 	 12.1989
0.5945 	 12.204
0.595 	 12.2091
0.5955 	 12.2143
0.596 	 12.2194
0.5965 	 12.2245
0.597 	 12.2296
0.5975 	 12.2347
0.598 	 12.2399
0.5985 	 12.245
0.599 	 12.2501
0.5995 	 12.2552
0.6 	 12.2603
0.6005 	 12.2654
0.601 	 12.2705
0.6015 	 12.2756
0.602 	 12.2807
0.6025 	 12.2858
0.603 	 12.2909
0.6035 	 12.296
0.604 	 12.3011
0.6045 	 12.3062
0.605 	 12.3113
0.6055 	 12.3163
0.606 	 12.3214
0.6065 	 12.3265
0.607 	 12.3316
0.6075 	 12.3367
0.608 	 12.3417
0.6085 	 12.3468
0.609 	 12.3519
0.6095 	 12.3569
0.61 	 12.362
0.6105 	 12.3671
0.611 	 12.3721
0.6115 	 12.3772
0.612 	 12.3822
0.6125 	 12.3873
0.613 	 12.3923
0.6135 	 12.3974
0.614 	 12.4024
0.6145 	 12.4075
0.615 	 12.4125
0.6155 	 12.4176
0.616 	 12.4226
0.6165 	 12.4277
0.617 	 12.4327
0.6175 	 12.4377
0.618 	 12.4428
0.6185 	 12.4478
0.619 	 12.4528
0.6195 	 12.4578
0.62 	 12.4629
0.6205 	 12.4679
0.621 	 12.4729
0.6215 	 12.4779
0.622 	 12.4829
0.6225 	 12.488
0.623 	 12.493
0.6235 	 12.498
0.624 	 12.503
0.6245 	 12.508
0.625 	 12.513
0.6255 	 12.518
0.626 	 12.523
0.6265 	 12.528
0.627 	 12.533
0.6275 	 12.538
0.628 	 12.543
0.6285 	 12.548
0.629 	 12.553
0.6295 	 12.5579
0.63 	 12.5629
0.6305 	 12.5679
0.631 	 12.5729
0.6315 	 12.5779
0.632 	 12.5828
0.6325 	 12.5878
0.633 	 12.5928
0.6335 	 12.5978
0.634 	 12.6027
0.6345 	 12.6077
0.635 	 12.6127
0.6355 	 12.6176
0.636 	 12.6226
0.6365 	 12.6275
0.637 	 12.6325
0.6375 	 12.6374
0.638 	 12.6424
0.6385 	 12.6474
0.639 	 12.6523
0.6395 	 12.6572
0.64 	 12.6622
0.6405 	 12.6671
0.641 	 12.6721
0.6415 	 12.677
0.642 	 12.682
0.6425 	 12.6869
0.643 	 12.6918
0.6435 	 12.6967
0.644 	 12.7017
0.6445 	 12.7066
0.645 	 12.7115
0.6455 	 12.7165
0.646 	 12.7214
0.6465 	 12.7263
0.647 	 12.7312
0.6475 	 12.7361
0.648 	 12.741
0.6485 	 12.746
0.649 	 12.7509
0.6495 	 12.7558
0.65 	 12.7607
0.6505 	 12.7656
0.651 	 12.7705
0.6515 	 12.7754
0.652 	 12.7803
0.6525 	 12.7852
0.653 	 12.7901
0.6535 	 12.795
0.654 	 12.7999
0.6545 	 12.8048
0.655 	 12.8096
0.6555 	 12.8145
0.656 	 12.8194
0.6565 	 12.8243
0.657 	 12.8292
0.6575 	 12.8341
0.658 	 12.8389
0.6585 	 12.8438
0.659 	 12.8487
0.6595 	 12.8535
0.66 	 12.8584
0.6605 	 12.8633
0.661 	 12.8682
0.6615 	 12.873
0.662 	 12.8779
0.6625 	 12.8827
0.663 	 12.8876
0.6635 	 12.8925
0.664 	 12.8973
0.6645 	 12.9022
0.665 	 12.907
0.6655 	 12.9119
0.666 	 12.9167
0.6665 	 12.9216
0.667 	 12.9264
0.6675 	 12.9312
0.668 	 12.9361
0.6685 	 12.9409
0.669 	 12.9457
0.6695 	 12.9506
0.67 	 12.9554
0.6705 	 12.9602
0.671 	 12.9651
0.6715 	 12.9699
0.672 	 12.9747
0.6725 	 12.9796
0.673 	 12.9844
0.6735 	 12.9892
0.674 	 12.994
0.6745 	 12.9988
0.675 	 13.0036
0.6755 	 13.0085
0.676 	 13.0133
0.6765 	 13.0181
0.677 	 13.0229
0.6775 	 13.0277
0.678 	 13.0325
0.6785 	 13.0373
0.679 	 13.0421
0.6795 	 13.0469
0.68 	 13.0517
0.6805 	 13.0565
0.681 	 13.0613
0.6815 	 13.0661
0.682 	 13.0709
0.6825 	 13.0756
0.683 	 13.0804
0.6835 	 13.0852
0.684 	 13.09
0.6845 	 13.0948
0.685 	 13.0996
0.6855 	 13.1043
0.686 	 13.1091
0.6865 	 13.1139
0.687 	 13.1187
0.6875 	 13.1234
0.688 	 13.1282
0.6885 	 13.133
0.689 	 13.1377
0.6895 	 13.1425
0.69 	 13.1473
0.6905 	 13.152
0.691 	 13.1568
0.6915 	 13.1615
0.692 	 13.1663
0.6925 	 13.171
0.693 	 13.1758
0.6935 	 13.1805
0.694 	 13.1853
0.6945 	 13.19
0.695 	 13.1948
0.6955 	 13.1995
0.696 	 13.2043
0.6965 	 13.209
0.697 	 13.2137
0.6975 	 13.2185
0.698 	 13.2232
0.6985 	 13.228
0.699 	 13.2327
0.6995 	 13.2374
0.7 	 13.2421
0.7005 	 13.2469
0.701 	 13.2516
0.7015 	 13.2563
0.702 	 13.261
0.7025 	 13.2658
0.703 	 13.2705
0.7035 	 13.2752
0.704 	 13.2799
0.7045 	 13.2846
0.705 	 13.2893
0.7055 	 13.294
0.706 	 13.2987
0.7065 	 13.3034
0.707 	 13.3081
0.7075 	 13.3129
0.708 	 13.3176
0.7085 	 13.3223
0.709 	 13.3269
0.7095 	 13.3316
0.71 	 13.3363
0.7105 	 13.341
0.711 	 13.3457
0.7115 	 13.3504
0.712 	 13.3551
0.7125 	 13.3598
0.713 	 13.3645
0.7135 	 13.3692
0.714 	 13.3738
0.7145 	 13.3785
0.715 	 13.3832
0.7155 	 13.3879
0.716 	 13.3925
0.7165 	 13.3972
0.717 	 13.4019
0.7175 	 13.4066
0.718 	 13.4112
0.7185 	 13.4159
0.719 	 13.4206
0.7195 	 13.4252
0.72 	 13.4299
0.7205 	 13.4345
0.721 	 13.4392
0.7215 	 13.4439
0.722 	 13.4485
0.7225 	 13.4532
0.723 	 13.4578
0.7235 	 13.4625
0.724 	 13.4671
0.7245 	 13.4718
0.725 	 13.4764
0.7255 	 13.481
0.726 	 13.4857
0.7265 	 13.4903
0.727 	 13.495
0.7275 	 13.4996
0.728 	 13.5042
0.7285 	 13.5089
0.729 	 13.5135
0.7295 	 13.5181
0.73 	 13.5228
0.7305 	 13.5274
0.731 	 13.532
0.7315 	 13.5366
0.732 	 13.5413
0.7325 	 13.5459
0.733 	 13.5505
0.7335 	 13.5551
0.734 	 13.5597
0.7345 	 13.5644
0.735 	 13.569
0.7355 	 13.5736
0.736 	 13.5782
0.7365 	 13.5828
0.737 	 13.5874
0.7375 	 13.592
0.738 	 13.5966
0.7385 	 13.6012
0.739 	 13.6058
0.7395 	 13.6104
0.74 	 13.615
0.7405 	 13.6196
0.741 	 13.6242
0.7415 	 13.6288
0.742 	 13.6334
0.7425 	 13.638
0.743 	 13.6426
0.7435 	 13.6472
0.744 	 13.6518
0.7445 	 13.6563
0.745 	 13.6609
0.7455 	 13.6655
0.746 	 13.6701
0.7465 	 13.6747
0.747 	 13.6792
0.7475 	 13.6838
0.748 	 13.6884
0.7485 	 13.693
0.749 	 13.6975
0.7495 	 13.7021
0.75 	 13.7067
0.7505 	 13.7112
0.751 	 13.7158
0.7515 	 13.7204
0.752 	 13.7249
0.7525 	 13.7295
0.753 