0.1 	 0.433727
0.2 	 0.613382
0.3 	 0.751237
0.4 	 0.867453
0.5 	 0.969842
0.6 	 1.06241
0.7 	 1.14753
0.8 	 1.22676
0.9 	 1.30118
1 	 1.37156
1.1 	 1.43851
1.2 	 1.50247
1.3 	 1.56382
1.4 	 1.62286
1.5 	 1.67982
1.6 	 1.73491
1.7 	 1.7883
1.8 	 1.84015
1.9 	 1.89057
2 	 1.93968
2.1 	 1.98759
2.2 	 2.03436
2.3 	 2.08008
2.4 	 2.12482
2.5 	 2.16863
2.6 	 2.21158
2.7 	 2.25371
2.8 	 2.29507
2.9 	 2.33569
3 	 2.37562
3.1 	 2.41489
3.2 	 2.45353
3.3 	 2.49157
3.4 	 2.52904
3.5 	 2.56596
3.6 	 2.60236
3.7 	 2.63826
3.8 	 2.67367
3.9 	 2.70862
4 	 2.74313
4.1 	 2.77721
4.2 	 2.81087
4.3 	 2.84414
4.4 	 2.87702
4.5 	 2.90953
4.6 	 2.94168
4.7 	 2.97348
4.8 	 3.00495
4.9 	 3.03609
5 	 3.06691
5.1 	 3.09743
5.2 	 3.12765
5.3 	 3.15758
5.4 	 3.18723
5.5 	 3.2166
5.6 	 3.24571
5.7 	 3.27456
5.8 	 3.30316
5.9 	 3.33152
6 	 3.35963
6.1 	 3.38751
6.2 	 3.41517
6.3 	 3.4426
6.4 	 3.46981
6.5 	 3.49682
6.6 	 3.52361
6.7 	 3.55021
6.8 	 3.5766
6.9 	 3.6028
7 	 3.62882
7.1 	 3.65465
7.2 	 3.68029
7.3 	 3.70576
7.4 	 3.73106
7.5 	 3.75618
7.6 	 3.78114
7.7 	 3.80594
7.8 	 3.83057
7.9 	 3.85505
8 	 3.87937
8.1 	 3.90354
8.2 	 3.92756
8.3 	 3.95144
8.4 	 3.97517
8.5 	 3.99876
8.6 	 4.02222
8.7 	 4.04553
8.8 	 4.06872
8.9 	 4.09177
9 	 4.11469
9.1 	 4.13749
9.2 	 4.16016
9.3 	 4.18271
9.4 	 4.20514
9.5 	 4.22744
9.6 	 4.24964
9.7 	 4.27171
9.8 	 4.29367
9.9 	 4.31553
10 	 4.33727
10.1 	 4.3589
10.2 	 4.38042
10.3 	 4.40184
10.4 	 4.42316
10.5 	 4.44438
10.6 	 4.46549
10.7 	 4.4865
10.8 	 4.50742
10.9 	 4.52824
11 	 4.54896
11.1 	 4.56959
11.2 	 4.59013
11.3 	 4.61058
11.4 	 4.63093
11.5 	 4.6512
11.6 	 4.67138
11.7 	 4.69147
11.8 	 4.71148
11.9 	 4.7314
12 	 4.75124
12.1 	 4.77099
12.2 	 4.79067
12.3 	 4.81026
12.4 	 4.82978
12.5 	 4.84921
12.6 	 4.86857
12.7 	 4.88785
12.8 	 4.90706
12.9 	 4.92619
13 	 4.94524
13.1 	 4.96423
13.2 	 4.98314
13.3 	 5.00198
13.4 	 5.02075
13.5 	 5.03945
13.6 	 5.05808
13.7 	 5.07664
13.8 	 5.09513
13.9 	 5.11356
14 	 5.13192
14.1 	 5.15022
14.2 	 5.16845
14.3 	 5.18662
14.4 	 5.20472
14.5 	 5.22276
14.6 	 5.24074
14.7 	 5.25866
14.8 	 5.27651
14.9 	 5.29431
15 	 5.31204
15.1 	 5.32972
15.2 	 5.34734
15.3 	 5.3649
15.4 	 5.38241
15.5 	 5.39985
15.6 	 5.41724
15.7 	 5.43458
15.8 	 5.45186
15.9 	 5.46909
16 	 5.48626
16.1 	 5.50337
16.2 	 5.52044
16.3 	 5.53745
16.4 	 5.55441
16.5 	 5.57132
16.6 	 5.58818
16.7 	 5.60498
16.8 	 5.62174
16.9 	 5.63845
17 	 5.6551
17.1 	 5.67171
17.2 	 5.68827
17.3 	 5.70478
17.4 	 5.72125
17.5 	 5.73766
17.6 	 5.75403
17.7 	 5.77036
17.8 	 5.78664
17.9 	 5.80287
18 	 5.81905
18.1 	 5.8352
18.2 	 5.85129
18.3 	 5.86735
18.4 	 5.88335
18.5 	 5.89932
18.6 	 5.91524
18.7 	 5.93112
18.8 	 5.94696
18.9 	 5.96276
19 	 5.97851
19.1 	 5.99422
19.2 	 6.00989
19.3 	 6.02552
19.4 	 6.04111
19.5 	 6.05666
19.6 	 6.07217
19.7 	 6.08764
19.8 	 6.10308
19.9 	 6.11847
20 	 6.13382
