0	15.2364
1000	15.223
2000	15.2211
3000	15.2198
4000	15.2178
5000	15.207
6000	15.1912
7000	15.1772
8000	15.1741
9000	15.1663
10000	15.1576
11000	15.1568
12000	15.158
13000	15.1559
14000	15.1495
15000	15.1444
16000	15.1425
17000	15.1371
18000	15.1293
19000	15.1249
20000	15.1205
21000	15.1176
22000	15.1154
23000	15.1141
24000	15.1101
25000	15.1061
26000	15.1025
27000	15.0982
28000	15.0937
29000	15.0893
30000	15.0851
31000	15.0807
32000	15.0765
33000	15.0737
34000	15.0716
35000	15.0699
36000	15.0676
37000	15.0658
38000	15.064
39000	15.0615
40000	15.0583
41000	15.0556
42000	15.0533
43000	15.0515
44000	15.0501
45000	15.0492
46000	15.0484
47000	15.0477
48000	15.0472
49000	15.0466
50000	15.0455
51000	15.0432
52000	15.0407
53000	15.0373
54000	15.0338
55000	15.0286
56000	15.0227
57000	15.018
58000	15.0134
59000	15.0097
60000	15.0071
61000	15.0054
62000	15.003
63000	15.0014
64000	15.0002
65000	14.9995
66000	14.9979
67000	14.9963
68000	14.9945
69000	14.9931
70000	14.9926
71000	14.9923
72000	14.9922
73000	14.9919
74000	14.9916
75000	14.9917
76000	14.9916
77000	14.992
78000	14.9927
79000	14.9926
80000	14.9918
81000	14.9901
82000	14.9883
83000	14.9866
84000	14.9854
85000	14.9853
86000	14.9852
87000	14.9844
88000	14.983
89000	14.9819
90000	14.9804
91000	14.9792
92000	14.9784
93000	14.9786
94000	14.9796
95000	14.9809
96000	14.9813
97000	14.9818
98000	14.9822
99000	14.9832
100000	14.9845
101000	14.9858
102000	14.9867
103000	14.9874
104000	14.9884
105000	14.9892
106000	14.9902
107000	14.9907
108000	14.991
109000	14.9914
110000	14.9917
111000	14.9921
112000	14.9926
113000	14.9933
114000	14.9936
115000	14.9939
116000	14.9938
117000	14.9938
118000	14.9937
119000	14.9938
120000	14.9939
121000	14.9945
122000	14.9954
123000	14.9962
124000	14.9967
125000	14.9971
126000	14.9979
127000	14.9986
128000	14.9992
129000	14.9996
130000	14.9996
131000	14.9999
132000	14.9998
133000	14.9996
134000	14.9996
135000	14.9988
136000	14.9978
137000	14.9969
138000	14.9959
139000	14.9949
140000	14.9946
141000	14.9949
142000	14.9954
143000	14.996
144000	14.9968
145000	14.9974
146000	14.9984
147000	14.9994
148000	15.0002
149000	15.0007
150000	15.0013
151000	15.0017
152000	15.0022
153000	15.0027
154000	15.0032
155000	15.0034
156000	15.0035
157000	15.0037
158000	15.0043
159000	15.0052
160000	15.0061
161000	15.0069
162000	15.0076
163000	15.0083
164000	15.0089
165000	15.0096
166000	15.0103
167000	15.0114
168000	15.0123
169000	15.0133
170000	15.0142
171000	15.0151
172000	15.016
173000	15.0165
174000	15.017
175000	15.0178
176000	15.0185
177000	15.019
178000	15.0196
179000	15.0202
180000	15.0207
181000	15.0212
182000	15.0216
183000	15.0217
184000	15.0216
185000	15.0216
186000	15.0216
187000	15.0216
188000	15.0217
189000	15.0218
190000	15.0222
191000	15.0226
192000	15.0231
193000	15.0238
194000	15.0246
195000	15.0254
196000	15.026
197000	15.0265
198000	15.0271
199000	15.0274
200000	15.0279
201000	15.0284
202000	15.0288
203000	15.0291
204000	15.0292
205000	15.029
206000	15.0288
207000	15.0288
208000	15.0288
209000	15.0288
210000	15.0287
211000	15.0288
212000	15.0287
213000	15.0289
214000	15.0292
215000	15.0299
216000	15.0307
217000	15.0314
218000	15.0322
219000	15.033
220000	15.0338
221000	15.0342
222000	15.0345
223000	15.0348
224000	15.0353
225000	15.0357
226000	15.036
227000	15.0363
228000	15.0367
229000	15.037
230000	15.0371
231000	15.0371
232000	15.0372
233000	15.0374
234000	15.0378
235000	15.0379
236000	15.0378
237000	15.0376
238000	15.0374
239000	15.0375
240000	15.0374
241000	15.0374
242000	15.0372
243000	15.0371
244000	15.0372
245000	15.0373
246000	15.0373
247000	15.0373
248000	15.0374
249000	15.0375
250000	15.0374
251000	15.037
252000	15.0367
253000	15.0364
254000	15.0364
255000	15.0365
256000	15.0366
257000	15.0369
258000	15.0373
259000	15.0375
260000	15.0374
261000	15.0372
262000	15.0369
263000	15.0367
264000	15.0365
265000	15.0362
266000	15.0359
267000	15.0358
268000	15.0358
269000	15.0356
270000	15.0354
271000	15.0352
272000	15.035
273000	15.0349
274000	15.0348
275000	15.0347
276000	15.0345
277000	15.0341
278000	15.0338
279000	15.0334
280000	15.0331
281000	15.0328
282000	15.0327
283000	15.0326
284000	15.0326
285000	15.0327
286000	15.0327
287000	15.0328
288000	15.0328
289000	15.0328
290000	15.0328
291000	15.0327
292000	15.0328
293000	15.033
294000	15.0331
295000	15.0331
296000	15.0329
297000	15.0328
298000	15.0328
299000	15.033
300000	15.0332
301000	15.0336
302000	15.0341
303000	15.0345
304000	15.035
305000	15.0356
306000	15.0364
307000	15.0371
308000	15.0377
309000	15.0382
310000	15.0388
311000	15.0396
312000	15.0403
313000	15.0411
314000	15.0419
315000	15.0428
316000	15.0434
317000	15.0438
318000	15.0441
319000	15.0441
320000	15.0439
321000	15.0436
322000	15.0432
323000	15.0427
324000	15.0421
325000	15.0416
326000	15.0412
327000	15.0409
328000	15.0405
329000	15.0401
330000	15.0398
331000	15.0395
332000	15.039
333000	15.0385
334000	15.038
335000	15.0376
336000	15.0371
337000	15.0368
338000	15.0363
339000	15.036
340000	15.0359
341000	15.0358
342000	15.0358
343000	15.0358
344000	15.0358
345000	15.0357
346000	15.0356
347000	15.0356
348000	15.0354
349000	15.035
350000	15.0346
351000	15.0344
352000	15.0342
353000	15.034
354000	15.0339
355000	15.0341
356000	15.0343
357000	15.0348
358000	15.0352
359000	15.0355
360000	15.0357
361000	15.0359
362000	15.0361
363000	15.0364
364000	15.0365
365000	15.0364
366000	15.0362
367000	15.0358
368000	15.0353
369000	15.0347
370000	15.0341
371000	15.0335
372000	15.0327
373000	15.032
374000	15.0315
375000	15.0308
376000	15.03
377000	15.0291
378000	15.0282
379000	15.0276
380000	15.0269
381000	15.0265
382000	15.026
383000	15.0256
384000	15.0252
385000	15.0248
386000	15.0245
387000	15.0241
388000	15.0235
389000	15.023
390000	15.0226
391000	15.022
392000	15.0216
393000	15.021
394000	15.0204
395000	15.0198
396000	15.0193
397000	15.0188
398000	15.0184
399000	15.0178
400000	15.017
401000	15.0164
402000	15.0159
403000	15.0156
404000	15.0153
405000	15.0151
406000	15.015
407000	15.015
408000	15.0151
409000	15.0153
410000	15.0156
411000	15.016
412000	15.0162
413000	15.0164
414000	15.0168
415000	15.0171
416000	15.0173
417000	15.0175
418000	15.0176
419000	15.0176
420000	15.0176
421000	15.0176
422000	15.0176
423000	15.0177
424000	15.0178
425000	15.0178
426000	15.0179
427000	15.0178
428000	15.0177
429000	15.0174
430000	15.0169
431000	15.0164
432000	15.0161
433000	15.0159
434000	15.0156
435000	15.0153
436000	15.0151
437000	15.0148
438000	15.0145
439000	15.0142
440000	15.0138
441000	15.0135
442000	15.0132
443000	15.0128
444000	15.0125
445000	15.0122
446000	15.0119
447000	15.0115
448000	15.0112
449000	15.0111
450000	15.011
451000	15.0109
452000	15.0108
453000	15.0108
454000	15.0107
455000	15.0106
456000	15.0102
457000	15.0098
458000	15.0093
459000	15.0089
460000	15.0085
461000	15.0082
462000	15.0078
463000	15.0074
464000	15.0072
465000	15.0069
466000	15.0067
467000	15.0066
468000	15.0063
469000	15.0061
470000	15.0059
471000	15.0059
472000	15.0058
473000	15.0056
474000	15.0053
475000	15.0051
476000	15.0049
477000	15.0047
478000	15.0044
479000	15.0042
480000	15.004
481000	15.0038
482000	15.0036
483000	15.0036
484000	15.0036
485000	15.0037
486000	15.0039
487000	15.0042
488000	15.0044
489000	15.0045
490000	15.0047
491000	15.0049
492000	15.0051
493000	15.0053
494000	15.0054
495000	15.0053
496000	15.0051
497000	15.005
498000	15.0049
499000	15.0049
500000	15.0051
501000	15.0054
502000	15.0055
503000	15.0055
504000	15.0055
505000	15.0055
506000	15.0055
507000	15.0054
508000	15.0052
509000	15.0051
510000	15.005
511000	15.0049
512000	15.0049
513000	15.0049
514000	15.0048
515000	15.0048
516000	15.0048
517000	15.0048
518000	15.0049
519000	15.0048
520000	15.0047
521000	15.0046
522000	15.0045
523000	15.0044
524000	15.0044
525000	15.0046
526000	15.0048
527000	15.0051
528000	15.0052
529000	15.0054
530000	15.0055
531000	15.0055
532000	15.0055
533000	15.0054
534000	15.0053
535000	15.0051
536000	15.005
537000	15.0048
538000	15.0046
539000	15.0044
540000	15.0041
541000	15.0038
542000	15.0037
543000	15.0036
544000	15.0035
545000	15.0035
546000	15.0034
547000	15.0033
548000	15.003
549000	15.0028
550000	15.0026
551000	15.0023
552000	15.0021
553000	15.0019
554000	15.0018
555000	15.0016
556000	15.0013
557000	15.0009
558000	15.0006
559000	15.0002
560000	14.9999
561000	14.9996
562000	14.9993
563000	14.9991
564000	14.999
565000	14.999
566000	14.999
567000	14.9991
568000	14.9992
569000	14.9993
570000	14.9994
571000	14.9994
572000	14.9995
573000	14.9996
574000	14.9997
575000	14.9998
576000	14.9999
577000	15.0001
578000	15.0002
579000	15.0003
580000	15.0005
581000	15.0007
582000	15.001
583000	15.0013
584000	15.0016
585000	15.0019
586000	15.0022
587000	15.0024
588000	15.0026
589000	15.0028
590000	15.003
591000	15.0032
592000	15.0035
593000	15.0037
594000	15.004
595000	15.0041
596000	15.0043
597000	15.0043
598000	15.0042
599000	15.0042
600000	15.0042
601000	15.0043
602000	15.0043
603000	15.0043
604000	15.0042
605000	15.0041
606000	15.0041
607000	15.0041
608000	15.0042
609000	15.0042
610000	15.0041
611000	15.004
612000	15.0039
613000	15.0038
614000	15.0035
615000	15.0033
616000	15.0031
617000	15.0029
618000	15.0028
619000	15.0026
620000	15.0025
621000	15.0024
622000	15.0025
623000	15.0026
624000	15.0025
625000	15.0026
626000	15.0028
627000	15.0029
628000	15.0031
629000	15.0032
630000	15.0033
631000	15.0034
632000	15.0036
633000	15.0037
634000	15.0039
635000	15.0041
636000	15.0041
637000	15.0041
638000	15.0041
639000	15.0038
640000	15.0036
641000	15.0034
642000	15.0032
643000	15.0031
644000	15.003
645000	15.0029
646000	15.0029
647000	15.0029
648000	15.0029
649000	15.0029
650000	15.0029
651000	15.0029
652000	15.003
653000	15.0031
654000	15.0033
655000	15.0035
656000	15.0036
657000	15.0038
658000	15.0039
659000	15.0039
660000	15.004
661000	15.004
662000	15.004
663000	15.004
664000	15.0041
665000	15.004
666000	15.004
667000	15.004
668000	15.004
669000	15.0039
670000	15.0038
671000	15.0036
672000	15.0035
673000	15.0034
674000	15.0033
675000	15.0033
676000	15.0034
677000	15.0034
678000	15.0035
679000	15.0035
680000	15.0036
681000	15.0037
682000	15.0039
683000	15.004
684000	15.004
685000	15.0039
686000	15.0038
687000	15.0038
688000	15.0039
689000	15.004
690000	15.0041
691000	15.0041
692000	15.0041
693000	15.004
694000	15.004
695000	15.0039
696000	15.004
697000	15.004
698000	15.004
699000	15.004
700000	15.0039
701000	15.0038
702000	15.0039
703000	15.004
704000	15.0042
705000	15.0045
706000	15.0048
707000	15.0051
708000	15.0053
709000	15.0055
710000	15.0057
711000	15.0059
712000	15.006
713000	15.0061
714000	15.0063
715000	15.0065
716000	15.0068
717000	15.007
718000	15.0072
719000	15.0074
720000	15.0077
721000	15.0079
722000	15.0082
723000	15.0083
724000	15.0084
725000	15.0085
726000	15.0086
727000	15.0087
728000	15.0089
729000	15.009
730000	15.0092
731000	15.0093
732000	15.0093
733000	15.0093
734000	15.0092
735000	15.0092
736000	15.0091
737000	15.0089
738000	15.0088
739000	15.0087
740000	15.0087
741000	15.0088
742000	15.0089
743000	15.009
744000	15.0091
745000	15.0092
746000	15.0094
747000	15.0095
748000	15.0097
749000	15.0099
750000	15.0101
751000	15.0102
752000	15.0103
753000	15.0105
754000	15.0106
755000	15.0106
756000	15.0106
757000	15.0106
758000	15.0106
759000	15.0107
760000	15.0106
761000	15.0106
762000	15.0106
763000	15.0107
764000	15.0106
765000	15.0104
766000	15.0103
767000	15.0102
768000	15.0101
769000	15.0101
770000	15.01
771000	15.0099
772000	15.0099
773000	15.0098
774000	15.0098
775000	15.0098
776000	15.0097
777000	15.0096
778000	15.0096
779000	15.0096
780000	15.0095
781000	15.0095
782000	15.0094
783000	15.0094
784000	15.0094
785000	15.0094
786000	15.0095
787000	15.0095
788000	15.0093
789000	15.0091
790000	15.0089
791000	15.0086
792000	15.0084
793000	15.0082
794000	15.008
795000	15.0079
796000	15.0077
797000	15.0076
798000	15.0075
799000	15.0074
800000	15.0072
801000	15.0071
802000	15.0071
803000	15.0072
804000	15.0072
805000	15.0072
806000	15.0071
807000	15.0069
808000	15.0067
809000	15.0065
810000	15.0064
811000	15.0062
812000	15.006
813000	15.006
814000	15.0059
815000	15.006
816000	15.0061
817000	15.0061
818000	15.0061
819000	15.0061
820000	15.0061
821000	15.006
822000	15.006
823000	15.0059
824000	15.0059
825000	15.0057
826000	15.0056
827000	15.0055
828000	15.0054
829000	15.0052
830000	15.0052
831000	15.0052
832000	15.0052
833000	15.0051
834000	15.0051
835000	15.0052
836000	15.0052
837000	15.0052
838000	15.0052
839000	15.0053
840000	15.0052
841000	15.0052
842000	15.0052
843000	15.0052
844000	15.0051
845000	15.0051
846000	15.0051
847000	15.0051
848000	15.0051
849000	15.0052
850000	15.0053
851000	15.0054
852000	15.0055
853000	15.0056
854000	15.0057
855000	15.0058
856000	15.0059
857000	15.006
858000	15.0062
859000	15.0064
860000	15.0067
861000	15.0069
862000	15.0072
863000	15.0075
864000	15.0077
865000	15.0078
866000	15.0079
867000	15.008
868000	15.0082
869000	15.0083
870000	15.0084
871000	15.0086
872000	15.0087
873000	15.0088
874000	15.0089
875000	15.0089
876000	15.0089
877000	15.0089
878000	15.0089
879000	15.0089
880000	15.0089
881000	15.0089
882000	15.0089
883000	15.0089
884000	15.0089
885000	15.0089
886000	15.0088
887000	15.0087
888000	15.0085
889000	15.0084
890000	15.0084
891000	15.0084
892000	15.0084
893000	15.0084
894000	15.0085
895000	15.0085
896000	15.0086
897000	15.0086
898000	15.0086
899000	15.0085
900000	15.0084
901000	15.0083
902000	15.0082
903000	15.0082
904000	15.0082
905000	15.0083
906000	15.0083
907000	15.0084
908000	15.0085
909000	15.0085
910000	15.0085
911000	15.0085
912000	15.0084
913000	15.0083
914000	15.0081
915000	15.0078
916000	15.0076
917000	15.0074
918000	15.0071
919000	15.0069
920000	15.0067
921000	15.0065
922000	15.0063
923000	15.0062
924000	15.0061
925000	15.006
926000	15.0059
927000	15.0059
928000	15.0059
929000	15.0059
930000	15.0059
931000	15.0058
932000	15.0057
933000	15.0056
934000	15.0055
935000	15.0054
936000	15.0052
937000	15.0051
938000	15.0049
939000	15.0048
940000	15.0047
941000	15.0047
942000	15.0046
943000	15.0046
944000	15.0046
945000	15.0047
946000	15.0048
947000	15.0048
948000	15.0049
949000	15.0049
950000	15.0049
951000	15.0049
952000	15.0049
953000	15.0048
954000	15.0048
955000	15.0047
956000	15.0047
957000	15.0046
958000	15.0045
959000	15.0045
960000	15.0045
961000	15.0045
962000	15.0045
963000	15.0045
964000	15.0044
965000	15.0044
966000	15.0043
967000	15.0042
968000	15.0041
969000	15.0041
970000	15.004
971000	15.0039
972000	15.0037
973000	15.0034
974000	15.0032
975000	15.003
976000	15.0029
977000	15.0028
978000	15.0026
979000	15.0025
980000	15.0023
981000	15.0021
982000	15.0019
983000	15.0018
984000	15.0017
985000	15.0016
986000	15.0015
987000	15.0014
988000	15.0013
989000	15.0013
990000	15.0012
991000	15.0012
992000	15.0011
993000	15.001
994000	15.0009
995000	15.0008
996000	15.0007
997000	15.0006
998000	15.0004
999000	15.0004
1000000	15.0004
1001000	15.0004
1002000	15.0006
1003000	15.0007
1004000	15.0009
1005000	15.0011
1006000	15.0012
1007000	15.0014
1008000	15.0015
1009000	15.0015
1010000	15.0016
1011000	15.0016
1012000	15.0016
1013000	15.0017
1014000	15.0018
1015000	15.0019
1016000	15.0021
1017000	15.0022
1018000	15.0023
1019000	15.0023
1020000	15.0024
1021000	15.0025
1022000	15.0026
1023000	15.0026
1024000	15.0027
1025000	15.0028
1026000	15.0028
1027000	15.0028
1028000	15.0028
1029000	15.0028
1030000	15.0028
1031000	15.0028
1032000	15.0029
1033000	15.0028
1034000	15.0027
1035000	15.0026
1036000	15.0025
1037000	15.0025
1038000	15.0024
1039000	15.0024
1040000	15.0023
1041000	15.0022
1042000	15.0021
1043000	15.0021
1044000	15.0021
1045000	15.0021
1046000	15.0022
1047000	15.0022
1048000	15.0022
1049000	15.0022
1050000	15.0021
1051000	15.002
1052000	15.0018
1053000	15.0017
1054000	15.0016
1055000	15.0016
1056000	15.0015
1057000	15.0015
1058000	15.0014
1059000	15.0014
1060000	15.0014
1061000	15.0014
1062000	15.0013
1063000	15.0013
1064000	15.0012
1065000	15.0012
1066000	15.0011
1067000	15.001
1068000	15.0008
1069000	15.0007
1070000	15.0005
1071000	15.0004
1072000	15.0003
1073000	15.0001
1074000	14.9999
1075000	14.9997
1076000	14.9995
1077000	14.9994
1078000	14.9993
1079000	14.9992
1080000	14.9991
1081000	14.9991
1082000	14.9991
1083000	14.9991
1084000	14.9991
1085000	14.999
1086000	14.9989
1087000	14.9989
1088000	14.9988
1089000	14.9988
1090000	14.9987
1091000	14.9987
1092000	14.9987
1093000	14.9987
1094000	14.9987
1095000	14.9986
1096000	14.9986
1097000	14.9986
1098000	14.9985
1099000	14.9985
1100000	14.9985
1101000	14.9985
1102000	14.9984
1103000	14.9983
1104000	14.9982
1105000	14.9982
1106000	14.9982
1107000	14.9981
1108000	14.9982
1109000	14.9983
1110000	14.9983
1111000	14.9984
1112000	14.9985
1113000	14.9985
1114000	14.9985
1115000	14.9985
1116000	14.9985
1117000	14.9986
1118000	14.9986
1119000	14.9986
1120000	14.9986
1121000	14.9987
1122000	14.9987
1123000	14.9988
1124000	14.9988
1125000	14.9988
1126000	14.9989
1127000	14.999
1128000	14.9991
1129000	14.9991
1130000	14.9991
1131000	14.9992
1132000	14.9992
1133000	14.9992
1134000	14.9992
1135000	14.9993
1136000	14.9994
1137000	14.9995
1138000	14.9996
1139000	14.9997
1140000	14.9998
1141000	14.9999
1142000	14.9999
1143000	14.9999
1144000	15
1145000	15
1146000	15
1147000	15.0001
1148000	15.0001
1149000	15.0002
1150000	15.0003
1151000	15.0004
1152000	15.0005
1153000	15.0006
1154000	15.0007
1155000	15.0008
1156000	15.0009
1157000	15.001
1158000	15.0009
1159000	15.0009
1160000	15.0008
1161000	15.0007
1162000	15.0007
1163000	15.0007
1164000	15.0007
1165000	15.0007
1166000	15.0008
1167000	15.0009
1168000	15.001
1169000	15.0011
1170000	15.0012
1171000	15.0013
1172000	15.0013
1173000	15.0013
1174000	15.0013
1175000	15.0012
1176000	15.0012
1177000	15.0012
1178000	15.0012
1179000	15.0012
1180000	15.0012
1181000	15.0012
1182000	15.0012
1183000	15.0011
1184000	15.0011
1185000	15.001
1186000	15.001
1187000	15.0009
1188000	15.0008
1189000	15.0007
1190000	15.0007
1191000	15.0006
1192000	15.0005
1193000	15.0004
1194000	15.0004
1195000	15.0003
1196000	15.0003
1197000	15.0003
1198000	15.0003
1199000	15.0003
