-2.04553 	 1.15925 	 -4.02768
0.0338501 	 3.66654 	 3.77514
-1.50642 	 3.37657 	 2.31142
-3.52425 	 -1.80988 	 0.878831
-3.91427 	 -4.71816 	 -1.36235
-1.3434 	 -0.956704 	 -1.6186
1.10956 	 -0.609448 	 0.606965
3.41153 	 0.812147 	 4.66071
-3.69429 	 -0.367373 	 -0.902094
2.78019 	 -1.05815 	 -0.531236
-0.16094 	 -2.19817 	 3.23658
-1.00055 	 4.15521 	 1.33825
2.99269 	 -0.284201 	 -1.12687
4.12108 	 4.93851 	 -3.00994
2.84518 	 -0.273827 	 1.10921
-3.77794 	 -4.16685 	 -2.6977
-2.13508 	 2.65211 	 4.20551
3.2131 	 -4.48157 	 1.03705
0.268488 	 0.993324 	 -4.10013
-4.72296 	 -3.82858 	 -2.2041
1.02292 	 -3.12371 	 -3.4501
2.73718 	 4.96585 	 -0.409632
-1.46915 	 -2.53843 	 0.858143
3.25779 	 3.38725 	 3.02341
1.29721 	 4.52025 	 1.58795
4.3778 	 -2.22744 	 3.69559
-3.61715 	 -4.95986 	 3.79233
-2.71248 	 -0.356715 	 4.49713
2.16037 	 -0.161079 	 3.30126
3.76849 	 -1.87017 	 3.95609
-1.38094 	 4.30366 	 -4.97179
2.49659 	 3.35341 	 -4.12715
-3.93578 	 3.4649 	 -0.908319
-2.26789 	 4.71372 	 1.21493
3.00279 	 -0.526109 	 2.87942
0.56752 	 0.0415787 	 1.7245
-2.88296 	 2.32188 	 3.22241
-3.97686 	 3.77352 	 -3.98137
0.706871 	 0.0584007 	 2.30791
-3.92702 	 -2.69002 	 -1.0333
-4.28589 	 2.82841 	 3.27505
4.08352 	 1.02538 	 -4.70201
-2.39424 	 -1.39249 	 -1.18202
0.0809583 	 3.45292 	 -3.43388
-2.27791 	 0.883584 	 -4.61878
-2.09399 	 3.12272 	 -3.83711
0.231783 	 4.33988 	 -3.81967
0.422775 	 4.19014 	 -4.74474
-0.374035 	 -3.98618 	 4.05872
-4.79815 	 1.20431 	 -3.69663
-1.98659 	 4.60239 	 3.5288
-3.53201 	 -4.55489 	 4.13095
0.835676 	 4.54825 	 -2.43026
-4.20902 	 2.73555 	 1.33268
1.07394 	 -3.00542 	 -2.54303
-2.30144 	 2.16118 	 -4.24077
2.14626 	 -2.50301 	 -3.58279
2.74237 	 -2.29006 	 2.27922
-1.50498 	 0.14198 	 4.33949
-1.30359 	 -2.4736 	 0.0395393
-1.49563 	 -4.33709 	 -1.39505
-2.40166 	 -3.03745 	 1.50818
-0.644819 	 1.7494 	 -4.69368
-3.68412 	 2.99492 	 3.67043
4.84963 	 -3.44059 	 0.202883
4.17045 	 -4.40289 	 -3.68521
-3.42443 	 3.62602 	 -3.09656
2.88297 	 -0.245351 	 -2.15685
-0.412686 	 -1.56897 	 0.284344
-1.93243 	 -1.25001 	 -3.66493
-4.66069 	 -0.156867 	 0.509599
-1.37609 	 -4.06317 	 -1.85483
3.95921 	 -2.41558 	 1.18544
-1.70515 	 -0.941754 	 0.425917
1.31012 	 -0.366892 	 2.60458
0.0184089 	 4.19167 	 -2.67021
-0.558034 	 -3.35945 	 2.10273
2.75001 	 2.06651 	 2.57845
4.15604 	 -0.892259 	 4.62924
-2.45447 	 1.14085 	 4.11749
3.77543 	 -3.33447 	 2.97293
4.21856 	 -0.964212 	 0.0282658
-2.75435 	 0.17835 	 -2.40196
-3.40997 	 3.13139 	 1.11274
-1.76112 	 4.01214 	 -2.40519
-3.2754 	 -2.1767 	 -1.47026
3.32907 	 4.96616 	 1.53559
2.53979 	 -2.31242 	 4.78391
-4.63083 	 2.46456 	 -3.11886
-2.93952 	 0.820434 	 3.33433
-4.93621 	 3.40619 	 1.72905
2.31206 	 1.87467 	 -4.40737
0.361344 	 -4.18899 	 -2.65579
-3.6804 	 3.38313 	 4.05563
4.44553 	 -0.214701 	 0.212982
-3.61774 	 2.88594 	 1.1546
3.80914 	 3.8145 	 4.97956
1.44859 	 0.231146 	 -1.88443
0.909888 	 -2.13875 	 -4.06499
-1.26314 	 0.0659971 	 4.60853
0.571307 	 -3.35273 	 3.13989
1.57969 	 -1.4693 	 1.50241
4.45706 	 -1.40329 	 0.0120221
4.7997 	 -1.1935 	 -4.09877
-2.80883 	 -2.75589 	 3.98992
4.84054 	 3.68055 	 -4.8078
2.88459 	 -4.23671 	 -4.83761
-2.03096 	 1.83324 	 -2.70213
4.20931 	 -1.5394 	 2.9111
0.992992 	 4.85311 	 -0.0686039
4.32197 	 -0.803395 	 -1.92912
2.70366 	 2.86125 	 -2.31953
-1.28322 	 0.186544 	 4.96917
-1.41451 	 2.26182 	 -0.385962
-4.50793 	 -4.94382 	 1.97052
1.89468 	 2.82686 	 -4.17024
-2.19816 	 3.89404 	 3.60818
3.99772 	 0.370852 	 -4.69865
-3.59346 	 4.85336 	 3.49882
-0.714116 	 -3.39245 	 -3.75382
-1.16585 	 -4.86762 	 -2.16483
-3.14035 	 -2.31522 	 2.8173
-0.484446 	 -0.68418 	 3.48816
-2.09479 	 2.2574 	 -2.42924
1.36634 	 0.188453 	 -2.45181
-3.08095 	 3.55529 	 1.15703
0.255587 	 -3.69574 	 0.768621
-0.651478 	 -4.92183 	 -1.38721
0.17189 	 0.467024 	 -0.872476
-0.303188 	 -0.969273 	 -4.97307
-0.104409 	 4.92794 	 -1.28798
-0.280752 	 -2.06613 	 0.700695
-1.99015 	 4.00656 	 3.57007
0.690955 	 0.0232707 	 -4.02034
-3.19155 	 -4.85372 	 0.582037
4.34845 	 -4.56235 	 3.49153
-0.17252 	 0.213566 	 4.23315
2.80932 	 -1.76743 	 1.77257
-4.11975 	 3.53877 	 0.650954
1.7121 	 4.38479 	 1.96639
-4.21692 	 1.24798 	 -1.28435
0.645336 	 -4.46543 	 4.18122
3.32951 	 4.2313 	 -1.69425
-2.52698 	 -4.86839 	 -3.01807
-4.80331 	 3.75344 	 -2.30529
-4.42549 	 -0.818652 	 2.29067
0.0345967 	 2.69203 	 -3.61985
-1.83762 	 2.12436 	 0.0201656
3.71085 	 3.7122 	 -3.80119
3.88685 	 -2.03491 	 -2.45901
-3.95917 	 0.989008 	 4.27321
3.8321 	 -2.04176 	 4.93825
-2.78152 	 4.45683 	 2.92392
-3.19935 	 3.17988 	 2.55315
-2.12216 	 -2.89603 	 1.2622
3.5671 	 2.35812 	 -0.816829
0.933664 	 4.92428 	 4.74169
-1.8257 	 -2.07706 	 -4.79233
-0.30146 	 -4.89282 	 4.52292
4.48245 	 2.95115 	 -3.37983
2.8946 	 -1.48917 	 2.71438
4.51964 	 0.11841 	 2.5876
-2.61942 	 -3.65654 	 -4.12534
-1.57173 	 -3.35776 	 2.24798
4.14154 	 2.14651 	 0.91104
4.03911 	 0.96462 	 0.829502
2.44949 	 0.598679 	 -0.463649
-3.97683 	 2.63958 	 -4.89383
3.69537 	 -2.4933 	 -1.66027
2.72285 	 0.30014 	 0.221514
-2.03132 	 0.777327 	 1.35386
4.18059 	 2.74919 	 -4.87304
-0.748096 	 0.694627 	 4.17266
1.19591 	 1.25664 	 -1.6652
-4.3936 	 4.55498 	 -0.967167
-3.60726 	 2.8514 	 0.127305
-3.23752 	 1.61295 	 3.51908
-2.50515 	 -0.352886 	 0.192727
-0.208641 	 0.935507 	 3.96319
-4.17892 	 3.78214 	 -1.52821
-0.214687 	 2.53791 	 -3.14704
4.93444 	 -4.55466 	 -0.888127
-3.35399 	 0.00953416 	 4.35293
-1.16168 	 -1.9078 	 1.93596
2.76169 	 -2.33733 	 -0.620525
-2.64074 	 2.25192 	 -3.40173
-0.91319 	 0.543851 	 2.78745
-2.62353 	 -0.460487 	 -0.777085
-3.01117 	 -4.74143 	 -4.52216
-1.24564 	 0.57103 	 0.0481315
-4.03094 	 -4.06257 	 -3.1159
-3.27423 	 -1.10581 	 4.96444
4.50799 	 -2.03152 	 0.662673
-2.15575 	 -1.98126 	 2.84987
0.135602 	 -0.4161 	 -4.58883
-2.74064 	 -3.96536 	 -3.83958
1.65165 	 0.998714 	 3.37593
-0.129635 	 -1.33164 	 -4.45272
4.47799 	 -1.08086 	 -2.14365
4.81012 	 -4.24081 	 -0.128423
-2.95043 	 -3.51603 	 1.0701
-4.11296 	 3.90655 	 1.45136
-1.74249 	 -2.19457 	 -4.22395
1.38759 	 -3.31683 	 -3.65533
-4.85413 	 0.65834 	 -3.923
-3.84228 	 2.89656 	 -3.38104
-3.15375 	 1.77279 	 4.35378
2.34329 	 -2.70849 	 -1.18416
0.0977706 	 -0.967404 	 -0.0714649
3.3065 	 -0.738445 	 2.60513
-1.72728 	 -1.74547 	 -2.64328
-3.07086 	 2.30919 	 3.77827
2.85625 	 1.23333 	 0.407054
-3.97772 	 -4.57707 	 1.61099
-1.78891 	 -0.38662 	 2.13499
-3.44105 	 0.122499 	 -0.898135
4.96795 	 0.845745 	 4.24703
-4.01112 	 -2.60051 	 -4.89669
-0.57162 	 1.70777 	 1.17728
-2.54457 	 -2.69163 	 1.25639
3.93943 	 -2.47137 	 -0.71743
4.07399 	 -3.20541 	 1.82201
1.58112 	 -4.45616 	 -0.955069
0.764917 	 3.5096 	 -4.23212
-4.60076 	 -0.11144 	 -1.30298
3.83439 	 3.71769 	 0.362621
-2.01471 	 1.58796 	 4.56069
4.78803 	 -2.77822 	 3.14891
-3.85887 	 -0.561395 	 -3.66522
1.09554 	 -4.94353 	 -4.23743
3.5674 	 -4.46849 	 -4.46807
1.84998 	 -1.14811 	 -0.0820886
-3.3648 	 0.777083 	 4.23645
2.79549 	 0.525816 	 -0.737658
-2.78381 	 -3.4236 	 -4.98667
2.70528 	 3.72542 	 2.80978
3.87302 	 -2.39157 	 -0.326889
4.06826 	 -4.83054 	 4.90591
0.69798 	 -1.27643 	 -1.14683
-4.8711 	 0.0825773 	 0.759876
4.38435 	 -4.71294 	 2.86745
4.49765 	 -1.69248 	 2.87062
-4.13429 	 -2.13386 	 -0.946314
-3.2956 	 1.17404 	 2.93861
-3.28866 	 -4.46215 	 -2.34224
-3.57057 	 4.40021 	 -2.79004
-0.395216 	 -2.47065 	 2.6859
2.83896 	 1.82793 	 3.913
-1.93272 	 4.2814 	 4.53849
-3.91026 	 3.73722 	 -0.00591973
-2.46498 	 4.8002 	 3.24011
0.0576794 	 0.573298 	 -0.635798
3.51619 	 4.87897 	 -3.54885
3.17801 	 -0.785229 	 1.49873
-1.8438 	 4.82882 	 -3.73885
0.972733 	 -4.13104 	 -1.91942
-4.7551 	 2.76675 	 -0.398832
-4.42871 	 -4.9127 	 1.9856
-4.7855 	 2.46965 	 3.28931
0.436021 	 -3.27927 	 4.6627
-1.52132 	 -4.16932 	 -2.86776
3.97303 	 4.24364 	 -3.0308
-4.09105 	 3.60268 	 -1.6048
-0.907468 	 4.74367 	 -3.27364
2.31634 	 0.76338 	 -4.54336
-0.179823 	 1.12989 	 2.86596
-4.45876 	 -2.73409 	 3.30005
4.4524 	 -0.137941 	 -3.30638
3.86331 	 0.635685 	 -1.56696
-0.439133 	 0.915676 	 -2.85483
-2.87751 	 -3.98806 	 -4.07746
4.69061 	 2.75021 	 -2.46432
2.93989 	 -3.01003 	 -1.69343
-4.4449 	 2.32202 	 -0.0295715
-2.25924 	 0.341175 	 -4.49693
-4.89814 	 -4.35881 	 -1.21705
0.306966 	 -1.24842 	 4.90159
-3.61682 	 -1.54408 	 -3.63796
-4.40808 	 -1.21461 	 4.17017
-4.08047 	 -4.53196 	 1.08603
-1.09857 	 -0.181864 	 1.11669
3.84062 	 -2.39739 	 2.61427
-2.09064 	 1.96758 	 -2.92823
-1.77425 	 2.88975 	 4.18823
1.14047 	 -4.37569 	 -1.65968
-4.8221 	 -3.28274 	 -2.67271
2.01773 	 0.479739 	 3.02006
-4.35691 	 -3.28368 	 4.94045
4.9632 	 -0.501847 	 0.751364
-1.39662 	 0.641119 	 -1.84859
-1.89993 	 -4.27602 	 3.81229
-3.56519 	 4.93949 	 0.717768
2.3045 	 -4.9258 	 0.302919
1.65503 	 0.801975 	 -2.92021
-0.348778 	 -0.669567 	 4.23269
0.668049 	 -4.16119 	 -4.48676
-3.65705 	 -3.27111 	 -0.227578
-0.872882 	 -4.00932 	 -1.18511
0.605019 	 -3.12197 	 -1.06742
3.02801 	 4.8641 	 0.0703051
-3.09133 	 -4.16095 	 1.37011
-3.27318 	 -3.4638 	 3.50205
-2.42598 	 -4.5222 	 0.851201
0.681091 	 -2.5382 	 4.4103
-4.81472 	 -1.63907 	 1.22213
4.37424 	 -4.061 	 -1.13563
-4.15188 	 2.39344 	 -1.35178
-2.487 	 0.757908 	 -2.41102
-1.605 	 0.886823 	 4.73627
-1.32371 	 4.68613 	 -3.71992
-2.58049 	 -2.52161 	 -4.08347
3.33742 	 1.23116 	 1.78072
1.33401 	 -1.20622 	 -4.9677
1.16877 	 0.460032 	 4.67505
-0.613699 	 1.2145 	 0.453988
1.92174 	 -3.10926 	 -2.66232
-2.03934 	 3.20516 	 4.90359
2.02302 	 1.08246 	 0.859078
4.81376 	 0.517528 	 -1.7037
1.39826 	 4.72115 	 1.42396
-0.933331 	 -1.71579 	 2.53024
-4.73475 	 4.25942 	 -3.92703
0.651602 	 1.82805 	 0.686288
4.23376 	 -0.918156 	 -4.37556
0.845173 	 -2.47718 	 2.26489
1.47946 	 2.71365 	 -1.04476
4.0735 	 -1.79254 	 0.0307599
-0.226934 	 -4.33515 	 0.71446
-0.37947 	 -2.88078 	 2.7699
4.83655 	 -0.868467 	 -3.91056
-2.67335 	 -1.60073 	 3.8012
-0.0591757 	 2.42539 	 4.11158
1.68662 	 -2.5424 	 -4.9516
-3.12823 	 0.711953 	 -0.868543
1.77297 	 -2.24079 	 -0.241621
1.92343 	 3.97375 	 2.54345
2.85592 	 -2.2686 	 -4.1877
4.7089 	 2.16935 	 3.31244
-3.20048 	 0.904884 	 -3.78556
-0.0839458 	 -2.69967 	 1.70746
0.927544 	 -2.50629 	 -2.49529
4.23798 	 -2.77684 	 -2.99878
0.33309 	 -3.94424 	 1.88662
3.28884 	 2.95247 	 -1.352
-0.904436 	 2.78871 	 2.45657
4.64892 	 0.770054 	 -1.54506
3.92025 	 4.06314 	 4.17418
1.46459 	 -0.431067 	 -3.00955
1.45954 	 -3.29236 	 -3.86463
-0.706294 	 3.5644 	 4.7585
2.00459 	 4.06206 	 -1.78602
-0.0051768 	 2.80187 	 1.27965
-2.98989 	 -0.998401 	 0.517835
-2.00523 	 -1.26106 	 3.27207
-0.37776 	 2.54993 	 2.35828
-1.80901 	 1.42678 	 -0.992931
-3.34633 	 4.59167 	 -1.80037
1.81151 	 4.88002 	 -2.62587
-3.39489 	 -0.808021 	 0.620006
-0.311738 	 -4.5997 	 3.5422
-4.96954 	 3.24783 	 -0.113545
-0.107646 	 -4.66488 	 -3.37987
-4.6838 	 1.64883 	 -2.04591
-1.95873 	 0.353852 	 1.57473
-0.957073 	 0.443335 	 -4.02111
-0.266044 	 -1.3018 	 0.294475
-3.28952 	 -0.472261 	 -1.76444
2.14476 	 2.64477 	 0.948694
4.84537 	 1.86757 	 0.41742
1.44913 	 -3.47543 	 -2.86105
-2.03213 	 -4.58861 	 3.28432
-3.13574 	 -4.59326 	 4.65535
-4.857 	 4.94231 	 -2.29888
-3.37784 	 -0.792064 	 4.23534
4.4022 	 2.10736 	 -2.16591
4.58533 	 4.9204 	 2.98978
-0.636047 	 -0.668959 	 0.866987
0.740895 	 -3.73043 	 1.40991
-4.77321 	 -2.96715 	 -1.37929
1.67913 	 1.72711 	 4.01844
2.07646 	 4.22716 	 2.72142
-0.362867 	 1.24607 	 0.237805
-3.77895 	 2.89 	 3.2287
-1.63452 	 1.64184 	 4.89235
-2.56197 	 0.100752 	 1.1717
-4.69608 	 4.35677 	 -1.9412
-0.998291 	 -2.0527 	 -4.36787
-3.47994 	 -2.42814 	 -3.85687
4.19161 	 1.52682 	 -4.41911
4.92233 	 1.92227 	 -3.07485
-0.0300487 	 -3.59844 	 1.99217
1.21834 	 1.13121 	 1.4508
2.61179 	 -2.80915 	 4.45121
3.15422 	 4.84754 	 -4.49036
-4.16524 	 2.12095 	 -0.403037
2.39493 	 -0.747337 	 -0.464263
1.21936 	 -1.22307 	 3.94899
2.23933 	 -1.50576 	 2.67808
-1.0059 	 1.30244 	 2.46369
-0.860844 	 -1.73914 	 -1.95375
4.46694 	 -3.30265 	 -3.2415
-2.00812 	 1.4158 	 -1.84987
-3.84923 	 1.96932 	 -0.147984
0.460423 	 1.3966 	 -1.47355
0.123808 	 2.28813 	 -3.81343
-4.71717 	 -2.5604 	 4.87991
3.66272 	 -0.79249 	 0.529002
-2.7848 	 1.03496 	 3.41104
-2.2874 	 1.38861 	 -2.90544
0.639765 	 1.37714 	 -3.13923
-4.78702 	 1.0773 	 0.119752
2.80774 	 -1.95804 	 -4.96319
1.94917 	 1.18175 	 -0.710267
-2.95997 	 -3.0265 	 -1.7933
-4.57228 	 -0.099866 	 1.66299
-3.32122 	 -2.27431 	 -4.77197
-2.11673 	 -3.10852 	 -2.06057
4.00491 	 2.53336 	 -0.747392
1.5942 	 -0.3488 	 -3.9695
-3.65305 	 2.19843 	 -1.28803
-0.843275 	 1.72962 	 4.21979
0.387615 	 1.91153 	 -4.54062
1.21521 	 2.57741 	 2.2903
1.12644 	 -0.947698 	 -0.314476
2.17987 	 4.02786 	 1.05364
-0.675693 	 -1.52584 	 -3.69661
-2.28281 	 1.44294 	 4.1599
2.48768 	 -0.720205 	 4.45482
2.11521 	 4.02958 	 -3.32044
-4.06781 	 -4.98526 	 2.25005
4.97017 	 3.949 	 4.45302
0.0827414 	 -1.24616 	 2.0889
0.875798 	 -4.95893 	 -1.72432
0.281223 	 1.63104 	 0.394742
4.57409 	 -4.70566 	 4.57884
-3.02918 	 -1.52191 	 1.29588
3.96503 	 1.05659 	 -1.34856
-4.15915 	 -0.562929 	 2.13363
2.80595 	 -3.68482 	 1.64271
-4.2884 	 -4.17136 	 1.0932
3.51596 	 2.55968 	 2.84279
2.63668 	 3.69925 	 -4.75805
-1.88901 	 -4.19127 	 -1.25573
-1.72879 	 -3.05522 	 -4.33873
-2.49624 	 3.56363 	 2.58213
2.81941 	 4.58101 	 4.09087
3.30424 	 3.52764 	 -4.80718
-1.67379 	 2.66501 	 -4.94089
3.01416 	 2.56026 	 -4.19378
0.605888 	 0.824112 	 0.0574903
4.59945 	 1.54448 	 -0.748263
-0.457782 	 4.27352 	 2.37971
0.859735 	 0.435476 	 4.30688
-4.97051 	 -4.87486 	 2.36042
-0.80312 	 -4.68698 	 0.106708
1.33303 	 -1.81143 	 0.648608
-2.83157 	 -3.96225 	 -1.70398
1.16885 	 3.20321 	 -1.9436
0.0674102 	 3.95692 	 2.52322
3.724 	 -4.87306 	 0.940119
-0.252665 	 2.61021 	 3.97639
-1.98029 	 -4.42207 	 3.21353
-1.23353 	 -3.51352 	 -3.82256
3.29424 	 3.65625 	 -0.151389
-3.3153 	 4.58083 	 1.02819
-1.95807 	 -0.993067 	 2.30354
3.78235 	 0.19829 	 2.59651
-1.1265 	 1.70344 	 -0.0886058
-3.21362 	 -3.94487 	 3.3642
-0.139285 	 1.13431 	 2.29389
-4.94895 	 -0.494687 	 -4.24595
-2.04217 	 2.54631 	 2.68517
2.39638 	 3.3886 	 -0.0245313
-3.61794 	 0.926481 	 0.773387
4.32256 	 -4.67994 	 -1.27734
2.78089 	 -4.51142 	 -3.98674
0.296489 	 3.5057 	 2.18181
-0.468003 	 -0.0427978 	 -0.652204
1.00122 	 -0.570856 	 -0.707245
-3.31514 	 3.65035 	 -3.89881
-4.13778 	 -4.78831 	 -1.94948
-0.368587 	 1.28404 	 2.93513
-0.739434 	 -4.80213 	 -1.86972
-1.13101 	 2.66938 	 0.265895
-0.945889 	 1.93446 	 4.64513
-0.490164 	 3.77541 	 -3.56841
-2.28744 	 1.24837 	 -4.36875
0.570202 	 -4.30014 	 0.243338
3.22532 	 -3.36927 	 2.41626
-2.03083 	 3.69122 	 -0.554765
1.1246 	 2.71403 	 -1.63787
-2.88052 	 2.75191 	 0.694641
-4.17153 	 -4.42655 	 4.33151
3.20339 	 4.68213 	 -2.11354
-2.17499 	 -3.3748 	 -3.95463
2.3501 	 1.22419 	 -3.42803
-2.27879 	 -1.74125 	 -0.341908
1.25788 	 -0.483743 	 3.21964
-1.80304 	 -0.577503 	 3.27649
0.0020181 	 3.84899 	 -3.48454
4.10268 	 0.111183 	 -2.61196
1.87762 	 0.748007 	 -4.20102
4.56633 	 0.150663 	 -2.37284
-2.0868 	 3.72531 	 0.775081
0.087488 	 -1.75533 	 -2.12826
-0.00862876 	 -4.66363 	 0.805538
4.09581 	 -0.42171 	 1.84514
-2.28772 	 4.97721 	 1.72471
3.58266 	 0.598875 	 -3.0445
-4.41321 	 3.76661 	 1.55344
-3.64316 	 3.989 	 2.18174
2.92273 	 4.79367 	 4.87262
-0.317238 	 -2.62902 	 -1.46768
4.36763 	 1.23773 	 2.27758
-0.242626 	 -3.12926 	 4.63471
-0.545818 	 -3.17034 	 4.65823
4.92434 	 2.43154 	 1.50936
2.30231 	 4.5684 	 2.45123
3.62773 	 2.84937 	 -0.0515528
-4.22281 	 2.02962 	 -0.319032
2.42682 	 -2.05045 	 -1.56125
1.20288 	 1.99131 	 4.34525
2.34644 	 3.53739 	 -3.85633
3.29817 	 0.168142 	 4.40446
-4.5876 	 3.15641 	 1.05274
3.77847 	 3.75352 	 -4.94729
-0.85127 	 0.648556 	 -0.110238
-2.66176 	 4.15628 	 4.49209
0.921131 	 2.61834 	 0.129041
-1.6165 	 1.56806 	 4.20474
-2.27364 	 3.65991 	 3.79874
2.82702 	 -1.82341 	 4.41488
-3.75886 	 0.272444 	 4.7156
-2.65777 	 -3.86223 	 4.20768
1.78395 	 -4.39548 	 -3.53554
-2.53828 	 0.090671 	 -3.62153
4.86555 	 -2.20072 	 1.48981
-4.40516 	 -1.30205 	 -2.2095
-1.08624 	 2.63463 	 3.06364
1.65022 	 -3.14858 	 -0.389799
-2.75713 	 -3.88103 	 -4.60023
-4.20954 	 -2.01467 	 0.913121
-3.65967 	 0.0312647 	 -4.20612
-2.72905 	 -3.22389 	 1.32295
4.6185 	 2.53875 	 -0.0201599
2.70681 	 -4.59317 	 -4.61666
3.61473 	 2.54368 	 -3.15701
1.50393 	 -0.661942 	 -4.6705
-1.77072 	 -1.4969 	 0.342214
-1.49207 	 -0.77122 	 0.826107
3.35391 	 -3.62774 	 -2.16936
1.80755 	 4.98766 	 4.19012
-2.72424 	 3.05708 	 1.80535
3.98954 	 -4.65772 	 3.63323
-2.75291 	 -3.41698 	 0.231885
0.382286 	 -3.08686 	 0.804855
4.46399 	 3.53776 	 2.374
-1.10929 	 1.17034 	 0.0115656
-4.5459 	 -1.51376 	 0.87851
-0.705696 	 4.9654 	 0.492237
3.4851 	 -4.68906 	 0.0308863
-3.39706 	 -4.99438 	 -4.77778
3.69354 	 4.64639 	 0.584643
-0.0656112 	 0.943334 	 4.49273
0.622453 	 3.21094 	 4.85459
4.60634 	 -0.647363 	 3.34719
-4.61483 	 0.855807 	 -3.83158
1.93811 	 0.908135 	 2.82082
2.85226 	 -0.515916 	 4.46861
-1.64077 	 3.69002 	 3.94992
-4.88999 	 4.53264 	 0.2482
-2.16243 	 2.75069 	 -1.69044
-2.89081 	 -0.00642814 	 1.36083
-4.03984 	 4.98432 	 -0.380012
-4.95312 	 4.05353 	 4.12401
3.13267 	 4.35075 	 -0.446963
-4.79109 	 1.18651 	 -4.49595
3.52909 	 2.99664 	 -0.667078
-4.37839 	 1.76727 	 2.04283
4.88558 	 0.913695 	 -2.33765
0.744834 	 -1.55713 	 -0.754621
3.1109 	 0.781283 	 -0.201704
2.24658 	 -0.994023 	 -2.11114
-3.39089 	 -0.396645 	 0.922754
3.92246 	 -2.03154 	 -2.85423
2.72792 	 -3.17423 	 0.557011
0.814469 	 4.98163 	 -1.31936
-0.00767164 	 4.97029 	 -3.50991
3.53958 	 1.63221 	 0.2906
1.49993 	 -2.17299 	 -1.38273
-0.959073 	 1.97611 	 4.51334
3.12169 	 3.19736 	 -4.29609
-3.03208 	 2.26111 	 4.66027
-4.86111 	 0.233194 	 3.96217
-1.28032 	 -0.264769 	 1.18633
-4.21063 	 -0.111268 	 1.98609
4.19606 	 -1.53567 	 3.1396
-2.09517 	 1.82813 	 0.625712
0.544461 	 0.0267508 	 -3.61573
4.83645 	 1.44232 	 -1.44338
3.05118 	 -4.19536 	 -3.07195
4.90435 	 -3.81819 	 -3.21267
-0.838182 	 -4.36381 	 2.75299
-4.06208 	 2.51083 	 1.4991
2.48989 	 -0.483375 	 -3.47143
4.93901 	 0.954291 	 2.46011
-3.79761 	 3.99992 	 -3.21958
4.31704 	 0.309713 	 -3.09286
-1.06532 	 3.48916 	 -1.70084
-4.31345 	 -0.264818 	 0.923447
-1.6344 	 -1.45066 	 4.6016
2.54844 	 1.52632 	 -3.96094
-0.257697 	 2.07493 	 -4.76385
4.01828 	 -2.23436 	 2.23073
4.75943 	 -1.64633 	 -1.46433
2.13005 	 -2.6304 	 -1.03428
3.91399 	 4.6768 	 -2.9797
1.2302 	 -3.82431 	 4.32984
4.23662 	 -2.93286 	 0.841706
-0.210654 	 -4.08375 	 -0.374242
-4.67383 	 -4.37433 	 -4.53664
-4.04366 	 4.74383 	 -4.66187
-3.29313 	 3.70859 	 -2.42099
1.47892 	 -2.77334 	 -2.78197
-3.53483 	 -2.79163 	 0.194485
1.77255 	 -4.76863 	 -2.39978
-1.59872 	 3.40177 	 -1.32184
2.7151 	 2.70166 	 -3.9141
-3.68919 	 -2.71481 	 -3.67083
-2.06509 	 0.059643 	 2.32674
-0.208552 	 0.563101 	 -3.59573
-0.0447017 	 4.1279 	 0.19503
2.26431 	 -2.08536 	 0.0758194
-0.264893 	 -3.05941 	 -3.19607
3.06768 	 1.92955 	 0.470267
-3.23927 	 3.1453 	 -1.80416
-3.31264 	 4.06199 	 0.0407399
-3.76028 	 -4.08719 	 -1.05109
1.30071 	 4.99706 	 -4.12165
-1.62378 	 4.78277 	 3.46597
1.86194 	 -0.0666388 	 1.61158
-4.00807 	 -0.39441 	 -1.59262
4.48055 	 0.817156 	 -0.798603
-0.0917781 	 4.9608 	 2.02935
-3.77822 	 -3.38293 	 -4.14446
0.317129 	 4.28908 	 -3.14266
4.52662 	 -1.42009 	 -4.82259
-4.35032 	 3.23329 	 -1.65072
-3.34363 	 0.340137 	 -4.41995
-1.47139 	 -4.83449 	 -0.944409
-4.62328 	 -4.50002 	 -3.82676
-0.750721 	 -2.15136 	 2.70671
0.290585 	 0.488609 	 3.55208
-2.65017 	 -3.39804 	 -3.9323
-3.54875 	 -0.366268 	 -4.84979
4.01937 	 -4.77107 	 -0.752079
2.6372 	 2.98874 	 2.28671
-4.83698 	 3.36758 	 3.26186
-0.265986 	 -0.649954 	 2.94198
2.51006 	 4.82696 	 -1.82717
3.18184 	 2.94182 	 -0.359978
3.27288 	 -2.29135 	 -3.55869
3.06454 	 -3.26573 	 -2.82056
-0.719622 	 -3.35706 	 2.53926
0.65696 	 -0.44815 	 -2.36159
1.76954 	 4.00452 	 0.977041
-0.285681 	 -2.82451 	 1.9568
0.594453 	 -4.67695 	 0.0939669
1.11791 	 0.348716 	 3.47719
-0.391704 	 -1.94291 	 -3.75011
-3.31977 	 -4.12765 	 -4.09127
-3.05971 	 4.88589 	 -3.28162
2.65922 	 -4.52735 	 -1.35969
4.89225 	 -4.90766 	 4.16149
3.11463 	 -1.03713 	 -3.23833
2.83034 	 -3.66201 	 0.658054
2.10463 	 3.17174 	 -3.49246
-2.0112 	 -0.430102 	 2.01816
-2.76064 	 3.26252 	 2.10209
-3.9253 	 3.99328 	 -3.2797
-2.16189 	 -3.31347 	 0.482274
-1.16575 	 2.7767 	 -3.42912
-1.9066 	 -1.03994 	 -0.696781
3.06914 	 4.72765 	 2.70104
1.55258 	 -3.46161 	 -3.59161
-1.9097 	 -2.8005 	 -3.91853
1.26138 	 -3.19753 	 0.544605
-1.52189 	 -3.64149 	 4.03036
3.19257 	 -2.46207 	 2.64597
0.14393 	 3.71415 	 1.36949
-3.31084 	 -3.09691 	 1.15012
-0.0256843 	 -0.446787 	 -1.47946
0.107792 	 0.692178 	 -3.46979
-3.99469 	 0.183632 	 0.540339
-3.05197 	 -3.74402 	 -1.10938
2.60326 	 3.95343 	 -3.21667
1.76273 	 0.594652 	 2.49872
-4.65104 	 -3.40853 	 -3.10086
-3.45453 	 3.99853 	 3.58711
2.4714 	 3.37204 	 2.80944
4.26258 	 2.58533 	 0.178284
2.63227 	 1.83594 	 4.42382
3.10786 	 -3.01672 	 3.52238
3.97457 	 -4.25306 	 4.34642
1.23726 	 0.475147 	 0.0203339
-0.245183 	 -2.36191 	 0.870334
-2.29428 	 -1.70931 	 -2.29633
-3.39545 	 3.6174 	 -4.18528
-4.40488 	 0.653136 	 -4.12116
-0.369827 	 1.49429 	 0.728965
1.56217 	 1.16984 	 1.40398
-4.74833 	 -2.75125 	 -0.314337
-2.54138 	 -2.11866 	 -4.88344
1.39957 	 2.36179 	 1.02284
-4.81434 	 4.99092 	 0.0319761
4.54541 	 -0.0954576 	 3.14475
-2.77237 	 -0.951554 	 1.55603
3.77175 	 -3.87492 	 -0.99151
-4.9543 	 3.29258 	 1.02219
-4.21351 	 -2.39233 	 4.57968
-3.97279 	 -4.15134 	 -1.19277
-2.78601 	 -1.81076 	 -2.67194
2.93241 	 -4.58025 	 -3.79827
4.88152 	 3.341 	 -4.77203
3.57521 	 1.24628 	 3.29674
0.783432 	 4.43759 	 -3.65522
2.29994 	 -4.48964 	 -3.22904
2.80019 	 -2.31067 	 -2.59986
-4.7636 	 -2.76644 	 -1.49205
-1.79339 	 -3.73674 	 -4.71421
-1.98678 	 3.98042 	 2.9274
-3.89823 	 -1.79068 	 -1.00563
-1.91366 	 -3.71223 	 3.38651
-0.556846 	 -0.263575 	 0.276623
-2.96441 	 -2.7121 	 -1.58393
-0.343882 	 -1.70201 	 0.0328893
1.39489 	 -0.83722 	 -4.81866
4.24242 	 1.27176 	 -1.66511
4.94316 	 2.72799 	 -2.74655
0.730614 	 -3.88534 	 -0.122403
0.647471 	 -1.80147 	 -4.61233
2.5252 	 0.996682 	 -4.27512
3.99401 	 4.88366 	 0.151952
1.3948 	 -3.1898 	 -3.62495
0.978401 	 3.12528 	 -4.25376
4.48688 	 -1.75112 	 2.6983
-2.93288 	 -1.91821 	 1.60355
-1.15377 	 -4.71893 	 2.32037
-4.99914 	 -1.64867 	 -2.38668
-0.345951 	 -0.466851 	 -2.17201
-4.3443 	 -1.16606 	 -3.6716
3.5779 	 -0.59245 	 3.38914
1.6887 	 -2.7382 	 -3.00899
-4.01037 	 -3.0323 	 -0.800146
1.29078 	 -4.62159 	 -1.49099
-4.1113 	 3.37217 	 -1.73155
1.28308 	 1.34392 	 3.26466
-3.17908 	 -1.40793 	 -3.84106
2.77412 	 0.408012 	 4.69823
-1.48177 	 -1.4204 	 0.234032
4.98541 	 0.583214 	 3.85671
-1.13773 	 1.58469 	 -4.25764
-4.50692 	 -0.617566 	 -3.2545
4.87219 	 -2.99071 	 -0.858018
1.19735 	 1.40057 	 1.17875
1.42612 	 -4.0946 	 3.0469
1.84475 	 1.76104 	 0.97567
2.87895 	 2.03385 	 3.39162
4.66041 	 0.54209 	 1.9085
-3.49619 	 1.79495 	 -2.63521
-4.47458 	 -2.03459 	 2.03387
3.28208 	 -0.0506362 	 -3.95679
-4.90345 	 4.27107 	 1.21494
2.4811 	 3.17133 	 2.63406
-2.94064 	 2.55835 	 -3.54836
3.84412 	 -0.0906763 	 -2.00843
1.16326 	 -0.204101 	 -1.98217
-4.49107 	 -0.0934448 	 -3.36316
-2.8215 	 -4.22032 	 3.67687
2.60156 	 1.99947 	 0.59513
4.02756 	 4.15767 	 4.80487
-2.09817 	 -1.9677 	 -0.42985
4.1587 	 1.87713 	 0.0657705
2.33175 	 -4.39577 	 -4.98421
-4.71008 	 -3.18072 	 3.09438
2.49076 	 4.84206 	 1.82358
2.12441 	 -4.0202 	 -0.0437255
-4.59352 	 -0.466167 	 -2.46216
1.40023 	 -4.31941 	 -3.37688
-4.06115 	 0.649985 	 -2.29675
2.78996 	 -2.04241 	 3.88854
-3.29476 	 -0.987852 	 0.377003
2.51693 	 1.69911 	 3.58878
3.6199 	 -4.56726 	 4.52808
-4.70039 	 -2.39396 	 0.762076
-2.82425 	 0.474253 	 -0.343593
-0.36702 	 -3.6469 	 3.76576
4.45436 	 -3.97832 	 -2.22117
-4.59928 	 -3.9096 	 -3.38992
2.22772 	 4.68206 	 -1.43864
-3.88485 	 0.41651 	 -4.53393
-4.64039 	 -4.49539 	 0.269689
2.74911 	 -2.09303 	 -4.74886
2.34615 	 3.29946 	 3.17689
4.97962 	 -3.18637 	 -0.978804
-2.80334 	 -1.38885 	 0.513983
-3.0193 	 -2.27716 	 1.92497
-0.434124 	 -3.65253 	 -2.0105
1.97579 	 -2.35373 	 3.22154
0.508874 	 -0.056827 	 3.81483
2.98325 	 1.35438 	 -3.32646
-0.498082 	 -3.83421 	 0.0612074
-2.52946 	 1.66852 	 2.20617
3.51751 	 2.0662 	 0.386673
-2.32794 	 3.09935 	 -3.02176
3.58044 	 -4.88497 	 1.67852
1.95322 	 -0.610043 	 -2.39652
2.27364 	 -1.28626 	 3.30449
0.144486 	 2.18931 	 1.85702
1.5973 	 -1.75948 	 -4.9534
3.0158 	 -1.96289 	 -3.82591
3.97685 	 -1.24467 	 1.52723
4.94187 	 2.37141 	 -0.352659
-3.20758 	 -0.664841 	 -2.46534
3.5584 	 -1.46863 	 -3.55975
-3.55199 	 -3.69248 	 -4.08166
1.94645 	 -3.47896 	 2.86321
-0.700604 	 -4.24188 	 -0.496301
1.98979 	 -4.15614 	 0.558196
-1.96767 	 4.14663 	 2.54051
4.77182 	 -1.57386 	 -3.61743
0.0943993 	 1.22469 	 3.58079
4.97275 	 3.92629 	 0.398129
-1.14719 	 4.03416 	 -3.27765
0.00675567 	 -4.12514 	 4.70226
-1.11951 	 -0.647717 	 -3.63218
1.25069 	 -1.43403 	 0.386072
-0.225977 	 0.602788 	 -1.93442
-0.0656786 	 3.69135 	 2.29916
-4.96027 	 3.41607 	 -0.00938379
0.965565 	 -1.84326 	 -0.571815
-2.98177 	 0.361346 	 -2.02631
-4.44902 	 0.327148 	 -3.89742
-4.90859 	 3.63175 	 1.98661
4.14061 	 1.69585 	 0.734547
2.49816 	 -0.89152 	 -3.4697
1.75465 	 4.07891 	 4.56417
-1.09574 	 1.27605 	 -2.32967
4.66675 	 3.22989 	 -4.26129
-0.368938 	 -4.89979 	 0.554545
0.506658 	 -3.46334 	 0.613644
-4.05494 	 1.63889 	 1.91235
-1.4615 	 -1.68991 	 3.58136
-1.7206 	 0.141654 	 -0.335555
-1.86601 	 4.88146 	 3.84369
-1.33385 	 4.04424 	 -2.54986
1.48705 	 -0.943964 	 2.41879
-1.81866 	 4.39781 	 2.46553
3.70984 	 -4.11257 	 -0.472772
-3.70971 	 -3.35443 	 3.786
1.9885 	 1.57807 	 -0.40471
4.17726 	 1.2151 	 1.75459
-0.678971 	 3.95522 	 4.7962
-4.80354 	 0.291965 	 -0.136955
3.61153 	 -3.11921 	 -2.52715
-3.83046 	 3.36045 	 -0.754897
-3.10062 	 0.775387 	 -4.33773
-2.11505 	 4.00453 	 -1.10467
0.111507 	 -3.92367 	 -0.708479
2.17154 	 -0.993758 	 4.58005
-3.41822 	 0.129374 	 1.01126
-0.980947 	 -2.181 	 -1.73676
1.92396 	 -1.58112 	 -3.84544
-2.30502 	 1.98708 	 3.76647
-1.40753 	 -0.236977 	 -2.13841
-2.44032 	 -0.163597 	 3.75579
2.37653 	 0.790188 	 -1.25682
-0.0176555 	 -1.6967 	 -0.564854
0.798521 	 -4.08892 	 -1.60055
4.45441 	 3.09523 	 -0.0135673
-2.02349 	 4.26136 	 -0.633362
-0.0683077 	 2.65111 	 3.54012
0.711467 	 0.462005 	 -4.62096
3.33711 	 -2.25761 	 1.33368
1.27625 	 4.58347 	 4.89568
2.86622 	 -3.68555 	 1.27665
1.37336 	 -3.40962 	 -3.72675
-3.10407 	 -3.58017 	 3.55958
-1.74754 	 -2.0028 	 -3.57126
-2.35783 	 -1.79203 	 0.739018
0.416909 	 1.1895 	 -1.21482
0.353243 	 -2.64277 	 -2.05352
-1.31658 	 0.782574 	 0.367892
2.39645 	 -0.320082 	 4.24345
1.72258 	 -4.34771 	 -4.70946
1.71675 	 -0.920275 	 4.05245
0.104435 	 4.59233 	 -0.679983
-4.42933 	 -3.36098 	 -1.62532
0.280468 	 -2.30634 	 0.933769
-1.33894 	 4.71538 	 -0.25016
-2.70542 	 -2.06161 	 -3.61638
-3.83735 	 2.10247 	 1.82661
3.02882 	 4.26979 	 -4.07199
-3.84137 	 -1.70455 	 4.89944
-4.49104 	 0.357126 	 3.72963
-0.542896 	 1.88964 	 2.93272
-2.69877 	 -4.96082 	 -2.4006
-2.88676 	 -0.635031 	 -2.91106
-0.814481 	 -1.2176 	 2.20009
0.28031 	 -3.51112 	 -2.65693
4.59591 	 -2.06707 	 -1.33945
-0.514888 	 3.40385 	 -1.21891
0.464816 	 2.2582 	 -4.02449
-4.75652 	 -4.40897 	 2.87279
3.09474 	 1.8786 	 0.6158
2.8879 	 -4.07358 	 4.54164
4.43622 	 3.78628 	 -0.0475629
-3.80998 	 3.83425 	 -0.439455
0.648427 	 -4.06298 	 -1.73621
-0.758988 	 -0.203486 	 4.7831
1.3544 	 -1.55722 	 -1.14825
-4.29074 	 0.95504 	 -1.72501
-2.47613 	 0.54258 	 1.31565
2.76399 	 4.55182 	 2.73327
3.85959 	 -3.4996 	 1.59137
-4.40595 	 -2.8062 	 2.07837
2.50011 	 -1.09416 	 -0.385911
-3.03189 	 -1.92331 	 1.66708
1.93068 	 3.28044 	 2.32154
4.33334 	 -1.9991 	 -1.17285
-0.223396 	 4.56471 	 0.167767
-0.206083 	 3.85645 	 -0.21894
-4.86372 	 -1.2276 	 -0.688434
-1.67064 	 2.98515 	 -3.69189
-1.80442 	 -4.37046 	 -2.45987
4.82281 	 -4.88564 	 -4.21987
-0.780813 	 1.83924 	 -2.51661
-3.63437 	 -3.74967 	 1.71021
3.76193 	 -4.25659 	 -2.93859
-1.5117 	 4.87301 	 3.0038
3.52406 	 2.52791 	 0.787441
-4.66391 	 -0.540722 	 -0.920426
2.70621 	 3.43896 	 3.85612
-0.238781 	 1.00294 	 -1.037
-4.52957 	 0.531319 	 2.43641
3.1648 	 3.52259 	 0.965281
-0.709258 	 2.05293 	 0.108449
-2.45826 	 1.48499 	 1.22745
-3.16138 	 2.37255 	 3.27858
-0.5597 	 -0.522766 	 -3.47976
0.486376 	 -3.37889 	 -0.321331
-2.63621 	 4.7481 	 -4.64848
-0.803384 	 3.81832 	 2.16425
-4.54005 	 0.986326 	 2.5705
-1.41559 	 -2.71938 	 -2.73884
1.53659 	 -1.65428 	 1.09812
0.378521 	 -1.32081 	 -1.45285
-0.486767 	 -2.37345 	 -2.56455
3.04253 	 -2.03194 	 -3.38864
-2.3846 	 4.23859 	 0.235132
-4.4319 	 -4.55648 	 2.33811
-4.04688 	 3.1766 	 3.90998
-2.61302 	 0.611121 	 2.1582
-3.8986 	 -3.82227 	 4.06965
-3.69852 	 -1.97343 	 -1.49414
-2.31256 	 -0.935068 	 3.06496
0.639219 	 -4.07826 	 0.755816
-1.40748 	 -4.92021 	 1.95147
-2.03854 	 -1.1669 	 2.17595
1.5701 	 0.59718 	 3.5404
-2.58361 	 0.239666 	 2.59146
-3.56776 	 -0.941987 	 3.45331
-4.49602 	 3.29763 	 -1.39031
4.07975 	 -4.58737 	 -0.888589
1.62428 	 0.0229695 	 -4.39472
-3.18799 	 -0.0817242 	 1.96817
-4.97437 	 -2.5809 	 -1.55446
-2.97889 	 -4.26194 	 1.04243
-3.03673 	 0.180948 	 -0.96733
3.87429 	 -3.69597 	 1.37281
3.28099 	 0.257182 	 -1.0031
-4.3624 	 0.471852 	 -0.522025
-3.83673 	 1.50478 	 -1.33209
2.37745 	 1.93102 	 2.18473
-1.97465 	 -0.978147 	 -1.19287
0.0592486 	 0.344215 	 3.54949
0.108796 	 -4.20795 	 2.84025
-3.78875 	 4.24131 	 -4.12109
0.686889 	 -3.40199 	 -4.47618
-0.280189 	 -0.667511 	 0.980805
-2.54984 	 3.9436 	 -4.21126
-3.03942 	 0.644467 	 1.75911
2.47453 	 1.44832 	 0.172856
4.73238 	 1.88397 	 0.874391
4.21222 	 -0.391131 	 -1.62828
-3.4415 	 -1.88374 	 4.66351
-3.05125 	 -1.69173 	 4.44824
-1.22025 	 -4.40429 	 -0.0571445
3.50563 	 -3.11556 	 1.41661
4.35952 	 -1.33575 	 4.72292
