0 	 0.00323071 	 	 
0.025 	 0.00323069 	 	 
0.05 	 0.00323066 	 	 
0.075 	 0.00323063 	 	 
0.1 	 0.0032306 	 	 
0.125 	 0.00323057 	 	 
0.15 	 0.00323054 	 	 
0.175 	 0.00323051 	 	 
0.2 	 0.00323047 	 	 
0.225 	 0.00323044 	 	 
0.25 	 0.00323041 	 	 
0.275 	 0.00323037 	 	 
0.3 	 0.00323033 	 	 
0.325 	 0.0032303 	 	 
0.35 	 0.00323026 	 	 
0.375 	 0.00323022 	 	 
0.4 	 0.00323018 	 	 
0.425 	 0.00323014 	 	 
0.45 	 0.0032301 	 	 
0.475 	 0.00323006 	 	 
0.5 	 0.00323001 	 	 
0.525 	 0.00322997 	 	 
0.55 	 0.00322992 	 	 
0.575 	 0.00322987 	 	 
0.6 	 0.00322982 	 	 
0.625 	 0.00322977 	 	 
0.65 	 0.00322972 	 	 
0.675 	 0.00322967 	 	 
0.7 	 0.00322962 	 	 
0.725 	 0.00322956 	 	 
0.75 	 0.0032295 	 	 
0.775 	 0.00322945 	 	 
0.8 	 0.00322939 	 	 
0.825 	 0.00322933 	 	 
0.85 	 0.00322926 	 	 
0.875 	 0.0032292 	 	 
0.9 	 0.00322913 	 	 
0.925 	 0.00322907 	 	 
0.95 	 0.003229 	 	 
0.975 	 0.00322893 	 	 
1 	 0.00322885 	 	 
1.025 	 0.00322878 	 	 
1.05 	 0.0032287 	 	 
1.075 	 0.00322862 	 	 
1.1 	 0.00322854 	 	 
1.125 	 0.00322846 	 	 
1.15 	 0.00322838 	 	 
1.175 	 0.00322829 	 	 
1.2 	 0.0032282 	 	 
1.225 	 0.00322811 	 	 
1.25 	 0.00322802 	 	 
1.275 	 0.00322792 	 	 
1.3 	 0.00322782 	 	 
1.325 	 0.00322772 	 	 
1.35 	 0.00322762 	 	 
1.375 	 0.00322752 	 	 
1.4 	 0.00322741 	 	 
1.425 	 0.0032273 	 	 
1.45 	 0.00322718 	 	 
1.475 	 0.00322707 	 	 
1.5 	 0.00322695 	 	 
1.525 	 0.00322682 	 	 
1.55 	 0.0032267 	 	 
1.575 	 0.00322657 	 	 
1.6 	 0.00322644 	 	 
1.625 	 0.0032263 	 	 
1.65 	 0.00322616 	 	 
1.675 	 0.00322602 	 	 
1.7 	 0.00322587 	 	 
1.725 	 0.00322572 	 	 
1.75 	 0.00322557 	 	 
1.775 	 0.00322541 	 	 
1.8 	 0.00322525 	 	 
1.825 	 0.00322509 	 	 
1.85 	 0.00322492 	 	 
1.875 	 0.00322474 	 	 
1.9 	 0.00322457 	 	 
1.925 	 0.00322438 	 	 
1.95 	 0.0032242 	 	 
1.975 	 0.003224 	 	 
2 	 0.00322381 	 	 
2.025 	 0.0032236 	 	 
2.05 	 0.0032234 	 	 
2.075 	 0.00322319 	 	 
2.1 	 0.00322297 	 	 
2.125 	 0.00322275 	 	 
2.15 	 0.00322252 	 	 
2.175 	 0.00322228 	 	 
2.2 	 0.00322204 	 	 
2.225 	 0.0032218 	 	 
2.25 	 0.00322154 	 	 
2.275 	 0.00322129 	 	 
2.3 	 0.00322102 	 	 
2.325 	 0.00322075 	 	 
2.35 	 0.00322047 	 	 
2.375 	 0.00322018 	 	 
2.4 	 0.00321989 	 	 
2.425 	 0.00321959 	 	 
2.45 	 0.00321928 	 	 
2.475 	 0.00321897 	 	 
2.5 	 0.00321864 	 	 
2.525 	 0.00321831 	 	 
2.55 	 0.00321797 	 	 
2.575 	 0.00321762 	 	 
2.6 	 0.00321727 	 	 
2.625 	 0.0032169 	 	 
2.65 	 0.00321653 	 	 
2.675 	 0.00321614 	 	 
2.7 	 0.00321575 	 	 
2.725 	 0.00321534 	 	 
2.75 	 0.00321493 	 	 
2.775 	 0.0032145 	 	 
2.8 	 0.00321407 	 	 
2.825 	 0.00321362 	 	 
2.85 	 0.00321316 	 	 
2.875 	 0.00321269 	 	 
2.9 	 0.00321221 	 	 
2.925 	 0.00321172 	 	 
2.95 	 0.00321122 	 	 
2.975 	 0.0032107 	 	 
3 	 0.00321017 	 	 
3.025 	 0.00320962 	 	 
3.05 	 0.00320907 	 	 
3.075 	 0.0032085 	 	 
3.1 	 0.00320791 	 	 
3.125 	 0.00320731 	 	 
3.15 	 0.00320669 	 	 
3.175 	 0.00320606 	 	 
3.2 	 0.00320542 	 	 
3.225 	 0.00320476 	 	 
3.25 	 0.00320408 	 	 
3.275 	 0.00320338 	 	 
3.3 	 0.00320267 	 	 
3.325 	 0.00320194 	 	 
3.35 	 0.00320119 	 	 
3.375 	 0.00320042 	 	 
3.4 	 0.00319964 	 	 
3.425 	 0.00319883 	 	 
3.45 	 0.003198 	 	 
3.475 	 0.00319716 	 	 
3.5 	 0.00319629 	 	 
3.525 	 0.0031954 	 	 
3.55 	 0.00319449 	 	 
3.575 	 0.00319356 	 	 
3.6 	 0.0031926 	 	 
3.625 	 0.00319162 	 	 
3.65 	 0.00319062 	 	 
3.675 	 0.00318959 	 	 
3.7 	 0.00318853 	 	 
3.725 	 0.00318745 	 	 
3.75 	 0.00318635 	 	 
3.775 	 0.00318521 	 	 
3.8 	 0.00318405 	 	 
3.825 	 0.00318286 	 	 
3.85 	 0.00318164 	 	 
3.875 	 0.00318039 	 	 
3.9 	 0.00317911 	 	 
3.925 	 0.0031778 	 	 
3.95 	 0.00317646 	 	 
3.975 	 0.00317508 	 	 
4 	 0.00317367 	 	 
4.025 	 0.00317223 	 	 
4.05 	 0.00317075 	 	 
4.075 	 0.00316923 	 	 
4.1 	 0.00316768 	 	 
4.125 	 0.00316609 	 	 
4.15 	 0.00316446 	 	 
4.175 	 0.00316279 	 	 
4.2 	 0.00316108 	 	 
4.225 	 0.00315933 	 	 
4.25 	 0.00315754 	 	 
4.275 	 0.0031557 	 	 
4.3 	 0.00315382 	 	 
4.325 	 0.0031519 	 	 
4.35 	 0.00314993 	 	 
4.375 	 0.00314791 	 	 
4.4 	 0.00314584 	 	 
4.425 	 0.00314372 	 	 
4.45 	 0.00314156 	 	 
4.475 	 0.00313934 	 	 
4.5 	 0.00313707 	 	 
4.525 	 0.00313474 	 	 
4.55 	 0.00313236 	 	 
4.575 	 0.00312992 	 	 
4.6 	 0.00312743 	 	 
4.625 	 0.00312487 	 	 
4.65 	 0.00312226 	 	 
4.675 	 0.00311958 	 	 
4.7 	 0.00311684 	 	 
4.725 	 0.00311403 	 	 
4.75 	 0.00311116 	 	 
4.775 	 0.00310823 	 	 
4.8 	 0.00310522 	 	 
4.825 	 0.00310215 	 	 
4.85 	 0.003099 	 	 
4.875 	 0.00309578 	 	 
4.9 	 0.00309248 	 	 
4.925 	 0.00308911 	 	 
4.95 	 0.00308566 	 	 
4.975 	 0.00308214 	 	 
5 	 0.00307853 	 	 
5.025 	 0.00307484 	 	 
5.05 	 0.00307106 	 	 
5.075 	 0.0030672 	 	 
5.1 	 0.00306325 	 	 
5.125 	 0.00305921 	 	 
5.15 	 0.00305508 	 	 
5.175 	 0.00305086 	 	 
5.2 	 0.00304654 	 	 
5.225 	 0.00304212 	 	 
5.25 	 0.00303761 	 	 
5.275 	 0.003033 	 	 
5.3 	 0.00302828 	 	 
5.325 	 0.00302346 	 	 
5.35 	 0.00301853 	 	 
5.375 	 0.0030135 	 	 
5.4 	 0.00300836 	 	 
5.425 	 0.0030031 	 	 
5.45 	 0.00299773 	 	 
5.475 	 0.00299224 	 	 
5.5 	 0.00298664 	 	 
5.525 	 0.00298092 	 	 
5.55 	 0.00297507 	 	 
5.575 	 0.0029691 	 	 
5.6 	 0.002963 	 	 
5.625 	 0.00295677 	 	 
5.65 	 0.00295042 	 	 
5.675 	 0.00294393 	 	 
5.7 	 0.00293731 	 	 
5.725 	 0.00293055 	 	 
5.75 	 0.00292365 	 	 
5.775 	 0.00291661 	 	 
5.8 	 0.00290942 	 	 
5.825 	 0.0029021 	 	 
5.85 	 0.00289462 	 	 
5.875 	 0.002887 	 	 
5.9 	 0.00287922 	 	 
5.925 	 0.00287129 	 	 
5.95 	 0.0028632 	 	 
5.975 	 0.00285496 	 	 
6 	 0.00284656 	 	 
6.025 	 0.00283799 	 	 
6.05 	 0.00282927 	 	 
6.075 	 0.00282037 	 	 
6.1 	 0.00281131 	 	 
6.125 	 0.00280208 	 	 
6.15 	 0.00279268 	 	 
6.175 	 0.00278311 	 	 
6.2 	 0.00277336 	 	 
6.225 	 0.00276344 	 	 
6.25 	 0.00275334 	 	 
6.275 	 0.00274306 	 	 
6.3 	 0.0027326 	 	 
6.325 	 0.00272195 	 	 
6.35 	 0.00271113 	 	 
6.375 	 0.00270011 	 	 
6.4 	 0.00268892 	 	 
6.425 	 0.00267753 	 	 
6.45 	 0.00266595 	 	 
6.475 	 0.00265419 	 	 
6.5 	 0.00264224 	 	 
6.525 	 0.00263009 	 	 
6.55 	 0.00261775 	 	 
6.575 	 0.00260522 	 	 
6.6 	 0.0025925 	 	 
6.625 	 0.00257958 	 	 
6.65 	 0.00256647 	 	 
6.675 	 0.00255316 	 	 
6.7 	 0.00253966 	 	 
6.725 	 0.00252596 	 	 
6.75 	 0.00251208 	 	 
6.775 	 0.00249799 	 	 
6.8 	 0.00248372 	 	 
6.825 	 0.00246925 	 	 
6.85 	 0.00245459 	 	 
6.875 	 0.00243973 	 	 
6.9 	 0.00242469 	 	 
6.925 	 0.00240946 	 	 
6.95 	 0.00239403 	 	 
6.975 	 0.00237843 	 	 
7 	 0.00236263 	 	 
7.025 	 0.00234666 	 	 
7.05 	 0.0023305 	 	 
7.075 	 0.00231416 	 	 
7.1 	 0.00229765 	 	 
7.125 	 0.00228095 	 	 
7.15 	 0.00226409 	 	 
7.175 	 0.00224706 	 	 
7.2 	 0.00222986 	 	 
7.225 	 0.00221249 	 	 
7.25 	 0.00219497 	 	 
7.275 	 0.00217729 	 	 
7.3 	 0.00215945 	 	 
7.325 	 0.00214146 	 	 
7.35 	 0.00212332 	 	 
7.375 	 0.00210505 	 	 
7.4 	 0.00208663 	 	 
7.425 	 0.00206808 	 	 
7.45 	 0.0020494 	 	 
7.475 	 0.00203059 	 	 
7.5 	 0.00201166 	 	 
7.525 	 0.00199262 	 	 
7.55 	 0.00197346 	 	 
7.575 	 0.0019542 	 	 
7.6 	 0.00193484 	 	 
7.625 	 0.00191538 	 	 
7.65 	 0.00189583 	 	 
7.675 	 0.0018762 	 	 
7.7 	 0.00185648 	 	 
7.725 	 0.0018367 	 	 
7.75 	 0.00181684 	 	 
7.775 	 0.00179692 	 	 
7.8 	 0.00177695 	 	 
7.825 	 0.00175693 	 	 
7.85 	 0.00173686 	 	 
7.875 	 0.00171676 	 	 
7.9 	 0.00169663 	 	 
7.925 	 0.00167647 	 	 
7.95 	 0.00165629 	 	 
7.975 	 0.0016361 	 	 
8 	 0.0016159 	 	 
8.025 	 0.0015957 	 	 
8.05 	 0.00157551 	 	 
8.075 	 0.00155533 	 	 
8.1 	 0.00153517 	 	 
8.125 	 0.00151504 	 	 
8.15 	 0.00149493 	 	 
8.175 	 0.00147487 	 	 
8.2 	 0.00145485 	 	 
8.225 	 0.00143487 	 	 
8.25 	 0.00141496 	 	 
8.275 	 0.0013951 	 	 
8.3 	 0.00137532 	 	 
8.325 	 0.0013556 	 	 
8.35 	 0.00133597 	 	 
8.375 	 0.00131642 	 	 
8.4 	 0.00129696 	 	 
8.425 	 0.0012776 	 	 
8.45 	 0.00125834 	 	 
8.475 	 0.00123918 	 	 
8.5 	 0.00122014 	 	 
8.525 	 0.00120121 	 	 
8.55 	 0.0011824 	 	 
8.575 	 0.00116372 	 	 
8.6 	 0.00114517 	 	 
8.625 	 0.00112675 	 	 
8.65 	 0.00110847 	 	 
8.675 	 0.00109034 	 	 
8.7 	 0.00107235 	 	 
8.725 	 0.00105451 	 	 
8.75 	 0.00103683 	 	 
8.775 	 0.0010193 	 	 
8.8 	 0.00100194 	 	 
8.825 	 0.00098474 	 	 
8.85 	 0.000967706 	 	 
8.875 	 0.000950843 	 	 
8.9 	 0.000934153 	 	 
8.925 	 0.000917637 	 	 
8.95 	 0.000901299 	 	 
8.975 	 0.000885141 	 	 
9 	 0.000869164 	 	 
9.025 	 0.000853371 	 	 
9.05 	 0.000837763 	 	 
9.075 	 0.000822342 	 	 
9.1 	 0.000807109 	 	 
9.125 	 0.000792065 	 	 
9.15 	 0.000777212 	 	 
9.175 	 0.00076255 	 	 
9.2 	 0.000748081 	 	 
9.225 	 0.000733805 	 	 
9.25 	 0.000719722 	 	 
9.275 	 0.000705833 	 	 
9.3 	 0.000692138 	 	 
9.325 	 0.000678638 	 	 
9.35 	 0.000665331 	 	 
9.375 	 0.00065222 	 	 
9.4 	 0.000639302 	 	 
9.425 	 0.000626578 	 	 
9.45 	 0.000614047 	 	 
9.475 	 0.000601708 	 	 
9.5 	 0.000589562 	 	 
9.525 	 0.000577608 	 	 
9.55 	 0.000565843 	 	 
9.575 	 0.000554269 	 	 
9.6 	 0.000542883 	 	 
9.625 	 0.000531684 	 	 
9.65 	 0.000520672 	 	 
9.675 	 0.000509844 	 	 
9.7 	 0.000499201 	 	 
9.725 	 0.000488739 	 	 
9.75 	 0.000478459 	 	 
9.775 	 0.000468357 	 	 
9.8 	 0.000458434 	 	 
9.825 	 0.000448687 	 	 
9.85 	 0.000439114 	 	 
9.875 	 0.000429714 	 	 
9.9 	 0.000420484 	 	 
9.925 	 0.000411424 	 	 
9.95 	 0.000402531 	 	 
9.975 	 0.000393804 	 	 
10 	 0.00038524 	 	 
10.025 	 0.000376837 	 	 
10.05 	 0.000368594 	 	 
10.075 	 0.000360509 	 	 
10.1 	 0.000352579 	 	 
10.125 	 0.000344802 	 	 
10.15 	 0.000337177 	 	 
10.175 	 0.000329702 	 	 
10.2 	 0.000322373 	 	 
10.225 	 0.00031519 	 	 
10.25 	 0.00030815 	 	 
10.275 	 0.000301251 	 	 
10.3 	 0.000294491 	 	 
10.325 	 0.000287868 	 	 
10.35 	 0.000281379 	 	 
10.375 	 0.000275023 	 	 
10.4 	 0.000268797 	 	 
10.425 	 0.0002627 	 	 
10.45 	 0.000256729 	 	 
10.475 	 0.000250883 	 	 
10.5 	 0.000245158 	 	 
10.525 	 0.000239554 	 	 
10.55 	 0.000234068 	 	 
10.575 	 0.000228698 	 	 
10.6 	 0.000223441 	 	 
10.625 	 0.000218297 	 	 
10.65 	 0.000213263 	 	 
10.675 	 0.000208337 	 	 
10.7 	 0.000203517 	 	 
10.725 	 0.000198801 	 	 
10.75 	 0.000194188 	 	 
10.775 	 0.000189675 	 	 
10.8 	 0.00018526 	 	 
10.825 	 0.000180942 	 	 
10.85 	 0.000176719 	 	 
10.875 	 0.000172589 	 	 
10.9 	 0.00016855 	 	 
10.925 	 0.0001646 	 	 
10.95 	 0.000160738 	 	 
10.975 	 0.000156962 	 	 
11 	 0.000153271 	 	 
11.025 	 0.000149662 	 	 
11.05 	 0.000146134 	 	 
11.075 	 0.000142685 	 	 
11.1 	 0.000139314 	 	 
11.125 	 0.000136019 	 	 
11.15 	 0.000132799 	 	 
11.175 	 0.000129651 	 	 
11.2 	 0.000126576 	 	 
11.225 	 0.00012357 	 	 
11.25 	 0.000120633 	 	 
11.275 	 0.000117763 	 	 
11.3 	 0.000114959 	 	 
11.325 	 0.000112219 	 	 
11.35 	 0.000109542 	 	 
11.375 	 0.000106927 	 	 
11.4 	 0.000104372 	 	 
11.425 	 0.000101877 	 	 
11.45 	 9.94387e-05 	 	 
11.475 	 9.70573e-05 	 	 
11.5 	 9.47312e-05 	 	 
11.525 	 9.24592e-05 	 	 
11.55 	 9.02401e-05 	 	 
11.575 	 8.80728e-05 	 	 
11.6 	 8.59561e-05 	 	 
11.625 	 8.38889e-05 	 	 
11.65 	 8.18702e-05 	 	 
11.675 	 7.98988e-05 	 	 
11.7 	 7.79737e-05 	 	 
11.725 	 7.60938e-05 	 	 
11.75 	 7.42582e-05 	 	 
11.775 	 7.24659e-05 	 	 
11.8 	 7.07158e-05 	 	 
11.825 	 6.90071e-05 	 	 
11.85 	 6.73389e-05 	 	 
11.875 	 6.57101e-05 	 	 
11.9 	 6.41199e-05 	 	 
11.925 	 6.25674e-05 	 	 
11.95 	 6.10518e-05 	 	 
11.975 	 5.95722e-05 	 	 
12 	 5.81278e-05 	 	 
12.025 	 5.67178e-05 	 	 
12.05 	 5.53414e-05 	 	 
12.075 	 5.39979e-05 	 	 
12.1 	 5.26864e-05 	 	 
12.125 	 5.14062e-05 	 	 
12.15 	 5.01567e-05 	 	 
12.175 	 4.89371e-05 	 	 
12.2 	 4.77467e-05 	 	 
12.225 	 4.65848e-05 	 	 
12.25 	 4.54508e-05 	 	 
12.275 	 4.4344e-05 	 	 
12.3 	 4.32638e-05 	 	 
12.325 	 4.22096e-05 	 	 
12.35 	 4.11807e-05 	 	 
12.375 	 4.01766e-05 	 	 
12.4 	 3.91966e-05 	 	 
12.425 	 3.82403e-05 	 	 
12.45 	 3.73071e-05 	 	 
12.475 	 3.63963e-05 	 	 
12.5 	 3.55076e-05 	 	 
12.525 	 3.46403e-05 	 	 
12.55 	 3.3794e-05 	 	 
12.575 	 3.29681e-05 	 	 
12.6 	 3.21622e-05 	 	 
12.625 	 3.13758e-05 	 	 
12.65 	 3.06085e-05 	 	 
12.675 	 2.98598e-05 	 	 
12.7 	 2.91292e-05 	 	 
12.725 	 2.84163e-05 	 	 
12.75 	 2.77207e-05 	 	 
12.775 	 2.7042e-05 	 	 
12.8 	 2.63798e-05 	 	 
12.825 	 2.57336e-05 	 	 
12.85 	 2.51032e-05 	 	 
12.875 	 2.44881e-05 	 	 
12.9 	 2.3888e-05 	 	 
12.925 	 2.33024e-05 	 	 
12.95 	 2.27311e-05 	 	 
12.975 	 2.21737e-05 	 	 
13 	 2.16299e-05 	 	 
13.025 	 2.10994e-05 	 	 
13.05 	 2.05818e-05 	 	 
13.075 	 2.00767e-05 	 	 
13.1 	 1.95841e-05 	 	 
13.125 	 1.91034e-05 	 	 
13.15 	 1.86344e-05 	 	 
13.175 	 1.81769e-05 	 	 
13.2 	 1.77306e-05 	 	 
13.225 	 1.72952e-05 	 	 
13.25 	 1.68704e-05 	 	 
13.275 	 1.6456e-05 	 	 
13.3 	 1.60517e-05 	 	 
13.325 	 1.56573e-05 	 	 
13.35 	 1.52725e-05 	 	 
13.375 	 1.48972e-05 	 	 
13.4 	 1.4531e-05 	 	 
13.425 	 1.41738e-05 	 	 
13.45 	 1.38254e-05 	 	 
13.475 	 1.34855e-05 	 	 
13.5 	 1.31539e-05 	 	 
13.525 	 1.28304e-05 	 	 
13.55 	 1.25148e-05 	 	 
13.575 	 1.2207e-05 	 	 
13.6 	 1.19067e-05 	 	 
13.625 	 1.16138e-05 	 	 
13.65 	 1.13281e-05 	 	 
13.675 	 1.10493e-05 	 	 
13.7 	 1.07774e-05 	 	 
13.725 	 1.05122e-05 	 	 
13.75 	 1.02535e-05 	 	 
13.775 	 1.00011e-05 	 	 
13.8 	 9.75491e-06 	 	 
13.825 	 9.51477e-06 	 	 
13.85 	 9.28052e-06 	 	 
13.875 	 9.05203e-06 	 	 
13.9 	 8.82914e-06 	 	 
13.925 	 8.61173e-06 	 	 
13.95 	 8.39966e-06 	 	 
13.975 	 8.1928e-06 	 	 
14 	 7.99102e-06 	 	 
14.025 	 7.79419e-06 	 	 
14.05 	 7.60221e-06 	 	 
14.075 	 7.41494e-06 	 	 
14.1 	 7.23227e-06 	 	 
14.125 	 7.0541e-06 	 	 
14.15 	 6.8803e-06 	 	 
14.175 	 6.71078e-06 	 	 
14.2 	 6.54543e-06 	 	 
14.225 	 6.38414e-06 	 	 
14.25 	 6.22682e-06 	 	 
14.275 	 6.07337e-06 	 	 
14.3 	 5.92369e-06 	 	 
14.325 	 5.77769e-06 	 	 
14.35 	 5.63529e-06 	 	 
14.375 	 5.49639e-06 	 	 
14.4 	 5.36091e-06 	 	 
14.425 	 5.22876e-06 	 	 
14.45 	 5.09987e-06 	 	 
14.475 	 4.97415e-06 	 	 
14.5 	 4.85152e-06 	 	 
14.525 	 4.73191e-06 	 	 
14.55 	 4.61524e-06 	 	 
14.575 	 4.50145e-06 	 	 
14.6 	 4.39046e-06 	 	 
14.625 	 4.2822e-06 	 	 
14.65 	 4.17661e-06 	 	 
14.675 	 4.07362e-06 	 	 
14.7 	 3.97317e-06 	 	 
14.725 	 3.87519e-06 	 	 
14.75 	 3.77962e-06 	 	 
14.775 	 3.68641e-06 	 	 
14.8 	 3.59549e-06 	 	 
14.825 	 3.50681e-06 	 	 
14.85 	 3.42032e-06 	 	 
14.875 	 3.33596e-06 	 	 
14.9 	 3.25368e-06 	 	 
14.925 	 3.17342e-06 	 	 
14.95 	 3.09515e-06 	 	 
14.975 	 3.0188e-06 	 	 
15 	 2.94433e-06 	 	 
15.025 	 2.8717e-06 	 	 
15.05 	 2.80086e-06 	 	 
15.075 	 2.73177e-06 	 	 
15.1 	 2.66437e-06 	 	 
15.125 	 2.59864e-06 	 	 
15.15 	 2.53453e-06 	 	 
15.175 	 2.472e-06 	 	 
15.2 	 2.41101e-06 	 	 
15.225 	 2.35153e-06 	 	 
15.25 	 2.29351e-06 	 	 
15.275 	 2.23692e-06 	 	 
15.3 	 2.18173e-06 	 	 
15.325 	 2.1279e-06 	 	 
15.35 	 2.07539e-06 	 	 
15.375 	 2.02419e-06 	 	 
15.4 	 1.97424e-06 	 	 
15.425 	 1.92552e-06 	 	 
15.45 	 1.87801e-06 	 	 
15.475 	 1.83167e-06 	 	 
15.5 	 1.78647e-06 	 	 
15.525 	 1.74238e-06 	 	 
15.55 	 1.69939e-06 	 	 
15.575 	 1.65745e-06 	 	 
15.6 	 1.61655e-06 	 	 
15.625 	 1.57666e-06 	 	 
15.65 	 1.53775e-06 	 	 
15.675 	 1.4998e-06 	 	 
15.7 	 1.46278e-06 	 	 
15.725 	 1.42668e-06 	 	 
15.75 	 1.39147e-06 	 	 
15.775 	 1.35713e-06 	 	 
15.8 	 1.32364e-06 	 	 
15.825 	 1.29097e-06 	 	 
15.85 	 1.25911e-06 	 	 
15.875 	 1.22803e-06 	 	 
15.9 	 1.19772e-06 	 	 
15.925 	 1.16816e-06 	 	 
15.95 	 1.13933e-06 	 	 
15.975 	 1.11121e-06 	 	 
16 	 1.08378e-06 	 	 
16.025 	 1.05703e-06 	 	 
16.05 	 1.03094e-06 	 	 
16.075 	 1.0055e-06 	 	 
16.1 	 9.80679e-07 	 	 
16.125 	 9.56474e-07 	 	 
16.15 	 9.32865e-07 	 	 
16.175 	 9.09839e-07 	 	 
16.2 	 8.87381e-07 	 	 
16.225 	 8.65477e-07 	 	 
16.25 	 8.44114e-07 	 	 
16.275 	 8.23278e-07 	 	 
16.3 	 8.02957e-07 	 	 
16.325 	 7.83136e-07 	 	 
16.35 	 7.63805e-07 	 	 
16.375 	 7.44951e-07 	 	 
16.4 	 7.26562e-07 	 	 
16.425 	 7.08627e-07 	 	 
16.45 	 6.91135e-07 	 	 
16.475 	 6.74074e-07 	 	 
16.5 	 6.57435e-07 	 	 
16.525 	 6.41206e-07 	 	 
16.55 	 6.25378e-07 	 	 
16.575 	 6.0994e-07 	 	 
16.6 	 5.94883e-07 	 	 
16.625 	 5.80198e-07 	 	 
16.65 	 5.65875e-07 	 	 
16.675 	 5.51906e-07 	 	 
16.7 	 5.38282e-07 	 	 
16.725 	 5.24994e-07 	 	 
16.75 	 5.12034e-07 	 	 
16.775 	 4.99394e-07 	 	 
16.8 	 4.87065e-07 	 	 
16.825 	 4.75041e-07 	 	 
16.85 	 4.63314e-07 	 	 
16.875 	 4.51877e-07 	 	 
16.9 	 4.40721e-07 	 	 
16.925 	 4.29841e-07 	 	 
16.95 	 4.1923e-07 	 	 
16.975 	 4.0888e-07 	 	 
17 	 3.98786e-07 	 	 
17.025 	 3.88941e-07 	 	 
17.05 	 3.7934e-07 	 	 
17.075 	 3.69975e-07 	 	 
17.1 	 3.60841e-07 	 	 
17.125 	 3.51933e-07 	 	 
17.15 	 3.43244e-07 	 	 
17.175 	 3.34771e-07 	 	 
17.2 	 3.26506e-07 	 	 
17.225 	 3.18445e-07 	 	 
17.25 	 3.10584e-07 	 	 
17.275 	 3.02916e-07 	 	 
17.3 	 2.95438e-07 	 	 
17.325 	 2.88144e-07 	 	 
17.35 	 2.8103e-07 	 	 
17.375 	 2.74092e-07 	 	 
17.4 	 2.67325e-07 	 	 
17.425 	 2.60726e-07 	 	 
17.45 	 2.54289e-07 	 	 
17.475 	 2.48011e-07 	 	 
17.5 	 2.41888e-07 	 	 
17.525 	 2.35916e-07 	 	 
17.55 	 2.30092e-07 	 	 
17.575 	 2.24411e-07 	 	 
17.6 	 2.18871e-07 	 	 
17.625 	 2.13467e-07 	 	 
17.65 	 2.08197e-07 	 	 
17.675 	 2.03057e-07 	 	 
17.7 	 1.98044e-07 	 	 
17.725 	 1.93154e-07 	 	 
17.75 	 1.88386e-07 	 	 
17.775 	 1.83735e-07 	 	 
17.8 	 1.79198e-07 	 	 
17.825 	 1.74774e-07 	 	 
17.85 	 1.70459e-07 	 	 
17.875 	 1.66251e-07 	 	 
17.9 	 1.62146e-07 	 	 
17.925 	 1.58143e-07 	 	 
17.95 	 1.54239e-07 	 	 
17.975 	 1.50431e-07 	 	 
18 	 1.46717e-07 	 	 
18.025 	 1.43094e-07 	 	 
18.05 	 1.39562e-07 	 	 
18.075 	 1.36116e-07 	 	 
18.1 	 1.32755e-07 	 	 
18.125 	 1.29478e-07 	 	 
18.15 	 1.26281e-07 	 	 
18.175 	 1.23163e-07 	 	 
18.2 	 1.20122e-07 	 	 
18.225 	 1.17157e-07 	 	 
18.25 	 1.14264e-07 	 	 
18.275 	 1.11443e-07 	 	 
18.3 	 1.08692e-07 	 	 
18.325 	 1.06008e-07 	 	 
18.35 	 1.03391e-07 	 	 
18.375 	 1.00838e-07 	 	 
18.4 	 9.83486e-08 	 	 
18.425 	 9.59205e-08 	 	 
18.45 	 9.35523e-08 	 	 
18.475 	 9.12425e-08 	 	 
18.5 	 8.89898e-08 	 	 
18.525 	 8.67927e-08 	 	 
18.55 	 8.46498e-08 	 	 
18.575 	 8.25599e-08 	 	 
18.6 	 8.05215e-08 	 	 
18.625 	 7.85335e-08 	 	 
18.65 	 7.65945e-08 	 	 
18.675 	 7.47034e-08 	 	 
18.7 	 7.2859e-08 	 	 
18.725 	 7.10602e-08 	 	 
18.75 	 6.93057e-08 	 	 
18.775 	 6.75946e-08 	 	 
18.8 	 6.59257e-08 	 	 
18.825 	 6.4298e-08 	 	 
18.85 	 6.27106e-08 	 	 
18.875 	 6.11623e-08 	 	 
18.9 	 5.96522e-08 	 	 
18.925 	 5.81794e-08 	 	 
18.95 	 5.6743e-08 	 	 
18.975 	 5.5342e-08 	 	 
19 	 5.39756e-08 	 	 
19.025 	 5.2643e-08 	 	 
19.05 	 5.13432e-08 	 	 
19.075 	 5.00756e-08 	 	 
19.1 	 4.88392e-08 	 	 
19.125 	 4.76334e-08 	 	 
19.15 	 4.64574e-08 	 	 
19.175 	 4.53103e-08 	 	 
19.2 	 4.41916e-08 	 	 
19.225 	 4.31006e-08 	 	 
19.25 	 4.20364e-08 	 	 
19.275 	 4.09985e-08 	 	 
19.3 	 3.99863e-08 	 	 
19.325 	 3.8999e-08 	 	 
19.35 	 3.80362e-08 	 	 
19.375 	 3.70971e-08 	 	 
19.4 	 3.61811e-08 	 	 
19.425 	 3.52878e-08 	 	 
19.45 	 3.44166e-08 	 	 
19.475 	 3.35668e-08 	 	 
19.5 	 3.27381e-08 	 	 
19.525 	 3.19298e-08 	 	 
19.55 	 3.11414e-08 	 	 
19.575 	 3.03726e-08 	 	 
19.6 	 2.96227e-08 	 	 
19.625 	 2.88913e-08 	 	 
19.65 	 2.8178e-08 	 	 
19.675 	 2.74823e-08 	 	 
19.7 	 2.68037e-08 	 	 
19.725 	 2.61419e-08 	 	 
19.75 	 2.54965e-08 	 	 
19.775 	 2.4867e-08 	 	 
19.8 	 2.4253e-08 	 	 
19.825 	 2.36542e-08 	 	 
19.85 	 2.30702e-08 	 	 
19.875 	 2.25006e-08 	 	 
19.9 	 2.19451e-08 	 	 
19.925 	 2.14032e-08 	 	 
19.95 	 2.08748e-08 	 	 
19.975 	 2.03594e-08 	 	 
20 	 1.98567e-08 	 	 
20.025 	 1.93665e-08 	 	 
20.05 	 1.88883e-08 	 	 
20.075 	 1.8422e-08 	 	 
20.1 	 1.79671e-08 	 	 
20.125 	 1.75235e-08 	 	 
20.15 	 1.70909e-08 	 	 
20.175 	 1.66689e-08 	 	 
20.2 	 1.62573e-08 	 	 
20.225 	 1.58559e-08 	 	 
20.25 	 1.54645e-08 	 	 
20.275 	 1.50826e-08 	 	 
20.3 	 1.47103e-08 	 	 
20.325 	 1.43471e-08 	 	 
20.35 	 1.39928e-08 	 	 
20.375 	 1.36473e-08 	 	 
20.4 	 1.33104e-08 	 	 
20.425 	 1.29818e-08 	 	 
20.45 	 1.26612e-08 	 	 
20.475 	 1.23486e-08 	 	 
20.5 	 1.20437e-08 	 	 
20.525 	 1.17464e-08 	 	 
20.55 	 1.14564e-08 	 	 
20.575 	 1.11735e-08 	 	 
20.6 	 1.08976e-08 	 	 
20.625 	 1.06286e-08 	 	 
20.65 	 1.03662e-08 	 	 
20.675 	 1.01102e-08 	 	 
20.7 	 9.86059e-09 	 	 
20.725 	 9.61713e-09 	 	 
20.75 	 9.37969e-09 	 	 
20.775 	 9.1481e-09 	 	 
20.8 	 8.92223e-09 	 	 
20.825 	 8.70194e-09 	 	 
20.85 	 8.48709e-09 	 	 
20.875 	 8.27755e-09 	 	 
20.9 	 8.07317e-09 	 	 
20.925 	 7.87385e-09 	 	 
20.95 	 7.67944e-09 	 	 
20.975 	 7.48984e-09 	 	 
21 	 7.30491e-09 	 	 
21.025 	 7.12455e-09 	 	 
21.05 	 6.94865e-09 	 	 
21.075 	 6.77708e-09 	 	 
21.1 	 6.60976e-09 	 	 
21.125 	 6.44656e-09 	 	 
21.15 	 6.2874e-09 	 	 
21.175 	 6.13216e-09 	 	 
21.2 	 5.98076e-09 	 	 
21.225 	 5.83309e-09 	 	 
21.25 	 5.68907e-09 	 	 
21.275 	 5.54861e-09 	 	 
21.3 	 5.41161e-09 	 	 
21.325 	 5.278e-09 	 	 
21.35 	 5.14769e-09 	 	 
21.375 	 5.02059e-09 	 	 
21.4 	 4.89663e-09 	 	 
21.425 	 4.77573e-09 	 	 
21.45 	 4.65782e-09 	 	 
21.475 	 4.54282e-09 	 	 
21.5 	 4.43066e-09 	 	 
21.525 	 4.32126e-09 	 	 
21.55 	 4.21457e-09 	 	 
21.575 	 4.11051e-09 	 	 
21.6 	 4.00902e-09 	 	 
21.625 	 3.91004e-09 	 	 
21.65 	 3.8135e-09 	 	 
21.675 	 3.71935e-09 	 	 
21.7 	 3.62752e-09 	 	 
21.725 	 3.53795e-09 	 	 
21.75 	 3.4506e-09 	 	 
21.775 	 3.3654e-09 	 	 
21.8 	 3.28231e-09 	 	 
21.825 	 3.20127e-09 	 	 
21.85 	 3.12223e-09 	 	 
21.875 	 3.04514e-09 	 	 
21.9 	 2.96996e-09 	 	 
21.925 	 2.89663e-09 	 	 
21.95 	 2.82511e-09 	 	 
21.975 	 2.75536e-09 	 	 
22 	 2.68733e-09 	 	 
22.025 	 2.62098e-09 	 	 
22.05 	 2.55627e-09 	 	 
22.075 	 2.49315e-09 	 	 
22.1 	 2.4316e-09 	 	 
22.125 	 2.37156e-09 	 	 
22.15 	 2.31301e-09 	 	 
22.175 	 2.2559e-09 	 	 
22.2 	 2.2002e-09 	 	 
22.225 	 2.14588e-09 	 	 
22.25 	 2.0929e-09 	 	 
22.275 	 2.04122e-09 	 	 
22.3 	 1.99082e-09 	 	 
22.325 	 1.94167e-09 	 	 
22.35 	 1.89373e-09 	 	 
22.375 	 1.84697e-09 	 	 
22.4 	 1.80137e-09 	 	 
22.425 	 1.7569e-09 	 	 
22.45 	 1.71352e-09 	 	 
22.475 	 1.67121e-09 	 	 
22.5 	 1.62995e-09 	 	 
22.525 	 1.58971e-09 	 	 
22.55 	 1.55046e-09 	 	 
22.575 	 1.51217e-09 	 	 
22.6 	 1.47484e-09 	 	 
22.625 	 1.43842e-09 	 	 
22.65 	 1.40291e-09 	 	 
22.675 	 1.36827e-09 	 	 
22.7 	 1.33449e-09 	 	 
22.725 	 1.30154e-09 	 	 
22.75 	 1.26941e-09 	 	 
22.775 	 1.23806e-09 	 	 
22.8 	 1.2075e-09 	 	 
22.825 	 1.17768e-09 	 	 
22.85 	 1.14861e-09 	 	 
22.875 	 1.12025e-09 	 	 
22.9 	 1.09259e-09 	 	 
22.925 	 1.06561e-09 	 	 
22.95 	 1.0393e-09 	 	 
22.975 	 1.01364e-09 	 	 
23 	 9.88614e-10 	 	 
23.025 	 9.64205e-10 	 	 
23.05 	 9.40399e-10 	 	 
23.075 	 9.1718e-10 	 	 
23.1 	 8.94535e-10 	 	 
23.125 	 8.72449e-10 	 	 
23.15 	 8.50908e-10 	 	 
23.175 	 8.29899e-10 	 	 
23.2 	 8.09409e-10 	 	 
23.225 	 7.89424e-10 	 	 
23.25 	 7.69934e-10 	 	 
23.275 	 7.50924e-10 	 	 
23.3 	 7.32383e-10 	 	 
23.325 	 7.14301e-10 	 	 
23.35 	 6.96665e-10 	 	 
23.375 	 6.79464e-10 	 	 
23.4 	 6.62688e-10 	 	 
23.425 	 6.46326e-10 	 	 
23.45 	 6.30368e-10 	 	 
23.475 	 6.14804e-10 	 	 
23.5 	 5.99625e-10 	 	 
23.525 	 5.8482e-10 	 	 
23.55 	 5.70381e-10 	 	 
23.575 	 5.56298e-10 	 	 
23.6 	 5.42563e-10 	 	 
23.625 	 5.29167e-10 	 	 
23.65 	 5.16102e-10 	 	 
23.675 	 5.03359e-10 	 	 
23.7 	 4.90931e-10 	 	 
23.725 	 4.7881e-10 	 	 
23.75 	 4.66988e-10 	 	 
23.775 	 4.55458e-10 	 	 
23.8 	 4.44213e-10 	 	 
23.825 	 4.33245e-10 	 	 
23.85 	 4.22549e-10 	 	 
23.875 	 4.12116e-10 	 	 
23.9 	 4.01941e-10 	 	 
23.925 	 3.92017e-10 	 	 
23.95 	 3.82338e-10 	 	 
23.975 	 3.72898e-10 	 	 
24 	 3.63691e-10 	 	 
24.025 	 3.54711e-10 	 	 
24.05 	 3.45953e-10 	 	 
24.075 	 3.37412e-10 	 	 
24.1 	 3.29081e-10 	 	 
24.125 	 3.20956e-10 	 	 
24.15 	 3.13032e-10 	 	 
24.175 	 3.05303e-10 	 	 
24.2 	 2.97765e-10 	 	 
24.225 	 2.90413e-10 	 	 
24.25 	 2.83243e-10 	 	 
24.275 	 2.76249e-10 	 	 
24.3 	 2.69429e-10 	 	 
24.325 	 2.62777e-10 	 	 
24.35 	 2.56289e-10 	 	 
24.375 	 2.49961e-10 	 	 
24.4 	 2.43789e-10 	 	 
24.425 	 2.3777e-10 	 	 
24.45 	 2.319e-10 	 	 
24.475 	 2.26174e-10 	 	 
24.5 	 2.2059e-10 	 	 
24.525 	 2.15143e-10 	 	 
24.55 	 2.09831e-10 	 	 
24.575 	 2.04651e-10 	 	 
24.6 	 1.99598e-10 	 	 
24.625 	 1.9467e-10 	 	 
24.65 	 1.89863e-10 	 	 
24.675 	 1.85176e-10 	 	 
24.7 	 1.80604e-10 	 	 
24.725 	 1.76144e-10 	 	 
24.75 	 1.71795e-10 	 	 
24.775 	 1.67554e-10 	 	 
24.8 	 1.63417e-10 	 	 
24.825 	 1.59382e-10 	 	 
24.85 	 1.55447e-10 	 	 
24.875 	 1.51609e-10 	 	 
24.9 	 1.47866e-10 	 	 
24.925 	 1.44215e-10 	 	 
24.95 	 1.40654e-10 	 	 
24.975 	 1.37181e-10 	 	 
