0 	 0.00342269 	 	 
0.025 	 0.00342269 	 	 
0.05 	 0.00342269 	 	 
0.075 	 0.00342269 	 	 
0.1 	 0.00342268 	 	 
0.125 	 0.00342268 	 	 
0.15 	 0.00342268 	 	 
0.175 	 0.00342268 	 	 
0.2 	 0.00342267 	 	 
0.225 	 0.00342267 	 	 
0.25 	 0.00342267 	 	 
0.275 	 0.00342266 	 	 
0.3 	 0.00342266 	 	 
0.325 	 0.00342266 	 	 
0.35 	 0.00342265 	 	 
0.375 	 0.00342265 	 	 
0.4 	 0.00342265 	 	 
0.425 	 0.00342264 	 	 
0.45 	 0.00342264 	 	 
0.475 	 0.00342264 	 	 
0.5 	 0.00342263 	 	 
0.525 	 0.00342263 	 	 
0.55 	 0.00342262 	 	 
0.575 	 0.00342262 	 	 
0.6 	 0.00342262 	 	 
0.625 	 0.00342261 	 	 
0.65 	 0.00342261 	 	 
0.675 	 0.0034226 	 	 
0.7 	 0.0034226 	 	 
0.725 	 0.00342259 	 	 
0.75 	 0.00342259 	 	 
0.775 	 0.00342258 	 	 
0.8 	 0.00342258 	 	 
0.825 	 0.00342257 	 	 
0.85 	 0.00342257 	 	 
0.875 	 0.00342256 	 	 
0.9 	 0.00342256 	 	 
0.925 	 0.00342255 	 	 
0.95 	 0.00342254 	 	 
0.975 	 0.00342254 	 	 
1 	 0.00342253 	 	 
1.025 	 0.00342252 	 	 
1.05 	 0.00342252 	 	 
1.075 	 0.00342251 	 	 
1.1 	 0.0034225 	 	 
1.125 	 0.0034225 	 	 
1.15 	 0.00342249 	 	 
1.175 	 0.00342248 	 	 
1.2 	 0.00342247 	 	 
1.225 	 0.00342246 	 	 
1.25 	 0.00342246 	 	 
1.275 	 0.00342245 	 	 
1.3 	 0.00342244 	 	 
1.325 	 0.00342243 	 	 
1.35 	 0.00342242 	 	 
1.375 	 0.00342241 	 	 
1.4 	 0.0034224 	 	 
1.425 	 0.00342239 	 	 
1.45 	 0.00342238 	 	 
1.475 	 0.00342237 	 	 
1.5 	 0.00342236 	 	 
1.525 	 0.00342235 	 	 
1.55 	 0.00342234 	 	 
1.575 	 0.00342233 	 	 
1.6 	 0.00342232 	 	 
1.625 	 0.0034223 	 	 
1.65 	 0.00342229 	 	 
1.675 	 0.00342228 	 	 
1.7 	 0.00342227 	 	 
1.725 	 0.00342225 	 	 
1.75 	 0.00342224 	 	 
1.775 	 0.00342223 	 	 
1.8 	 0.00342221 	 	 
1.825 	 0.0034222 	 	 
1.85 	 0.00342218 	 	 
1.875 	 0.00342217 	 	 
1.9 	 0.00342215 	 	 
1.925 	 0.00342213 	 	 
1.95 	 0.00342212 	 	 
1.975 	 0.0034221 	 	 
2 	 0.00342208 	 	 
2.025 	 0.00342206 	 	 
2.05 	 0.00342205 	 	 
2.075 	 0.00342203 	 	 
2.1 	 0.00342201 	 	 
2.125 	 0.00342199 	 	 
2.15 	 0.00342197 	 	 
2.175 	 0.00342195 	 	 
2.2 	 0.00342193 	 	 
2.225 	 0.0034219 	 	 
2.25 	 0.00342188 	 	 
2.275 	 0.00342186 	 	 
2.3 	 0.00342183 	 	 
2.325 	 0.00342181 	 	 
2.35 	 0.00342179 	 	 
2.375 	 0.00342176 	 	 
2.4 	 0.00342173 	 	 
2.425 	 0.00342171 	 	 
2.45 	 0.00342168 	 	 
2.475 	 0.00342165 	 	 
2.5 	 0.00342162 	 	 
2.525 	 0.00342159 	 	 
2.55 	 0.00342156 	 	 
2.575 	 0.00342153 	 	 
2.6 	 0.0034215 	 	 
2.625 	 0.00342147 	 	 
2.65 	 0.00342143 	 	 
2.675 	 0.0034214 	 	 
2.7 	 0.00342136 	 	 
2.725 	 0.00342133 	 	 
2.75 	 0.00342129 	 	 
2.775 	 0.00342125 	 	 
2.8 	 0.00342122 	 	 
2.825 	 0.00342118 	 	 
2.85 	 0.00342113 	 	 
2.875 	 0.00342109 	 	 
2.9 	 0.00342105 	 	 
2.925 	 0.00342101 	 	 
2.95 	 0.00342096 	 	 
2.975 	 0.00342091 	 	 
3 	 0.00342087 	 	 
3.025 	 0.00342082 	 	 
3.05 	 0.00342077 	 	 
3.075 	 0.00342072 	 	 
3.1 	 0.00342066 	 	 
3.125 	 0.00342061 	 	 
3.15 	 0.00342056 	 	 
3.175 	 0.0034205 	 	 
3.2 	 0.00342044 	 	 
3.225 	 0.00342038 	 	 
3.25 	 0.00342032 	 	 
3.275 	 0.00342026 	 	 
3.3 	 0.00342019 	 	 
3.325 	 0.00342013 	 	 
3.35 	 0.00342006 	 	 
3.375 	 0.00341999 	 	 
3.4 	 0.00341992 	 	 
3.425 	 0.00341985 	 	 
3.45 	 0.00341977 	 	 
3.475 	 0.0034197 	 	 
3.5 	 0.00341962 	 	 
3.525 	 0.00341954 	 	 
3.55 	 0.00341946 	 	 
3.575 	 0.00341937 	 	 
3.6 	 0.00341929 	 	 
3.625 	 0.0034192 	 	 
3.65 	 0.00341911 	 	 
3.675 	 0.00341901 	 	 
3.7 	 0.00341892 	 	 
3.725 	 0.00341882 	 	 
3.75 	 0.00341872 	 	 
3.775 	 0.00341862 	 	 
3.8 	 0.00341851 	 	 
3.825 	 0.0034184 	 	 
3.85 	 0.00341829 	 	 
3.875 	 0.00341818 	 	 
3.9 	 0.00341806 	 	 
3.925 	 0.00341794 	 	 
3.95 	 0.00341782 	 	 
3.975 	 0.00341769 	 	 
4 	 0.00341756 	 	 
4.025 	 0.00341743 	 	 
4.05 	 0.0034173 	 	 
4.075 	 0.00341716 	 	 
4.1 	 0.00341702 	 	 
4.125 	 0.00341687 	 	 
4.15 	 0.00341672 	 	 
4.175 	 0.00341657 	 	 
4.2 	 0.00341641 	 	 
4.225 	 0.00341625 	 	 
4.25 	 0.00341608 	 	 
4.275 	 0.00341591 	 	 
4.3 	 0.00341574 	 	 
4.325 	 0.00341556 	 	 
4.35 	 0.00341538 	 	 
4.375 	 0.00341519 	 	 
4.4 	 0.003415 	 	 
4.425 	 0.0034148 	 	 
4.45 	 0.0034146 	 	 
4.475 	 0.00341439 	 	 
4.5 	 0.00341418 	 	 
4.525 	 0.00341397 	 	 
4.55 	 0.00341374 	 	 
4.575 	 0.00341351 	 	 
4.6 	 0.00341328 	 	 
4.625 	 0.00341304 	 	 
4.65 	 0.00341279 	 	 
4.675 	 0.00341254 	 	 
4.7 	 0.00341228 	 	 
4.725 	 0.00341202 	 	 
4.75 	 0.00341175 	 	 
4.775 	 0.00341147 	 	 
4.8 	 0.00341118 	 	 
4.825 	 0.00341089 	 	 
4.85 	 0.00341059 	 	 
4.875 	 0.00341028 	 	 
4.9 	 0.00340996 	 	 
4.925 	 0.00340964 	 	 
4.95 	 0.00340931 	 	 
4.975 	 0.00340897 	 	 
5 	 0.00340862 	 	 
5.025 	 0.00340826 	 	 
5.05 	 0.0034079 	 	 
5.075 	 0.00340752 	 	 
5.1 	 0.00340714 	 	 
5.125 	 0.00340674 	 	 
5.15 	 0.00340634 	 	 
5.175 	 0.00340592 	 	 
5.2 	 0.0034055 	 	 
5.225 	 0.00340506 	 	 
5.25 	 0.00340462 	 	 
5.275 	 0.00340416 	 	 
5.3 	 0.00340369 	 	 
5.325 	 0.00340321 	 	 
5.35 	 0.00340272 	 	 
5.375 	 0.00340221 	 	 
5.4 	 0.0034017 	 	 
5.425 	 0.00340116 	 	 
5.45 	 0.00340062 	 	 
5.475 	 0.00340006 	 	 
5.5 	 0.00339949 	 	 
5.525 	 0.00339891 	 	 
5.55 	 0.00339831 	 	 
5.575 	 0.00339769 	 	 
5.6 	 0.00339706 	 	 
5.625 	 0.00339641 	 	 
5.65 	 0.00339575 	 	 
5.675 	 0.00339507 	 	 
5.7 	 0.00339438 	 	 
5.725 	 0.00339366 	 	 
5.75 	 0.00339293 	 	 
5.775 	 0.00339218 	 	 
5.8 	 0.00339142 	 	 
5.825 	 0.00339063 	 	 
5.85 	 0.00338982 	 	 
5.875 	 0.003389 	 	 
5.9 	 0.00338815 	 	 
5.925 	 0.00338728 	 	 
5.95 	 0.00338639 	 	 
5.975 	 0.00338548 	 	 
6 	 0.00338455 	 	 
6.025 	 0.00338359 	 	 
6.05 	 0.00338261 	 	 
6.075 	 0.0033816 	 	 
6.1 	 0.00338057 	 	 
6.125 	 0.00337952 	 	 
6.15 	 0.00337844 	 	 
6.175 	 0.00337733 	 	 
6.2 	 0.00337619 	 	 
6.225 	 0.00337503 	 	 
6.25 	 0.00337384 	 	 
6.275 	 0.00337262 	 	 
6.3 	 0.00337137 	 	 
6.325 	 0.00337008 	 	 
6.35 	 0.00336877 	 	 
6.375 	 0.00336743 	 	 
6.4 	 0.00336605 	 	 
6.425 	 0.00336464 	 	 
6.45 	 0.00336319 	 	 
6.475 	 0.00336171 	 	 
6.5 	 0.00336019 	 	 
6.525 	 0.00335863 	 	 
6.55 	 0.00335704 	 	 
6.575 	 0.00335541 	 	 
6.6 	 0.00335374 	 	 
6.625 	 0.00335203 	 	 
6.65 	 0.00335027 	 	 
6.675 	 0.00334848 	 	 
6.7 	 0.00334664 	 	 
6.725 	 0.00334475 	 	 
6.75 	 0.00334282 	 	 
6.775 	 0.00334085 	 	 
6.8 	 0.00333883 	 	 
6.825 	 0.00333675 	 	 
6.85 	 0.00333463 	 	 
6.875 	 0.00333246 	 	 
6.9 	 0.00333023 	 	 
6.925 	 0.00332795 	 	 
6.95 	 0.00332562 	 	 
6.975 	 0.00332323 	 	 
7 	 0.00332079 	 	 
7.025 	 0.00331829 	 	 
7.05 	 0.00331572 	 	 
7.075 	 0.0033131 	 	 
7.1 	 0.00331041 	 	 
7.125 	 0.00330766 	 	 
7.15 	 0.00330485 	 	 
7.175 	 0.00330197 	 	 
7.2 	 0.00329902 	 	 
7.225 	 0.003296 	 	 
7.25 	 0.00329292 	 	 
7.275 	 0.00328976 	 	 
7.3 	 0.00328652 	 	 
7.325 	 0.00328321 	 	 
7.35 	 0.00327983 	 	 
7.375 	 0.00327636 	 	 
7.4 	 0.00327282 	 	 
7.425 	 0.00326919 	 	 
7.45 	 0.00326548 	 	 
7.475 	 0.00326169 	 	 
7.5 	 0.00325781 	 	 
7.525 	 0.00325384 	 	 
7.55 	 0.00324978 	 	 
7.575 	 0.00324562 	 	 
7.6 	 0.00324138 	 	 
7.625 	 0.00323703 	 	 
7.65 	 0.00323259 	 	 
7.675 	 0.00322805 	 	 
7.7 	 0.00322341 	 	 
7.725 	 0.00321866 	 	 
7.75 	 0.00321381 	 	 
7.775 	 0.00320885 	 	 
7.8 	 0.00320378 	 	 
7.825 	 0.0031986 	 	 
7.85 	 0.0031933 	 	 
7.875 	 0.00318789 	 	 
7.9 	 0.00318236 	 	 
7.925 	 0.00317672 	 	 
7.95 	 0.00317094 	 	 
7.975 	 0.00316505 	 	 
8 	 0.00315903 	 	 
8.025 	 0.00315288 	 	 
8.05 	 0.00314659 	 	 
8.075 	 0.00314018 	 	 
8.1 	 0.00313363 	 	 
8.125 	 0.00312694 	 	 
8.15 	 0.00312012 	 	 
8.175 	 0.00311315 	 	 
8.2 	 0.00310603 	 	 
8.225 	 0.00309877 	 	 
8.25 	 0.00309137 	 	 
8.275 	 0.00308381 	 	 
8.3 	 0.00307609 	 	 
8.325 	 0.00306823 	 	 
8.35 	 0.0030602 	 	 
8.375 	 0.00305202 	 	 
8.4 	 0.00304367 	 	 
8.425 	 0.00303516 	 	 
8.45 	 0.00302648 	 	 
8.475 	 0.00301764 	 	 
8.5 	 0.00300862 	 	 
8.525 	 0.00299943 	 	 
8.55 	 0.00299007 	 	 
8.575 	 0.00298053 	 	 
8.6 	 0.00297082 	 	 
8.625 	 0.00296092 	 	 
8.65 	 0.00295084 	 	 
8.675 	 0.00294057 	 	 
8.7 	 0.00293012 	 	 
8.725 	 0.00291949 	 	 
8.75 	 0.00290866 	 	 
8.775 	 0.00289764 	 	 
8.8 	 0.00288643 	 	 
8.825 	 0.00287502 	 	 
8.85 	 0.00286342 	 	 
8.875 	 0.00285163 	 	 
8.9 	 0.00283963 	 	 
8.925 	 0.00282743 	 	 
8.95 	 0.00281504 	 	 
8.975 	 0.00280244 	 	 
9 	 0.00278964 	 	 
9.025 	 0.00277664 	 	 
9.05 	 0.00276343 	 	 
9.075 	 0.00275002 	 	 
9.1 	 0.00273641 	 	 
9.125 	 0.00272259 	 	 
9.15 	 0.00270856 	 	 
9.175 	 0.00269433 	 	 
9.2 	 0.00267989 	 	 
9.225 	 0.00266524 	 	 
9.25 	 0.00265039 	 	 
9.275 	 0.00263534 	 	 
9.3 	 0.00262008 	 	 
9.325 	 0.00260462 	 	 
9.35 	 0.00258895 	 	 
9.375 	 0.00257308 	 	 
9.4 	 0.00255701 	 	 
9.425 	 0.00254074 	 	 
9.45 	 0.00252428 	 	 
9.475 	 0.00250761 	 	 
9.5 	 0.00249075 	 	 
9.525 	 0.0024737 	 	 
9.55 	 0.00245646 	 	 
9.575 	 0.00243902 	 	 
9.6 	 0.00242141 	 	 
9.625 	 0.0024036 	 	 
9.65 	 0.00238562 	 	 
9.675 	 0.00236746 	 	 
9.7 	 0.00234913 	 	 
9.725 	 0.00233062 	 	 
9.75 	 0.00231194 	 	 
9.775 	 0.0022931 	 	 
9.8 	 0.0022741 	 	 
9.825 	 0.00225495 	 	 
9.85 	 0.00223564 	 	 
9.875 	 0.00221618 	 	 
9.9 	 0.00219657 	 	 
9.925 	 0.00217683 	 	 
9.95 	 0.00215696 	 	 
9.975 	 0.00213695 	 	 
10 	 0.00211682 	 	 
10.025 	 0.00209657 	 	 
10.05 	 0.0020762 	 	 
10.075 	 0.00205573 	 	 
10.1 	 0.00203515 	 	 
10.125 	 0.00201448 	 	 
10.15 	 0.00199371 	 	 
10.175 	 0.00197286 	 	 
10.2 	 0.00195193 	 	 
10.225 	 0.00193092 	 	 
10.25 	 0.00190985 	 	 
10.275 	 0.00188871 	 	 
10.3 	 0.00186752 	 	 
10.325 	 0.00184629 	 	 
10.35 	 0.00182501 	 	 
10.375 	 0.00180369 	 	 
10.4 	 0.00178235 	 	 
10.425 	 0.00176098 	 	 
10.45 	 0.0017396 	 	 
10.475 	 0.00171821 	 	 
10.5 	 0.00169682 	 	 
10.525 	 0.00167543 	 	 
10.55 	 0.00165406 	 	 
10.575 	 0.0016327 	 	 
10.6 	 0.00161136 	 	 
10.625 	 0.00159006 	 	 
10.65 	 0.0015688 	 	 
10.675 	 0.00154758 	 	 
10.7 	 0.00152641 	 	 
10.725 	 0.00150529 	 	 
10.75 	 0.00148424 	 	 
10.775 	 0.00146326 	 	 
10.8 	 0.00144236 	 	 
10.825 	 0.00142154 	 	 
10.85 	 0.0014008 	 	 
10.875 	 0.00138016 	 	 
10.9 	 0.00135962 	 	 
10.925 	 0.00133919 	 	 
10.95 	 0.00131886 	 	 
10.975 	 0.00129866 	 	 
11 	 0.00127857 	 	 
11.025 	 0.00125861 	 	 
11.05 	 0.00123878 	 	 
11.075 	 0.00121909 	 	 
11.1 	 0.00119954 	 	 
11.125 	 0.00118013 	 	 
11.15 	 0.00116088 	 	 
11.175 	 0.00114178 	 	 
11.2 	 0.00112283 	 	 
11.225 	 0.00110405 	 	 
11.25 	 0.00108544 	 	 
11.275 	 0.00106699 	 	 
11.3 	 0.00104872 	 	 
11.325 	 0.00103062 	 	 
11.35 	 0.00101271 	 	 
11.375 	 0.000994972 	 	 
11.4 	 0.000977421 	 	 
11.425 	 0.000960057 	 	 
11.45 	 0.000942883 	 	 
11.475 	 0.000925901 	 	 
11.5 	 0.000909112 	 	 
11.525 	 0.000892519 	 	 
11.55 	 0.000876123 	 	 
11.575 	 0.000859926 	 	 
11.6 	 0.000843929 	 	 
11.625 	 0.000828134 	 	 
11.65 	 0.000812541 	 	 
11.675 	 0.000797152 	 	 
11.7 	 0.000781967 	 	 
11.725 	 0.000766986 	 	 
11.75 	 0.000752211 	 	 
11.775 	 0.000737641 	 	 
11.8 	 0.000723277 	 	 
11.825 	 0.000709119 	 	 
11.85 	 0.000695167 	 	 
11.875 	 0.00068142 	 	 
11.9 	 0.000667879 	 	 
11.925 	 0.000654542 	 	 
11.95 	 0.00064141 	 	 
11.975 	 0.000628481 	 	 
12 	 0.000615755 	 	 
12.025 	 0.000603232 	 	 
12.05 	 0.000590909 	 	 
12.075 	 0.000578787 	 	 
12.1 	 0.000566863 	 	 
12.125 	 0.000555137 	 	 
12.15 	 0.000543608 	 	 
12.175 	 0.000532273 	 	 
12.2 	 0.000521132 	 	 
12.225 	 0.000510183 	 	 
12.25 	 0.000499425 	 	 
12.275 	 0.000488855 	 	 
12.3 	 0.000478472 	 	 
12.325 	 0.000468275 	 	 
12.35 	 0.000458261 	 	 
12.375 	 0.000448429 	 	 
12.4 	 0.000438777 	 	 
12.425 	 0.000429302 	 	 
12.45 	 0.000420003 	 	 
12.475 	 0.000410878 	 	 
12.5 	 0.000401925 	 	 
12.525 	 0.000393141 	 	 
12.55 	 0.000384525 	 	 
12.575 	 0.000376074 	 	 
12.6 	 0.000367786 	 	 
12.625 	 0.00035966 	 	 
12.65 	 0.000351692 	 	 
12.675 	 0.000343881 	 	 
12.7 	 0.000336225 	 	 
12.725 	 0.000328721 	 	 
12.75 	 0.000321367 	 	 
12.775 	 0.00031416 	 	 
12.8 	 0.0003071 	 	 
12.825 	 0.000300182 	 	 
12.85 	 0.000293406 	 	 
12.875 	 0.000286769 	 	 
12.9 	 0.000280268 	 	 
12.925 	 0.000273902 	 	 
12.95 	 0.000267668 	 	 
12.975 	 0.000261564 	 	 
13 	 0.000255589 	 	 
13.025 	 0.000249739 	 	 
13.05 	 0.000244012 	 	 
13.075 	 0.000238407 	 	 
13.1 	 0.000232921 	 	 
13.125 	 0.000227553 	 	 
13.15 	 0.000222299 	 	 
13.175 	 0.000217159 	 	 
13.2 	 0.00021213 	 	 
13.225 	 0.000207209 	 	 
13.25 	 0.000202396 	 	 
13.275 	 0.000197687 	 	 
13.3 	 0.000193082 	 	 
13.325 	 0.000188577 	 	 
13.35 	 0.000184172 	 	 
13.375 	 0.000179863 	 	 
13.4 	 0.00017565 	 	 
13.425 	 0.000171531 	 	 
13.45 	 0.000167503 	 	 
13.475 	 0.000163565 	 	 
13.5 	 0.000159715 	 	 
13.525 	 0.000155951 	 	 
13.55 	 0.000152272 	 	 
13.575 	 0.000148676 	 	 
13.6 	 0.000145161 	 	 
13.625 	 0.000141725 	 	 
13.65 	 0.000138367 	 	 
13.675 	 0.000135086 	 	 
13.7 	 0.000131879 	 	 
13.725 	 0.000128745 	 	 
13.75 	 0.000125683 	 	 
13.775 	 0.000122692 	 	 
13.8 	 0.000119768 	 	 
13.825 	 0.000116912 	 	 
13.85 	 0.000114122 	 	 
13.875 	 0.000111396 	 	 
13.9 	 0.000108733 	 	 
13.925 	 0.000106132 	 	 
13.95 	 0.00010359 	 	 
13.975 	 0.000101108 	 	 
14 	 9.86839e-05 	 	 
14.025 	 9.6316e-05 	 	 
14.05 	 9.40032e-05 	 	 
14.075 	 9.17445e-05 	 	 
14.1 	 8.95386e-05 	 	 
14.125 	 8.73843e-05 	 	 
14.15 	 8.52805e-05 	 	 
14.175 	 8.32261e-05 	 	 
14.2 	 8.122e-05 	 	 
14.225 	 7.92611e-05 	 	 
14.25 	 7.73484e-05 	 	 
14.275 	 7.54808e-05 	 	 
14.3 	 7.36572e-05 	 	 
14.325 	 7.18768e-05 	 	 
14.35 	 7.01386e-05 	 	 
14.375 	 6.84415e-05 	 	 
14.4 	 6.67846e-05 	 	 
14.425 	 6.51671e-05 	 	 
14.45 	 6.3588e-05 	 	 
14.475 	 6.20465e-05 	 	 
14.5 	 6.05416e-05 	 	 
14.525 	 5.90726e-05 	 	 
14.55 	 5.76387e-05 	 	 
14.575 	 5.6239e-05 	 	 
14.6 	 5.48727e-05 	 	 
14.625 	 5.35391e-05 	 	 
14.65 	 5.22374e-05 	 	 
14.675 	 5.09668e-05 	 	 
14.7 	 4.97267e-05 	 	 
14.725 	 4.85164e-05 	 	 
14.75 	 4.73351e-05 	 	 
14.775 	 4.61821e-05 	 	 
14.8 	 4.50569e-05 	 	 
14.825 	 4.39587e-05 	 	 
14.85 	 4.2887e-05 	 	 
14.875 	 4.1841e-05 	 	 
14.9 	 4.08203e-05 	 	 
14.925 	 3.98242e-05 	 	 
14.95 	 3.88521e-05 	 	 
14.975 	 3.79034e-05 	 	 
15 	 3.69777e-05 	 	 
15.025 	 3.60743e-05 	 	 
15.05 	 3.51928e-05 	 	 
15.075 	 3.43326e-05 	 	 
15.1 	 3.34932e-05 	 	 
15.125 	 3.26742e-05 	 	 
15.15 	 3.1875e-05 	 	 
15.175 	 3.10951e-05 	 	 
15.2 	 3.03342e-05 	 	 
15.225 	 2.95917e-05 	 	 
15.25 	 2.88672e-05 	 	 
15.275 	 2.81604e-05 	 	 
15.3 	 2.74707e-05 	 	 
15.325 	 2.67977e-05 	 	 
15.35 	 2.61411e-05 	 	 
15.375 	 2.55005e-05 	 	 
15.4 	 2.48755e-05 	 	 
15.425 	 2.42657e-05 	 	 
15.45 	 2.36707e-05 	 	 
15.475 	 2.30902e-05 	 	 
15.5 	 2.25239e-05 	 	 
15.525 	 2.19713e-05 	 	 
15.55 	 2.14322e-05 	 	 
15.575 	 2.09063e-05 	 	 
15.6 	 2.03932e-05 	 	 
15.625 	 1.98926e-05 	 	 
15.65 	 1.94042e-05 	 	 
15.675 	 1.89278e-05 	 	 
15.7 	 1.8463e-05 	 	 
15.725 	 1.80095e-05 	 	 
15.75 	 1.75672e-05 	 	 
15.775 	 1.71356e-05 	 	 
15.8 	 1.67146e-05 	 	 
15.825 	 1.63039e-05 	 	 
15.85 	 1.59032e-05 	 	 
15.875 	 1.55123e-05 	 	 
15.9 	 1.5131e-05 	 	 
15.925 	 1.4759e-05 	 	 
15.95 	 1.43962e-05 	 	 
15.975 	 1.40422e-05 	 	 
16 	 1.36969e-05 	 	 
16.025 	 1.336e-05 	 	 
16.05 	 1.30314e-05 	 	 
16.075 	 1.27109e-05 	 	 
16.1 	 1.23982e-05 	 	 
16.125 	 1.20931e-05 	 	 
16.15 	 1.17956e-05 	 	 
16.175 	 1.15053e-05 	 	 
16.2 	 1.12222e-05 	 	 
16.225 	 1.0946e-05 	 	 
16.25 	 1.06766e-05 	 	 
16.275 	 1.04138e-05 	 	 
16.3 	 1.01574e-05 	 	 
16.325 	 9.90736e-06 	 	 
16.35 	 9.66344e-06 	 	 
16.375 	 9.42551e-06 	 	 
16.4 	 9.19342e-06 	 	 
16.425 	 8.96702e-06 	 	 
16.45 	 8.74619e-06 	 	 
16.475 	 8.53079e-06 	 	 
16.5 	 8.32067e-06 	 	 
16.525 	 8.11572e-06 	 	 
16.55 	 7.91581e-06 	 	 
16.575 	 7.72081e-06 	 	 
16.6 	 7.5306e-06 	 	 
16.625 	 7.34507e-06 	 	 
16.65 	 7.1641e-06 	 	 
16.675 	 6.98757e-06 	 	 
16.7 	 6.81539e-06 	 	 
16.725 	 6.64745e-06 	 	 
16.75 	 6.48363e-06 	 	 
16.775 	 6.32385e-06 	 	 
16.8 	 6.16799e-06 	 	 
16.825 	 6.01597e-06 	 	 
16.85 	 5.86769e-06 	 	 
16.875 	 5.72306e-06 	 	 
16.9 	 5.58199e-06 	 	 
16.925 	 5.44439e-06 	 	 
16.95 	 5.31017e-06 	 	 
16.975 	 5.17926e-06 	 	 
17 	 5.05158e-06 	 	 
17.025 	 4.92703e-06 	 	 
17.05 	 4.80555e-06 	 	 
17.075 	 4.68707e-06 	 	 
17.1 	 4.5715e-06 	 	 
17.125 	 4.45877e-06 	 	 
17.15 	 4.34883e-06 	 	 
17.175 	 4.24159e-06 	 	 
17.2 	 4.13699e-06 	 	 
17.225 	 4.03496e-06 	 	 
17.25 	 3.93546e-06 	 	 
17.275 	 3.8384e-06 	 	 
17.3 	 3.74373e-06 	 	 
17.325 	 3.6514e-06 	 	 
17.35 	 3.56134e-06 	 	 
17.375 	 3.4735e-06 	 	 
17.4 	 3.38782e-06 	 	 
17.425 	 3.30426e-06 	 	 
17.45 	 3.22275e-06 	 	 
17.475 	 3.14325e-06 	 	 
17.5 	 3.06572e-06 	 	 
17.525 	 2.99009e-06 	 	 
17.55 	 2.91633e-06 	 	 
17.575 	 2.84438e-06 	 	 
17.6 	 2.77421e-06 	 	 
17.625 	 2.70577e-06 	 	 
17.65 	 2.63902e-06 	 	 
17.675 	 2.57391e-06 	 	 
17.7 	 2.5104e-06 	 	 
17.725 	 2.44847e-06 	 	 
17.75 	 2.38805e-06 	 	 
17.775 	 2.32913e-06 	 	 
17.8 	 2.27167e-06 	 	 
17.825 	 2.21561e-06 	 	 
17.85 	 2.16094e-06 	 	 
17.875 	 2.10762e-06 	 	 
17.9 	 2.05562e-06 	 	 
17.925 	 2.00489e-06 	 	 
17.95 	 1.95542e-06 	 	 
17.975 	 1.90717e-06 	 	 
18 	 1.86011e-06 	 	 
18.025 	 1.8142e-06 	 	 
18.05 	 1.76943e-06 	 	 
18.075 	 1.72577e-06 	 	 
18.1 	 1.68318e-06 	 	 
18.125 	 1.64164e-06 	 	 
18.15 	 1.60113e-06 	 	 
18.175 	 1.56162e-06 	 	 
18.2 	 1.52308e-06 	 	 
18.225 	 1.48549e-06 	 	 
18.25 	 1.44883e-06 	 	 
18.275 	 1.41307e-06 	 	 
18.3 	 1.37819e-06 	 	 
18.325 	 1.34418e-06 	 	 
18.35 	 1.311e-06 	 	 
18.375 	 1.27865e-06 	 	 
18.4 	 1.24709e-06 	 	 
18.425 	 1.21631e-06 	 	 
18.45 	 1.18629e-06 	 	 
18.475 	 1.15701e-06 	 	 
18.5 	 1.12845e-06 	 	 
18.525 	 1.1006e-06 	 	 
18.55 	 1.07343e-06 	 	 
18.575 	 1.04694e-06 	 	 
18.6 	 1.0211e-06 	 	 
18.625 	 9.95895e-07 	 	 
18.65 	 9.71313e-07 	 	 
18.675 	 9.47338e-07 	 	 
18.7 	 9.23954e-07 	 	 
18.725 	 9.01148e-07 	 	 
18.75 	 8.78904e-07 	 	 
18.775 	 8.57209e-07 	 	 
18.8 	 8.3605e-07 	 	 
18.825 	 8.15413e-07 	 	 
18.85 	 7.95285e-07 	 	 
18.875 	 7.75653e-07 	 	 
18.9 	 7.56507e-07 	 	 
18.925 	 7.37832e-07 	 	 
18.95 	 7.19619e-07 	 	 
18.975 	 7.01855e-07 	 	 
19 	 6.8453e-07 	 	 
19.025 	 6.67632e-07 	 	 
19.05 	 6.51151e-07 	 	 
19.075 	 6.35077e-07 	 	 
19.1 	 6.194e-07 	 	 
19.125 	 6.0411e-07 	 	 
19.15 	 5.89197e-07 	 	 
19.175 	 5.74652e-07 	 	 
19.2 	 5.60466e-07 	 	 
19.225 	 5.4663e-07 	 	 
19.25 	 5.33136e-07 	 	 
19.275 	 5.19975e-07 	 	 
19.3 	 5.07139e-07 	 	 
19.325 	 4.94619e-07 	 	 
19.35 	 4.82409e-07 	 	 
19.375 	 4.705e-07 	 	 
19.4 	 4.58884e-07 	 	 
19.425 	 4.47556e-07 	 	 
19.45 	 4.36507e-07 	 	 
19.475 	 4.25731e-07 	 	 
19.5 	 4.15221e-07 	 	 
19.525 	 4.0497e-07 	 	 
19.55 	 3.94973e-07 	 	 
19.575 	 3.85222e-07 	 	 
19.6 	 3.75712e-07 	 	 
19.625 	 3.66437e-07 	 	 
19.65 	 3.5739e-07 	 	 
19.675 	 3.48567e-07 	 	 
19.7 	 3.39962e-07 	 	 
19.725 	 3.31569e-07 	 	 
19.75 	 3.23383e-07 	 	 
19.775 	 3.154e-07 	 	 
19.8 	 3.07613e-07 	 	 
19.825 	 3.00019e-07 	 	 
19.85 	 2.92612e-07 	 	 
19.875 	 2.85388e-07 	 	 
19.9 	 2.78342e-07 	 	 
19.925 	 2.7147e-07 	 	 
19.95 	 2.64768e-07 	 	 
19.975 	 2.58232e-07 	 	 
20 	 2.51856e-07 	 	 
20.025 	 2.45638e-07 	 	 
20.05 	 2.39574e-07 	 	 
20.075 	 2.33659e-07 	 	 
20.1 	 2.27891e-07 	 	 
20.125 	 2.22264e-07 	 	 
20.15 	 2.16777e-07 	 	 
20.175 	 2.11425e-07 	 	 
20.2 	 2.06205e-07 	 	 
20.225 	 2.01114e-07 	 	 
20.25 	 1.96149e-07 	 	 
20.275 	 1.91306e-07 	 	 
20.3 	 1.86583e-07 	 	 
20.325 	 1.81977e-07 	 	 
20.35 	 1.77484e-07 	 	 
20.375 	 1.73102e-07 	 	 
20.4 	 1.68828e-07 	 	 
20.425 	 1.6466e-07 	 	 
20.45 	 1.60595e-07 	 	 
20.475 	 1.5663e-07 	 	 
20.5 	 1.52763e-07 	 	 
20.525 	 1.48991e-07 	 	 
20.55 	 1.45313e-07 	 	 
20.575 	 1.41725e-07 	 	 
20.6 	 1.38226e-07 	 	 
20.625 	 1.34814e-07 	 	 
20.65 	 1.31485e-07 	 	 
20.675 	 1.28239e-07 	 	 
20.7 	 1.25073e-07 	 	 
20.725 	 1.21985e-07 	 	 
20.75 	 1.18973e-07 	 	 
20.775 	 1.16036e-07 	 	 
20.8 	 1.13171e-07 	 	 
20.825 	 1.10377e-07 	 	 
20.85 	 1.07652e-07 	 	 
20.875 	 1.04994e-07 	 	 
20.9 	 1.02402e-07 	 	 
20.925 	 9.98734e-08 	 	 
20.95 	 9.74076e-08 	 	 
20.975 	 9.50026e-08 	 	 
21 	 9.26571e-08 	 	 
21.025 	 9.03694e-08 	 	 
21.05 	 8.81383e-08 	 	 
21.075 	 8.59622e-08 	 	 
21.1 	 8.38398e-08 	 	 
21.125 	 8.17698e-08 	 	 
21.15 	 7.9751e-08 	 	 
21.175 	 7.7782e-08 	 	 
21.2 	 7.58616e-08 	 	 
21.225 	 7.39886e-08 	 	 
21.25 	 7.21618e-08 	 	 
21.275 	 7.03802e-08 	 	 
21.3 	 6.86425e-08 	 	 
21.325 	 6.69478e-08 	 	 
21.35 	 6.52949e-08 	 	 
21.375 	 6.36828e-08 	 	 
21.4 	 6.21104e-08 	 	 
21.425 	 6.0577e-08 	 	 
21.45 	 5.90813e-08 	 	 
21.475 	 5.76226e-08 	 	 
21.5 	 5.62e-08 	 	 
21.525 	 5.48124e-08 	 	 
21.55 	 5.34591e-08 	 	 
21.575 	 5.21392e-08 	 	 
21.6 	 5.08519e-08 	 	 
21.625 	 4.95964e-08 	 	 
21.65 	 4.83719e-08 	 	 
21.675 	 4.71776e-08 	 	 
21.7 	 4.60128e-08 	 	 
21.725 	 4.48767e-08 	 	 
21.75 	 4.37687e-08 	 	 
21.775 	 4.26881e-08 	 	 
21.8 	 4.16341e-08 	 	 
21.825 	 4.06062e-08 	 	 
21.85 	 3.96036e-08 	 	 
21.875 	 3.86258e-08 	 	 
21.9 	 3.76722e-08 	 	 
21.925 	 3.6742e-08 	 	 
21.95 	 3.58349e-08 	 	 
21.975 	 3.49501e-08 	 	 
22 	 3.40872e-08 	 	 
22.025 	 3.32456e-08 	 	 
22.05 	 3.24248e-08 	 	 
22.075 	 3.16242e-08 	 	 
22.1 	 3.08434e-08 	 	 
22.125 	 3.00819e-08 	 	 
22.15 	 2.93392e-08 	 	 
22.175 	 2.86148e-08 	 	 
22.2 	 2.79083e-08 	 	 
22.225 	 2.72192e-08 	 	 
22.25 	 2.65472e-08 	 	 
22.275 	 2.58918e-08 	 	 
22.3 	 2.52525e-08 	 	 
22.325 	 2.4629e-08 	 	 
22.35 	 2.40209e-08 	 	 
22.375 	 2.34279e-08 	 	 
22.4 	 2.28494e-08 	 	 
22.425 	 2.22853e-08 	 	 
22.45 	 2.1735e-08 	 	 
22.475 	 2.11984e-08 	 	 
22.5 	 2.0675e-08 	 	 
22.525 	 2.01646e-08 	 	 
22.55 	 1.96667e-08 	 	 
22.575 	 1.91811e-08 	 	 
22.6 	 1.87075e-08 	 	 
22.625 	 1.82457e-08 	 	 
22.65 	 1.77952e-08 	 	 
22.675 	 1.73558e-08 	 	 
22.7 	 1.69273e-08 	 	 
22.725 	 1.65094e-08 	 	 
22.75 	 1.61017e-08 	 	 
22.775 	 1.57042e-08 	 	 
22.8 	 1.53165e-08 	 	 
22.825 	 1.49383e-08 	 	 
22.85 	 1.45695e-08 	 	 
22.875 	 1.42097e-08 	 	 
22.9 	 1.38589e-08 	 	 
22.925 	 1.35167e-08 	 	 
22.95 	 1.3183e-08 	 	 
22.975 	 1.28575e-08 	 	 
23 	 1.25401e-08 	 	 
23.025 	 1.22305e-08 	 	 
23.05 	 1.19285e-08 	 	 
23.075 	 1.1634e-08 	 	 
23.1 	 1.13467e-08 	 	 
23.125 	 1.10666e-08 	 	 
23.15 	 1.07933e-08 	 	 
23.175 	 1.05269e-08 	 	 
23.2 	 1.02669e-08 	 	 
23.225 	 1.00135e-08 	 	 
23.25 	 9.76622e-09 	 	 
23.275 	 9.52509e-09 	 	 
23.3 	 9.28992e-09 	 	 
23.325 	 9.06055e-09 	 	 
23.35 	 8.83684e-09 	 	 
23.375 	 8.61866e-09 	 	 
23.4 	 8.40587e-09 	 	 
23.425 	 8.19833e-09 	 	 
23.45 	 7.99591e-09 	 	 
23.475 	 7.79849e-09 	 	 
23.5 	 7.60594e-09 	 	 
23.525 	 7.41815e-09 	 	 
23.55 	 7.235e-09 	 	 
23.575 	 7.05637e-09 	 	 
23.6 	 6.88215e-09 	 	 
23.625 	 6.71222e-09 	 	 
23.65 	 6.5465e-09 	 	 
23.675 	 6.38487e-09 	 	 
23.7 	 6.22722e-09 	 	 
23.725 	 6.07347e-09 	 	 
23.75 	 5.92352e-09 	 	 
23.775 	 5.77727e-09 	 	 
23.8 	 5.63463e-09 	 	 
23.825 	 5.49551e-09 	 	 
23.85 	 5.35982e-09 	 	 
23.875 	 5.22749e-09 	 	 
23.9 	 5.09842e-09 	 	 
23.925 	 4.97254e-09 	 	 
23.95 	 4.84977e-09 	 	 
23.975 	 4.73003e-09 	 	 
24 	 4.61324e-09 	 	 
24.025 	 4.49934e-09 	 	 
24.05 	 4.38825e-09 	 	 
24.075 	 4.27991e-09 	 	 
24.1 	 4.17424e-09 	 	 
24.125 	 4.07117e-09 	 	 
24.15 	 3.97066e-09 	 	 
24.175 	 3.87262e-09 	 	 
24.2 	 3.777e-09 	 	 
24.225 	 3.68375e-09 	 	 
24.25 	 3.5928e-09 	 	 
24.275 	 3.50409e-09 	 	 
24.3 	 3.41758e-09 	 	 
24.325 	 3.3332e-09 	 	 
24.35 	 3.2509e-09 	 	 
24.375 	 3.17063e-09 	 	 
24.4 	 3.09235e-09 	 	 
24.425 	 3.016e-09 	 	 
24.45 	 2.94153e-09 	 	 
24.475 	 2.86891e-09 	 	 
24.5 	 2.79807e-09 	 	 
24.525 	 2.72899e-09 	 	 
24.55 	 2.66161e-09 	 	 
24.575 	 2.5959e-09 	 	 
24.6 	 2.5318e-09 	 	 
24.625 	 2.46929e-09 	 	 
24.65 	 2.40833e-09 	 	 
24.675 	 2.34886e-09 	 	 
24.7 	 2.29087e-09 	 	 
24.725 	 2.23431e-09 	 	 
24.75 	 2.17914e-09 	 	 
24.775 	 2.12534e-09 	 	 
24.8 	 2.07287e-09 	 	 
24.825 	 2.02169e-09 	 	 
24.85 	 1.97177e-09 	 	 
24.875 	 1.92309e-09 	 	 
24.9 	 1.87561e-09 	 	 
24.925 	 1.8293e-09 	 	 
24.95 	 1.78413e-09 	 	 
24.975 	 1.74008e-09 	 	 
