0 	 0.589385 	 -0.226073
0.025 	 0.589411 	 -0.226064
0.05 	 0.589419 	 -0.22605
0.075 	 0.58941 	 -0.22603
0.1 	 0.589385 	 -0.226006
0.125 	 0.589344 	 -0.225976
0.15 	 0.589285 	 -0.225941
0.175 	 0.58921 	 -0.2259
0.2 	 0.589118 	 -0.225855
0.225 	 0.589009 	 -0.225804
0.25 	 0.588884 	 -0.225748
0.275 	 0.588742 	 -0.225687
0.3 	 0.588583 	 -0.225621
0.325 	 0.588408 	 -0.225549
0.35 	 0.588216 	 -0.225473
0.375 	 0.588008 	 -0.225391
0.4 	 0.587783 	 -0.225304
0.425 	 0.587541 	 -0.225212
0.45 	 0.587283 	 -0.225115
0.475 	 0.587009 	 -0.225013
0.5 	 0.586718 	 -0.224905
0.525 	 0.586411 	 -0.224793
0.55 	 0.586088 	 -0.224675
0.575 	 0.585748 	 -0.224553
0.6 	 0.585392 	 -0.224425
0.625 	 0.58502 	 -0.224292
0.65 	 0.584631 	 -0.224154
0.675 	 0.584227 	 -0.224011
0.7 	 0.583807 	 -0.223862
0.725 	 0.58337 	 -0.223709
0.75 	 0.582918 	 -0.223551
0.775 	 0.58245 	 -0.223388
0.8 	 0.581966 	 -0.223219
0.825 	 0.581466 	 -0.223046
0.85 	 0.580951 	 -0.222868
0.875 	 0.58042 	 -0.222684
0.9 	 0.579874 	 -0.222496
0.925 	 0.579312 	 -0.222303
0.95 	 0.578735 	 -0.222105
0.975 	 0.578143 	 -0.221901
1 	 0.577536 	 -0.221693
1.025 	 0.576913 	 -0.22148
1.05 	 0.576276 	 -0.221262
1.075 	 0.575629 	 -0.221262
1.1 	 0.574956 	 -0.220812
1.125 	 0.574274 	 -0.220579
1.15 	 0.573577 	 -0.220341
1.175 	 0.572866 	 -0.220099
1.2 	 0.57214 	 -0.219852
1.225 	 0.5714 	 -0.2196
1.25 	 0.570646 	 -0.219343
1.275 	 0.569878 	 -0.219081
1.3 	 0.569096 	 -0.218815
1.325 	 0.568299 	 -0.218544
1.35 	 0.567489 	 -0.218268
1.375 	 0.566665 	 -0.217987
1.4 	 0.565828 	 -0.217702
1.425 	 0.564977 	 -0.217412
1.45 	 0.564113 	 -0.217117
1.475 	 0.563236 	 -0.216818
1.5 	 0.562345 	 -0.216514
1.525 	 0.561441 	 -0.216205
1.55 	 0.560525 	 -0.215892
1.575 	 0.559596 	 -0.215574
1.6 	 0.558654 	 -0.215252
1.625 	 0.5577 	 -0.214925
1.65 	 0.556733 	 -0.214593
1.675 	 0.555754 	 -0.214257
1.7 	 0.554763 	 -0.213917
1.725 	 0.55376 	 -0.213572
1.75 	 0.552745 	 -0.213222
1.775 	 0.551718 	 -0.212869
1.8 	 0.55068 	 -0.21251
1.825 	 0.54963 	 -0.212148
1.85 	 0.548569 	 -0.211781
1.875 	 0.547497 	 -0.21141
1.9 	 0.546414 	 -0.211034
1.925 	 0.54532 	 -0.210654
1.95 	 0.544215 	 -0.21027
1.975 	 0.5431 	 -0.209882
2 	 0.541974 	 -0.209489
2.025 	 0.540858 	 -0.209489
2.05 	 0.539691 	 -0.208691
2.075 	 0.538535 	 -0.208286
2.1 	 0.537369 	 -0.207876
2.125 	 0.536193 	 -0.207463
2.15 	 0.535029 	 -0.207463
2.175 	 0.533812 	 -0.206624
2.2 	 0.532608 	 -0.206198
2.225 	 0.531395 	 -0.205769
2.25 	 0.530172 	 -0.205335
2.275 	 0.528965 	 -0.205335
2.3 	 0.527701 	 -0.204456
2.325 	 0.526453 	 -0.204011
2.35 	 0.525196 	 -0.203561
2.375 	 0.523931 	 -0.203108
2.4 	 0.522658 	 -0.202652
2.425 	 0.521377 	 -0.202191
2.45 	 0.520088 	 -0.201726
2.475 	 0.518792 	 -0.201258
2.5 	 0.517488 	 -0.200786
2.525 	 0.516177 	 -0.200311
2.55 	 0.514859 	 -0.199832
2.575 	 0.513533 	 -0.199349
2.6 	 0.512201 	 -0.198863
2.625 	 0.510863 	 -0.198373
2.65 	 0.509517 	 -0.197879
2.675 	 0.508166 	 -0.197382
2.7 	 0.506808 	 -0.196882
2.725 	 0.505444 	 -0.196378
2.75 	 0.504074 	 -0.195871
2.775 	 0.502699 	 -0.195361
2.8 	 0.501318 	 -0.194847
2.825 	 0.499931 	 -0.194329
2.85 	 0.498539 	 -0.193809
2.875 	 0.497142 	 -0.193285
2.9 	 0.49574 	 -0.192758
2.925 	 0.494333 	 -0.192228
2.95 	 0.492922 	 -0.191695
2.975 	 0.491506 	 -0.191158
3 	 0.490085 	 -0.190618
3.025 	 0.488661 	 -0.190076
3.05 	 0.487232 	 -0.18953
3.075 	 0.4858 	 -0.188981
3.1 	 0.484363 	 -0.18843
3.125 	 0.482923 	 -0.187875
3.15 	 0.48148 	 -0.187317
3.175 	 0.480033 	 -0.186757
3.2 	 0.478583 	 -0.186194
3.225 	 0.47713 	 -0.185628
3.25 	 0.475674 	 -0.185059
3.275 	 0.474215 	 -0.184487
3.3 	 0.472754 	 -0.183913
3.325 	 0.47129 	 -0.183335
3.35 	 0.469824 	 -0.182756
3.375 	 0.468356 	 -0.182173
3.4 	 0.466886 	 -0.181588
3.425 	 0.465413 	 -0.181
3.45 	 0.463939 	 -0.18041
3.475 	 0.462464 	 -0.179817
3.5 	 0.460987 	 -0.179222
3.525 	 0.459508 	 -0.178624
3.55 	 0.458029 	 -0.178024
3.575 	 0.456548 	 -0.177422
3.6 	 0.455066 	 -0.176817
3.625 	 0.453584 	 -0.17621
3.65 	 0.4521 	 -0.1756
3.675 	 0.450617 	 -0.174988
3.7 	 0.449132 	 -0.174374
3.725 	 0.447648 	 -0.173758
3.75 	 0.446163 	 -0.173139
3.775 	 0.444678 	 -0.172518
3.8 	 0.443194 	 -0.171895
3.825 	 0.441709 	 -0.17127
3.85 	 0.440225 	 -0.170643
3.875 	 0.438741 	 -0.170014
3.9 	 0.437258 	 -0.169383
3.925 	 0.435775 	 -0.16875
3.95 	 0.434293 	 -0.168114
3.975 	 0.432812 	 -0.167477
4 	 0.431332 	 -0.166838
4.025 	 0.429853 	 -0.166197
4.05 	 0.428413 	 -0.166197
4.075 	 0.426899 	 -0.16491
4.1 	 0.425424 	 -0.164264
4.125 	 0.423951 	 -0.163616
4.15 	 0.422479 	 -0.162966
4.175 	 0.421046 	 -0.162966
4.2 	 0.419541 	 -0.161661
4.225 	 0.418075 	 -0.161006
4.25 	 0.416611 	 -0.160349
4.275 	 0.415149 	 -0.159691
4.3 	 0.413726 	 -0.159691
4.325 	 0.412232 	 -0.15837
4.35 	 0.410777 	 -0.157708
4.375 	 0.409325 	 -0.157044
4.4 	 0.407875 	 -0.156378
4.425 	 0.406465 	 -0.156378
4.45 	 0.404984 	 -0.155043
4.475 	 0.403543 	 -0.154373
4.5 	 0.402105 	 -0.153703
4.525 	 0.400669 	 -0.15303
4.55 	 0.399273 	 -0.15303
4.575 	 0.397808 	 -0.151683
4.6 	 0.396383 	 -0.151007
4.625 	 0.394961 	 -0.150331
4.65 	 0.393542 	 -0.149653
4.675 	 0.392162 	 -0.149653
4.7 	 0.390715 	 -0.148294
4.725 	 0.389307 	 -0.147614
4.75 	 0.387903 	 -0.146932
4.775 	 0.386503 	 -0.14625
4.8 	 0.385107 	 -0.145567
4.825 	 0.383714 	 -0.144883
4.85 	 0.382326 	 -0.144198
4.875 	 0.380942 	 -0.143513
4.9 	 0.379562 	 -0.142827
4.925 	 0.378186 	 -0.142141
4.95 	 0.376814 	 -0.141454
4.975 	 0.375447 	 -0.140767
5 	 0.374084 	 -0.140079
5.025 	 0.372726 	 -0.139391
5.05 	 0.371372 	 -0.138703
5.075 	 0.370022 	 -0.138014
5.1 	 0.368678 	 -0.137325
5.125 	 0.367337 	 -0.136636
5.15 	 0.366002 	 -0.135947
5.175 	 0.364671 	 -0.135258
5.2 	 0.363346 	 -0.134569
5.225 	 0.362025 	 -0.133879
5.25 	 0.360709 	 -0.13319
5.275 	 0.359397 	 -0.132502
5.3 	 0.358091 	 -0.131813
5.325 	 0.35679 	 -0.131124
5.35 	 0.355494 	 -0.130436
5.375 	 0.354203 	 -0.129749
5.4 	 0.352917 	 -0.129061
5.425 	 0.351636 	 -0.128374
5.45 	 0.350361 	 -0.127687
5.475 	 0.34909 	 -0.127001
5.5 	 0.347825 	 -0.126316
5.525 	 0.346565 	 -0.125631
5.55 	 0.345311 	 -0.124947
5.575 	 0.344061 	 -0.124263
5.6 	 0.342817 	 -0.12358
5.625 	 0.341579 	 -0.122898
5.65 	 0.340345 	 -0.122217
5.675 	 0.339118 	 -0.121537
5.7 	 0.337895 	 -0.120857
5.725 	 0.336678 	 -0.120179
5.75 	 0.335467 	 -0.119501
5.775 	 0.334261 	 -0.118824
5.8 	 0.33306 	 -0.118149
5.825 	 0.331865 	 -0.117475
5.85 	 0.330676 	 -0.116801
5.875 	 0.329492 	 -0.116129
5.9 	 0.328313 	 -0.115458
5.925 	 0.32714 	 -0.114789
5.95 	 0.325973 	 -0.114121
5.975 	 0.324811 	 -0.113454
6 	 0.323654 	 -0.112788
6.025 	 0.322504 	 -0.112124
6.05 	 0.321358 	 -0.111462
6.075 	 0.320219 	 -0.110801
6.1 	 0.319085 	 -0.110141
6.125 	 0.317956 	 -0.109483
6.15 	 0.316833 	 -0.108827
6.175 	 0.315716 	 -0.108172
6.2 	 0.314604 	 -0.107519
6.225 	 0.313498 	 -0.106867
6.25 	 0.312397 	 -0.106218
6.275 	 0.311302 	 -0.10557
6.3 	 0.310213 	 -0.104924
6.325 	 0.309129 	 -0.10428
6.35 	 0.30805 	 -0.103637
6.375 	 0.306977 	 -0.102997
6.4 	 0.30591 	 -0.102359
6.425 	 0.304848 	 -0.101722
6.45 	 0.303791 	 -0.101088
6.475 	 0.30274 	 -0.100455
6.5 	 0.301695 	 -0.099825
6.525 	 0.300655 	 -0.0991967
6.55 	 0.29962 	 -0.0985706
6.575 	 0.298591 	 -0.0979465
6.6 	 0.297568 	 -0.0973247
6.625 	 0.296549 	 -0.0967051
6.65 	 0.295536 	 -0.0960876
6.675 	 0.294529 	 -0.0954724
6.7 	 0.293527 	 -0.0948595
6.725 	 0.29253 	 -0.0942489
6.75 	 0.291539 	 -0.0936406
6.775 	 0.290553 	 -0.0930346
6.8 	 0.289572 	 -0.0924309
6.825 	 0.288596 	 -0.0918297
6.85 	 0.287626 	 -0.0912308
6.875 	 0.286661 	 -0.0906343
6.9 	 0.285701 	 -0.0900403
6.925 	 0.284747 	 -0.0894487
6.95 	 0.283797 	 -0.0888596
6.975 	 0.282853 	 -0.088273
7 	 0.281914 	 -0.0876888
7.025 	 0.28098 	 -0.0871072
7.05 	 0.280051 	 -0.0865281
7.075 	 0.279127 	 -0.0859516
7.1 	 0.278209 	 -0.0853776
7.125 	 0.277295 	 -0.0848062
7.15 	 0.276386 	 -0.0842373
7.175 	 0.275483 	 -0.083671
7.2 	 0.274584 	 -0.0831074
7.225 	 0.27369 	 -0.0825463
7.25 	 0.272801 	 -0.0819879
7.275 	 0.271917 	 -0.0814321
7.3 	 0.271038 	 -0.080879
7.325 	 0.270164 	 -0.0803285
7.35 	 0.269295 	 -0.0797807
7.375 	 0.26843 	 -0.0792355
7.4 	 0.26757 	 -0.078693
7.425 	 0.266715 	 -0.0781531
7.45 	 0.265865 	 -0.077616
7.475 	 0.265019 	 -0.0770815
7.5 	 0.264178 	 -0.0765498
7.525 	 0.263342 	 -0.0760207
7.55 	 0.26251 	 -0.0754943
7.575 	 0.261683 	 -0.0749707
7.6 	 0.26086 	 -0.0744497
7.625 	 0.260042 	 -0.0739315
7.65 	 0.259229 	 -0.073416
7.675 	 0.25842 	 -0.0729031
7.7 	 0.257615 	 -0.072393
7.725 	 0.256815 	 -0.0718857
7.75 	 0.256019 	 -0.071381
7.775 	 0.255228 	 -0.070879
7.8 	 0.254441 	 -0.0703798
7.825 	 0.253659 	 -0.0698833
7.85 	 0.25288 	 -0.0693895
7.875 	 0.252106 	 -0.0688984
7.9 	 0.251337 	 -0.06841
7.925 	 0.250571 	 -0.0679244
7.95 	 0.24981 	 -0.0674414
7.975 	 0.249053 	 -0.0669611
8 	 0.2483 	 -0.0664836
8.025 	 0.247551 	 -0.0660088
8.05 	 0.246806 	 -0.0655366
8.075 	 0.246066 	 -0.0650671
8.1 	 0.245334 	 -0.0650671
8.125 	 0.244597 	 -0.0641363
8.15 	 0.243868 	 -0.0636749
8.175 	 0.243144 	 -0.0632161
8.2 	 0.242423 	 -0.0627601
8.225 	 0.241711 	 -0.0627601
8.25 	 0.240994 	 -0.0618559
8.275 	 0.240285 	 -0.0614078
8.3 	 0.23958 	 -0.0609624
8.325 	 0.238878 	 -0.0605196
8.35 	 0.238185 	 -0.0605196
8.375 	 0.237487 	 -0.0596419
8.4 	 0.236797 	 -0.0592069
8.425 	 0.236111 	 -0.0587746
8.45 	 0.235429 	 -0.0583449
8.475 	 0.234753 	 -0.0583449
8.5 	 0.234075 	 -0.0574933
8.525 	 0.233403 	 -0.0570714
8.55 	 0.232735 	 -0.0566521
8.575 	 0.232071 	 -0.0562353
8.6 	 0.231413 	 -0.0562353
8.625 	 0.230753 	 -0.0554095
8.65 	 0.230099 	 -0.0550004
8.675 	 0.229449 	 -0.0545938
8.7 	 0.228802 	 -0.0541898
8.725 	 0.228162 	 -0.0541898
8.75 	 0.227519 	 -0.0533893
8.775 	 0.226882 	 -0.0529928
8.8 	 0.226249 	 -0.0525989
8.825 	 0.225619 	 -0.0522074
8.85 	 0.224995 	 -0.0522074
8.875 	 0.22437 	 -0.0514318
8.9 	 0.22375 	 -0.0510477
8.925 	 0.223133 	 -0.0506661
8.95 	 0.22252 	 -0.0502869
8.975 	 0.221912 	 -0.0502869
9 	 0.221302 	 -0.0495357
9.025 	 0.220699 	 -0.0491638
9.05 	 0.220098 	 -0.0487943
9.075 	 0.2195 	 -0.0484272
9.1 	 0.218908 	 -0.0484272
9.125 	 0.218314 	 -0.0477
9.15 	 0.217726 	 -0.04734
9.175 	 0.217141 	 -0.0469824
9.2 	 0.216558 	 -0.046627
9.225 	 0.215981 	 -0.046627
9.25 	 0.215403 	 -0.0459234
9.275 	 0.214829 	 -0.0455751
9.3 	 0.214259 	 -0.045229
9.325 	 0.213691 	 -0.0448853
9.35 	 0.213128 	 -0.0448853
9.375 	 0.212565 	 -0.0442046
9.4 	 0.212006 	 -0.0438677
9.425 	 0.21145 	 -0.0435331
9.45 	 0.210897 	 -0.0432006
9.475 	 0.210348 	 -0.0432006
9.5 	 0.209799 	 -0.0425424
9.525 	 0.209254 	 -0.0422167
9.55 	 0.208712 	 -0.0418931
9.575 	 0.208172 	 -0.0415717
9.6 	 0.207636 	 -0.0412525
9.625 	 0.207101 	 -0.0409355
9.65 	 0.20657 	 -0.0406206
9.675 	 0.206041 	 -0.0403079
9.7 	 0.205515 	 -0.0399973
9.725 	 0.204992 	 -0.0396889
9.75 	 0.204471 	 -0.0393825
9.775 	 0.203952 	 -0.0390783
9.8 	 0.203437 	 -0.0387762
9.825 	 0.202923 	 -0.0384761
9.85 	 0.202413 	 -0.0381781
9.875 	 0.201905 	 -0.0378822
9.9 	 0.201399 	 -0.0375883
9.925 	 0.200896 	 -0.0372965
9.95 	 0.200395 	 -0.0370067
9.975 	 0.199896 	 -0.036719
10 	 0.1994 	 -0.0364332
10.025 	 0.198907 	 -0.0361494
10.05 	 0.198416 	 -0.0358677
10.075 	 0.197927 	 -0.0355879
10.1 	 0.197441 	 -0.03531
10.125 	 0.196956 	 -0.0350342
10.15 	 0.196475 	 -0.0347602
10.175 	 0.195995 	 -0.0344883
10.2 	 0.195518 	 -0.0342182
10.225 	 0.195043 	 -0.03395
10.25 	 0.194571 	 -0.0336838
10.275 	 0.1941 	 -0.0334194
10.3 	 0.193632 	 -0.033157
10.325 	 0.193166 	 -0.0328964
10.35 	 0.192703 	 -0.0326376
10.375 	 0.192241 	 -0.0323808
10.4 	 0.191782 	 -0.0321257
10.425 	 0.191324 	 -0.0318725
10.45 	 0.190869 	 -0.0316211
10.475 	 0.190416 	 -0.0313715
10.5 	 0.189966 	 -0.0311238
10.525 	 0.189517 	 -0.0308778
10.55 	 0.18907 	 -0.0306336
10.575 	 0.188626 	 -0.0303911
10.6 	 0.188183 	 -0.0301504
10.625 	 0.187743 	 -0.0299115
10.65 	 0.187304 	 -0.0296743
10.675 	 0.186868 	 -0.0294388
10.7 	 0.186433 	 -0.0292051
10.725 	 0.186001 	 -0.028973
10.75 	 0.185571 	 -0.0287427
10.775 	 0.185142 	 -0.028514
10.8 	 0.184716 	 -0.028287
10.825 	 0.184291 	 -0.0280617
10.85 	 0.183868 	 -0.0278381
10.875 	 0.183448 	 -0.027616
10.9 	 0.183029 	 -0.0273957
10.925 	 0.182612 	 -0.0271769
10.95 	 0.182197 	 -0.0269598
10.975 	 0.181784 	 -0.0267442
11 	 0.181372 	 -0.0265303
11.025 	 0.180963 	 -0.026318
11.05 	 0.180555 	 -0.0261072
11.075 	 0.180149 	 -0.025898
11.1 	 0.179745 	 -0.0256904
11.125 	 0.179343 	 -0.0254843
11.15 	 0.178942 	 -0.0252797
11.175 	 0.178544 	 -0.0250767
11.2 	 0.178147 	 -0.0248752
11.225 	 0.177751 	 -0.0246752
11.25 	 0.177358 	 -0.0244767
11.275 	 0.176966 	 -0.0242797
11.3 	 0.176576 	 -0.0240842
11.325 	 0.176188 	 -0.0238902
11.35 	 0.175801 	 -0.0236976
11.375 	 0.175416 	 -0.0235065
11.4 	 0.175033 	 -0.0233168
11.425 	 0.174651 	 -0.0231285
11.45 	 0.174271 	 -0.0229417
11.475 	 0.173893 	 -0.0227563
11.5 	 0.173516 	 -0.0225723
11.525 	 0.173141 	 -0.0223897
11.55 	 0.172768 	 -0.0222085
11.575 	 0.172396 	 -0.0220287
11.6 	 0.172026 	 -0.0218502
11.625 	 0.171657 	 -0.0216731
11.65 	 0.17129 	 -0.0214973
11.675 	 0.170924 	 -0.0213229
11.7 	 0.17056 	 -0.0211499
11.725 	 0.170198 	 -0.0209781
11.75 	 0.169837 	 -0.0208077
11.775 	 0.169477 	 -0.0206386
11.8 	 0.169119 	 -0.0204708
11.825 	 0.168763 	 -0.0203042
11.85 	 0.168408 	 -0.020139
11.875 	 0.168054 	 -0.019975
11.9 	 0.167702 	 -0.0198123
11.925 	 0.167352 	 -0.0196509
11.95 	 0.167003 	 -0.0194907
11.975 	 0.166655 	 -0.0193317
12 	 0.166309 	 -0.019174
12.025 	 0.165964 	 -0.0190175
12.05 	 0.165621 	 -0.0188622
12.075 	 0.165279 	 -0.0187081
12.1 	 0.164938 	 -0.0185552
12.125 	 0.164599 	 -0.0184035
12.15 	 0.164261 	 -0.018253
12.175 	 0.163925 	 -0.0181036
12.2 	 0.16359 	 -0.0179555
12.225 	 0.163256 	 -0.0178084
12.25 	 0.162924 	 -0.0176626
12.275 	 0.162593 	 -0.0175178
12.3 	 0.162264 	 -0.0173742
12.325 	 0.161935 	 -0.0172318
12.35 	 0.161608 	 -0.0170904
12.375 	 0.161283 	 -0.0169502
12.4 	 0.160958 	 -0.016811
12.425 	 0.160635 	 -0.016673
12.45 	 0.160314 	 -0.016536
12.475 	 0.159993 	 -0.0164001
12.5 	 0.159674 	 -0.0162653
12.525 	 0.159356 	 -0.0161316
12.55 	 0.159039 	 -0.0159989
12.575 	 0.158724 	 -0.0158672
12.6 	 0.15841 	 -0.0157366
12.625 	 0.158097 	 -0.015607
12.65 	 0.157785 	 -0.0154785
12.675 	 0.157475 	 -0.015351
12.7 	 0.157166 	 -0.0152244
12.725 	 0.156858 	 -0.0150989
12.75 	 0.156551 	 -0.0149744
12.775 	 0.156245 	 -0.0148509
12.8 	 0.155941 	 -0.0147283
12.825 	 0.155637 	 -0.0146068
12.85 	 0.155335 	 -0.0144862
12.875 	 0.155034 	 -0.0143665
12.9 	 0.154735 	 -0.0142478
12.925 	 0.154436 	 -0.0141301
12.95 	 0.154139 	 -0.0140133
12.975 	 0.153842 	 -0.0138974
13 	 0.153547 	 -0.0137825
13.025 	 0.153253 	 -0.0136685
13.05 	 0.15296 	 -0.0135554
13.075 	 0.152668 	 -0.0134432
13.1 	 0.152377 	 -0.0133319
13.125 	 0.152088 	 -0.0132214
13.15 	 0.151799 	 -0.0131119
13.175 	 0.151512 	 -0.0130033
13.2 	 0.151226 	 -0.0128955
13.225 	 0.15094 	 -0.0127886
13.25 	 0.150656 	 -0.0126826
13.275 	 0.150373 	 -0.0125774
13.3 	 0.150091 	 -0.012473
13.325 	 0.14981 	 -0.0123695
13.35 	 0.14953 	 -0.0122669
13.375 	 0.149251 	 -0.012165
13.4 	 0.148973 	 -0.012064
13.425 	 0.148696 	 -0.0119638
13.45 	 0.148421 	 -0.0118644
13.475 	 0.148146 	 -0.0117659
13.5 	 0.147872 	 -0.0116681
13.525 	 0.147599 	 -0.0115711
13.55 	 0.147327 	 -0.0114749
13.575 	 0.147057 	 -0.0113794
13.6 	 0.146787 	 -0.0112848
13.625 	 0.146518 	 -0.0111909
13.65 	 0.14625 	 -0.0110978
13.675 	 0.145984 	 -0.0110054
13.7 	 0.145718 	 -0.0109138
13.725 	 0.145453 	 -0.0108229
13.75 	 0.145189 	 -0.0107328
13.775 	 0.144926 	 -0.0106434
13.8 	 0.144664 	 -0.0105547
13.825 	 0.144403 	 -0.0104668
13.85 	 0.144143 	 -0.0103795
13.875 	 0.143883 	 -0.010293
13.9 	 0.143625 	 -0.0102072
13.925 	 0.143368 	 -0.0101221
13.95 	 0.143111 	 -0.0100377
13.975 	 0.142856 	 -0.00995393
14 	 0.142601 	 -0.00987089
14.025 	 0.142347 	 -0.00978852
14.05 	 0.142095 	 -0.00970683
14.075 	 0.141843 	 -0.0096258
14.1 	 0.141592 	 -0.00954544
14.125 	 0.141342 	 -0.00946574
14.15 	 0.141092 	 -0.00938669
14.175 	 0.140844 	 -0.00930829
14.2 	 0.140596 	 -0.00923053
14.225 	 0.14035 	 -0.00915341
14.25 	 0.140104 	 -0.00907692
14.275 	 0.139859 	 -0.00900106
14.3 	 0.139615 	 -0.00892583
14.325 	 0.139372 	 -0.00885121
14.35 	 0.139129 	 -0.00877721
14.375 	 0.138888 	 -0.00870381
14.4 	 0.138647 	 -0.00863102
14.425 	 0.138407 	 -0.00855882
14.45 	 0.138168 	 -0.00848723
14.475 	 0.13793 	 -0.00841622
14.5 	 0.137693 	 -0.00834579
14.525 	 0.137456 	 -0.00827595
14.55 	 0.137221 	 -0.00820668
14.575 	 0.136986 	 -0.00813798
14.6 	 0.136751 	 -0.00806986
14.625 	 0.136518 	 -0.00800229
14.65 	 0.136286 	 -0.00793528
14.675 	 0.136054 	 -0.00786882
14.7 	 0.135823 	 -0.00780291
14.725 	 0.135593 	 -0.00773755
14.75 	 0.135363 	 -0.00767273
14.775 	 0.135135 	 -0.00760844
14.8 	 0.134907 	 -0.00754469
14.825 	 0.13468 	 -0.00748146
14.85 	 0.134453 	 -0.00741876
14.875 	 0.134228 	 -0.00735657
14.9 	 0.134003 	 -0.0072949
14.925 	 0.133779 	 -0.00723374
14.95 	 0.133555 	 -0.00717309
14.975 	 0.133333 	 -0.00711294
15 	 0.133111 	 -0.00705329
15.025 	 0.13289 	 -0.00699414
15.05 	 0.13267 	 -0.00693547
15.075 	 0.13245 	 -0.00687729
15.1 	 0.132231 	 -0.0068196
15.125 	 0.132013 	 -0.00676238
15.15 	 0.131795 	 -0.00670564
15.175 	 0.131579 	 -0.00664937
15.2 	 0.131362 	 -0.00659357
15.225 	 0.131147 	 -0.00653823
15.25 	 0.130933 	 -0.00648335
15.275 	 0.130719 	 -0.00642893
15.3 	 0.130505 	 -0.00637496
15.325 	 0.130293 	 -0.00632144
15.35 	 0.130081 	 -0.00626836
15.375 	 0.12987 	 -0.00621573
15.4 	 0.129659 	 -0.00616353
15.425 	 0.12945 	 -0.00611177
15.45 	 0.12924 	 -0.00606044
15.475 	 0.129032 	 -0.00600954
15.5 	 0.128824 	 -0.00595906
15.525 	 0.128617 	 -0.005909
15.55 	 0.128411 	 -0.00585936
15.575 	 0.128205 	 -0.00581013
15.6 	 0.128 	 -0.00576132
15.625 	 0.127795 	 -0.00571291
15.65 	 0.127591 	 -0.00566491
15.675 	 0.127388 	 -0.0056173
15.7 	 0.127186 	 -0.00557009
15.725 	 0.126984 	 -0.00552328
15.75 	 0.126783 	 -0.00547686
15.775 	 0.126582 	 -0.00543082
15.8 	 0.126382 	 -0.00538517
15.825 	 0.126183 	 -0.00533991
15.85 	 0.125984 	 -0.00529502
15.875 	 0.125786 	 -0.0052505
15.9 	 0.125588 	 -0.00520636
15.925 	 0.125392 	 -0.00516258
15.95 	 0.125195 	 -0.00511918
15.975 	 0.125 	 -0.00507613
16 	 0.124805 	 -0.00503345
16.025 	 0.12461 	 -0.00499112
16.05 	 0.124417 	 -0.00494914
16.075 	 0.124223 	 -0.00494914
16.1 	 0.124031 	 -0.00486625
16.125 	 0.123839 	 -0.00482532
16.15 	 0.123647 	 -0.00478473
16.175 	 0.123457 	 -0.00474448
16.2 	 0.123266 	 -0.00474448
16.225 	 0.123077 	 -0.004665
16.25 	 0.122888 	 -0.00462576
16.275 	 0.122699 	 -0.00458684
16.3 	 0.122511 	 -0.00454825
16.325 	 0.122324 	 -0.00454825
16.35 	 0.122137 	 -0.00447204
16.375 	 0.121951 	 -0.00443442
16.4 	 0.121765 	 -0.00439711
16.425 	 0.12158 	 -0.00436011
16.45 	 0.121396 	 -0.00436011
16.475 	 0.121212 	 -0.00428704
16.5 	 0.121029 	 -0.00425096
16.525 	 0.120846 	 -0.00421519
16.55 	 0.120664 	 -0.00417972
16.575 	 0.120482 	 -0.00417972
16.6 	 0.120301 	 -0.00410966
16.625 	 0.12012 	 -0.00407508
16.65 	 0.11994 	 -0.00404078
16.675 	 0.11976 	 -0.00400677
16.7 	 0.119581 	 -0.00400677
16.725 	 0.119403 	 -0.00393961
16.75 	 0.119225 	 -0.00390645
16.775 	 0.119048 	 -0.00387357
16.8 	 0.118871 	 -0.00384096
16.825 	 0.118694 	 -0.00384096
16.85 	 0.118518 	 -0.00377657
16.875 	 0.118343 	 -0.00374478
16.9 	 0.118168 	 -0.00371326
16.925 	 0.117994 	 -0.003682
16.95 	 0.11782 	 -0.003682
16.975 	 0.117647 	 -0.00362027
17 	 0.117474 	 -0.00358979
17.025 	 0.117302 	 -0.00355957
17.05 	 0.11713 	 -0.00352961
17.075 	 0.116959 	 -0.00352961
17.1 	 0.116788 	 -0.00347043
17.125 	 0.116618 	 -0.00344121
17.15 	 0.116448 	 -0.00341224
17.175 	 0.116279 	 -0.00338351
17.2 	 0.11611 	 -0.00338351
17.225 	 0.115942 	 -0.00332678
17.25 	 0.115774 	 -0.00329877
17.275 	 0.115607 	 -0.003271
17.3 	 0.11544 	 -0.00324346
17.325 	 0.115274 	 -0.00324346
17.35 	 0.115108 	 -0.00318907
17.375 	 0.114942 	 -0.00316222
17.4 	 0.114778 	 -0.0031356
17.425 	 0.114613 	 -0.0031092
17.45 	 0.114449 	 -0.0031092
17.475 	 0.114286 	 -0.00305706
17.5 	 0.114123 	 -0.00303132
17.525 	 0.11396 	 -0.0030058
17.55 	 0.113798 	 -0.00298049
17.575 	 0.113636 	 -0.00298049
17.6 	 0.113475 	 -0.00293051
17.625 	 0.113314 	 -0.00290584
17.65 	 0.113154 	 -0.00288137
17.675 	 0.112994 	 -0.00285711
17.7 	 0.112835 	 -0.00285711
17.725 	 0.112676 	 -0.0028092
17.75 	 0.112518 	 -0.00278555
17.775 	 0.112359 	 -0.00276209
17.8 	 0.112202 	 -0.00273884
17.825 	 0.112045 	 -0.00273884
17.85 	 0.111888 	 -0.00269291
17.875 	 0.111732 	 -0.00267024
17.9 	 0.111576 	 -0.00264776
17.925 	 0.111421 	 -0.00262546
17.95 	 0.111266 	 -0.00262546
17.975 	 0.111111 	 -0.00258144
18 	 0.110957 	 -0.0025597
18.025 	 0.110803 	 -0.00253815
18.05 	 0.11065 	 -0.00251678
18.075 	 0.110497 	 -0.00251678
18.1 	 0.110345 	 -0.00247458
18.125 	 0.110193 	 -0.00245375
18.15 	 0.110041 	 -0.00243309
18.175 	 0.10989 	 -0.0024126
18.2 	 0.109739 	 -0.0024126
18.225 	 0.109589 	 -0.00237215
18.25 	 0.109439 	 -0.00235218
18.275 	 0.10929 	 -0.00233237
18.3 	 0.10914 	 -0.00231274
18.325 	 0.108992 	 -0.00231274
18.35 	 0.108843 	 -0.00227396
18.375 	 0.108696 	 -0.00225482
18.4 	 0.108548 	 -0.00223583
18.425 	 0.108401 	 -0.00221701
18.45 	 0.108254 	 -0.00221701
18.475 	 0.108108 	 -0.00217984
18.5 	 0.107962 	 -0.00216149
18.525 	 0.107817 	 -0.00214329
18.55 	 0.107672 	 -0.00212525
18.575 	 0.107527 	 -0.00212525
18.6 	 0.107382 	 -0.00208962
18.625 	 0.107239 	 -0.00207203
18.65 	 0.107095 	 -0.00205458
18.675 	 0.106952 	 -0.00203729
18.7 	 0.106809 	 -0.00203729
18.725 	 0.106667 	 -0.00200313
18.75 	 0.106525 	 -0.00198627
18.775 	 0.106383 	 -0.00196955
18.8 	 0.106242 	 -0.00195297
18.825 	 0.106101 	 -0.00195297
18.85 	 0.10596 	 -0.00192023
18.875 	 0.10582 	 -0.00190407
18.9 	 0.10568 	 -0.00188804
18.925 	 0.105541 	 -0.00187215
18.95 	 0.105402 	 -0.00187215
18.975 	 0.105263 	 -0.00184076
19 	 0.105125 	 -0.00182527
19.025 	 0.104987 	 -0.00180991
19.05 	 0.104849 	 -0.00179467
19.075 	 0.104712 	 -0.00179467
19.1 	 0.104575 	 -0.00176459
19.125 	 0.104439 	 -0.00174974
19.15 	 0.104302 	 -0.00173501
19.175 	 0.104167 	 -0.00172041
19.2 	 0.104031 	 -0.00170593
19.225 	 0.103896 	 -0.00169157
19.25 	 0.103761 	 -0.00167733
19.275 	 0.103627 	 -0.00166322
19.3 	 0.103493 	 -0.00164922
19.325 	 0.103359 	 -0.00163534
19.35 	 0.103226 	 -0.00162157
19.375 	 0.103093 	 -0.00160793
19.4 	 0.10296 	 -0.00159439
19.425 	 0.102828 	 -0.00158098
19.45 	 0.102696 	 -0.00156767
19.475 	 0.102564 	 -0.00155448
19.5 	 0.102433 	 -0.00154139
19.525 	 0.102302 	 -0.00152842
19.55 	 0.102171 	 -0.00151556
19.575 	 0.102041 	 -0.00150281
19.6 	 0.101911 	 -0.00149016
19.625 	 0.101781 	 -0.00147762
19.65 	 0.101652 	 -0.00146518
19.675 	 0.101523 	 -0.00145285
19.7 	 0.101394 	 -0.00144063
19.725 	 0.101266 	 -0.0014285
19.75 	 0.101138 	 -0.00141648
19.775 	 0.10101 	 -0.00140456
19.8 	 0.100883 	 -0.00139274
19.825 	 0.100756 	 -0.00138102
19.85 	 0.100629 	 -0.0013694
19.875 	 0.100502 	 -0.00135787
19.9 	 0.100376 	 -0.00134645
19.925 	 0.100251 	 -0.00133512
19.95 	 0.100125 	 -0.00132388
19.975 	 0.1 	 -0.00131274
20 	 0.0998751 	 -0.00130169
20.025 	 0.0997506 	 -0.00129074
20.05 	 0.0996264 	 -0.00127987
20.075 	 0.0995024 	 -0.0012691
20.1 	 0.0993788 	 -0.00125842
20.125 	 0.0992555 	 -0.00124783
20.15 	 0.0991325 	 -0.00123733
20.175 	 0.0990099 	 -0.00122692
20.2 	 0.0988875 	 -0.00121659
20.225 	 0.0987654 	 -0.00120635
20.25 	 0.0986436 	 -0.0011962
20.275 	 0.0985221 	 -0.00118613
20.3 	 0.0984009 	 -0.00117615
20.325 	 0.0982801 	 -0.00116625
20.35 	 0.0981595 	 -0.00115644
20.375 	 0.0980392 	 -0.0011467
20.4 	 0.0979192 	 -0.00113705
20.425 	 0.0977995 	 -0.00112748
20.45 	 0.0976801 	 -0.00111799
20.475 	 0.0975609 	 -0.00110858
20.5 	 0.0974421 	 -0.00109925
20.525 	 0.0973236 	 -0.00109
20.55 	 0.0972053 	 -0.00108083
20.575 	 0.0970873 	 -0.00107173
20.6 	 0.0969697 	 -0.00106271
20.625 	 0.0968523 	 -0.00105376
20.65 	 0.0967351 	 -0.00104489
20.675 	 0.0966183 	 -0.00103609
20.7 	 0.0965018 	 -0.00102737
20.725 	 0.0963855 	 -0.00101872
20.75 	 0.0962695 	 -0.00101015
20.775 	 0.0961538 	 -0.00100164
20.8 	 0.0960384 	 -0.00099321
20.825 	 0.0959232 	 -0.000984847
20.85 	 0.0958083 	 -0.000976555
20.875 	 0.0956937 	 -0.000968333
20.9 	 0.0955794 	 -0.000960179
20.925 	 0.0954654 	 -0.000952094
20.95 	 0.0953516 	 -0.000944076
20.975 	 0.0952381 	 -0.000936126
21 	 0.0951248 	 -0.000928242
21.025 	 0.0950118 	 -0.000920425
21.05 	 0.0948991 	 -0.000912672
21.075 	 0.0947867 	 -0.000904985
21.1 	 0.0946745 	 -0.000897363
21.125 	 0.0945626 	 -0.000889804
21.15 	 0.094451 	 -0.000882308
21.175 	 0.0943396 	 -0.000874875
21.2 	 0.0942285 	 -0.000867505
21.225 	 0.0941176 	 -0.000860196
21.25 	 0.094007 	 -0.000852948
21.275 	 0.0938967 	 -0.000845761
21.3 	 0.0937866 	 -0.000838634
21.325 	 0.0936768 	 -0.000831567
21.35 	 0.0935672 	 -0.000824559
21.375 	 0.0934579 	 -0.000817609
21.4 	 0.0933489 	 -0.000810718
21.425 	 0.0932401 	 -0.000803884
21.45 	 0.0931315 	 -0.000797107
21.475 	 0.0930232 	 -0.000790387
21.5 	 0.0929152 	 -0.000783723
21.525 	 0.0928074 	 -0.000777114
21.55 	 0.0926998 	 -0.000770561
21.575 	 0.0925926 	 -0.000764063
21.6 	 0.0924855 	 -0.000757619
21.625 	 0.0923787 	 -0.000751228
21.65 	 0.0922722 	 -0.000744891
21.675 	 0.0921659 	 -0.000738607
21.7 	 0.0920598 	 -0.000732375
21.725 	 0.091954 	 -0.000726195
21.75 	 0.0918484 	 -0.000720067
21.775 	 0.0917431 	 -0.00071399
21.8 	 0.091638 	 -0.000707963
21.825 	 0.0915331 	 -0.000701987
21.85 	 0.0914285 	 -0.00069606
21.875 	 0.0913242 	 -0.000690183
21.9 	 0.09122 	 -0.000684355
21.925 	 0.0911161 	 -0.000678575
21.95 	 0.0910125 	 -0.000672843
21.975 	 0.0909091 	 -0.000667159
22 	 0.0908059 	 -0.000661522
22.025 	 0.0907029 	 -0.000655933
22.05 	 0.0906002 	 -0.000650389
22.075 	 0.0904977 	 -0.000644892
22.1 	 0.0903954 	 -0.00063944
22.125 	 0.0902934 	 -0.000634034
22.15 	 0.0901916 	 -0.000628672
22.175 	 0.0900901 	 -0.000623355
22.2 	 0.0899887 	 -0.000618082
22.225 	 0.0898876 	 -0.000612853
22.25 	 0.0897867 	 -0.000607667
22.275 	 0.0896861 	 -0.000602525
22.3 	 0.0895856 	 -0.000597425
22.325 	 0.0894854 	 -0.000592367
22.35 	 0.0893854 	 -0.000587351
22.375 	 0.0892857 	 -0.000582376
22.4 	 0.0891861 	 -0.000577443
22.425 	 0.0890868 	 -0.00057255
22.45 	 0.0889877 	 -0.000567698
22.475 	 0.0888889 	 -0.000562887
22.5 	 0.0887902 	 -0.000558115
22.525 	 0.0886918 	 -0.000553382
22.55 	 0.0885935 	 -0.000548688
22.575 	 0.0884955 	 -0.000544034
22.6 	 0.0883978 	 -0.000539417
22.625 	 0.0883002 	 -0.000534839
22.65 	 0.0882028 	 -0.000530299
22.675 	 0.0881057 	 -0.000525796
22.7 	 0.0880088 	 -0.00052133
22.725 	 0.0879121 	 -0.000516901
22.75 	 0.0878156 	 -0.000512508
22.775 	 0.0877193 	 -0.000508152
22.8 	 0.0876232 	 -0.000503832
22.825 	 0.0875273 	 -0.000499547
22.85 	 0.0874317 	 -0.000495297
22.875 	 0.0873362 	 -0.000491082
22.9 	 0.087241 	 -0.000486903
22.925 	 0.0871459 	 -0.000482757
22.95 	 0.0870511 	 -0.000478645
22.975 	 0.0869565 	 -0.000474568
23 	 0.0868621 	 -0.000470524
23.025 	 0.0867679 	 -0.000466513
23.05 	 0.0866739 	 -0.000462535
23.075 	 0.0865801 	 -0.000458589
23.1 	 0.0864865 	 -0.000454676
23.125 	 0.0863931 	 -0.000450795
23.15 	 0.0862999 	 -0.000446946
23.175 	 0.0862069 	 -0.000443129
23.2 	 0.0861141 	 -0.000439343
23.225 	 0.0860215 	 -0.000435588
23.25 	 0.0859291 	 -0.000431864
23.275 	 0.0858369 	 -0.00042817
23.3 	 0.0857449 	 -0.000424506
23.325 	 0.0856531 	 -0.000420873
23.35 	 0.0855615 	 -0.00041727
23.375 	 0.08547 	 -0.000413696
23.4 	 0.0853788 	 -0.000410151
23.425 	 0.0852878 	 -0.000406635
23.45 	 0.085197 	 -0.000403148
23.475 	 0.0851063 	 -0.00039969
23.5 	 0.0850159 	 -0.000396261
23.525 	 0.0849257 	 -0.000392859
23.55 	 0.0848356 	 -0.000389485
23.575 	 0.0847457 	 -0.000386139
23.6 	 0.084656 	 -0.000382821
23.625 	 0.0845666 	 -0.00037953
23.65 	 0.0844773 	 -0.000376266
23.675 	 0.0843882 	 -0.000373028
23.7 	 0.0842992 	 -0.000369818
23.725 	 0.0842105 	 -0.000366634
23.75 	 0.0841219 	 -0.000363476
23.775 	 0.0840336 	 -0.000360344
23.8 	 0.0839454 	 -0.000357238
23.825 	 0.0838574 	 -0.000354158
23.85 	 0.0837696 	 -0.000351104
23.875 	 0.083682 	 -0.000348075
23.9 	 0.0835945 	 -0.000345071
23.925 	 0.0835073 	 -0.000342092
23.95 	 0.0834202 	 -0.000339138
23.975 	 0.0833333 	 -0.000336209
24 	 0.0832466 	 -0.000333304
24.025 	 0.08316 	 -0.000330423
24.05 	 0.0830737 	 -0.000327567
24.075 	 0.0829875 	 -0.000324735
24.1 	 0.0829015 	 -0.000321927
24.125 	 0.0828157 	 -0.000319143
24.15 	 0.0827301 	 -0.000316382
24.175 	 0.0826446 	 -0.000313646
24.2 	 0.0825593 	 -0.000310932
24.225 	 0.0824742 	 -0.000308242
24.25 	 0.0823893 	 -0.000305575
24.275 	 0.0823045 	 -0.000302932
24.3 	 0.0822199 	 -0.000300311
24.325 	 0.0821355 	 -0.000297714
24.35 	 0.0820512 	 -0.000295139
24.375 	 0.0819672 	 -0.000292588
24.4 	 0.0818833 	 -0.000290059
24.425 	 0.0817996 	 -0.000287553
24.45 	 0.081716 	 -0.000285069
24.475 	 0.0816326 	 -0.000282608
24.5 	 0.0815494 	 -0.00028017
24.525 	 0.0814664 	 -0.000277755
24.55 	 0.0813835 	 -0.000275362
24.575 	 0.0813008 	 -0.000272991
24.6 	 0.0812182 	 -0.000270643
24.625 	 0.0811359 	 -0.000268318
24.65 	 0.0810537 	 -0.000266015
24.675 	 0.0809716 	 -0.000263735
24.7 	 0.0808898 	 -0.000261477
24.725 	 0.080808 	 -0.000259242
24.75 	 0.0807265 	 -0.00025703
24.775 	 0.0806451 	 -0.000254841
24.8 	 0.0805639 	 -0.000252675
24.825 	 0.0804829 	 -0.000250531
24.85 	 0.080402 	 -0.000248411
24.875 	 0.0803213 	 -0.000246314
24.9 	 0.0802407 	 -0.000244241
24.925 	 0.0801603 	 -0.000242191
24.95 	 0.08008 	 -0.000240164
24.975 	 0.08 	 -0.000238162
