0 	 1.36637 	 -0.186531
0.025 	 1.36638 	 -0.18653
0.05 	 1.36639 	 -0.18653
0.075 	 1.36638 	 -0.186529
0.1 	 1.36637 	 -0.186529
0.125 	 1.36635 	 -0.186528
0.15 	 1.36632 	 -0.186528
0.175 	 1.36628 	 -0.186527
0.2 	 1.36624 	 -0.186527
0.225 	 1.36618 	 -0.186526
0.25 	 1.36612 	 -0.186526
0.275 	 1.36605 	 -0.186525
0.3 	 1.36597 	 -0.186524
0.325 	 1.36588 	 -0.186524
0.35 	 1.36578 	 -0.186523
0.375 	 1.36567 	 -0.186523
0.4 	 1.36556 	 -0.186522
0.425 	 1.36544 	 -0.186521
0.45 	 1.36531 	 -0.186521
0.475 	 1.36517 	 -0.18652
0.5 	 1.36502 	 -0.186519
0.525 	 1.36486 	 -0.186518
0.55 	 1.3647 	 -0.186518
0.575 	 1.36452 	 -0.186517
0.6 	 1.36434 	 -0.186516
0.625 	 1.36415 	 -0.186515
0.65 	 1.36395 	 -0.186514
0.675 	 1.36375 	 -0.186514
0.7 	 1.36353 	 -0.186513
0.725 	 1.36331 	 -0.186512
0.75 	 1.36307 	 -0.186511
0.775 	 1.36283 	 -0.18651
0.8 	 1.36258 	 -0.186509
0.825 	 1.36232 	 -0.186508
0.85 	 1.36206 	 -0.186507
0.875 	 1.36178 	 -0.186506
0.9 	 1.3615 	 -0.186505
0.925 	 1.36121 	 -0.186504
0.95 	 1.36091 	 -0.186503
0.975 	 1.3606 	 -0.186502
1 	 1.36028 	 -0.1865
1.025 	 1.35996 	 -0.186499
1.05 	 1.35962 	 -0.186498
1.075 	 1.35928 	 -0.186498
1.1 	 1.35893 	 -0.186495
1.125 	 1.35857 	 -0.186494
1.15 	 1.3582 	 -0.186493
1.175 	 1.35783 	 -0.186491
1.2 	 1.35744 	 -0.18649
1.225 	 1.35705 	 -0.186488
1.25 	 1.35665 	 -0.186487
1.275 	 1.35624 	 -0.186485
1.3 	 1.35582 	 -0.186484
1.325 	 1.35539 	 -0.186482
1.35 	 1.35496 	 -0.18648
1.375 	 1.35451 	 -0.186479
1.4 	 1.35406 	 -0.186477
1.425 	 1.3536 	 -0.186475
1.45 	 1.35313 	 -0.186473
1.475 	 1.35265 	 -0.186471
1.5 	 1.35217 	 -0.186469
1.525 	 1.35167 	 -0.186467
1.55 	 1.35117 	 -0.186465
1.575 	 1.35066 	 -0.186463
1.6 	 1.35014 	 -0.186461
1.625 	 1.34961 	 -0.186459
1.65 	 1.34907 	 -0.186457
1.675 	 1.34853 	 -0.186454
1.7 	 1.34797 	 -0.186452
1.725 	 1.34741 	 -0.18645
1.75 	 1.34684 	 -0.186447
1.775 	 1.34626 	 -0.186445
1.8 	 1.34568 	 -0.186442
1.825 	 1.34508 	 -0.186439
1.85 	 1.34448 	 -0.186437
1.875 	 1.34386 	 -0.186434
1.9 	 1.34324 	 -0.186431
1.925 	 1.34261 	 -0.186428
1.95 	 1.34197 	 -0.186425
1.975 	 1.34133 	 -0.186422
2 	 1.34067 	 -0.186419
2.025 	 1.34001 	 -0.186419
2.05 	 1.33934 	 -0.186412
2.075 	 1.33866 	 -0.186408
2.1 	 1.33797 	 -0.186405
2.125 	 1.33727 	 -0.186401
2.15 	 1.33657 	 -0.186401
2.175 	 1.33585 	 -0.186394
2.2 	 1.33513 	 -0.18639
2.225 	 1.3344 	 -0.186386
2.25 	 1.33366 	 -0.186382
2.275 	 1.33291 	 -0.186382
2.3 	 1.33216 	 -0.186373
2.325 	 1.33139 	 -0.186369
2.35 	 1.33062 	 -0.186364
2.375 	 1.32984 	 -0.18636
2.4 	 1.32905 	 -0.186355
2.425 	 1.32825 	 -0.18635
2.45 	 1.32745 	 -0.186345
2.475 	 1.32663 	 -0.18634
2.5 	 1.32581 	 -0.186335
2.525 	 1.32498 	 -0.186329
2.55 	 1.32414 	 -0.186324
2.575 	 1.32329 	 -0.186318
2.6 	 1.32243 	 -0.186312
2.625 	 1.32157 	 -0.186306
2.65 	 1.32069 	 -0.1863
2.675 	 1.31981 	 -0.186294
2.7 	 1.31892 	 -0.186288
2.725 	 1.31802 	 -0.186281
2.75 	 1.31711 	 -0.186274
2.775 	 1.3162 	 -0.186267
2.8 	 1.31527 	 -0.18626
2.825 	 1.31434 	 -0.186253
2.85 	 1.3134 	 -0.186246
2.875 	 1.31245 	 -0.186238
2.9 	 1.31149 	 -0.18623
2.925 	 1.31053 	 -0.186222
2.95 	 1.30955 	 -0.186214
2.975 	 1.30857 	 -0.186205
3 	 1.30758 	 -0.186197
3.025 	 1.30658 	 -0.186188
3.05 	 1.30557 	 -0.186179
3.075 	 1.30456 	 -0.18617
3.1 	 1.30353 	 -0.18616
3.125 	 1.3025 	 -0.18615
3.15 	 1.30146 	 -0.18614
3.175 	 1.30041 	 -0.18613
3.2 	 1.29935 	 -0.186119
3.225 	 1.29829 	 -0.186109
3.25 	 1.29721 	 -0.186097
3.275 	 1.29613 	 -0.186086
3.3 	 1.29504 	 -0.186075
3.325 	 1.29394 	 -0.186063
3.35 	 1.29283 	 -0.18605
3.375 	 1.29171 	 -0.186038
3.4 	 1.29059 	 -0.186025
3.425 	 1.28945 	 -0.186012
3.45 	 1.28831 	 -0.185998
3.475 	 1.28716 	 -0.185985
3.5 	 1.28601 	 -0.18597
3.525 	 1.28484 	 -0.185956
3.55 	 1.28366 	 -0.185941
3.575 	 1.28248 	 -0.185926
3.6 	 1.28129 	 -0.18591
3.625 	 1.28009 	 -0.185894
3.65 	 1.27888 	 -0.185878
3.675 	 1.27767 	 -0.185861
3.7 	 1.27644 	 -0.185844
3.725 	 1.27521 	 -0.185826
3.75 	 1.27397 	 -0.185808
3.775 	 1.27272 	 -0.185789
3.8 	 1.27146 	 -0.18577
3.825 	 1.2702 	 -0.185751
3.85 	 1.26892 	 -0.185731
3.875 	 1.26764 	 -0.18571
3.9 	 1.26635 	 -0.185689
3.925 	 1.26505 	 -0.185668
3.95 	 1.26375 	 -0.185646
3.975 	 1.26243 	 -0.185623
4 	 1.26111 	 -0.1856
4.025 	 1.25978 	 -0.185576
4.05 	 1.25844 	 -0.185576
4.075 	 1.25709 	 -0.185527
4.1 	 1.25573 	 -0.185502
4.125 	 1.25437 	 -0.185475
4.15 	 1.253 	 -0.185449
4.175 	 1.25162 	 -0.185449
4.2 	 1.25023 	 -0.185393
4.225 	 1.24883 	 -0.185364
4.25 	 1.24743 	 -0.185335
4.275 	 1.24601 	 -0.185305
4.3 	 1.24459 	 -0.185305
4.325 	 1.24316 	 -0.185242
4.35 	 1.24173 	 -0.185209
4.375 	 1.24028 	 -0.185176
4.4 	 1.23883 	 -0.185142
4.425 	 1.23737 	 -0.185142
4.45 	 1.2359 	 -0.185071
4.475 	 1.23442 	 -0.185034
4.5 	 1.23293 	 -0.184997
4.525 	 1.23144 	 -0.184958
4.55 	 1.22994 	 -0.184958
4.575 	 1.22843 	 -0.184878
4.6 	 1.22691 	 -0.184837
4.625 	 1.22538 	 -0.184795
4.65 	 1.22385 	 -0.184751
4.675 	 1.22231 	 -0.184751
4.7 	 1.22076 	 -0.184661
4.725 	 1.2192 	 -0.184615
4.75 	 1.21763 	 -0.184567
4.775 	 1.21606 	 -0.184518
4.8 	 1.21448 	 -0.184468
4.825 	 1.21289 	 -0.184417
4.85 	 1.21129 	 -0.184364
4.875 	 1.20969 	 -0.18431
4.9 	 1.20807 	 -0.184255
4.925 	 1.20645 	 -0.184199
4.95 	 1.20482 	 -0.184141
4.975 	 1.20319 	 -0.184082
5 	 1.20154 	 -0.184021
5.025 	 1.19989 	 -0.18396
5.05 	 1.19823 	 -0.183896
5.075 	 1.19657 	 -0.183831
5.1 	 1.19489 	 -0.183765
5.125 	 1.19321 	 -0.183697
5.15 	 1.19152 	 -0.183627
5.175 	 1.18982 	 -0.183556
5.2 	 1.18811 	 -0.183483
5.225 	 1.1864 	 -0.183408
5.25 	 1.18468 	 -0.183332
5.275 	 1.18295 	 -0.183254
5.3 	 1.18122 	 -0.183174
5.325 	 1.17947 	 -0.183092
5.35 	 1.17772 	 -0.183008
5.375 	 1.17596 	 -0.182923
5.4 	 1.1742 	 -0.182835
5.425 	 1.17242 	 -0.182745
5.45 	 1.17064 	 -0.182654
5.475 	 1.16886 	 -0.18256
5.5 	 1.16706 	 -0.182464
5.525 	 1.16526 	 -0.182366
5.55 	 1.16345 	 -0.182265
5.575 	 1.16163 	 -0.182163
5.6 	 1.15981 	 -0.182058
5.625 	 1.15798 	 -0.181951
5.65 	 1.15614 	 -0.181841
5.675 	 1.15429 	 -0.181729
5.7 	 1.15244 	 -0.181614
5.725 	 1.15058 	 -0.181497
5.75 	 1.14871 	 -0.181377
5.775 	 1.14684 	 -0.181254
5.8 	 1.14496 	 -0.181129
5.825 	 1.14307 	 -0.181001
5.85 	 1.14117 	 -0.18087
5.875 	 1.13927 	 -0.180736
5.9 	 1.13736 	 -0.1806
5.925 	 1.13545 	 -0.18046
5.95 	 1.13353 	 -0.180318
5.975 	 1.1316 	 -0.180172
6 	 1.12966 	 -0.180023
6.025 	 1.12772 	 -0.179872
6.05 	 1.12577 	 -0.179716
6.075 	 1.12382 	 -0.179558
6.1 	 1.12186 	 -0.179396
6.125 	 1.11989 	 -0.179231
6.15 	 1.11792 	 -0.179062
6.175 	 1.11594 	 -0.17889
6.2 	 1.11395 	 -0.178714
6.225 	 1.11196 	 -0.178535
6.25 	 1.10996 	 -0.178352
6.275 	 1.10795 	 -0.178165
6.3 	 1.10594 	 -0.177975
6.325 	 1.10393 	 -0.17778
6.35 	 1.1019 	 -0.177582
6.375 	 1.09987 	 -0.17738
6.4 	 1.09784 	 -0.177174
6.425 	 1.0958 	 -0.176963
6.45 	 1.09375 	 -0.176749
6.475 	 1.0917 	 -0.17653
6.5 	 1.08964 	 -0.176307
6.525 	 1.08758 	 -0.17608
6.55 	 1.08551 	 -0.175848
6.575 	 1.08344 	 -0.175612
6.6 	 1.08136 	 -0.175372
6.625 	 1.07928 	 -0.175127
6.65 	 1.07719 	 -0.174878
6.675 	 1.0751 	 -0.174623
6.7 	 1.073 	 -0.174365
6.725 	 1.07089 	 -0.174101
6.75 	 1.06878 	 -0.173833
6.775 	 1.06667 	 -0.17356
6.8 	 1.06455 	 -0.173282
6.825 	 1.06243 	 -0.172999
6.85 	 1.0603 	 -0.172711
6.875 	 1.05817 	 -0.172418
6.9 	 1.05603 	 -0.17212
6.925 	 1.05389 	 -0.171817
6.95 	 1.05175 	 -0.171509
6.975 	 1.0496 	 -0.171196
7 	 1.04745 	 -0.170878
7.025 	 1.04529 	 -0.170554
7.05 	 1.04313 	 -0.170225
7.075 	 1.04097 	 -0.169891
7.1 	 1.0388 	 -0.169551
7.125 	 1.03663 	 -0.169206
7.15 	 1.03446 	 -0.168856
7.175 	 1.03228 	 -0.1685
7.2 	 1.0301 	 -0.168139
7.225 	 1.02792 	 -0.167772
7.25 	 1.02573 	 -0.1674
7.275 	 1.02354 	 -0.167023
7.3 	 1.02135 	 -0.16664
7.325 	 1.01915 	 -0.166251
7.35 	 1.01696 	 -0.165857
7.375 	 1.01476 	 -0.165457
7.4 	 1.01255 	 -0.165052
7.425 	 1.01035 	 -0.164642
7.45 	 1.00814 	 -0.164225
7.475 	 1.00594 	 -0.163804
7.5 	 1.00373 	 -0.163376
7.525 	 1.00151 	 -0.162944
7.55 	 0.9993 	 -0.162505
7.575 	 0.997085 	 -0.162062
7.6 	 0.994869 	 -0.161613
7.625 	 0.992652 	 -0.161158
7.65 	 0.990433 	 -0.160698
7.675 	 0.988213 	 -0.160232
7.7 	 0.985993 	 -0.159761
7.725 	 0.983772 	 -0.159285
7.75 	 0.98155 	 -0.158804
7.775 	 0.979327 	 -0.158317
7.8 	 0.977104 	 -0.157825
7.825 	 0.974881 	 -0.157328
7.85 	 0.972658 	 -0.156826
7.875 	 0.970435 	 -0.156318
7.9 	 0.968212 	 -0.155806
7.925 	 0.965989 	 -0.155288
7.95 	 0.963767 	 -0.154766
7.975 	 0.961545 	 -0.154239
8 	 0.959324 	 -0.153707
8.025 	 0.957103 	 -0.15317
8.05 	 0.954883 	 -0.152628
8.075 	 0.952665 	 -0.152082
8.1 	 0.950498 	 -0.152082
8.125 	 0.948231 	 -0.150976
8.15 	 0.946016 	 -0.150417
8.175 	 0.943802 	 -0.149853
8.2 	 0.941591 	 -0.149285
8.225 	 0.939432 	 -0.149285
8.25 	 0.937172 	 -0.148136
8.275 	 0.934966 	 -0.147556
8.3 	 0.932762 	 -0.146971
8.325 	 0.93056 	 -0.146383
8.35 	 0.928412 	 -0.146383
8.375 	 0.926163 	 -0.145196
8.4 	 0.923969 	 -0.144597
8.425 	 0.921777 	 -0.143994
8.45 	 0.919588 	 -0.143388
8.475 	 0.917453 	 -0.143388
8.5 	 0.915219 	 -0.142167
8.525 	 0.913039 	 -0.141551
8.55 	 0.910862 	 -0.140933
8.575 	 0.908688 	 -0.140312
8.6 	 0.906568 	 -0.140312
8.625 	 0.904352 	 -0.139061
8.65 	 0.902189 	 -0.138431
8.675 	 0.90003 	 -0.1378
8.7 	 0.897875 	 -0.137165
8.725 	 0.895773 	 -0.137165
8.75 	 0.893577 	 -0.13589
8.775 	 0.891434 	 -0.13525
8.8 	 0.889295 	 -0.134607
8.825 	 0.887161 	 -0.133963
8.85 	 0.885078 	 -0.133963
8.875 	 0.882905 	 -0.132669
8.9 	 0.880785 	 -0.132019
8.925 	 0.878668 	 -0.131368
8.95 	 0.876557 	 -0.130716
8.975 	 0.874496 	 -0.130716
9 	 0.872348 	 -0.129408
9.025 	 0.870252 	 -0.128752
9.05 	 0.86816 	 -0.128096
9.075 	 0.866073 	 -0.127438
9.1 	 0.864036 	 -0.127438
9.125 	 0.861916 	 -0.126121
9.15 	 0.859845 	 -0.125462
9.175 	 0.85778 	 -0.124802
9.2 	 0.85572 	 -0.124142
9.225 	 0.853707 	 -0.124142
9.25 	 0.851617 	 -0.12282
9.275 	 0.849574 	 -0.122159
9.3 	 0.847536 	 -0.121498
9.325 	 0.845505 	 -0.120838
9.35 	 0.843518 	 -0.120838
9.375 	 0.841459 	 -0.119516
9.4 	 0.839445 	 -0.118856
9.425 	 0.837436 	 -0.118197
9.45 	 0.835434 	 -0.117537
9.475 	 0.833475 	 -0.117537
9.5 	 0.831448 	 -0.116221
9.525 	 0.829464 	 -0.115563
9.55 	 0.827486 	 -0.114907
9.575 	 0.825515 	 -0.114251
9.6 	 0.823549 	 -0.113596
9.625 	 0.82159 	 -0.112942
9.65 	 0.819637 	 -0.112289
9.675 	 0.81769 	 -0.111638
9.7 	 0.81575 	 -0.110987
9.725 	 0.813816 	 -0.110338
9.75 	 0.811889 	 -0.10969
9.775 	 0.809968 	 -0.109044
9.8 	 0.808053 	 -0.108399
9.825 	 0.806145 	 -0.107755
9.85 	 0.804243 	 -0.107113
9.875 	 0.802348 	 -0.106473
9.9 	 0.800459 	 -0.105834
9.925 	 0.798577 	 -0.105197
9.95 	 0.796701 	 -0.104561
9.975 	 0.794832 	 -0.103928
10 	 0.79297 	 -0.103296
10.025 	 0.791114 	 -0.102666
10.05 	 0.789264 	 -0.102038
10.075 	 0.787422 	 -0.101412
10.1 	 0.785585 	 -0.100788
10.125 	 0.783756 	 -0.100167
10.15 	 0.781933 	 -0.0995469
10.175 	 0.780116 	 -0.0989293
10.2 	 0.778307 	 -0.0983138
10.225 	 0.776503 	 -0.0977005
10.25 	 0.774707 	 -0.0970895
10.275 	 0.772917 	 -0.0964807
10.3 	 0.771133 	 -0.0958743
10.325 	 0.769357 	 -0.0952701
10.35 	 0.767586 	 -0.0946683
10.375 	 0.765823 	 -0.0940688
10.4 	 0.764066 	 -0.0934718
10.425 	 0.762315 	 -0.0928772
10.45 	 0.760572 	 -0.092285
10.475 	 0.758834 	 -0.0916953
10.5 	 0.757104 	 -0.0911081
10.525 	 0.755379 	 -0.0905234
10.55 	 0.753662 	 -0.0899412
10.575 	 0.751951 	 -0.0893616
10.6 	 0.750246 	 -0.0887846
10.625 	 0.748548 	 -0.0882101
10.65 	 0.746857 	 -0.0876382
10.675 	 0.745172 	 -0.0870689
10.7 	 0.743493 	 -0.0865023
10.725 	 0.741821 	 -0.0859383
10.75 	 0.740155 	 -0.0853769
10.775 	 0.738496 	 -0.0848182
10.8 	 0.736843 	 -0.0842622
10.825 	 0.735197 	 -0.0837089
10.85 	 0.733557 	 -0.0831582
10.875 	 0.731923 	 -0.0826102
10.9 	 0.730296 	 -0.082065
10.925 	 0.728675 	 -0.0815224
10.95 	 0.72706 	 -0.0809826
10.975 	 0.725451 	 -0.0804455
11 	 0.723849 	 -0.0799111
11.025 	 0.722253 	 -0.0793794
11.05 	 0.720664 	 -0.0788505
11.075 	 0.71908 	 -0.0783243
11.1 	 0.717503 	 -0.0778009
11.125 	 0.715932 	 -0.0772802
11.15 	 0.714367 	 -0.0767622
11.175 	 0.712808 	 -0.076247
11.2 	 0.711255 	 -0.0757345
11.225 	 0.709709 	 -0.0752247
11.25 	 0.708168 	 -0.0747177
11.275 	 0.706634 	 -0.0742135
11.3 	 0.705105 	 -0.073712
11.325 	 0.703583 	 -0.0732132
11.35 	 0.702066 	 -0.0727171
11.375 	 0.700556 	 -0.0722238
11.4 	 0.699051 	 -0.0717332
11.425 	 0.697552 	 -0.0712454
11.45 	 0.696059 	 -0.0707602
11.475 	 0.694572 	 -0.0702778
11.5 	 0.693091 	 -0.0697981
11.525 	 0.691616 	 -0.0693211
11.55 	 0.690146 	 -0.0688468
11.575 	 0.688683 	 -0.0683752
11.6 	 0.687225 	 -0.0679062
11.625 	 0.685772 	 -0.06744
11.65 	 0.684326 	 -0.0669765
11.675 	 0.682885 	 -0.0665156
11.7 	 0.681449 	 -0.0660574
11.725 	 0.68002 	 -0.0656018
11.75 	 0.678596 	 -0.0651489
11.775 	 0.677177 	 -0.0646987
11.8 	 0.675764 	 -0.064251
11.825 	 0.674357 	 -0.0638061
11.85 	 0.672955 	 -0.0633637
11.875 	 0.671558 	 -0.0629239
11.9 	 0.670167 	 -0.0624868
11.925 	 0.668782 	 -0.0620522
11.95 	 0.667402 	 -0.0616203
11.975 	 0.666027 	 -0.0611909
12 	 0.664657 	 -0.0607641
12.025 	 0.663293 	 -0.0603398
12.05 	 0.661934 	 -0.0599181
12.075 	 0.660581 	 -0.0594989
12.1 	 0.659232 	 -0.0590823
12.125 	 0.657889 	 -0.0586682
12.15 	 0.656551 	 -0.0582566
12.175 	 0.655219 	 -0.0578475
12.2 	 0.653891 	 -0.0574409
12.225 	 0.652569 	 -0.0570368
12.25 	 0.651251 	 -0.0566352
12.275 	 0.649939 	 -0.056236
12.3 	 0.648632 	 -0.0558393
12.325 	 0.64733 	 -0.055445
12.35 	 0.646032 	 -0.0550532
12.375 	 0.64474 	 -0.0546638
12.4 	 0.643453 	 -0.0542768
12.425 	 0.642171 	 -0.0538922
12.45 	 0.640893 	 -0.05351
12.475 	 0.639621 	 -0.0531302
12.5 	 0.638353 	 -0.0527527
12.525 	 0.63709 	 -0.0523776
12.55 	 0.635832 	 -0.0520049
12.575 	 0.634579 	 -0.0516345
12.6 	 0.633331 	 -0.0512664
12.625 	 0.632087 	 -0.0509007
12.65 	 0.630848 	 -0.0505372
12.675 	 0.629614 	 -0.0501761
12.7 	 0.628384 	 -0.0498172
12.725 	 0.627159 	 -0.0494606
12.75 	 0.625939 	 -0.0491063
12.775 	 0.624723 	 -0.0487542
12.8 	 0.623512 	 -0.0484044
12.825 	 0.622305 	 -0.0480568
12.85 	 0.621103 	 -0.0477114
12.875 	 0.619905 	 -0.0473682
12.9 	 0.618712 	 -0.0470273
12.925 	 0.617524 	 -0.0466885
12.95 	 0.61634 	 -0.0463519
12.975 	 0.61516 	 -0.0460174
13 	 0.613984 	 -0.0456851
13.025 	 0.612813 	 -0.045355
13.05 	 0.611647 	 -0.045027
13.075 	 0.610485 	 -0.0447011
13.1 	 0.609327 	 -0.0443773
13.125 	 0.608173 	 -0.0440556
13.15 	 0.607023 	 -0.043736
13.175 	 0.605878 	 -0.0434185
13.2 	 0.604737 	 -0.0431031
13.225 	 0.6036 	 -0.0427897
13.25 	 0.602468 	 -0.0424784
13.275 	 0.601339 	 -0.0421691
13.3 	 0.600215 	 -0.0418618
13.325 	 0.599095 	 -0.0415565
13.35 	 0.597979 	 -0.0412533
13.375 	 0.596867 	 -0.040952
13.4 	 0.595759 	 -0.0406527
13.425 	 0.594655 	 -0.0403554
13.45 	 0.593555 	 -0.0400601
13.475 	 0.592459 	 -0.0397667
13.5 	 0.591367 	 -0.0394752
13.525 	 0.590279 	 -0.0391857
13.55 	 0.589195 	 -0.0388981
13.575 	 0.588115 	 -0.0386124
13.6 	 0.587039 	 -0.0383286
13.625 	 0.585967 	 -0.0380467
13.65 	 0.584898 	 -0.0377667
13.675 	 0.583833 	 -0.0374885
13.7 	 0.582773 	 -0.0372122
13.725 	 0.581716 	 -0.0369377
13.75 	 0.580662 	 -0.0366651
13.775 	 0.579613 	 -0.0363943
13.8 	 0.578567 	 -0.0361253
13.825 	 0.577525 	 -0.0358582
13.85 	 0.576487 	 -0.0355928
13.875 	 0.575452 	 -0.0353292
13.9 	 0.574421 	 -0.0350674
13.925 	 0.573393 	 -0.0348073
13.95 	 0.57237 	 -0.034549
13.975 	 0.57135 	 -0.0342925
14 	 0.570333 	 -0.0340377
14.025 	 0.56932 	 -0.0337846
14.05 	 0.568311 	 -0.0335332
14.075 	 0.567305 	 -0.0332836
14.1 	 0.566302 	 -0.0330356
14.125 	 0.565303 	 -0.0327894
14.15 	 0.564308 	 -0.0325448
14.175 	 0.563316 	 -0.0323018
14.2 	 0.562328 	 -0.0320606
14.225 	 0.561343 	 -0.0318209
14.25 	 0.560361 	 -0.031583
14.275 	 0.559383 	 -0.0313466
14.3 	 0.558408 	 -0.0311119
14.325 	 0.557437 	 -0.0308788
14.35 	 0.556468 	 -0.0306473
14.375 	 0.555504 	 -0.0304174
14.4 	 0.554542 	 -0.030189
14.425 	 0.553584 	 -0.0299623
14.45 	 0.552629 	 -0.0297371
14.475 	 0.551677 	 -0.0295134
14.5 	 0.550729 	 -0.0292913
14.525 	 0.549784 	 -0.0290708
14.55 	 0.548842 	 -0.0288517
14.575 	 0.547903 	 -0.0286342
14.6 	 0.546967 	 -0.0284182
14.625 	 0.546035 	 -0.0282037
14.65 	 0.545106 	 -0.0279907
14.675 	 0.54418 	 -0.0277792
14.7 	 0.543257 	 -0.0275692
14.725 	 0.542337 	 -0.0273606
14.75 	 0.54142 	 -0.0271534
14.775 	 0.540506 	 -0.0269478
14.8 	 0.539596 	 -0.0267435
14.825 	 0.538688 	 -0.0265407
14.85 	 0.537783 	 -0.0263394
14.875 	 0.536882 	 -0.0261394
14.9 	 0.535983 	 -0.0259408
14.925 	 0.535088 	 -0.0257437
14.95 	 0.534195 	 -0.0255479
14.975 	 0.533306 	 -0.0253535
15 	 0.532419 	 -0.0251605
15.025 	 0.531535 	 -0.0249688
15.05 	 0.530654 	 -0.0247785
15.075 	 0.529776 	 -0.0245895
15.1 	 0.528901 	 -0.0244019
15.125 	 0.528029 	 -0.0242156
15.15 	 0.52716 	 -0.0240306
15.175 	 0.526293 	 -0.023847
15.2 	 0.52543 	 -0.0236646
15.225 	 0.524569 	 -0.0234836
15.25 	 0.523711 	 -0.0233038
15.275 	 0.522856 	 -0.0231253
15.3 	 0.522003 	 -0.0229481
15.325 	 0.521153 	 -0.0227722
15.35 	 0.520306 	 -0.0225975
15.375 	 0.519462 	 -0.022424
15.4 	 0.518621 	 -0.0222518
15.425 	 0.517782 	 -0.0220809
15.45 	 0.516946 	 -0.0219111
15.475 	 0.516113 	 -0.0217426
15.5 	 0.515282 	 -0.0215753
15.525 	 0.514454 	 -0.0214092
15.55 	 0.513628 	 -0.0212443
15.575 	 0.512806 	 -0.0210806
15.6 	 0.511986 	 -0.0209181
15.625 	 0.511168 	 -0.0207567
15.65 	 0.510353 	 -0.0205965
15.675 	 0.509541 	 -0.0204375
15.7 	 0.508731 	 -0.0202796
15.725 	 0.507924 	 -0.0201228
15.75 	 0.507119 	 -0.0199672
15.775 	 0.506317 	 -0.0198128
15.8 	 0.505518 	 -0.0196594
15.825 	 0.50472 	 -0.0195072
15.85 	 0.503926 	 -0.019356
15.875 	 0.503134 	 -0.019206
15.9 	 0.502344 	 -0.0190571
15.925 	 0.501557 	 -0.0189092
15.95 	 0.500772 	 -0.0187624
15.975 	 0.49999 	 -0.0186167
16 	 0.49921 	 -0.0184721
16.025 	 0.498433 	 -0.0183285
16.05 	 0.497658 	 -0.018186
16.075 	 0.496886 	 -0.018186
16.1 	 0.496115 	 -0.0179041
16.125 	 0.495348 	 -0.0177647
16.15 	 0.494582 	 -0.0176263
16.175 	 0.493819 	 -0.0174889
16.2 	 0.493059 	 -0.0174889
16.225 	 0.4923 	 -0.0172172
16.25 	 0.491544 	 -0.0170828
16.275 	 0.49079 	 -0.0169495
16.3 	 0.490039 	 -0.0168171
16.325 	 0.48929 	 -0.0168171
16.35 	 0.488543 	 -0.0165553
16.375 	 0.487798 	 -0.0164258
16.4 	 0.487056 	 -0.0162973
16.425 	 0.486316 	 -0.0161697
16.45 	 0.485578 	 -0.0161697
16.475 	 0.484843 	 -0.0159175
16.5 	 0.484109 	 -0.0157927
16.525 	 0.483378 	 -0.0156689
16.55 	 0.482649 	 -0.015546
16.575 	 0.481923 	 -0.015546
16.6 	 0.481198 	 -0.015303
16.625 	 0.480476 	 -0.0151828
16.65 	 0.479755 	 -0.0150636
16.675 	 0.479037 	 -0.0149452
16.7 	 0.478321 	 -0.0149452
16.725 	 0.477607 	 -0.0147111
16.75 	 0.476896 	 -0.0145954
16.775 	 0.476186 	 -0.0144805
16.8 	 0.475479 	 -0.0143665
16.825 	 0.474774 	 -0.0143665
16.85 	 0.47407 	 -0.014141
16.875 	 0.473369 	 -0.0140295
16.9 	 0.47267 	 -0.0139189
16.925 	 0.471973 	 -0.0138091
16.95 	 0.471278 	 -0.0138091
16.975 	 0.470585 	 -0.013592
17 	 0.469894 	 -0.0134847
17.025 	 0.469205 	 -0.0133781
17.05 	 0.468518 	 -0.0132724
17.075 	 0.467833 	 -0.0132724
17.1 	 0.46715 	 -0.0130634
17.125 	 0.466469 	 -0.01296
17.15 	 0.46579 	 -0.0128575
17.175 	 0.465114 	 -0.0127557
17.2 	 0.464439 	 -0.0127557
17.225 	 0.463765 	 -0.0125544
17.25 	 0.463094 	 -0.0124549
17.275 	 0.462425 	 -0.0123562
17.3 	 0.461758 	 -0.0122582
17.325 	 0.461093 	 -0.0122582
17.35 	 0.460429 	 -0.0120645
17.375 	 0.459768 	 -0.0119687
17.4 	 0.459108 	 -0.0118737
17.425 	 0.458451 	 -0.0117794
17.45 	 0.457795 	 -0.0117794
17.475 	 0.457141 	 -0.0115929
17.5 	 0.456489 	 -0.0115007
17.525 	 0.455839 	 -0.0114093
17.55 	 0.45519 	 -0.0113185
17.575 	 0.454544 	 -0.0113185
17.6 	 0.453899 	 -0.011139
17.625 	 0.453256 	 -0.0110503
17.65 	 0.452615 	 -0.0109623
17.675 	 0.451976 	 -0.010875
17.7 	 0.451338 	 -0.010875
17.725 	 0.450703 	 -0.0107023
17.75 	 0.450069 	 -0.0106169
17.775 	 0.449437 	 -0.0105322
17.8 	 0.448806 	 -0.0104482
17.825 	 0.448178 	 -0.0104482
17.85 	 0.447551 	 -0.010282
17.875 	 0.446926 	 -0.0101999
17.9 	 0.446303 	 -0.0101184
17.925 	 0.445681 	 -0.0100376
17.95 	 0.445061 	 -0.0100376
17.975 	 0.444443 	 -0.00987771
18 	 0.443827 	 -0.00979871
18.025 	 0.443212 	 -0.00972032
18.05 	 0.442599 	 -0.00964253
18.075 	 0.441988 	 -0.00964253
18.1 	 0.441378 	 -0.00948875
18.125 	 0.44077 	 -0.00941276
18.15 	 0.440164 	 -0.00933735
18.175 	 0.439559 	 -0.00926253
18.2 	 0.438957 	 -0.00926253
18.225 	 0.438355 	 -0.00911461
18.25 	 0.437756 	 -0.00904152
18.275 	 0.437158 	 -0.00896899
18.3 	 0.436561 	 -0.00889702
18.325 	 0.435966 	 -0.00889702
18.35 	 0.435373 	 -0.00875476
18.375 	 0.434782 	 -0.00868446
18.4 	 0.434192 	 -0.00861471
18.425 	 0.433604 	 -0.0085455
18.45 	 0.433017 	 -0.0085455
18.475 	 0.432432 	 -0.00840869
18.5 	 0.431848 	 -0.00834109
18.525 	 0.431266 	 -0.00827401
18.55 	 0.430686 	 -0.00820745
18.575 	 0.430107 	 -0.00820745
18.6 	 0.42953 	 -0.0080759
18.625 	 0.428954 	 -0.00801089
18.65 	 0.42838 	 -0.00794639
18.675 	 0.427807 	 -0.0078824
18.7 	 0.427236 	 -0.0078824
18.725 	 0.426666 	 -0.00775591
18.75 	 0.426098 	 -0.00769341
18.775 	 0.425531 	 -0.00763139
18.8 	 0.424966 	 -0.00756987
18.825 	 0.424403 	 -0.00756987
18.85 	 0.423841 	 -0.00744825
18.875 	 0.42328 	 -0.00738816
18.9 	 0.422721 	 -0.00732854
18.925 	 0.422163 	 -0.00726939
18.95 	 0.421607 	 -0.00726939
18.975 	 0.421052 	 -0.00715248
19 	 0.420499 	 -0.00709472
19.025 	 0.419947 	 -0.0070374
19.05 	 0.419397 	 -0.00698054
19.075 	 0.418848 	 -0.00698054
19.1 	 0.4183 	 -0.00686816
19.125 	 0.417754 	 -0.00681263
19.15 	 0.41721 	 -0.00675754
19.175 	 0.416666 	 -0.00670289
19.2 	 0.416125 	 -0.00664866
19.225 	 0.415584 	 -0.00659487
19.25 	 0.415045 	 -0.0065415
19.275 	 0.414507 	 -0.00648855
19.3 	 0.413971 	 -0.00643602
19.325 	 0.413436 	 -0.0063839
19.35 	 0.412903 	 -0.00633219
19.375 	 0.412371 	 -0.0062809
19.4 	 0.41184 	 -0.00623001
19.425 	 0.411311 	 -0.00617952
19.45 	 0.410783 	 -0.00612944
19.475 	 0.410256 	 -0.00607975
19.5 	 0.409731 	 -0.00603045
19.525 	 0.409207 	 -0.00598155
19.55 	 0.408684 	 -0.00593303
19.575 	 0.408163 	 -0.0058849
19.6 	 0.407643 	 -0.00583715
19.625 	 0.407124 	 -0.00578978
19.65 	 0.406607 	 -0.00574278
19.675 	 0.406091 	 -0.00569616
19.7 	 0.405576 	 -0.00564991
19.725 	 0.405063 	 -0.00560403
19.75 	 0.404551 	 -0.00555851
19.775 	 0.40404 	 -0.00551335
19.8 	 0.403531 	 -0.00546855
19.825 	 0.403022 	 -0.00542411
19.85 	 0.402516 	 -0.00538003
19.875 	 0.40201 	 -0.00533629
19.9 	 0.401505 	 -0.0052929
19.925 	 0.401002 	 -0.00524986
19.95 	 0.4005 	 -0.00520716
19.975 	 0.4 	 -0.00516481
20 	 0.3995 	 -0.00512279
20.025 	 0.399002 	 -0.0050811
20.05 	 0.398505 	 -0.00503975
20.075 	 0.39801 	 -0.00499873
20.1 	 0.397515 	 -0.00495804
20.125 	 0.397022 	 -0.00491767
20.15 	 0.39653 	 -0.00487762
20.175 	 0.396039 	 -0.0048379
20.2 	 0.39555 	 -0.00479849
20.225 	 0.395062 	 -0.0047594
20.25 	 0.394574 	 -0.00472062
20.275 	 0.394089 	 -0.00468215
20.3 	 0.393604 	 -0.00464399
20.325 	 0.39312 	 -0.00460613
20.35 	 0.392638 	 -0.00456858
20.375 	 0.392157 	 -0.00453133
20.4 	 0.391677 	 -0.00449437
20.425 	 0.391198 	 -0.00445772
20.45 	 0.39072 	 -0.00442135
20.475 	 0.390244 	 -0.00438528
20.5 	 0.389768 	 -0.0043495
20.525 	 0.389294 	 -0.00431401
20.55 	 0.388821 	 -0.0042788
20.575 	 0.388349 	 -0.00424387
20.6 	 0.387879 	 -0.00420922
20.625 	 0.387409 	 -0.00417486
20.65 	 0.386941 	 -0.00414076
20.675 	 0.386473 	 -0.00410695
20.7 	 0.386007 	 -0.0040734
20.725 	 0.385542 	 -0.00404012
20.75 	 0.385078 	 -0.00400712
20.775 	 0.384615 	 -0.00397437
20.8 	 0.384154 	 -0.00394189
20.825 	 0.383693 	 -0.00390968
20.85 	 0.383233 	 -0.00387772
20.875 	 0.382775 	 -0.00384602
20.9 	 0.382318 	 -0.00381457
20.925 	 0.381862 	 -0.00378338
20.95 	 0.381406 	 -0.00375244
20.975 	 0.380952 	 -0.00372175
21 	 0.380499 	 -0.0036913
21.025 	 0.380047 	 -0.00366111
21.05 	 0.379597 	 -0.00363115
21.075 	 0.379147 	 -0.00360144
21.1 	 0.378698 	 -0.00357197
21.125 	 0.378251 	 -0.00354273
21.15 	 0.377804 	 -0.00351373
21.175 	 0.377358 	 -0.00348497
21.2 	 0.376914 	 -0.00345643
21.225 	 0.376471 	 -0.00342813
21.25 	 0.376028 	 -0.00340006
21.275 	 0.375587 	 -0.00337221
21.3 	 0.375146 	 -0.00334459
21.325 	 0.374707 	 -0.00331719
21.35 	 0.374269 	 -0.00329002
21.375 	 0.373832 	 -0.00326306
21.4 	 0.373396 	 -0.00323632
21.425 	 0.37296 	 -0.0032098
21.45 	 0.372526 	 -0.00318349
21.475 	 0.372093 	 -0.0031574
21.5 	 0.371661 	 -0.00313152
21.525 	 0.37123 	 -0.00310584
21.55 	 0.370799 	 -0.00308038
21.575 	 0.37037 	 -0.00305512
21.6 	 0.369942 	 -0.00303006
21.625 	 0.369515 	 -0.00300521
21.65 	 0.369089 	 -0.00298056
21.675 	 0.368664 	 -0.00295611
21.7 	 0.368239 	 -0.00293186
21.725 	 0.367816 	 -0.00290781
21.75 	 0.367394 	 -0.00288395
21.775 	 0.366972 	 -0.00286028
21.8 	 0.366552 	 -0.00283681
21.825 	 0.366133 	 -0.00281353
21.85 	 0.365714 	 -0.00279043
21.875 	 0.365297 	 -0.00276752
21.9 	 0.36488 	 -0.0027448
21.925 	 0.364465 	 -0.00272227
21.95 	 0.36405 	 -0.00269991
21.975 	 0.363636 	 -0.00267774
22 	 0.363224 	 -0.00265575
22.025 	 0.362812 	 -0.00263394
22.05 	 0.362401 	 -0.0026123
22.075 	 0.361991 	 -0.00259085
22.1 	 0.361582 	 -0.00256956
22.125 	 0.361174 	 -0.00254845
22.15 	 0.360767 	 -0.00252751
22.175 	 0.36036 	 -0.00250674
22.2 	 0.359955 	 -0.00248614
22.225 	 0.359551 	 -0.00246571
22.25 	 0.359147 	 -0.00244544
22.275 	 0.358744 	 -0.00242534
22.3 	 0.358343 	 -0.0024054
22.325 	 0.357942 	 -0.00238563
22.35 	 0.357542 	 -0.00236601
22.375 	 0.357143 	 -0.00234656
22.4 	 0.356745 	 -0.00232726
22.425 	 0.356347 	 -0.00230812
22.45 	 0.355951 	 -0.00228914
22.475 	 0.355556 	 -0.00227031
22.5 	 0.355161 	 -0.00225164
22.525 	 0.354767 	 -0.00223312
22.55 	 0.354374 	 -0.00221475
22.575 	 0.353982 	 -0.00219652
22.6 	 0.353591 	 -0.00217845
22.625 	 0.353201 	 -0.00216053
22.65 	 0.352811 	 -0.00214275
22.675 	 0.352423 	 -0.00212511
22.7 	 0.352035 	 -0.00210762
22.725 	 0.351648 	 -0.00209028
22.75 	 0.351262 	 -0.00207307
22.775 	 0.350877 	 -0.00205601
22.8 	 0.350493 	 -0.00203908
22.825 	 0.350109 	 -0.00202229
22.85 	 0.349727 	 -0.00200564
22.875 	 0.349345 	 -0.00198913
22.9 	 0.348964 	 -0.00197275
22.925 	 0.348584 	 -0.0019565
22.95 	 0.348205 	 -0.00194039
22.975 	 0.347826 	 -0.00192441
23 	 0.347448 	 -0.00190856
23.025 	 0.347072 	 -0.00189284
23.05 	 0.346696 	 -0.00187725
23.075 	 0.34632 	 -0.00186178
23.1 	 0.345946 	 -0.00184644
23.125 	 0.345572 	 -0.00183123
23.15 	 0.3452 	 -0.00181614
23.175 	 0.344828 	 -0.00180118
23.2 	 0.344456 	 -0.00178634
23.225 	 0.344086 	 -0.00177162
23.25 	 0.343716 	 -0.00175701
23.275 	 0.343348 	 -0.00174253
23.3 	 0.34298 	 -0.00172817
23.325 	 0.342612 	 -0.00171393
23.35 	 0.342246 	 -0.0016998
23.375 	 0.34188 	 -0.00168579
23.4 	 0.341515 	 -0.00167189
23.425 	 0.341151 	 -0.0016581
23.45 	 0.340788 	 -0.00164443
23.475 	 0.340426 	 -0.00163087
23.5 	 0.340064 	 -0.00161743
23.525 	 0.339703 	 -0.00160409
23.55 	 0.339343 	 -0.00159086
23.575 	 0.338983 	 -0.00157774
23.6 	 0.338624 	 -0.00156473
23.625 	 0.338266 	 -0.00155182
23.65 	 0.337909 	 -0.00153902
23.675 	 0.337553 	 -0.00152633
23.7 	 0.337197 	 -0.00151374
23.725 	 0.336842 	 -0.00150125
23.75 	 0.336488 	 -0.00148886
23.775 	 0.336134 	 -0.00147658
23.8 	 0.335782 	 -0.0014644
23.825 	 0.33543 	 -0.00145231
23.85 	 0.335079 	 -0.00144033
23.875 	 0.334728 	 -0.00142844
23.9 	 0.334378 	 -0.00141666
23.925 	 0.334029 	 -0.00140496
23.95 	 0.333681 	 -0.00139337
23.975 	 0.333333 	 -0.00138187
24 	 0.332986 	 -0.00137046
24.025 	 0.33264 	 -0.00135915
24.05 	 0.332295 	 -0.00134793
24.075 	 0.33195 	 -0.00133681
24.1 	 0.331606 	 -0.00132577
24.125 	 0.331263 	 -0.00131482
24.15 	 0.33092 	 -0.00130397
24.175 	 0.330578 	 -0.0012932
24.2 	 0.330237 	 -0.00128253
24.225 	 0.329897 	 -0.00127194
24.25 	 0.329557 	 -0.00126143
24.275 	 0.329218 	 -0.00125102
24.3 	 0.32888 	 -0.00124069
24.325 	 0.328542 	 -0.00123044
24.35 	 0.328205 	 -0.00122028
24.375 	 0.327869 	 -0.0012102
24.4 	 0.327533 	 -0.0012002
24.425 	 0.327198 	 -0.00119029
24.45 	 0.326864 	 -0.00118046
24.475 	 0.326531 	 -0.00117071
24.5 	 0.326198 	 -0.00116104
24.525 	 0.325866 	 -0.00115145
24.55 	 0.325534 	 -0.00114193
24.575 	 0.325203 	 -0.0011325
24.6 	 0.324873 	 -0.00112314
24.625 	 0.324544 	 -0.00111386
24.65 	 0.324215 	 -0.00110466
24.675 	 0.323887 	 -0.00109553
24.7 	 0.323559 	 -0.00108648
24.725 	 0.323232 	 -0.0010775
24.75 	 0.322906 	 -0.0010686
24.775 	 0.322581 	 -0.00105977
24.8 	 0.322256 	 -0.00105101
24.825 	 0.321932 	 -0.00104232
24.85 	 0.321608 	 -0.00103371
24.875 	 0.321285 	 -0.00102516
24.9 	 0.320963 	 -0.00101669
24.925 	 0.320641 	 -0.00100829
24.95 	 0.32032 	 -0.000999954
24.975 	 0.32 	 -0.000991688
