#Orbital 	 BE 	 Coulomb 	 Delta 	 |DE/E|
1 	 -1.4970 	 0.5000	 1.7000 	 0.1356
2 	 -0.9937 	 0.1250	 0.2750 	 0.7233
3 	 -0.5581 	 0.0556	 0.1000 	 0.8208
4 	 -0.1598 	 0.0312	 0.0500 	 0.6871
5 	 -0.0499 	 0.0200	 0.0296 	 0.4068
6 	 -0.0281 	 0.0139	 0.0194 	 0.3080
7 	 -0.0182 	 0.0102	 0.0137 	 0.2471
8 	 -0.0128 	 0.0078	 0.0102 	 0.2065
9 	 -0.0095 	 0.0062	 0.0078 	 0.1770
10 	 -0.0073 	 0.0050	 0.0062 	 0.1507
11 	 -0.0058 	 0.0041	 0.0050 	 0.1321
12 	 -0.0047 	 0.0035	 0.0042 	 0.1135
13 	 -0.0039 	 0.0030	 0.0035 	 0.1013
14 	 -0.0033 	 0.0026	 0.0030 	 0.0944
15 	 -0.0028 	 0.0022	 0.0026 	 0.0794
16 	 -0.0025 	 0.0020	 0.0022 	 0.1016
17 	 -0.0021 	 0.0017	 0.0020 	 0.0598
18 	 -0.0019 	 0.0015	 0.0017 	 0.0795
19 	 -0.0016 	 0.0014	 0.0016 	 0.0250
20 	 -0.0014 	 0.0013	 0.0014 	 0.0000
