0.84594	-1.09666	-0.352932
0.18299	0.291844	-1.35614
-0.0149398	-0.362331	1.19759
0.38373	-0.0908537	-0.0618296
-0.151065	1.2426	1.24307
0.899704	-1.14802	1.0253
0.528401	0.395089	-0.845656
-0.238467	0.417717	-1.73301
0.697265	0.387525	-0.149104
-0.236598	0.0520774	-0.50629
-0.598594	0.805861	0.10529
-0.592402	0.495526	-0.116755
-0.46199	1.04714	-0.0526473
0.407499	-0.258415	-0.167562
0.458674	-0.0241389	0.338767
-0.795608	0.561082	-0.868387
-0.297219	0.11696	-0.242512
0.848674	0.289483	0.366627
0.348046	0.739256	0.649493
-0.873043	-0.17979	0.357001
0.513961	0.237819	0.772381
1.20101	0.962042	1.2161
1.40093	-0.298286	0.990635
-0.510028	-0.135981	-0.117859
-0.233372	0.619046	-0.235352
-0.869677	-0.308908	0.0881216
-0.0562578	-0.81834	1.04428
-0.239238	0.901763	0.246758
0.0278975	-0.338461	-0.292601
-0.651118	1.04459	-0.659953
0.841673	-0.160483	-0.290923
-0.0761812	-0.29029	-0.212017
0.170027	-0.120919	0.343554
-0.195494	-0.477463	-0.296446
0.58163	0.593132	-0.273955
0.852458	-0.0854578	0.0586291
-0.670716	-0.556748	-0.673375
0.582538	-1.04961	-0.379622
0.809674	-0.193383	-0.00802056
0.69728	-0.971907	0.951855
-0.941258	0.118924	-0.490871
0.796433	-0.402477	0.605343
-0.350775	-0.595617	0.0141575
0.108834	0.635343	-0.868101
-0.486213	0.442462	0.110329
0.387583	0.987653	-0.465918
1.47499	0.679213	-0.00933677
0.111079	-0.802311	-0.428705
0.224354	-0.498017	0.165411
0.769835	1.30822	0.255355
0.451655	-0.526657	0.0602643
0.48096	1.00794	-0.817146
0.384632	0.422023	0.169294
-0.479404	-0.250963	-0.362625
0.568231	1.63466	-1.36296
0.53552	0.0692027	-0.591871
0.0428496	-1.23748	0.332834
-0.539934	-1.86707	-0.291095
0.677902	-0.0257435	-0.00592609
0.0645284	-0.676721	-0.942366
-0.252978	-0.748245	2.01546
0.180286	0.493192	0.0277312
0.843424	0.478922	0.000323692
1.19892	-0.958977	0.458484
-0.245505	0.0427968	0.277362
0.403074	-0.0861501	-0.643402
-0.730283	1.15492	0.139852
-0.0656381	-0.845289	1.36194
-0.41796	0.630562	0.207324
-0.247779	-0.0181392	0.0181494
0.63996	0.65974	0.136047
-0.450566	-0.454992	0.316853
0.775325	-0.72546	-0.383596
0.640238	-0.308614	-0.707888
-0.303813	-0.426251	0.854902
-0.655351	0.33606	0.820958
0.445085	0.229737	0.713372
0.969677	0.970234	0.313286
0.0104774	0.772035	-0.801908
0.636642	-0.629494	-0.05748
-0.0618921	-1.24575	1.57524
1.19721	-0.115518	-0.765219
0.22317	1.3606	-0.618226
0.120267	0.257553	1.23537
-0.190299	-0.562158	0.308
0.511999	-0.0349609	-0.547652
-0.254597	-0.939579	1.02761
-0.161838	0.722702	0.665494
0.557781	0.495044	0.695109
-0.404392	-0.262582	-0.0832792
1.85726	-0.0366914	-0.0198167
-1.56721	-0.608318	-0.530081
-0.615474	0.465173	0.268581
-0.668619	0.515254	-0.596045
0.560791	-0.133776	-0.663472
0.370436	-0.977789	-1.05281
-0.791159	0.880592	0.887376
0.148445	-0.0965887	-1.13684
0.139954	0.480813	1.24652
-0.257769	0.563386	-0.52123
-0.155497	0.714052	1.04205
-0.00287459	-0.683531	0.0375512
0.440628	0.173936	0.550806
0.310687	0.308038	-0.0360253
-0.0491161	-0.139602	-0.0301673
-0.0672223	0.432008	0.762987
-1.61684	0.10656	-0.0289183
-0.526761	0.637907	0.897854
-1.211	1.99062	0.764637
0.850716	0.831548	-1.38129
1.18437	-0.0418792	-0.574044
-0.688375	-0.623117	0.522949
-1.04014	0.37657	-0.0276061
-0.748789	0.1901	0.467637
0.296442	-0.0639834	-0.411432
1.10362	0.0246913	0.755535
-0.741314	-1.53905	-1.04366
1.03638	0.373809	-0.029392
0.320075	0.419011	-0.562153
-0.559075	-0.863516	1.22803
-0.637211	0.550437	-0.493586
-0.396014	0.174935	-1.25223
-0.450899	0.505415	-0.195754
1.8431	-0.351749	-1.00507
0.471867	0.881241	0.402574
0.353145	-0.416612	0.1042
0.797775	0.0921711	0.781463
0.160839	0.264892	-0.263179
-0.0682474	0.326546	-0.216542
0.433087	-1.03815	-0.791115
-0.380907	0.568133	0.121175
0.969829	0.921177	-0.82389
0.191443	0.692161	0.262956
0.315578	-1.12212	0.510234
-0.52104	1.11755	-1.66285
-0.839843	-0.247707	0.285132
-0.509026	-0.238621	-0.239661
-0.954749	0.794764	-1.47268
0.582951	0.63719	-0.512276
0.577352	-0.163526	0.798843
-0.348733	-0.517108	-1.15806
-1.14751	-0.829457	-0.422469
-0.315478	-0.174936	0.105166
-0.0412003	1.29192	0.252203
1.01919	0.6	0.029795
-0.394852	-0.020314	0.232934
-1.64907	-0.0389033	1.22374
0.0217045	-0.0971693	-0.471287
-0.477029	-1.57407	0.645173
0.593869	0.129342	0.559021
0.904269	-0.452208	-0.132124
-0.198156	-0.518099	0.998587
0.77043	0.138598	-0.410368
-0.072994	0.475783	-0.910451
-0.722108	-0.133273	-0.170504
0.80034	-1.54308	-0.453186
0.429349	0.851618	-0.48109
0.0808785	-0.295953	0.363475
1.03132	-0.726007	-0.400394
0.401903	0.0786865	0.639631
0.419495	-0.120472	0.912552
-1.07251	0.831163	0.182899
-0.365973	0.743297	-0.391289
-0.329968	-0.863299	-1.18765
0.641896	0.431362	-0.752019
0.110369	1.10368	0.681982
0.441785	-0.430795	1.59963
-0.215266	-0.131556	-1.16061
1.07876	0.20177	-0.562842
-0.423761	0.814716	-0.0572466
0.0374081	0.93884	0.100822
0.122689	0.298963	1.00627
-0.224985	1.17429	0.334247
-0.247053	-0.0558804	-0.136737
-0.526292	-0.00552566	0.973259
-0.465242	0.0799655	-0.221484
0.598355	-0.0143237	-1.00745
-0.496382	-0.399766	-0.281458
0.255499	0.0348272	-1.16977
0.151937	1.01271	0.845365
-0.451969	-1.59537	0.332157
-0.137625	-0.387537	-0.660904
-0.123297	-0.188111	0.0747513
-0.133956	0.630605	-0.289176
-0.79296	-0.304642	-0.564069
-0.0274926	-0.660054	-0.833459
0.572569	1.58998	-0.346116
1.75349	0.264382	-0.0795537
-0.605093	0.0341989	0.409906
1.01803	-0.399779	0.78543
-0.145123	0.879605	-0.903327
0.806651	0.641478	0.268018
-0.0245509	0.359398	0.288972
0.40397	-0.231818	1.69561
-0.806963	-0.838824	0.521887
0.790483	-0.174141	-0.214231
1.23389	-0.623913	0.300729
-0.716022	-1.12279	-0.101817
-0.0609515	-0.51592	-0.307658
0.802836	0.21274	-0.783731
-1.28554	1.23004	0.692016
-0.257685	-0.75331	-0.519885
0.326138	-0.614409	0.358254
-0.100401	0.99668	0.532719
-0.0118327	0.556724	0.681785
-0.387891	0.361195	-0.322531
0.221356	0.337036	0.021544
-0.746712	0.0883418	-0.0264526
-0.0459654	0.827445	0.299437
-0.720642	-0.0422327	0.181208
0.383784	0.355954	-1.00571
-0.010322	-0.618934	-0.0611522
1.35168	-0.5623	1.31602
0.789039	1.0806	0.622231
0.0708348	0.440162	0.568837
0.101431	-1.18871	0.0105427
0.748831	1.04144	0.874092
0.63853	0.514684	-0.551198
0.497896	0.111528	0.745603
0.311092	0.0363343	0.371128
0.521633	-1.22086	0.0929893
-0.238662	-0.297517	-0.285759
-0.568876	0.680822	0.709348
0.0872144	0.0510421	0.339832
-1.22849	-0.497295	0.281696
0.362856	0.17885	-1.6624
1.47415	-0.648854	0.260801
1.06211	1.06634	-0.303815
-0.0994634	0.610046	0.287032
-1.19858	-0.333432	0.00126538
0.486819	-0.146335	-0.303832
-0.197368	-0.307312	-0.586635
-0.661193	-0.506812	0.84948
-0.189765	-0.97272	-0.885036
-0.793299	-0.97429	-0.135229
0.388862	0.355206	-0.345158
-0.274629	0.808397	0.283121
1.29503	1.0708	0.457117
-1.44189	1.49394	-0.330327
-0.408509	-0.210861	0.474118
0.5919	0.164147	-0.160054
-0.671977	-0.329709	-0.376589
-0.837786	-0.0919394	0.5989
0.282184	0.302356	-0.75258
0.403564	-0.443484	0.0674316
0.350073	0.529432	-0.286738
0.26807	-1.02017	0.390952
0.615897	-0.488679	-0.0830444
0.313361	0.654316	-0.43165
0.395622	0.381028	-1.12335
-0.293403	-0.405072	-0.956999
-1.47135	1.0099	-0.871476
-0.110595	0.549518	0.504013
0.663963	0.0936947	0.101943
-0.46742	0.878318	-0.337139
0.0666408	-0.51522	-0.486825
1.51487	-1.41789	0.377367
-0.810072	-0.224868	0.638337
0.763702	-0.154824	-0.161383
0.105589	-1.02501	0.151879
0.898454	-0.56828	-0.735597
0.709307	1.12804	0.723482
0.412888	0.1585	-0.971464
-0.410711	-0.619335	-1.01022
0.546268	-0.108312	0.886969
-0.632586	0.605463	-0.235438
-0.33987	-0.161777	-0.0639484
-0.127033	0.778882	1.03586
-0.0723039	1.31581	-0.456463
-0.0605291	-0.649522	0.13141
-0.869879	-0.0408106	0.601687
-0.385226	0.085537	-0.0699791
-0.649268	1.17789	0.172864
0.54958	0.866077	-0.591244
-0.912658	0.350055	-0.321764
0.208601	-0.140841	0.659095
0.250996	0.263352	-0.0158881
-0.0152402	-0.875311	0.955465
-0.229541	-0.178435	0.299229
0.0812611	0.222408	-1.6723
0.0179953	-1.09565	-1.20033
1.05291	-0.49833	-0.398171
0.627492	0.469432	0.0965247
-0.341533	-0.151659	-1.03682
-0.527284	0.182691	-0.234472
1.24427	-0.412916	-0.357715
0.183964	-0.0784815	-0.618902
-0.899784	-1.15976	0.906734
-0.227395	0.772228	-0.117397
-0.343381	1.14448	0.457814
-0.0636544	0.947852	-0.45425
-0.81897	0.695446	0.0342736
-0.634981	-0.343677	-0.655067
0.12941	0.706992	0.532372
0.542837	-0.0530358	1.41708
0.0934175	0.415398	0.197324
-0.224878	-0.3597	-0.438556
-0.0361542	-2.60037	0.0274004
-0.236138	0.267305	1.06114
-0.20022	1.07424	-0.971629
-0.452209	1.28868	0.883594
-0.0943836	0.421868	0.832161
0.0594403	0.607189	-0.101026
0.579806	-0.773838	0.994016
-1.05643	0.448295	-0.183126
0.0312011	0.15279	0.2257
-0.39113	-0.599438	1.08439
0.0494697	1.54633	-0.0510119
-0.158134	-0.0589646	-0.142278
-1.458	0.117037	0.218591
-0.292831	-0.231749	0.49121
-0.483931	0.360739	-0.47625
0.301756	1.23204	-0.276095
0.796126	0.0584109	-0.314786
0.253182	-0.343304	0.420025
-0.380116	-0.500933	-0.78778
0.871175	-0.0121847	-0.175612
0.382512	0.466049	0.345756
-0.701583	-0.8333	-0.81238
0.471177	0.456253	-0.0773753
-1.40053	0.235144	0.74687
0.483018	1.62237	-1.01071
0.332741	-1.71555	0.0797026
0.442772	0.0811555	0.0336207
1.39919	0.53168	-0.462754
-0.451542	-0.448557	0.104797
-0.00854836	1.04521	-0.227726
-0.463981	0.359925	-0.644341
-0.192609	-0.159473	0.520507
0.0694823	-0.597647	0.0565119
-0.0352349	0.140699	-0.569539
-0.202459	-1.23181	-0.425949
-0.133807	-0.616353	0.803745
-0.116157	-1.39262	-0.302754
-0.757322	-0.00198657	-0.157186
1.78269	1.26358	-0.487722
0.273551	0.656346	0.124062
1.80976	-0.0022576	-0.458697
-1.54273	0.481235	0.399795
-0.82479	0.489067	1.52093
1.0028	0.347549	0.0465045
-1.70244	0.737758	-0.209456
0.2978	-0.256633	0.635309
-0.0559712	-0.267179	-0.495611
0.227887	0.0892044	0.481634
-1.30517	0.297928	-1.47762
-1.78772	-0.593264	-0.253294
-0.259854	0.172276	0.777742
-0.447578	-1.05416	0.335097
0.199134	-1.83249	-0.0167943
0.674664	1.01182	0.1272
-0.417761	0.496272	-0.714318
-0.496754	-0.393029	0.296858
-0.933245	0.319739	-0.0312488
0.112296	-0.157462	-0.448715
0.282872	0.219245	-0.288963
0.567148	0.20031	-0.407755
2.19454	-0.208372	-0.323153
1.58022	-1.17777	-0.10251
-0.429175	-0.697454	-0.574509
1.22747	-0.0617568	0.344639
-1.48117	0.837797	0.499932
0.608	0.0172305	0.685985
-0.339639	-0.54068	-0.790651
0.17237	-0.388057	-0.884153
-0.0439555	-0.388981	0.453541
-0.306914	0.294948	-0.482452
0.679675	0.526056	-1.42911
0.71089	0.347687	0.610617
0.648328	0.0159596	1.31577
0.277162	0.622663	0.128049
-0.809279	-0.235216	-0.0235565
-0.237643	0.0928545	0.136265
-0.430813	0.412877	-1.05647
0.60098	0.103985	0.0968391
-0.202511	-0.0418709	0.149695
0.430613	-0.24095	0.0321527
0.563983	-0.74696	0.174361
0.0818272	-0.275919	0.392126
0.420319	1.08569	0.661058
-0.0699462	0.853369	0.120482
-0.475195	-1.13203	-0.0477698
0.648308	-0.160077	-0.332895
-0.805118	0.290479	-0.343834
0.869299	0.52284	-1.31099
-0.544325	0.367113	-0.131741
-0.562534	-0.130401	1.01685
-0.462868	-0.704895	0.154961
0.544419	-0.422991	-1.29412
0.141039	-0.0896079	-0.642097
0.13526	0.695664	-1.29551
1.05919	0.133044	-1.04913
-0.407918	-0.0936784	0.760764
-0.0375505	0.192034	0.640763
0.205881	0.252872	0.521569
-0.43794	-0.293556	-0.347378
0.708788	-0.313476	-0.196461
0.0405391	0.407334	-0.0418656
0.495143	-0.270311	-0.431458
-0.0209646	-1.16368	-0.453819
0.944345	-1.09019	-0.503788
-0.0477427	0.196213	0.283789
1.11236	-0.705019	0.222856
0.50661	0.664956	-0.702736
0.337893	0.436998	0.987751
0.242852	-0.489795	-0.723816
-0.313986	-0.812152	0.709771
-0.293127	-0.260094	0.0568062
-1.17821	-0.517154	-1.03249
0.0207486	-0.291151	0.434766
0.65182	0.226973	-0.184971
0.811941	-0.0656206	0.970748
-0.516851	0.180769	-1.12209
-0.803637	0.781708	0.400639
-0.979228	-0.412327	0.761861
-0.433505	0.0545707	-0.844672
-0.752183	1.64505	0.359841
0.585205	-0.741011	-0.411352
0.717975	-0.140475	0.605432
0.702141	1.09905	1.49077
-0.154935	-0.0296127	0.681341
0.11816	-0.76908	0.683604
0.234258	0.759414	0.383443
1.10125	0.366319	-0.64097
0.28707	-0.176343	0.457862
-0.350244	0.670462	-0.0689988
0.159906	-0.846117	-0.449952
-0.353156	0.5819	0.536727
-1.00069	0.998125	-0.23369
-0.173064	-0.88508	-0.313524
0.0344116	-0.694227	-1.2083
0.0308467	0.363973	0.0300926
-0.0755348	1.15569	0.317916
-0.00292453	0.156704	-0.419587
0.142182	0.520325	-0.456778
-0.500237	0.471965	-0.17789
-0.122369	1.32519	0.29255
0.175268	0.736922	0.195179
0.544107	1.20614	-1.40859
-0.201927	0.689304	-0.23234
-0.468532	0.145369	0.464789
-0.39996	-1.08388	0.0451638
0.534178	-0.841486	0.353685
0.336935	0.33573	0.387861
0.061994	-1.10261	0.719437
0.0509673	1.22784	0.285618
-0.323458	0.812194	-0.12949
0.945988	0.218887	-0.685665
0.0376292	0.36334	-0.462741
-0.27721	-0.416975	0.594037
0.298853	-0.0608877	1.32516
-0.659541	0.0503804	-0.265362
-0.52576	-0.504133	0.85514
-0.708231	0.353941	0.260891
0.119438	0.799215	-0.616832
-0.182199	-1.04891	-0.965061
0.247107	-0.298816	-0.0861246
0.273354	-1.24784	0.335443
0.250596	-0.524103	0.0445554
-0.520494	0.482476	-0.177032
0.266041	-0.225653	-0.892426
-0.217556	-0.182241	0.40732
0.073045	-0.982217	0.54123
0.139181	-0.330102	-0.764908
0.839615	0.000695333	0.467683
0.266141	-0.09875	-0.549196
-0.627632	0.0599378	-0.183076
-0.394936	-0.132541	-0.862604
-0.418142	0.210681	-2.00129
-0.332937	0.376526	0.32924
0.384632	-0.118822	-0.225157
-0.156453	0.6337	0.367891
1.32712	-0.139239	0.635052
-1.08303	-0.673327	-0.807227
-0.619699	0.853353	0.146909
-0.352967	1.27953	-0.469892
0.874353	-0.691375	0.273564
0.781173	-0.399053	0.288587
-0.0213239	0.861115	0.445152
-0.086775	-0.82428	-0.820724
-0.274344	-0.173017	-0.46651
-0.649958	0.827855	-0.267169
0.0990544	-0.669188	-0.0610944
-0.433445	0.132439	0.053306
0.0326293	-0.469302	-0.873054
0.112629	-0.822253	-0.340297
0.032474	-0.30255	0.789938
-0.355191	-0.512935	-0.118432
-0.0517396	-1.25955	-0.3683
-0.710541	0.438593	-0.017089
-0.166465	1.45201	-0.0389062
-0.451283	-0.708901	0.164838
1.52249	-0.375021	-0.137427
1.13701	0.040163	0.352719
1.79528	0.951149	-0.393818
-1.21822	0.0978198	1.24052
-0.730662	-0.417843	-0.14409
-0.143295	0.212717	-0.0726458
-0.021181	-1.0075	0.0432857
0.890954	0.537744	0.0311102
0.448488	-0.572399	0.221624
-0.560751	-0.343696	-0.0282801
-0.403018	0.32254	0.894431
0.498442	-0.203379	0.344983
0.0311918	-0.471551	-0.020681
0.0659292	0.519495	-0.487845
-0.167895	-0.246649	-0.615374
0.674584	1.11762	-0.303452
-0.5783	0.763527	-0.210812
0.127078	0.02464	0.457045
-0.127374	-0.0242852	-1.02594
-0.302109	-0.684426	0.0703106
0.316036	0.65531	0.523579
-0.223478	-0.0403407	-1.82336
0.582234	-0.211398	-0.0326159
-0.992892	-0.140886	-1.01596
0.455713	0.735132	0.391067
-0.505165	0.992777	-0.00439851
0.39798	0.100703	-0.290446
0.475268	1.42173	1.00329
0.444375	0.175589	0.711816
-0.285488	-0.24079	0.135032
0.272119	-0.7572	-0.115219
-0.283049	0.802036	0.445969
-0.372152	0.226067	-0.170704
-0.714111	0.882907	-0.372947
-0.0814281	0.820578	0.162442
-0.446129	0.694292	0.862692
0.768514	-1.0311	0.304825
-0.623496	0.372501	1.41915
0.273249	-1.06431	-1.47181
0.323574	-0.76973	-0.301178
0.35533	0.204167	0.15952
0.861195	-0.4578	0.25154
-0.063195	0.676802	0.517559
-0.0813467	-0.717625	0.094962
-0.255504	0.97012	-0.251961
-1.38598	0.226165	-0.92779
-0.223936	0.514216	-0.499103
-0.00037938	0.99113	0.202127
-0.164826	1.00711	0.515123
0.673958	-0.659336	0.49142
0.729304	0.575928	1.11587
-0.06556	-1.13048	0.67501
-0.00555616	0.853322	-0.255428
0.331464	-0.571319	-0.535074
-0.0810619	0.18609	0.982415
0.418852	-0.641632	0.850561
0.369495	1.73117	-1.28345
0.689164	0.0762637	-0.436834
-0.365137	0.335338	0.161648
-0.839672	0.400224	0.643881
0.819741	0.748153	-0.0399398
-0.302881	0.583398	-0.0579642
-0.0634519	0.211108	-0.786799
-1.42887	0.301183	0.342398
0.255856	-0.0262189	0.0580058
0.0177295	-0.921452	-0.427722
-0.662852	1.72401	-0.14542
-0.264401	0.359503	-0.778038
-1.69215	1.18349	0.352611
1.00854	0.577197	0.115855
0.34941	-0.844214	-0.749835
0.756281	1.02391	0.950568
0.47161	-0.445184	-0.257378
-0.381895	-0.371788	0.634211
-0.41512	0.518745	0.733057
0.16511	-0.239193	-0.113283
-0.0369712	0.881852	0.687618
-0.0559414	-0.478351	0.705876
1.22345	0.413099	0.482655
0.958211	-0.201009	0.41559
-0.0948128	-0.828928	-0.441355
0.586059	0.000508439	-0.494873
-0.267115	0.144106	-0.712821
0.908045	-0.931244	-0.575246
0.474083	-0.451476	1.12463
0.701184	-0.298459	0.080955
0.462089	-0.52995	-0.00486386
-0.433312	0.714435	-0.308395
-0.500611	-0.102366	0.360291
0.215141	-0.821216	0.194644
-1.18919	-0.284348	-1.36097
-0.754361	-0.383588	0.881582
-0.468703	-0.365908	-0.160559
-0.254768	-0.142269	0.745632
0.53554	0.136344	0.354003
1.11989	-1.11517	0.0460099
0.0583143	-0.454942	-0.914361
0.792037	0.755208	-0.432272
-0.279046	-0.0741698	1.63433
-0.0460263	0.220733	0.443775
0.216443	-0.561673	0.579662
1.16206	0.0620352	-0.286392
0.0802587	-0.171875	-0.884643
0.106577	0.300395	0.577158
0.793213	0.136432	1.23652
0.0741354	-1.10663	0.527749
0.955082	0.491702	0.608978
0.831589	0.112702	0.649135
0.819449	0.584015	0.422105
0.265944	-0.408032	0.589695
0.0412506	0.107062	-0.0118782
-0.623551	0.327848	0.613315
0.518428	-0.21905	0.327406
1.02106	-0.466263	-0.593064
1.06927	0.151901	-0.827611
0.301419	0.981675	-0.365923
0.627471	-0.771414	0.417311
0.189822	0.068085	0.599131
-0.218072	0.395638	0.930251
0.0868666	0.477756	-1.5783
-0.370437	-0.333026	0.488765
0.172213	-0.635454	-1.31184
0.328305	-0.278191	-0.503602
0.109388	0.86091	0.468312
0.200306	0.464223	0.347896
1.19342	0.433848	-0.514395
1.28365	0.837719	-0.696454
-0.295402	0.678866	-0.71686
0.122028	0.59859	0.158137
-0.0779871	0.721865	0.544182
0.193521	0.730165	-0.397293
-0.0653697	-0.393932	0.396125
0.217221	0.650155	-0.727533
-0.0138176	-0.612185	1.03439
-0.192535	0.18641	0.156774
-0.631045	0.139843	-0.699723
-0.0212563	0.668528	1.52644
-0.740554	0.427022	-0.0121916
0.465403	-0.78066	-1.08404
-0.722975	0.866127	-0.484308
-0.0503009	1.32793	0.533337
-0.812724	-0.502264	-0.233152
-0.181083	-0.526742	0.3495
-0.40179	-1.01467	-0.130022
-1.28437	0.267591	0.174165
-0.454661	0.113807	0.0605423
-0.9307	0.532639	-0.217339
-0.248839	1.03317	0.179912
0.28622	-0.240578	-0.153005
0.5243	0.908413	-0.285657
-0.572448	-0.249047	-0.178709
0.0704581	0.83551	0.11515
-1.55262	0.482086	1.13534
-1.97499	-0.876186	-0.321398
-0.499423	0.612744	-0.254385
0.517045	0.224178	-0.850179
0.397907	0.565954	0.962394
-1.72548	-1.03094	1.10814
-0.0616614	0.242699	0.393186
0.579546	0.831718	-0.407463
0.613752	0.879577	0.0520366
-0.526498	0.252951	0.148774
-0.577053	-1.00371	-0.671316
-0.273148	0.869455	-0.250142
-0.0503716	-0.556492	-0.137839
-0.0398202	0.203366	0.661095
-0.181972	-0.78585	-0.258117
0.691615	-0.15771	1.79816
0.0498781	0.0381514	0.871454
0.192075	0.121161	-0.343398
0.19864	-0.390156	-0.169631
-0.00710152	0.35477	-0.352067
-0.383861	0.0230789	0.442774
-0.509028	0.846253	-0.894699
0.860854	-0.0933943	0.691866
-0.426577	0.568121	0.557392
-0.0179829	-1.38018	-0.469743
0.705969	-0.526548	0.303855
-0.48705	-0.665795	-0.114655
0.0813684	0.131454	-0.453348
1.10461	0.569679	1.60648
-0.462855	0.0258013	-0.203352
1.15487	-0.308107	0.352301
0.511349	0.254496	0.91667
-0.0344783	0.663418	-0.587955
0.568587	-0.15514	-0.513879
0.699507	0.068525	0.0122515
-0.31165	1.19194	-0.633939
-0.940212	0.380061	0.949876
-0.121982	1.06921	0.329011
-0.375135	-0.248818	-0.224921
0.0195312	0.405935	-0.0750058
0.278667	-0.857457	0.675586
-0.745533	1.05466	1.47974
0.51992	0.485864	-0.923368
1.27842	0.439966	0.470258
0.590344	0.219408	-1.01253
0.616755	0.208338	-1.15858
-0.127061	-0.751379	-0.42537
0.193148	1.17465	0.230925
-0.508774	-0.275087	0.531322
0.312012	0.166803	1.01493
0.950544	0.165358	0.735673
0.0126453	0.733301	0.358357
-0.562315	-0.483488	0.0755695
0.960395	0.830347	0.792336
0.855732	-0.506902	0.601221
0.848353	-0.547864	-0.624615
-1.38839	-0.300329	0.611898
0.526346	-0.782782	2.20529
-0.453379	-1.04645	-0.258562
0.261518	0.230971	-0.594377
0.81611	0.142329	0.0592577
-0.223415	0.379996	-0.397622
-0.0888732	0.366835	-0.232665
0.767236	0.868965	-0.46197
-0.2738	-0.627231	-0.00629242
0.887559	0.0159019	-0.64634
-0.473056	-0.151788	-1.69005
-0.239029	0.628112	-0.847756
-1.05786	-0.28139	-0.149512
-0.399938	-0.0825701	0.323787
-0.302389	-0.573365	0.382836
-0.325507	0.155983	-0.134995
-1.04499	-0.428357	0.692541
0.558058	0.0993703	-0.571932
-0.0122313	0.331641	0.130155
-0.441501	0.264208	0.663424
1.41793	-2.22654	0.935235
-0.293904	0.238316	0.636414
0.236549	0.774235	-0.462027
-0.707726	-0.262263	0.210623
0.853993	0.646246	0.634182
-0.144412	0.481454	-0.585352
-0.296652	-1.03879	-0.787359
-0.351406	-1.22413	0.281135
1.07579	-0.448565	-0.0571847
-0.0803621	-1.09413	-0.936286
0.793998	0.970777	-0.507775
0.951316	-0.232729	-1.41602
0.491741	-1.11491	0.0689954
0.532014	-0.547382	0.165867
1.43454	-0.0217437	-0.692415
-0.199916	0.732551	-0.52274
0.98531	0.0370415	-0.0369078
0.254456	0.892899	0.505505
-0.311906	-0.415311	0.675792
-0.611681	0.386759	-0.590747
1.03402	0.0326562	-0.562754
0.0385808	-0.685601	-0.218834
0.716823	-0.0244114	-0.757282
-0.5565	-0.357621	-0.257434
-0.533528	-0.886085	-0.0178865
-0.984591	0.534423	0.467541
-1.01004	0.00404395	1.20849
0.280538	-1.0037	0.298967
-0.222085	0.365618	-0.0831894
0.0670301	-0.831555	-0.717951
-0.901912	-1.28917	-0.610251
-1.17003	-0.808743	-0.135373
0.238816	0.640757	1.45506
-0.0974649	0.921394	0.767013
-0.0693918	0.451192	1.26581
0.808387	0.566458	0.48056
0.596053	0.0916563	1.17315
-0.284786	0.167687	-0.263143
-0.600282	1.19912	-0.141299
0.0288433	0.240651	0.285755
-0.305827	0.0358747	0.0862945
-0.641208	0.316966	-0.244027
-0.0325562	-0.226673	0.283206
0.281939	0.606124	0.256215
0.572177	-0.0247328	-0.395402
-0.485771	-0.773347	0.610347
-0.44816	0.182653	0.141229
1.03253	0.0587821	-0.326339
0.27434	0.711625	-0.149342
0.116693	-0.995965	0.636011
-0.276965	-0.464946	-1.38758
-0.00604952	-0.920261	1.4597
1.73743	0.307351	-0.618793
-0.242533	-0.0483999	0.21922
0.378935	0.15841	0.232982
0.438856	-0.303505	-0.429954
-0.457327	-0.292151	-0.0870704
0.26069	0.680277	-0.371295
0.447622	-0.763243	-0.0934904
0.408763	-0.751213	-0.422105
-0.82571	-0.770482	0.696518
0.972734	-0.120551	0.288749
-1.17667	-0.314681	-1.35609
0.514015	-0.339209	-0.159263
0.109201	0.636319	-0.678297
-0.479137	0.231593	-0.221751
0.404932	0.268614	-0.382503
0.302575	-0.414709	0.362513
0.218178	1.03005	-0.278207
0.513093	-0.579087	-0.0200395
-0.987463	-0.0591898	-1.22401
0.542996	0.893026	0.645137
-1.06686	-0.102635	-0.208859
0.135258	0.778327	0.39425
0.557609	0.827854	-2.09204
-0.458229	0.0850707	-0.438852
0.427275	-0.232506	0.187597
0.238454	-0.119654	-0.750208
-0.192803	0.0230259	-0.222145
-0.307731	-0.863986	-0.247105
-0.197999	0.377611	0.723354
-0.391611	-1.01742	-0.119485
-1.3493	0.869953	-0.225009
0.341545	0.109264	1.05959
0.941911	-0.965407	0.0520323
-0.749397	0.409751	-0.103911
-0.692116	0.59044	0.0832166
0.938179	0.308082	-0.958097
0.0180924	-0.277478	0.222648
-0.0253727	0.455376	0.793817
-1.48911	0.318433	0.118111
0.265415	0.075623	0.0866269
0.175802	1.26363	-1.08882
0.356164	-0.537399	-0.0343913
0.302167	-0.223417	0.726838
0.884279	0.579485	-0.669262
0.7063	0.693197	0.311687
-0.0988642	-0.703918	0.797211
-1.3138	-0.100109	-1.13677
-0.213096	-1.01416	0.119782
0.0121552	0.163759	1.1408
-0.699477	-1.11358	-0.884413
0.0680534	-0.0205427	-0.677213
0.117642	-0.0445755	-0.416082
1.01074	-0.396563	-0.917252
0.761277	-0.177951	0.173567
-0.136654	0.443158	0.244389
-0.54242	0.207198	1.41884
-0.333037	-0.303838	0.322894
-0.142792	-0.121715	-0.250072
-0.106473	0.0367122	-0.694528
0.0916754	0.711177	-0.391255
0.208304	-0.185977	-0.424527
-0.318998	0.0902743	0.238022
-0.92062	-0.503324	-0.276494
-0.0516009	0.00290509	-0.427903
0.315664	0.238098	-0.33575
-0.545536	-0.374503	0.735344
-0.361917	0.832679	-1.17742
1.04278	-0.0537069	-0.205756
1.01029	0.329709	-0.737125
-0.528748	0.433219	-0.432793
0.537181	-0.845509	0.757563
-0.851278	-0.348583	0.297046
-0.639322	-0.408761	0.036707
-1.05245	-0.465414	0.297995
0.992186	-0.341658	0.452074
0.0782397	-0.0327195	0.530737
0.926226	-0.949212	-1.08366
0.992177	-0.901649	-1.34501
0.830071	-0.358731	0.177857
-0.639912	-0.0485743	0.780758
0.27452	-0.270517	-0.652195
-0.544677	0.317591	-0.613354
-0.310764	0.462949	-1.87397
0.853293	0.599164	0.938343
-0.431521	0.479237	-0.020043
-0.270591	-1.07994	0.631643
-0.622395	-0.0275626	0.822151
-0.253693	-0.748959	0.266952
0.277301	-0.235568	0.413235
-0.313329	1.01983	-1.2998
0.0866227	0.256576	-0.974265
0.741899	-0.452539	-0.286596
-1.20417	0.0980381	0.852614
-0.515787	0.188195	-0.438165
1.08209	-0.0920038	0.971468
-0.645801	-0.160688	0.0101058
-0.49932	0.159651	-1.30916
-0.135918	1.92482	0.613695
-0.522487	-0.944914	-0.723853
0.684435	1.08206	-0.765404
-0.918966	-0.117652	-1.28581
-0.568286	-0.461728	-0.327784
0.725869	-0.549726	0.143973
0.236537	0.251825	-0.374266
-0.0445976	-0.812914	0.923641
0.314232	0.509315	0.0627969
-1.86591	-0.184459	-0.854945
-0.0875055	0.00740919	-1.89778
0.797556	-0.588088	0.461967
-0.10534	-0.578018	0.604481
-0.154175	-1.28872	-0.913464
-0.183247	-0.247928	0.0563808
0.229881	-0.144378	-1.35093e-05
0.131348	-0.580723	-1.13669
0.878925	-0.650786	-1.20532
-0.169107	-0.42267	1.14865
-0.813867	-0.0780899	0.118162
0.42314	-0.581062	0.163228
1.15757	0.198676	-0.223508
-0.963204	-0.550131	0.259246
0.492984	0.379036	-0.34885
0.00950982	0.566028	-0.607985
0.316509	0.295028	1.07334
0.332729	-0.0919576	0.230707
-0.188815	1.23312	0.327991
-0.365648	0.0365276	-0.188067
-0.241107	0.937197	0.197036
0.228057	1.23134	0.120558
-0.154448	-0.181523	0.314823
-0.609172	-0.585668	0.331049
-0.627523	0.540278	0.349729
0.115921	0.0246248	-0.246052
-0.126394	-0.340215	0.545422
-0.597325	-1.91726	-0.65952
-0.46526	-0.0958905	-0.370133
-1.49657	1.40576	0.102715
-0.0854788	-0.339158	-1.19439
0.828598	-0.374716	-0.491486
0.99862	-0.0390651	-0.347619
-0.134346	0.342854	0.659911
-0.366671	-2.19337	-0.426011
-1.15573	-0.101764	-2.19136
-0.100588	-0.236807	0.54101
-0.477506	0.398452	0.408376
-0.93519	-0.458837	1.10515
-0.738631	-2.29235	0.749827
-0.574201	0.442201	-0.166169
-0.328529	0.149151	-0.577235
0.491319	0.0963283	-0.212894
-0.615975	-0.267616	0.60844
0.0104626	-0.132301	-0.354567
-0.611679	0.312474	-0.192903
-0.0119408	0.0848979	0.495102
0.22225	-0.679021	0.529467
-0.414278	0.834102	-0.308805
0.265708	-0.863765	0.121115
-0.410897	-1.22012	-0.0941783
-0.345641	0.00828042	-0.540092
0.562826	0.0537437	0.446259
0.173481	0.0357069	-0.0902329
-1.53327	-0.362685	0.280774
0.0321309	-0.042308	-0.245881
0.600575	-1.00533	-0.0967609
1.83845	0.692164	1.13793
-0.84451	0.115912	-0.21671
-0.0456606	-1.36139	0.781139
-0.805712	-0.576656	-0.0657068
0.410926	1.35489	-0.526213
-0.497774	-0.665155	0.586655
0.921577	-0.184926	0.0274968
-1.32655	0.899806	-0.58082
-0.357255	0.266793	-0.995288
0.425499	0.133916	0.409625
0.477688	0.337291	1.70404
-0.825087	-0.0205422	-1.06889
0.716037	-0.66275	-0.433032
0.391678	0.34272	-0.0861813
0.0365411	-0.628389	0.601825
-0.255792	0.160397	1.11801
-0.0383863	0.0942185	-0.334542
0.696614	-0.0788403	-1.13374
-0.0564541	0.184752	0.71538
0.586575	0.712441	0.299948
0.29595	-1.1261	0.0718829
0.106155	-0.290497	-0.361106
0.951824	-0.00760444	-0.845294
-0.900052	-0.112857	0.875185
0.192507	0.1402	-0.198482
0.380806	-0.0413885	0.293219
0.228265	-0.459141	1.11086
0.360317	-0.215251	0.686369
-0.46546	0.729339	-0.02287
-1.23916	-0.799929	-0.89788
0.253972	0.347458	0.0553133
-0.279591	-0.0863872	-0.00557449
0.824749	-0.318785	-0.692765
0.155497	0.418941	0.686823
-0.519935	0.730216	-0.58669
-0.245447	0.633939	-0.41319
0.225408	-0.275082	-0.441129
0.718006	-0.225763	0.0813766
0.319114	1.03327	0.616123
0.285175	1.23735	0.195312
0.236584	1.18777	-0.101125
0.694513	-0.567902	0.83841
0.693971	-0.419595	-0.747567
0.00593945	-0.0764464	-0.449341
0.180018	-0.319612	0.094288
0.508676	-0.903188	1.1953
-0.741959	0.65986	-0.0910608
0.377496	1.43909	-0.122772
0.36485	-0.203433	-0.326239
-0.483172	0.0351426	-0.387475
0.852399	-0.0500778	-0.0903192
0.0982235	-0.28878	0.683382
0.478605	0.336557	-0.21481
-1.17543	0.0937595	0.622558
-1.09093	0.535833	0.024545
-1.28807	0.472585	0.484787
-0.726166	-0.936003	-0.483878
-1.02818	0.0603548	-0.353057
0.393815	0.301662	-0.124681
-0.184682	-0.671768	-0.0504974
-0.466907	0.242442	0.875963
-0.176735	-0.131074	1.53041
-1.38854	-0.729838	-1.47452
0.396836	-1.75183	-0.325694
0.31877	0.464213	-0.761116
-0.916962	0.0238485	2.06891
0.0382982	-0.51482	0.821685
-0.847314	-0.609698	0.871443
0.00845327	0.665945	0.262829
-0.0903243	1.09696	0.781116
-0.704335	-1.08927	-0.544127
-0.0774347	-0.333174	-0.269518
-0.738935	-0.133609	0.484469
0.302602	-0.555438	0.053395
-0.0991149	0.26327	0.0370076
-1.10774	0.270499	0.00672027
-0.551643	0.419784	0.755911
-0.0959486	0.0433675	1.53192
0.479795	-0.199515	-0.284456
0.833093	0.0544584	0.106988
-0.394398	-0.352174	0.275615
-0.259472	0.504587	-0.722219
-0.080182	0.647269	0.838893
0.010761	-0.306426	0.500286
0.313007	-0.241746	0.332924
-0.0792869	-0.0357572	1.02518
0.275066	-0.702412	-0.769304
-0.606958	0.522041	0.817032
0.75967	-0.304284	0.315087
0.36383	-0.642407	0.376687
0.650316	0.635002	0.532195
-0.206416	-0.698586	-0.898255
-0.0777359	1.18742	-0.427625
-0.753563	-0.693151	-0.442166
1.12169	0.106238	0.721635
-0.29825	-0.531265	0.778288
-0.532629	0.355773	0.434224
0.24426	0.124514	0.0359066
-0.161296	-0.809855	0.0101633
-0.53287	0.538826	0.0746706
-1.1371	0.0225255	0.827017
0.0854121	-0.116509	0.686555
0.721459	1.29342	-0.00976115
0.618226	-0.0189609	-0.670323
0.41421	1.13542	-0.531122
0.286546	-0.927661	0.936342
-0.101563	-0.200978	-0.638757
-0.542147	0.109423	-0.149024
0.398456	-0.229979	0.771999
-0.576706	-0.274747	0.295782
0.96986	0.415527	0.42414
-0.896783	-0.616057	-0.249064
0.923897	0.687883	1.1072
0.538842	0.0340615	0.93209
0.541248	0.226958	1.10841
-0.828764	1.3026	0.395143
0.513265	-0.67198	0.426509
-0.0965968	-1.02072	-0.106153
0.734181	0.266565	1.16374
0.0483728	-0.0401864	0.278449
0.282626	0.474461	0.850123
0.128167	-0.127451	0.322968
-0.315215	0.843591	-0.147635
0.0398147	-0.661136	0.667639
0.563784	0.5979	0.856552
-0.16688	0.34767	-0.196196
-0.12422	0.0602495	-0.0336938
-0.601264	-0.501226	0.309225
-0.597627	-1.35662	0.507648
-1.29648	-0.112247	0.0252474
0.528376	-0.320344	-0.194208
-0.0525003	1.56432	-0.956153
0.175381	0.23435	0.0973183
-0.612748	0.702953	0.246546
-0.0317454	-0.195504	-0.172535
0.286301	-0.518494	-1.26945
-0.177517	0.0777868	0.0242468
-1.98123	0.546952	0.0917363
-0.423434	-0.167607	-1.11296
-0.288256	-0.65536	-0.38381
-0.805521	-0.398711	-0.631533
-0.408259	0.0657197	0.0476198
0.266987	0.0827667	0.846967
0.217145	0.0241846	-0.455307
0.344267	0.496831	-0.466583
0.221023	0.619985	1.48849
0.661622	-0.187105	0.0240571
0.177674	0.283572	-0.765821
-0.376048	0.299311	0.073395
0.352236	-0.143311	-0.597705
-0.229536	-0.489549	-0.315399
-0.449853	0.489734	-0.386952
0.0765304	0.662874	0.0379109
0.630816	-0.450177	0.282786
-0.39736	-0.940878	0.391874
-0.518748	-0.530039	-0.192731
0.433251	0.562573	-0.0310893
-1.8012	-0.684163	-0.418471
-0.771322	0.27192	0.846674
-0.487366	0.271924	-0.568587
1.53843	0.635743	-0.92475
0.507113	0.205442	0.167883
0.687041	1.46792	-0.501513
-0.379189	1.48126	0.506226
-0.472012	0.577139	-0.109687
-0.551405	0.448924	-0.425965
-0.64467	-0.768636	-0.523031
-0.393896	1.07223	0.0710753
0.376299	-0.383205	-0.171674
-0.0139297	-0.805662	-0.7794
0.286706	-0.763954	0.229963
0.417176	-0.81281	-0.269151
0.229376	0.446714	0.430149
1.42381	0.718184	-0.357119
-0.0467743	0.0860413	-0.637874
-0.625889	0.643463	0.377368
-0.0203257	0.0881606	1.24826
0.0144628	-0.254203	-0.689982
-0.45615	0.557648	0.593917
-1.07483	0.859571	0.388665
-0.497874	0.0704689	-0.00555575
-0.380208	-0.393313	-0.825984
-0.681817	-0.299751	0.462401
-0.349972	-0.301144	-0.420277
-0.057691	-0.0323911	0.202587
0.478839	-0.293826	-0.00552483
-0.169662	0.00574228	-0.814597
0.280036	1.24121	-0.786634
0.461714	0.369184	0.280539
1.38292	-1.76759	-0.0932568
0.246718	0.209453	1.20285
-0.72666	-0.523177	0.443068
0.294481	-0.406824	0.687464
0.661562	0.394903	0.715835
0.985141	0.231875	0.923563
-0.62387	0.782645	0.635048
-0.150269	0.06082	-0.860433
-0.286474	0.885634	-0.096867
-1.07483	-0.185224	-0.712983
-0.152135	-0.190416	0.270396
-0.946852	0.610917	0.222504
0.66	-0.92472	0.343477
-0.0477474	0.795936	-0.0744979
0.0907946	-0.0125024	-0.212329
-0.716879	0.0746921	0.0435174
0.481424	0.140785	0.291177
-0.966564	0.445601	0.630422
0.240413	0.231939	-0.283904
-0.625579	-0.347637	0.303785
0.978314	-1.26307	-0.473305
-0.968918	0.361947	-0.0915937
-1.20165	0.446405	0.289306
-0.873816	0.00294253	-0.183673
-0.10187	0.155905	-0.24913
1.37867	-0.0463875	-0.253414
0.973775	0.225692	-0.534147
0.0683339	-0.507866	0.490145
-0.374664	-0.0658022	-0.0446273
0.392099	0.0620181	1.18114
0.673359	0.753872	0.334507
0.263047	0.504608	0.151791
-0.828237	-1.57374	-0.366432
-1.02175	0.55412	0.804951
-0.715246	0.0512605	-0.337241
-0.633458	1.04967	-0.400429
-0.183987	0.128774	0.468652
-0.8121	-0.401296	0.327375
0.203704	0.0112869	-0.0715349
-0.908982	-0.407032	0.012742
-0.397712	0.399799	0.0763628
-0.0821383	-0.388704	0.269822
-0.789822	-0.871959	0.36263
-0.556376	0.711766	0.478842
-0.503452	-0.254537	0.227714
-1.10241	-0.300554	-0.76833
1.03354	-0.0871411	0.42577
-0.0434862	0.0903077	-0.614747
-0.233832	1.23777	-1.12229
0.192672	-0.531887	-0.595675
0.421173	0.215702	0.394501
-0.2303	0.0437386	0.210508
-0.0581743	-0.881206	0.336909
-1.18029	-0.367674	-0.121354
-0.664948	-0.529457	-0.44349
0.529762	-0.972456	-0.20673
0.0414291	-0.319748	-0.876922
-0.421346	0.35787	-0.243133
0.0703312	0.431684	0.226761
0.115299	0.699033	0.079532
-0.358357	0.0152417	-0.139388
-0.177999	0.171283	1.07077
0.371424	0.161546	0.735427
1.22444	0.535909	0.00984327
0.223794	-0.0650909	-0.457329
0.868661	-0.110217	0.21749
-0.144845	-0.444765	-0.0375349
-0.573551	0.568582	-0.620734
1.09906	1.78891	-0.197157
0.23852	-0.0437822	-0.696038
-0.630544	-0.198702	0.215182
0.948757	0.198482	-0.510041
0.0960771	-0.0686385	-0.750812
-0.459781	-0.527345	-0.497585
-0.443265	0.373367	0.108872
-0.0757963	0.212341	0.496688
-0.450593	-0.180294	0.576293
-0.0974757	-0.32633	-0.420507
1.20864	-0.320031	-0.640808
0.938272	0.56868	-0.0320944
-0.799803	0.855912	-0.318788
-0.69701	0.764363	0.285437
-0.63875	0.105573	-0.1967
-0.456948	-0.118398	0.779413
0.112662	-0.84871	-0.14161
-0.146471	-0.3938	1.01644
-0.202377	-1.31014	-1.01119
0.0614393	0.0796244	0.611889
-1.23234	0.735489	0.634428
-0.614465	-0.0900983	0.461288
-1.25039	0.667772	-1.01247
0.584499	-0.191388	0.313916
0.249121	-0.331856	-1.06364
-0.337484	1.1587	-0.367079
0.926387	0.000138476	0.0348217
1.14026	-0.437335	1.06745
-0.919004	-0.185097	0.108987
-0.885153	0.321932	0.120375
0.592044	1.1169	0.785081
0.430147	-0.606594	-0.021183
-1.03625	0.119884	-0.704053
-1.14057	0.595474	-0.484453
-0.129274	0.09092	-0.709093
-0.658552	0.648657	-0.262534
0.487679	-1.50835	-0.70403
-0.631791	0.00925511	-0.0850496
-0.0401832	2.28078	-0.389573
1.11948	0.113159	1.01248
0.324447	-0.798631	0.327673
-1.76141	0.813985	-0.244395
1.3147	-0.916914	-0.449574
1.33928	0.1809	-0.114192
0.136306	-0.163621	0.0705425
-0.0712845	0.453318	0.574185
0.285884	-0.0682961	0.18571
0.00683861	-0.934672	-0.289728
0.145	0.506935	-0.346264
0.506399	0.240572	0.489839
-0.0208949	0.00778373	1.15154
0.263741	-0.774799	1.48772
-0.649518	-0.242648	0.641089
0.111367	0.431696	-0.315758
0.366063	-1.20612	0.0106891
0.439966	-0.615549	-0.183812
0.813906	0.0258805	-0.135509
0.0069657	-0.90668	0.270651
0.625302	1.3263	-1.08868
0.463103	0.486502	-0.264049
0.330033	0.933316	0.437894
-0.307478	0.463437	-0.126327
-0.38812	0.370356	-1.33373
-0.565033	-0.193929	-0.266153
-0.325567	0.712983	-0.779969
0.203602	-0.252671	-0.156095
0.418441	0.346122	0.257059
0.769701	0.274157	-0.371815
0.565545	0.769261	-0.0938356
-1.03137	0.131485	0.215296
1.17244	-0.352756	0.160077
-0.760806	-0.372419	0.264448
-0.84177	-0.0599428	0.355407
1.15924	-0.455113	0.587605
0.623341	0.909496	0.143334
0.446933	1.15932	-0.966848
0.860802	0.361373	0.440825
-1.2452	1.15876	-0.593245
0.500754	0.0116657	-0.188667
-0.90561	-0.333397	1.25301
0.00426588	1.35986	0.357988
0.569163	0.773507	0.237964
0.496453	-0.166519	-0.20256
-0.995091	0.819427	-0.0940722
-0.102424	0.782276	-1.00576
-1.07255	-0.00377499	-0.8766
-0.841154	0.706786	0.223622
-0.301548	-0.317741	-0.0667473
0.228373	-1.13766	0.651619
-0.176116	-0.627621	0.31197
-0.381475	0.398378	-0.378634
-0.799123	-0.109291	-0.208927
1.02512	0.718639	0.0891548
0.924462	-0.0354379	0.0807232
-0.642782	0.560249	-0.608911
0.46641	0.507428	-0.258736
-0.531375	0.767453	0.445726
0.987353	0.171628	-1.38575
0.547056	0.621216	-0.472311
-0.881705	0.224694	-1.02678
0.457463	-0.40649	0.824034
0.38688	-1.02016	-0.440531
1.66775	0.331236	-0.653769
-0.0959652	0.980125	-0.391055
1.03333	0.650161	-0.253404
-0.602387	-0.187165	0.124066
-0.398855	-0.706437	0.953936
-0.325303	0.21374	-0.0403979
0.0870904	-0.982057	-0.822678
-0.522534	-0.0393082	-0.681443
0.43302	0.693604	-0.259175
1.1325	0.216926	-1.583
-0.0299077	0.898571	-0.694814
-0.24511	0.2405	0.301082
-0.658427	-0.22933	-0.0277986
-0.158678	0.190378	-0.820163
0.0628362	0.282872	-1.19595
-0.373785	0.437227	-0.202679
0.293929	0.937392	-0.0171523
1.1621	0.465193	0.762191
0.777097	1.0455	-0.723988
-0.743287	-0.544878	0.416353
-0.0935017	0.127395	0.0993081
0.216892	-0.178499	1.17888
-0.454751	-0.567644	-0.812988
-0.241616	-1.14955	-0.219352
-0.287913	-0.786798	-0.397296
0.558472	0.628099	0.0476539
-0.20035	1.56962	0.481834
0.398616	0.267933	0.242532
-0.0104174	0.372979	-0.198627
1.4408	-0.55456	0.745457
0.46033	0.500312	1.24366
-0.401122	-0.70063	-0.566025
-0.00366996	1.15171	-0.835085
-1.1468	0.11987	-0.612427
0.373767	-0.388893	-1.08444
0.473966	-1.31966	0.271292
0.373062	-0.0882273	0.206667
0.107972	0.912712	0.499247
-0.823777	-0.197209	0.683933
0.557777	-0.530809	0.505806
-0.723302	1.09699	0.344217
0.540766	0.926125	0.465652
0.660138	0.480171	0.695622
-1.27165	-1.01118	-0.0670389
-1.06295	0.119659	-0.820583
-1.108	-0.0908151	-1.04352
-0.559898	0.27654	0.120864
-1.5415	-0.164283	0.184893
0.126488	-0.303338	0.121054
0.394885	1.19109	0.944622
-1.04093	-0.0853387	-0.11853
-0.747695	-0.546934	-0.76737
-0.232762	-0.366657	-0.0752604
0.33057	0.779938	-0.389283
-0.0510534	0.043434	0.698672
-0.366725	-0.543041	-0.264319
0.246202	0.239839	0.629884
-0.956282	0.524679	0.5033
0.732077	-0.555642	-0.0267365
-1.11825	0.513932	-0.744146
0.719324	-0.502047	0.865602
0.427405	-1.38743	-0.454727
-0.0712788	-0.0369421	-0.149973
0.350227	0.531121	0.961703
-0.162016	0.163342	-0.156093
-0.631334	0.227136	-0.18813
0.501474	0.0410164	0.535936
-0.169103	-0.887859	-0.112098
0.112567	0.141185	0.375162
-0.433398	-0.202391	0.911474
-0.711129	0.133157	0.490125
-0.0594452	0.489689	0.468501
0.615945	-0.483659	-0.26361
0.0799549	0.772084	-0.0139134
-0.631352	-0.269681	0.524135
0.20407	1.27449	-0.0464111
0.574576	0.400813	-0.441854
1.23865	0.52639	-0.897221
-0.851682	-0.527221	-0.0743159
0.388461	0.736474	-0.759486
1.0632	0.210383	0.893315
0.753167	0.799334	-0.255032
-0.493904	-1.40493	-0.0676795
0.398994	-0.431244	-1.12089
0.81636	-0.922305	0.137847
-0.111292	0.406883	-0.603603
0.61668	-0.17779	-0.373474
-0.461261	1.22415	0.10064
-0.443667	1.0462	0.396971
0.559365	-0.585932	-0.530833
0.585134	-0.267836	-0.0221192
0.341839	-0.20679	-0.119478
0.178641	0.014721	0.367874
-0.671338	-0.865637	-0.528747
-0.486052	-0.663555	-0.385755
0.17108	0.305575	0.798714
0.300413	0.0915645	-0.666606
0.0967421	-0.241898	0.173043
0.804091	0.811063	0.33415
-0.219014	-0.280907	-0.013952
-0.434107	0.574977	-0.308505
-0.629381	0.175756	0.101821
0.10149	-0.152519	0.277355
0.510492	-0.806752	0.587237
-0.0654283	-0.394269	-1.14564
-0.324667	-0.102713	-0.0392342
0.0380774	1.65961	0.150551
0.181017	0.228625	0.188496
-0.261708	-0.446536	-0.37888
-1.32828	0.20295	-0.162494
0.239492	-0.591372	0.692094
0.727748	-0.575354	0.653091
-0.367346	-0.777916	-0.0875181
-0.442247	-0.546579	-0.258837
-0.991925	-2.02853	0.872592
-0.649678	-0.0175699	-0.941308
-0.308587	-0.145373	-0.0397883
-0.122075	0.451029	-0.0436515
-0.0719446	1.31841	-0.139085
0.263235	0.00450383	0.00374784
0.302992	0.524213	0.411935
1.12774	0.573068	0.262735
-0.189715	0.233613	-0.322024
0.0432651	0.282546	-0.734294
-0.302876	0.676506	0.833959
0.651233	0.275816	-0.882474
0.984014	-0.536794	0.0810936
-0.181404	-0.261332	0.381702
-0.895448	0.678598	-0.319756
-0.395265	-0.0632511	0.25649
0.135023	-0.249479	-0.184048
0.675071	-0.599119	0.729831
-0.394712	0.40669	0.573165
-1.27503	0.87944	0.787278
0.583718	-0.0244585	0.0235411
0.198366	0.770897	0.456199
-0.792385	-0.592897	0.093592
-0.28144	-0.515433	-0.630415
-0.108359	0.149074	-0.729191
0.472762	-0.11961	0.903993
1.3315	-0.247066	-0.520337
0.0521676	-0.105269	0.139155
0.420294	-0.575975	-1.02715
0.0655856	-0.158092	0.289037
0.156153	-1.17675	1.14619
-1.17338	1.02981	-0.185127
0.380253	0.185847	0.0305983
-0.334201	-1.14782	0.58167
0.590209	-0.369818	-0.0555105
0.478563	0.332636	-0.722972
0.0719415	-0.277274	-0.139447
-0.939598	-0.829682	0.139906
-0.00889227	-0.620107	1.18355
-0.311985	-0.82668	0.602307
0.595609	1.10302	-0.436817
0.397532	-0.330282	0.396682
0.467304	0.945397	-0.385612
-0.102552	0.324382	0.540235
-0.680203	-0.14931	0.336877
0.647001	0.832543	0.237707
0.669615	-0.523154	-0.249818
-0.422082	1.45469	0.117912
-0.66148	0.43113	0.412089
-1.2758	-0.0167801	-1.36889
-0.696021	1.17361	-0.545654
0.337956	-0.199179	-0.94119
1.28508	1.42091	-1.08979
-1.14961	0.486232	-0.25106
0.267415	-0.359974	0.407246
-0.16232	-0.323304	0.914373
-0.119846	-0.0723821	-0.644121
-0.57326	0.1744	-0.22018
1.31067	-0.0187501	0.793731
-0.215651	-0.331181	-0.564063
0.361507	-1.0382	-0.372491
1.66836	-0.160411	1.64444
-0.00508508	1.05393	-0.310139
-0.331054	-1.14536	1.07934
-0.449497	1.16158	0.388618
0.454921	-1.03479	-0.461671
-0.511326	-0.225201	0.506403
0.165076	-1.13243	0.103132
-1.74481	-0.534807	0.514641
-0.264206	-0.509772	-0.63324
1.35873	-0.157841	0.385571
-0.345641	0.364385	-0.763155
-1.41771	-0.638379	0.193227
-1.2815	0.780101	0.226628
0.0998917	0.178413	0.607647
0.875461	0.977136	0.508405
0.370063	-0.0799681	-0.151584
0.24824	1.58677	0.106889
-0.645881	-0.0462231	0.394651
0.706946	-0.110537	-0.845975
-0.306495	-0.0598169	-1.16283
0.67384	0.253294	-0.104332
1.39683	-0.905602	0.445202
1.39576	0.661465	-0.704186
-0.397654	0.833395	-0.588118
-0.850777	-0.53437	0.054113
-0.128764	0.525639	0.143697
0.781	-0.488902	0.1456
-0.766258	0.289971	0.117028
-0.346331	-0.519263	0.0418664
-1.27516	-0.382141	-0.0870138
1.02159	-0.453228	1.20087
1.19993	1.19346	-0.23507
1.76218	0.96198	-0.412831
0.720276	-0.336569	0.234316
-0.345352	-0.595391	-0.0626126
-1.46478	0.645167	-0.561497
0.601086	0.415473	0.71137
-0.0834405	0.373524	0.758229
-0.638286	1.29253	0.491008
0.64051	0.690271	0.638922
-0.0210321	0.509073	0.495547
-0.8211	-0.140023	0.215696
-1.30042	0.21058	-0.350766
0.783081	-0.551209	0.339013
0.0258133	0.556192	0.155789
-0.377608	-1.37145	0.552602
0.851707	0.288699	0.724567
0.192318	0.121947	-0.330407
0.562238	0.053716	-0.0342178
0.276008	-0.139507	-0.500838
0.418111	0.907936	-0.655199
-0.749658	1.00443	0.859989
-0.521735	-1.8715	-1.01448
-0.427344	0.0331013	1.26796
-0.161168	1.75189	0.0617161
0.060866	-0.633549	0.900709
1.12889	-0.24772	-0.152473
-0.130518	0.276175	-0.180985
-0.630613	-0.0211961	-0.839306
-0.0554136	0.0163521	-0.843064
0.103273	-1.65131	-1.1721
-0.279524	-0.433693	0.4786
-0.659996	-0.636051	-0.311396
0.122991	0.00254264	-0.653118
-0.657897	0.0262379	0.163828
0.858134	0.13893	-0.207596
0.224963	-0.429067	0.0544397
0.549902	-0.509672	-0.0693831
0.306022	1.07478	-0.353108
0.229909	-0.00758944	1.09234
0.659952	1.42318	-1.09045
-0.119054	-0.658139	-0.66625
0.531465	0.884634	0.663331
-0.152262	0.72358	1.27053
0.314476	-0.806612	0.406893
0.110957	-0.185298	0.537815
0.0449485	0.512888	-0.129777
0.34087	-0.176429	-0.329465
0.685802	1.14522	-0.265848
-0.801308	0.560451	-0.443975
-0.435127	-0.136038	0.119879
-0.348028	0.468327	0.0217046
0.156082	-0.268841	-0.516521
0.728151	0.311285	-0.417063
-1.08119	-0.561664	0.152684
0.679743	1.02669	1.42536
-0.197675	-0.0965877	-0.411436
-0.599944	0.431289	-0.265247
0.880596	0.00514809	1.37195
0.504128	0.746809	-0.0744461
-0.459928	0.4064	0.164558
0.403237	-0.0751468	-0.972334
0.317468	0.517305	0.109279
-0.488809	-0.630251	1.21999
-0.664236	0.458957	0.21567
0.709282	-0.0731394	0.13102
-0.0996688	0.859888	0.193435
-0.4966	-0.329427	0.518075
0.223576	-0.37053	0.418512
0.616823	-0.199442	-0.428289
0.246697	-0.189102	0.435412
0.64284	0.356604	0.102192
-0.997711	0.511521	0.103161
-1.15471	-2.08481	1.39481
0.0716709	-0.551092	-1.07223
-0.662939	-0.202979	-0.469361
0.807787	1.12371	0.0563716
0.133663	0.00304038	-0.951973
0.740289	0.690022	0.761228
-0.123673	0.347901	-0.363945
0.869251	-1.2766	-1.48088
-0.471752	-0.324242	0.303943
-0.834303	-0.47111	-0.50328
0.227678	1.08638	0.0804384
-1.10664	0.113706	-0.212464
-0.0149514	0.940751	0.938402
0.157164	-0.812771	0.0139433
0.160566	-0.389408	0.808304
-0.321593	-0.898423	0.0872266
-0.0256353	1.08465	0.795953
-0.446614	0.367603	-0.595601
1.64378	0.618294	1.40907
0.0307947	0.773342	-0.744804
0.0809061	-0.0648093	0.88318
0.431621	-0.141435	0.656753
0.677668	0.0865588	0.654586
-0.227784	-0.0874227	1.00655
-0.639853	1.31286	-0.45695
-0.756247	0.141978	-0.134038
0.694721	-0.680964	-0.718445
0.832572	0.638063	-0.0248063
0.325635	-1.4483	-0.383332
-0.0328116	-1.04188	-0.847298
-0.466285	-0.74742	0.876944
0.670749	-0.510297	0.720691
-0.42503	-0.143035	1.24689
-1.01157	-0.19148	-0.154058
-0.463258	-0.994655	-0.31874
-0.5969	0.264786	-0.699503
0.501269	0.0607941	0.168345
-0.173834	0.23568	-0.780152
0.722652	0.289166	-0.209109
-1.3382	-0.038865	0.552445
-0.19759	0.816041	-1.19261
-0.433309	-0.655402	-0.0844401
0.0922659	-0.175079	-0.175949
0.484405	0.530079	-1.04375
-0.688858	-0.022201	-0.30253
0.385531	1.34919	0.185806
-1.40958	-1.26652	-0.453774
0.214242	0.483595	0.246438
0.282998	-1.21563	1.56507
0.132105	-0.302765	-0.745632
1.29727	-0.241735	-1.18953
0.221139	0.615566	0.670253
-0.622782	0.34095	-0.660662
-0.312642	-0.474369	-0.765538
-0.190642	-0.0221626	-0.433379
-0.0768244	0.782753	-0.75929
-0.417194	1.12011	-0.00565848
0.388798	-0.150882	0.606117
-0.0250503	0.809577	-0.136654
-0.330692	-0.286431	-0.494264
0.0648714	0.366764	-0.597907
0.15596	1.03553	-0.521392
0.233273	0.0288366	0.612728
0.131649	-0.547955	0.630383
-0.0136197	0.398361	0.641236
1.58082	-0.926745	-0.0300961
-0.930885	0.0441138	0.130718
-0.392545	0.015769	-0.140981
-0.806524	-1.25429	-0.311547
-0.255852	0.00600003	0.113053
-0.628366	0.698345	-0.00892379
-1.29855	-0.469486	1.12304
1.09586	-0.103979	0.209371
0.202343	0.240568	-0.1236
0.661712	0.412158	0.0655921
-0.506687	0.863899	0.635386
-0.139959	1.09398	1.39591
-0.575446	0.233411	0.273508
-0.349768	0.32057	0.725884
0.0862064	1.29745	-0.211818
0.197492	0.936786	-0.286349
-0.746425	0.00283398	-0.56883
0.682568	-0.335379	-0.647837
-0.0475631	-0.0926519	0.160656
0.190767	0.320409	-0.138181
-0.87283	-0.371866	-0.16587
0.398628	-0.718369	-0.657887
1.36318	-0.983152	-0.271747
-0.291782	1.81466	0.550309
0.134457	0.375972	-0.585856
0.142534	0.611536	-0.129615
0.81766	0.22532	-0.310508
0.0332546	-0.998668	0.478448
-0.332074	0.0414952	0.177534
1.01778	0.0692322	-0.412609
0.749804	0.306688	-0.990052
0.552737	-0.815805	-0.788919
0.750685	0.320927	-0.631375
-0.913477	-0.456763	1.24361
-0.805042	0.104495	0.501225
0.135108	-0.658007	0.600037
0.819959	0.656914	-0.968216
-0.142475	0.278739	-0.479587
-0.848084	-1.31197	0.10146
0.550845	-0.0287164	-0.221502
0.348426	-0.934126	0.352803
0.512005	-0.135278	-0.76946
-0.175516	0.671373	-0.554078
-0.656903	-0.237366	-0.479045
-0.534988	0.192537	-0.22375
0.151446	0.811607	0.262756
-1.29314	0.083271	-0.18882
1.15246	1.01273	0.840519
-0.538081	0.319191	1.89694
-0.881274	-0.555196	-0.341973
-0.306357	0.491349	-0.177249
-0.362443	-0.25121	0.405374
-0.548141	0.360243	0.728665
0.502547	0.634042	0.000454197
-0.646644	-0.257565	0.574943
-0.165056	-0.298363	0.053768
0.296588	-0.169601	-0.00683416
0.52691	-0.0527055	-0.305443
-0.157629	0.450521	-0.514383
0.843696	-0.458591	1.44728
0.977939	-0.31046	0.182057
-0.632998	1.43114	-0.340035
-0.0639056	-1.36184	-1.37699
0.23339	0.129192	0.0996221
0.776361	0.99037	-0.313816
-0.232936	-0.0745635	-0.0725284
-0.445985	-0.160161	-0.487549
0.131205	-0.740084	0.20313
-0.501731	0.653033	0.193774
-0.327488	-0.214709	-1.19368
0.228804	1.05513	-0.0345638
-0.185978	-0.173482	-0.770081
0.167254	0.434428	0.692158
-0.224857	-0.168366	0.377331
-0.285429	-0.815109	-0.116678
1.98891	-0.54104	-0.508016
0.339842	1.08957	0.729392
0.134992	-0.938778	-0.0989125
0.700209	-0.823432	1.54611
1.0389	0.10803	-0.588003
-0.142235	0.495607	0.032799
-1.17531	0.479407	0.61875
-0.238246	0.214335	0.17511
1.43622	-0.239182	0.0721002
-0.441505	0.566601	0.874372
0.119534	-0.158472	0.43686
-0.46887	0.731549	0.198326
-0.200767	-0.784012	0.494124
0.129131	-0.688913	-1.5747
-0.282679	0.316661	0.113405
-0.331558	0.203049	1.47868
-0.855126	-0.0378507	1.20442
-0.173522	-0.920869	-0.927988
0.162752	-0.931015	-0.688386
1.40369	-0.601748	-0.308312
-0.664241	-0.0429532	-0.359873
-0.0490866	0.36769	-0.682267
-0.184598	-0.524424	0.690932
-0.384242	-0.461225	-0.618486
-0.370365	-0.407623	1.13425
0.108109	0.405175	0.41026
-1.02141	-0.0869384	-0.46748
-0.694227	-0.906158	0.609312
0.839818	-1.02747	-0.927415
-0.614448	0.385113	-0.335697
-1.24169	-0.236411	1.07521
-0.519084	0.47233	1.17612
-0.38195	-0.410857	-0.541136
-0.556641	-0.334846	-0.814874
0.0800597	0.706674	-0.337231
-0.354997	-0.705046	1.14578
-0.163325	-0.690109	0.257684
0.961721	-0.164323	0.614381
0.569722	-0.879492	-0.290845
0.774205	-1.63792	-0.444776
1.54871	-0.294749	-0.534953
-0.487327	0.594932	0.0372053
0.727636	0.510049	-0.395588
-0.288029	-0.332955	-1.08386
0.529992	-1.18767	-1.00708
0.340399	0.511356	-0.317936
0.213584	-0.216588	-0.682915
-0.249396	-0.10488	-0.112162
-1.59928	-0.202693	0.403128
0.449535	0.302729	-0.119611
-0.346105	1.33382	0.139984
1.11671	-1.14226	0.565906
-0.37569	0.255741	-0.49026
0.611263	0.859039	0.547624
-0.671828	-0.89925	-0.733329
0.224657	-1.0389	0.208714
-0.594494	0.936867	-0.279864
0.40878	0.190172	0.105241
-1.06774	0.988886	-0.16486
0.257599	-0.645171	0.981956
0.704602	0.0999174	0.608175
-0.040636	-0.0131597	-0.790787
0.0785102	0.252815	-0.492879
-0.390352	0.537993	-0.913058
-0.46633	0.209365	-0.0756267
-0.579031	0.294385	-0.228885
-0.298218	-0.500497	-0.0590783
0.221881	-0.0572917	-0.744593
0.793048	1.52013	0.902991
-0.734653	0.73417	0.907216
1.69442	0.270018	-0.61966
0.617296	-0.916848	-0.325143
-1.56896	-0.283759	1.13462
-0.507966	0.420035	0.419038
0.515783	-0.0497061	-1.27492
0.771711	-1.24241	0.120231
-0.165499	0.191669	0.390036
0.0804343	-0.59956	-1.23937
0.622856	-0.39813	0.47191
-0.43491	-0.277649	0.842152
1.81309	-0.54089	1.18418
-0.472856	0.42763	0.02208
-0.317424	-0.600777	-0.291024
-0.957892	0.501395	-1.20588
0.040483	0.22901	0.245913
0.445418	1.28553	0.930647
0.4825	0.283098	-0.555493
-0.243847	-0.360438	-0.440375
0.610201	0.320218	-0.501077
0.354454	1.45809	0.067838
-0.11126	0.46377	-0.771213
-0.0905486	-0.401873	0.1448
0.694872	-0.337511	-0.663949
-0.368128	0.181732	0.534959
0.679077	-0.437482	0.329393
-0.180313	0.714969	0.119945
-0.624952	-0.76922	-0.0093278
0.112253	0.426229	-0.504753
0.366865	-0.622614	0.76253
1.0325	0.247002	-0.111891
-1.04503	0.00190063	-0.835738
-1.1666	0.236529	-0.747422
-0.427303	-0.970394	-0.706036
-0.295987	-0.442777	-0.420346
0.446466	0.771922	-0.329352
-1.00281	0.686981	0.437403
-0.795762	0.597626	-0.146299
-0.727419	1.10003	-0.76464
-0.0747754	0.189537	-0.124858
1.22425	-0.130811	-0.81144
0.0387488	0.726739	0.305393
-0.187874	-1.02074	-1.18351
0.0366961	-0.175555	-0.494937
-0.636951	-1.18898	-0.549205
0.0808875	-0.391415	0.766111
-1.09755	0.274743	-0.686776
-0.948112	-0.652666	0.162091
1.34589	0.424608	-0.216051
-0.256141	-0.767406	-0.291912
1.11622	0.945888	-0.216124
0.407189	0.00577702	-0.430107
-0.229189	0.268717	0.0857216
0.586447	0.387	0.377941
-0.238345	-0.169516	0.278409
-0.127595	0.127035	-0.354481
-0.0814873	0.129575	0.0660092
-0.62457	0.93289	-0.8308
-0.812224	-0.0325563	0.0132497
-0.268815	1.53537	0.641945
1.04051	0.673045	0.462412
0.0309805	0.0725235	-0.0873097
0.639523	-1.53532	0.634928
1.64303	-1.15932	-0.943563
-0.631097	-0.0896783	1.08801
0.0647421	-0.00942286	0.142479
1.70713	-0.237709	-0.268436
1.20105	-0.0436966	0.0453827
-0.855685	0.649353	0.285295
-0.411071	-0.864354	0.337339
0.194483	0.21838	-0.282561
-0.515652	-0.0590192	0.196456
1.00137	0.6901	0.819378
1.2165	0.215127	0.711654
-0.0743427	-1.05723	0.772478
-0.553543	-1.25223	-0.0590594
-0.978709	-0.483697	0.0836961
-1.31603	-0.196025	-0.460128
-0.214969	-0.718724	0.226223
0.139255	-0.0628669	-0.219354
-0.825831	0.105343	1.717
0.00458752	0.0269566	-0.546405
1.03735	-0.763025	-0.000584597
0.170975	0.397385	-0.755793
-0.361542	1.16284	0.584102
-0.356998	-0.768277	0.165264
0.672262	-0.0519418	0.663612
-1.25971	0.594847	-0.546756
-0.222719	-0.344815	-0.399753
0.931124	-0.209436	-0.364021
-0.817105	0.722561	-0.563048
-0.507017	0.136006	-0.336917
-0.721835	-0.679143	-0.165549
0.617104	0.212662	0.478942
-0.977117	0.241394	0.863663
-0.356776	0.545038	0.451654
0.96201	-0.471549	0.732699
0.32893	-1.0554	-0.344211
-0.000330824	-1.34789	-0.914661
-1.00823	-0.212998	0.379439
0.301975	-0.159101	-0.798634
-0.450764	0.333746	0.807192
-0.36338	-0.888079	0.251733
-0.646243	1.39157	0.720036
-0.330835	-0.189516	0.452954
-0.698559	0.416817	0.789887
-0.133592	-0.637288	-1.02962
0.692954	0.307325	0.44571
0.25438	1.85058	1.067
0.687492	-1.20125	0.83425
0.399995	1.92909	0.280448
-0.512906	0.433125	0.238673
0.610753	-0.503315	0.352565
-0.156687	1.01519	0.199457
0.0701552	-0.796302	-0.449617
-0.0774833	0.0998766	0.119897
0.469536	0.135356	0.0772542
-0.627581	-0.0669912	-0.52794
0.195672	-0.772959	0.450068
0.0607861	-0.306873	-0.426112
-0.687604	0.217985	0.455426
0.47425	-0.270483	0.458914
0.162515	0.110187	0.771891
0.357834	0.496318	-0.466858
-0.709008	0.606729	-0.931168
-0.182262	-0.106262	-0.646281
0.126067	0.406067	-0.142886
0.116385	-0.801305	-1.6104
-0.376334	0.273019	0.46696
-0.579715	-1.5497	-0.701731
0.927015	0.282547	0.983224
0.212663	-0.801149	0.461298
-0.127629	-0.6647	0.835187
0.620569	0.683735	-0.125629
-0.314575	-1.07197	-0.507075
1.47776	-0.856016	0.860518
0.364122	-0.445834	-0.187188
0.195558	0.48627	0.183374
-0.0669646	0.392362	0.12588
0.143111	0.586613	-1.74732
-0.799749	0.903161	-0.33607
0.469187	-0.621824	0.561167
0.530808	0.471954	0.0634077
-0.230827	0.194342	-0.390835
-0.891495	-0.295641	-0.481057
0.251578	-0.400306	1.05994
0.933686	-0.666717	0.572119
0.0127949	1.1115	2.27757
-1.10508	0.0458731	0.679018
-0.610373	1.55453	0.359396
0.184039	-1.02047	-0.114045
0.0372393	-0.0929263	0.889522
-0.750262	0.749636	-0.787517
-0.0934508	0.409019	0.0421241
-0.0448297	-0.450154	0.430019
-0.110099	0.286619	0.783593
-0.166372	1.15221	-0.648478
0.0438948	0.736788	-0.74506
0.633417	0.0179193	-0.420696
-0.177515	-0.171636	0.560444
-1.87387	-0.682021	-0.0190926
0.24304	-0.108398	0.353805
-0.186595	1.45666	-1.01493
1.22261	1.52803	-0.516524
-0.884024	0.356594	-0.074046
1.01226	0.0460279	-1.16592
-0.633007	-0.628541	-0.745733
-0.63263	0.242567	-0.111224
-0.483992	0.802176	-0.176559
0.149506	0.992984	-0.988379
-1.0334	0.147633	0.0385989
0.442931	-0.320556	0.338476
0.245619	0.129806	0.960581
-0.589692	0.330274	-0.136222
0.700337	-0.0177665	-0.168874
-0.284881	0.342592	-0.716073
0.215287	0.677189	-0.0655784
0.136056	0.618559	-0.558962
-0.701722	-0.671398	1.63216
0.515349	0.26738	0.527396
-0.815243	0.164783	1.39998
0.402459	-0.544683	0.249661
-0.444053	-0.175642	0.533351
-0.165586	0.230036	0.201383
0.365416	-0.205448	0.43265
-0.103839	-1.21436	0.440811
1.01241	0.265661	-0.386014
0.700111	-0.920689	1.34341
-0.635061	-0.360935	-0.0321322
0.350862	-0.0202675	-0.0567677
-0.6452	-0.0923218	-0.493336
0.114294	-0.605159	0.859593
0.739928	-0.188694	0.420009
0.085238	0.258453	-1.31081
0.639487	-0.505564	-0.419627
0.435005	-0.275045	0.200333
1.74696	-0.177361	0.765609
0.609374	-0.221173	-1.32736
1.17214	-0.594965	-0.511762
-0.887975	0.192785	0.630335
1.25072	-0.577385	-0.215585
-0.0260194	0.238607	0.0325089
-0.601512	-0.141322	0.198098
-0.0383199	0.11307	-0.695726
0.148254	0.701842	-0.0497789
0.0477843	0.77163	-0.0320996
-0.542116	-0.299183	-1.52616
0.385734	-0.662515	0.0594767
-0.538421	-1.50704	-0.471074
0.654965	-0.489238	0.227962
1.51919	0.105612	0.614416
0.0373503	0.490908	-1.10969
0.579097	-0.93181	-0.0470095
-0.729552	0.328368	-0.167166
-0.191577	-0.442954	0.0737826
-1.35922	-0.0528415	0.0992102
0.613043	1.12005	0.957163
0.54092	-0.253248	-0.456855
0.274846	0.0248418	0.806199
