0 	 0.00498421 	 	 
0.015 	 0.0049841 	 	 
0.03 	 0.00498391 	 	 
0.045 	 0.00498365 	 	 
0.06 	 0.00498332 	 	 
0.075 	 0.00498291 	 	 
0.09 	 0.00498243 	 	 
0.105 	 0.00498187 	 	 
0.12 	 0.00498124 	 	 
0.135 	 0.00498053 	 	 
0.15 	 0.00497975 	 	 
0.165 	 0.0049789 	 	 
0.18 	 0.00497797 	 	 
0.195 	 0.00497697 	 	 
0.21 	 0.00497589 	 	 
0.225 	 0.00497474 	 	 
0.24 	 0.00497352 	 	 
0.255 	 0.00497222 	 	 
0.27 	 0.00497085 	 	 
0.285 	 0.00496941 	 	 
0.3 	 0.00496789 	 	 
0.315 	 0.0049663 	 	 
0.33 	 0.00496464 	 	 
0.345 	 0.00496291 	 	 
0.36 	 0.0049611 	 	 
0.375 	 0.00495922 	 	 
0.39 	 0.00495726 	 	 
0.405 	 0.00495524 	 	 
0.42 	 0.00495314 	 	 
0.435 	 0.00495097 	 	 
0.45 	 0.00494873 	 	 
0.465 	 0.00494642 	 	 
0.48 	 0.00494404 	 	 
0.495 	 0.00494159 	 	 
0.51 	 0.00493907 	 	 
0.525 	 0.00493647 	 	 
0.54 	 0.00493381 	 	 
0.555 	 0.00493108 	 	 
0.57 	 0.00492827 	 	 
0.585 	 0.0049254 	 	 
0.6 	 0.00492246 	 	 
0.615 	 0.00491945 	 	 
0.63 	 0.00491637 	 	 
0.645 	 0.00491323 	 	 
0.66 	 0.00491002 	 	 
0.675 	 0.00490674 	 	 
0.69 	 0.00490339 	 	 
0.705 	 0.00489998 	 	 
0.72 	 0.0048965 	 	 
0.735 	 0.00489295 	 	 
0.75 	 0.00488934 	 	 
0.765 	 0.00488567 	 	 
0.78 	 0.00488193 	 	 
0.795 	 0.00487812 	 	 
0.81 	 0.00487426 	 	 
0.825 	 0.00487032 	 	 
0.84 	 0.00486633 	 	 
0.855 	 0.00486227 	 	 
0.87 	 0.00485815 	 	 
0.885 	 0.00485397 	 	 
0.9 	 0.00484973 	 	 
0.915 	 0.00484543 	 	 
0.93 	 0.00484107 	 	 
0.945 	 0.00483664 	 	 
0.96 	 0.00483216 	 	 
0.975 	 0.00482762 	 	 
0.99 	 0.00482302 	 	 
1.005 	 0.00481837 	 	 
1.02 	 0.00481365 	 	 
1.035 	 0.00480888 	 	 
1.05 	 0.00480406 	 	 
1.065 	 0.00479917 	 	 
1.08 	 0.00479424 	 	 
1.095 	 0.00478925 	 	 
1.11 	 0.0047842 	 	 
1.125 	 0.0047791 	 	 
1.14 	 0.00477395 	 	 
1.155 	 0.00476874 	 	 
1.17 	 0.00476349 	 	 
1.185 	 0.00475818 	 	 
1.2 	 0.00475282 	 	 
1.215 	 0.00474741 	 	 
1.23 	 0.00474196 	 	 
1.245 	 0.00473645 	 	 
1.26 	 0.0047309 	 	 
1.275 	 0.0047253 	 	 
1.29 	 0.00471965 	 	 
1.305 	 0.00471395 	 	 
1.32 	 0.00470821 	 	 
1.335 	 0.00470243 	 	 
1.35 	 0.0046966 	 	 
1.365 	 0.00469073 	 	 
1.38 	 0.00468481 	 	 
1.395 	 0.00467886 	 	 
1.41 	 0.00467286 	 	 
1.425 	 0.00466682 	 	 
1.44 	 0.00466074 	 	 
1.455 	 0.00465462 	 	 
1.47 	 0.00464846 	 	 
1.485 	 0.00464226 	 	 
1.5 	 0.00463603 	 	 
1.515 	 0.00462976 	 	 
1.53 	 0.00462345 	 	 
1.545 	 0.00461711 	 	 
1.56 	 0.00461074 	 	 
1.575 	 0.00460433 	 	 
1.59 	 0.00459788 	 	 
1.605 	 0.00459141 	 	 
1.62 	 0.0045849 	 	 
1.635 	 0.00457837 	 	 
1.65 	 0.0045718 	 	 
1.665 	 0.0045652 	 	 
1.68 	 0.00455858 	 	 
1.695 	 0.00455193 	 	 
1.71 	 0.00454525 	 	 
1.725 	 0.00453854 	 	 
1.74 	 0.00453181 	 	 
1.755 	 0.00452505 	 	 
1.77 	 0.00451828 	 	 
1.785 	 0.00451147 	 	 
1.8 	 0.00450465 	 	 
1.815 	 0.0044978 	 	 
1.83 	 0.00449094 	 	 
1.845 	 0.00448405 	 	 
1.86 	 0.00447715 	 	 
1.875 	 0.00447022 	 	 
1.89 	 0.00446328 	 	 
1.905 	 0.00445633 	 	 
1.92 	 0.00444935 	 	 
1.935 	 0.00444236 	 	 
1.95 	 0.00443536 	 	 
1.965 	 0.00442835 	 	 
1.98 	 0.00442132 	 	 
1.995 	 0.00441428 	 	 
2.01 	 0.00440723 	 	 
2.025 	 0.00440017 	 	 
2.04 	 0.0043931 	 	 
2.055 	 0.00438602 	 	 
2.07 	 0.00437894 	 	 
2.085 	 0.00437185 	 	 
2.1 	 0.00436475 	 	 
2.115 	 0.00435765 	 	 
2.13 	 0.00435054 	 	 
2.145 	 0.00434343 	 	 
2.16 	 0.00433632 	 	 
2.175 	 0.00432921 	 	 
2.19 	 0.00432209 	 	 
2.205 	 0.00431498 	 	 
2.22 	 0.00430786 	 	 
2.235 	 0.00430075 	 	 
2.25 	 0.00429364 	 	 
2.265 	 0.00428654 	 	 
2.28 	 0.00427944 	 	 
2.295 	 0.00427234 	 	 
2.31 	 0.00426525 	 	 
2.325 	 0.00425817 	 	 
2.34 	 0.00425109 	 	 
2.355 	 0.00424403 	 	 
2.37 	 0.00423697 	 	 
2.385 	 0.00422992 	 	 
2.4 	 0.00422289 	 	 
2.415 	 0.00421586 	 	 
2.43 	 0.00420885 	 	 
2.445 	 0.00420185 	 	 
2.46 	 0.00419487 	 	 
2.475 	 0.0041879 	 	 
2.49 	 0.00418095 	 	 
2.505 	 0.00417401 	 	 
2.52 	 0.0041671 	 	 
2.535 	 0.0041602 	 	 
2.55 	 0.00415332 	 	 
2.565 	 0.00414646 	 	 
2.58 	 0.00413962 	 	 
2.595 	 0.0041328 	 	 
2.61 	 0.00412601 	 	 
2.625 	 0.00411924 	 	 
2.64 	 0.00411249 	 	 
2.655 	 0.00410577 	 	 
2.67 	 0.00409908 	 	 
2.685 	 0.00409241 	 	 
2.7 	 0.00408577 	 	 
2.715 	 0.00407915 	 	 
2.73 	 0.00407257 	 	 
2.745 	 0.00406602 	 	 
2.76 	 0.00405949 	 	 
2.775 	 0.004053 	 	 
2.79 	 0.00404654 	 	 
2.805 	 0.00404011 	 	 
2.82 	 0.00403372 	 	 
2.835 	 0.00402736 	 	 
2.85 	 0.00402104 	 	 
2.865 	 0.00401475 	 	 
2.88 	 0.0040085 	 	 
2.895 	 0.00400229 	 	 
2.91 	 0.00399612 	 	 
2.925 	 0.00398998 	 	 
2.94 	 0.00398388 	 	 
2.955 	 0.00397783 	 	 
2.97 	 0.00397181 	 	 
2.985 	 0.00396584 	 	 
3 	 0.00395991 	 	 
3.015 	 0.00395402 	 	 
3.03 	 0.00394818 	 	 
3.045 	 0.00394238 	 	 
3.06 	 0.00393663 	 	 
3.075 	 0.00393092 	 	 
3.09 	 0.00392526 	 	 
3.105 	 0.00391965 	 	 
3.12 	 0.00391409 	 	 
3.135 	 0.00390857 	 	 
3.15 	 0.0039031 	 	 
3.165 	 0.00389769 	 	 
3.18 	 0.00389232 	 	 
3.195 	 0.00388701 	 	 
3.21 	 0.00388174 	 	 
3.225 	 0.00387653 	 	 
3.24 	 0.00387138 	 	 
3.255 	 0.00386627 	 	 
3.27 	 0.00386122 	 	 
3.285 	 0.00385623 	 	 
3.3 	 0.00385129 	 	 
3.315 	 0.00384641 	 	 
3.33 	 0.00384158 	 	 
3.345 	 0.00383681 	 	 
3.36 	 0.0038321 	 	 
3.375 	 0.00382744 	 	 
3.39 	 0.00382285 	 	 
3.405 	 0.00381831 	 	 
3.42 	 0.00381384 	 	 
3.435 	 0.00380942 	 	 
3.45 	 0.00380507 	 	 
3.465 	 0.00380077 	 	 
3.48 	 0.00379654 	 	 
3.495 	 0.00379237 	 	 
3.51 	 0.00378827 	 	 
3.525 	 0.00378422 	 	 
3.54 	 0.00378024 	 	 
3.555 	 0.00377633 	 	 
3.57 	 0.00377248 	 	 
3.585 	 0.00376869 	 	 
3.6 	 0.00376497 	 	 
3.615 	 0.00376131 	 	 
3.63 	 0.00375772 	 	 
3.645 	 0.0037542 	 	 
3.66 	 0.00375074 	 	 
3.675 	 0.00374735 	 	 
3.69 	 0.00374403 	 	 
3.705 	 0.00374078 	 	 
3.72 	 0.00373759 	 	 
3.735 	 0.00373447 	 	 
3.75 	 0.00373143 	 	 
3.765 	 0.00372845 	 	 
3.78 	 0.00372554 	 	 
3.795 	 0.0037227 	 	 
3.81 	 0.00371993 	 	 
3.825 	 0.00371723 	 	 
3.84 	 0.0037146 	 	 
3.855 	 0.00371204 	 	 
3.87 	 0.00370955 	 	 
3.885 	 0.00370714 	 	 
3.9 	 0.00370479 	 	 
3.915 	 0.00370252 	 	 
3.93 	 0.00370032 	 	 
3.945 	 0.00369819 	 	 
3.96 	 0.00369613 	 	 
3.975 	 0.00369414 	 	 
3.99 	 0.00369223 	 	 
4.005 	 0.00369039 	 	 
4.02 	 0.00368862 	 	 
4.035 	 0.00368693 	 	 
4.05 	 0.00368531 	 	 
4.065 	 0.00368376 	 	 
4.08 	 0.00368228 	 	 
4.095 	 0.00368088 	 	 
4.11 	 0.00367955 	 	 
4.125 	 0.00367829 	 	 
4.14 	 0.00367711 	 	 
4.155 	 0.003676 	 	 
4.17 	 0.00367496 	 	 
4.185 	 0.003674 	 	 
4.2 	 0.00367311 	 	 
4.215 	 0.00367229 	 	 
4.23 	 0.00367155 	 	 
4.245 	 0.00367088 	 	 
4.26 	 0.00367028 	 	 
4.275 	 0.00366975 	 	 
4.29 	 0.0036693 	 	 
4.305 	 0.00366892 	 	 
4.32 	 0.00366862 	 	 
4.335 	 0.00366838 	 	 
4.35 	 0.00366822 	 	 
4.365 	 0.00366813 	 	 
4.38 	 0.00366812 	 	 
4.395 	 0.00366817 	 	 
4.41 	 0.0036683 	 	 
4.425 	 0.0036685 	 	 
4.44 	 0.00366877 	 	 
4.455 	 0.00366911 	 	 
4.47 	 0.00366952 	 	 
4.485 	 0.00367 	 	 
4.5 	 0.00367056 	 	 
4.515 	 0.00367118 	 	 
4.53 	 0.00367187 	 	 
4.545 	 0.00367264 	 	 
4.56 	 0.00367347 	 	 
4.575 	 0.00367437 	 	 
4.59 	 0.00367534 	 	 
4.605 	 0.00367638 	 	 
4.62 	 0.00367748 	 	 
4.635 	 0.00367866 	 	 
4.65 	 0.0036799 	 	 
4.665 	 0.00368121 	 	 
4.68 	 0.00368258 	 	 
4.695 	 0.00368402 	 	 
4.71 	 0.00368553 	 	 
4.725 	 0.0036871 	 	 
4.74 	 0.00368873 	 	 
4.755 	 0.00369043 	 	 
4.77 	 0.0036922 	 	 
4.785 	 0.00369403 	 	 
4.8 	 0.00369592 	 	 
4.815 	 0.00369787 	 	 
4.83 	 0.00369988 	 	 
4.845 	 0.00370196 	 	 
4.86 	 0.0037041 	 	 
4.875 	 0.00370629 	 	 
4.89 	 0.00370855 	 	 
4.905 	 0.00371086 	 	 
4.92 	 0.00371324 	 	 
4.935 	 0.00371567 	 	 
4.95 	 0.00371816 	 	 
4.965 	 0.0037207 	 	 
4.98 	 0.00372331 	 	 
4.995 	 0.00372596 	 	 
5.01 	 0.00372867 	 	 
5.025 	 0.00373144 	 	 
5.04 	 0.00373426 	 	 
5.055 	 0.00373713 	 	 
5.07 	 0.00374005 	 	 
5.085 	 0.00374303 	 	 
5.1 	 0.00374605 	 	 
5.115 	 0.00374913 	 	 
5.13 	 0.00375225 	 	 
5.145 	 0.00375542 	 	 
5.16 	 0.00375864 	 	 
5.175 	 0.00376191 	 	 
5.19 	 0.00376522 	 	 
5.205 	 0.00376858 	 	 
5.22 	 0.00377198 	 	 
5.235 	 0.00377542 	 	 
5.25 	 0.00377891 	 	 
5.265 	 0.00378244 	 	 
5.28 	 0.00378601 	 	 
5.295 	 0.00378962 	 	 
5.31 	 0.00379327 	 	 
5.325 	 0.00379696 	 	 
5.34 	 0.00380068 	 	 
5.355 	 0.00380444 	 	 
5.37 	 0.00380824 	 	 
5.385 	 0.00381207 	 	 
5.4 	 0.00381594 	 	 
5.415 	 0.00381984 	 	 
5.43 	 0.00382377 	 	 
5.445 	 0.00382773 	 	 
5.46 	 0.00383172 	 	 
5.475 	 0.00383574 	 	 
5.49 	 0.00383978 	 	 
5.505 	 0.00384386 	 	 
5.52 	 0.00384796 	 	 
5.535 	 0.00385208 	 	 
5.55 	 0.00385623 	 	 
5.565 	 0.00386041 	 	 
5.58 	 0.0038646 	 	 
5.595 	 0.00386881 	 	 
5.61 	 0.00387305 	 	 
5.625 	 0.0038773 	 	 
5.64 	 0.00388157 	 	 
5.655 	 0.00388586 	 	 
5.67 	 0.00389016 	 	 
5.685 	 0.00389447 	 	 
5.7 	 0.0038988 	 	 
5.715 	 0.00390315 	 	 
5.73 	 0.0039075 	 	 
5.745 	 0.00391186 	 	 
5.76 	 0.00391623 	 	 
5.775 	 0.00392061 	 	 
5.79 	 0.00392499 	 	 
5.805 	 0.00392938 	 	 
5.82 	 0.00393378 	 	 
5.835 	 0.00393817 	 	 
5.85 	 0.00394257 	 	 
5.865 	 0.00394697 	 	 
5.88 	 0.00395137 	 	 
5.895 	 0.00395577 	 	 
5.91 	 0.00396016 	 	 
5.925 	 0.00396455 	 	 
5.94 	 0.00396893 	 	 
5.955 	 0.00397331 	 	 
5.97 	 0.00397768 	 	 
5.985 	 0.00398204 	 	 
6 	 0.00398639 	 	 
6.015 	 0.00399072 	 	 
6.03 	 0.00399505 	 	 
6.045 	 0.00399936 	 	 
6.06 	 0.00400366 	 	 
6.075 	 0.00400794 	 	 
6.09 	 0.0040122 	 	 
6.105 	 0.00401644 	 	 
6.12 	 0.00402066 	 	 
6.135 	 0.00402486 	 	 
6.15 	 0.00402904 	 	 
6.165 	 0.0040332 	 	 
6.18 	 0.00403732 	 	 
6.195 	 0.00404143 	 	 
6.21 	 0.0040455 	 	 
6.225 	 0.00404955 	 	 
6.24 	 0.00405356 	 	 
6.255 	 0.00405755 	 	 
6.27 	 0.0040615 	 	 
6.285 	 0.00406541 	 	 
6.3 	 0.00406929 	 	 
6.315 	 0.00407314 	 	 
6.33 	 0.00407694 	 	 
6.345 	 0.00408071 	 	 
6.36 	 0.00408444 	 	 
6.375 	 0.00408812 	 	 
6.39 	 0.00409177 	 	 
6.405 	 0.00409536 	 	 
6.42 	 0.00409891 	 	 
6.435 	 0.00410242 	 	 
6.45 	 0.00410588 	 	 
6.465 	 0.00410928 	 	 
6.48 	 0.00411264 	 	 
6.495 	 0.00411595 	 	 
6.51 	 0.0041192 	 	 
6.525 	 0.0041224 	 	 
6.54 	 0.00412554 	 	 
6.555 	 0.00412862 	 	 
6.57 	 0.00413165 	 	 
6.585 	 0.00413462 	 	 
6.6 	 0.00413752 	 	 
6.615 	 0.00414037 	 	 
6.63 	 0.00414315 	 	 
6.645 	 0.00414587 	 	 
6.66 	 0.00414852 	 	 
6.675 	 0.0041511 	 	 
6.69 	 0.00415362 	 	 
6.705 	 0.00415607 	 	 
6.72 	 0.00415844 	 	 
6.735 	 0.00416075 	 	 
6.75 	 0.00416298 	 	 
6.765 	 0.00416514 	 	 
6.78 	 0.00416723 	 	 
6.795 	 0.00416923 	 	 
6.81 	 0.00417116 	 	 
6.825 	 0.00417302 	 	 
6.84 	 0.00417479 	 	 
6.855 	 0.00417648 	 	 
6.87 	 0.00417809 	 	 
6.885 	 0.00417961 	 	 
6.9 	 0.00418105 	 	 
6.915 	 0.00418241 	 	 
6.93 	 0.00418368 	 	 
6.945 	 0.00418486 	 	 
6.96 	 0.00418595 	 	 
6.975 	 0.00418696 	 	 
6.99 	 0.00418787 	 	 
7.005 	 0.00418869 	 	 
7.02 	 0.00418942 	 	 
7.035 	 0.00419005 	 	 
7.05 	 0.00419059 	 	 
7.065 	 0.00419103 	 	 
7.08 	 0.00419138 	 	 
7.095 	 0.00419163 	 	 
7.11 	 0.00419178 	 	 
7.125 	 0.00419182 	 	 
7.14 	 0.00419177 	 	 
7.155 	 0.00419162 	 	 
7.17 	 0.00419136 	 	 
7.185 	 0.004191 	 	 
7.2 	 0.00419054 	 	 
7.215 	 0.00418997 	 	 
7.23 	 0.00418929 	 	 
7.245 	 0.00418851 	 	 
7.26 	 0.00418762 	 	 
7.275 	 0.00418662 	 	 
7.29 	 0.00418551 	 	 
7.305 	 0.00418429 	 	 
7.32 	 0.00418296 	 	 
7.335 	 0.00418152 	 	 
7.35 	 0.00417996 	 	 
7.365 	 0.00417829 	 	 
7.38 	 0.00417651 	 	 
7.395 	 0.00417461 	 	 
7.41 	 0.00417259 	 	 
7.425 	 0.00417046 	 	 
7.44 	 0.00416821 	 	 
7.455 	 0.00416585 	 	 
7.47 	 0.00416337 	 	 
7.485 	 0.00416076 	 	 
7.5 	 0.00415804 	 	 
7.515 	 0.0041552 	 	 
7.53 	 0.00415224 	 	 
7.545 	 0.00414915 	 	 
7.56 	 0.00414595 	 	 
7.575 	 0.00414262 	 	 
7.59 	 0.00413917 	 	 
7.605 	 0.00413559 	 	 
7.62 	 0.00413189 	 	 
7.635 	 0.00412807 	 	 
7.65 	 0.00412413 	 	 
7.665 	 0.00412005 	 	 
7.68 	 0.00411586 	 	 
7.695 	 0.00411153 	 	 
7.71 	 0.00410709 	 	 
7.725 	 0.00410251 	 	 
7.74 	 0.00409781 	 	 
7.755 	 0.00409298 	 	 
7.77 	 0.00408802 	 	 
7.785 	 0.00408294 	 	 
7.8 	 0.00407773 	 	 
7.815 	 0.00407239 	 	 
7.83 	 0.00406692 	 	 
7.845 	 0.00406133 	 	 
7.86 	 0.0040556 	 	 
7.875 	 0.00404975 	 	 
7.89 	 0.00404377 	 	 
7.905 	 0.00403766 	 	 
7.92 	 0.00403142 	 	 
7.935 	 0.00402505 	 	 
7.95 	 0.00401855 	 	 
7.965 	 0.00401193 	 	 
7.98 	 0.00400517 	 	 
7.995 	 0.00399829 	 	 
8.01 	 0.00399128 	 	 
8.025 	 0.00398414 	 	 
8.04 	 0.00397687 	 	 
8.055 	 0.00396947 	 	 
8.07 	 0.00396194 	 	 
8.085 	 0.00395428 	 	 
8.1 	 0.0039465 	 	 
8.115 	 0.00393859 	 	 
8.13 	 0.00393055 	 	 
8.145 	 0.00392238 	 	 
8.16 	 0.00391409 	 	 
8.175 	 0.00390567 	 	 
8.19 	 0.00389712 	 	 
8.205 	 0.00388845 	 	 
8.22 	 0.00387965 	 	 
8.235 	 0.00387073 	 	 
8.25 	 0.00386168 	 	 
8.265 	 0.0038525 	 	 
8.28 	 0.00384321 	 	 
8.295 	 0.00383378 	 	 
8.31 	 0.00382424 	 	 
8.325 	 0.00381457 	 	 
8.34 	 0.00380478 	 	 
8.355 	 0.00379487 	 	 
8.37 	 0.00378483 	 	 
8.385 	 0.00377468 	 	 
8.4 	 0.0037644 	 	 
8.415 	 0.00375401 	 	 
8.43 	 0.0037435 	 	 
8.445 	 0.00373286 	 	 
8.46 	 0.00372212 	 	 
8.475 	 0.00371125 	 	 
8.49 	 0.00370027 	 	 
8.505 	 0.00368917 	 	 
8.52 	 0.00367796 	 	 
8.535 	 0.00366664 	 	 
8.55 	 0.0036552 	 	 
8.565 	 0.00364365 	 	 
8.58 	 0.00363199 	 	 
8.595 	 0.00362022 	 	 
8.61 	 0.00360834 	 	 
8.625 	 0.00359635 	 	 
8.64 	 0.00358425 	 	 
8.655 	 0.00357204 	 	 
8.67 	 0.00355973 	 	 
8.685 	 0.00354732 	 	 
8.7 	 0.0035348 	 	 
8.715 	 0.00352217 	 	 
8.73 	 0.00350945 	 	 
8.745 	 0.00349662 	 	 
8.76 	 0.0034837 	 	 
8.775 	 0.00347067 	 	 
8.79 	 0.00345755 	 	 
8.805 	 0.00344433 	 	 
8.82 	 0.00343102 	 	 
8.835 	 0.00341761 	 	 
8.85 	 0.00340411 	 	 
8.865 	 0.00339051 	 	 
8.88 	 0.00337683 	 	 
8.895 	 0.00336305 	 	 
8.91 	 0.00334919 	 	 
8.925 	 0.00333524 	 	 
8.94 	 0.0033212 	 	 
8.955 	 0.00330708 	 	 
8.97 	 0.00329287 	 	 
8.985 	 0.00327859 	 	 
9 	 0.00326422 	 	 
9.015 	 0.00324977 	 	 
9.03 	 0.00323524 	 	 
9.045 	 0.00322064 	 	 
9.06 	 0.00320596 	 	 
9.075 	 0.0031912 	 	 
9.09 	 0.00317637 	 	 
9.105 	 0.00316148 	 	 
9.12 	 0.00314651 	 	 
9.135 	 0.00313147 	 	 
9.15 	 0.00311636 	 	 
9.165 	 0.00310119 	 	 
9.18 	 0.00308595 	 	 
9.195 	 0.00307065 	 	 
9.21 	 0.00305529 	 	 
9.225 	 0.00303987 	 	 
9.24 	 0.00302438 	 	 
9.255 	 0.00300885 	 	 
9.27 	 0.00299325 	 	 
9.285 	 0.0029776 	 	 
9.3 	 0.0029619 	 	 
9.315 	 0.00294614 	 	 
9.33 	 0.00293034 	 	 
9.345 	 0.00291449 	 	 
9.36 	 0.00289859 	 	 
9.375 	 0.00288264 	 	 
9.39 	 0.00286665 	 	 
9.405 	 0.00285062 	 	 
9.42 	 0.00283455 	 	 
9.435 	 0.00281844 	 	 
9.45 	 0.00280229 	 	 
9.465 	 0.0027861 	 	 
9.48 	 0.00276988 	 	 
9.495 	 0.00275362 	 	 
9.51 	 0.00273734 	 	 
9.525 	 0.00272102 	 	 
9.54 	 0.00270467 	 	 
9.555 	 0.0026883 	 	 
9.57 	 0.0026719 	 	 
9.585 	 0.00265548 	 	 
9.6 	 0.00263904 	 	 
9.615 	 0.00262257 	 	 
9.63 	 0.00260609 	 	 
9.645 	 0.00258958 	 	 
9.66 	 0.00257307 	 	 
9.675 	 0.00255653 	 	 
9.69 	 0.00253999 	 	 
9.705 	 0.00252343 	 	 
9.72 	 0.00250686 	 	 
9.735 	 0.00249029 	 	 
9.75 	 0.0024737 	 	 
9.765 	 0.00245711 	 	 
9.78 	 0.00244052 	 	 
9.795 	 0.00242393 	 	 
9.81 	 0.00240733 	 	 
9.825 	 0.00239074 	 	 
9.84 	 0.00237415 	 	 
9.855 	 0.00235756 	 	 
9.87 	 0.00234098 	 	 
9.885 	 0.0023244 	 	 
9.9 	 0.00230783 	 	 
9.915 	 0.00229127 	 	 
9.93 	 0.00227473 	 	 
9.945 	 0.00225819 	 	 
9.96 	 0.00224167 	 	 
9.975 	 0.00222517 	 	 
9.99 	 0.00220868 	 	 
10.005 	 0.00219221 	 	 
10.02 	 0.00217576 	 	 
10.035 	 0.00215933 	 	 
10.05 	 0.00214293 	 	 
10.065 	 0.00212655 	 	 
10.08 	 0.00211019 	 	 
10.095 	 0.00209387 	 	 
10.11 	 0.00207757 	 	 
10.125 	 0.0020613 	 	 
10.14 	 0.00204506 	 	 
10.155 	 0.00202885 	 	 
10.17 	 0.00201268 	 	 
10.185 	 0.00199654 	 	 
10.2 	 0.00198044 	 	 
10.215 	 0.00196438 	 	 
10.23 	 0.00194835 	 	 
10.245 	 0.00193237 	 	 
10.26 	 0.00191643 	 	 
10.275 	 0.00190053 	 	 
10.29 	 0.00188467 	 	 
10.305 	 0.00186886 	 	 
10.32 	 0.0018531 	 	 
10.335 	 0.00183738 	 	 
10.35 	 0.00182172 	 	 
10.365 	 0.0018061 	 	 
10.38 	 0.00179054 	 	 
10.395 	 0.00177502 	 	 
10.41 	 0.00175956 	 	 
10.425 	 0.00174416 	 	 
10.44 	 0.00172881 	 	 
10.455 	 0.00171351 	 	 
10.47 	 0.00169828 	 	 
10.485 	 0.0016831 	 	 
10.5 	 0.00166799 	 	 
10.515 	 0.00165293 	 	 
10.53 	 0.00163794 	 	 
10.545 	 0.00162301 	 	 
10.56 	 0.00160814 	 	 
10.575 	 0.00159334 	 	 
10.59 	 0.00157861 	 	 
10.605 	 0.00156394 	 	 
10.62 	 0.00154934 	 	 
10.635 	 0.0015348 	 	 
10.65 	 0.00152034 	 	 
10.665 	 0.00150595 	 	 
10.68 	 0.00149163 	 	 
10.695 	 0.00147738 	 	 
10.71 	 0.0014632 	 	 
10.725 	 0.0014491 	 	 
10.74 	 0.00143507 	 	 
10.755 	 0.00142111 	 	 
10.77 	 0.00140724 	 	 
10.785 	 0.00139344 	 	 
10.8 	 0.00137971 	 	 
10.815 	 0.00136606 	 	 
10.83 	 0.0013525 	 	 
10.845 	 0.00133901 	 	 
10.86 	 0.0013256 	 	 
10.875 	 0.00131227 	 	 
10.89 	 0.00129903 	 	 
10.905 	 0.00128586 	 	 
10.92 	 0.00127278 	 	 
10.935 	 0.00125978 	 	 
10.95 	 0.00124686 	 	 
10.965 	 0.00123403 	 	 
10.98 	 0.00122128 	 	 
10.995 	 0.00120861 	 	 
11.01 	 0.00119603 	 	 
11.025 	 0.00118354 	 	 
11.04 	 0.00117113 	 	 
11.055 	 0.00115881 	 	 
11.07 	 0.00114657 	 	 
11.085 	 0.00113442 	 	 
11.1 	 0.00112235 	 	 
11.115 	 0.00111038 	 	 
11.13 	 0.00109849 	 	 
11.145 	 0.00108668 	 	 
11.16 	 0.00107497 	 	 
11.175 	 0.00106334 	 	 
11.19 	 0.0010518 	 	 
11.205 	 0.00104034 	 	 
11.22 	 0.00102898 	 	 
11.235 	 0.0010177 	 	 
11.25 	 0.00100651 	 	 
11.265 	 0.000995412 	 	 
11.28 	 0.000984399 	 	 
11.295 	 0.000973473 	 	 
11.31 	 0.000962636 	 	 
11.325 	 0.000951886 	 	 
11.34 	 0.000941224 	 	 
11.355 	 0.000930649 	 	 
11.37 	 0.000920163 	 	 
11.385 	 0.000909763 	 	 
11.4 	 0.000899451 	 	 
11.415 	 0.000889227 	 	 
11.43 	 0.000879089 	 	 
11.445 	 0.000869039 	 	 
11.46 	 0.000859075 	 	 
11.475 	 0.000849198 	 	 
11.49 	 0.000839408 	 	 
11.505 	 0.000829703 	 	 
11.52 	 0.000820085 	 	 
11.535 	 0.000810552 	 	 
11.55 	 0.000801105 	 	 
11.565 	 0.000791743 	 	 
11.58 	 0.000782466 	 	 
11.595 	 0.000773273 	 	 
11.61 	 0.000764165 	 	 
11.625 	 0.000755141 	 	 
11.64 	 0.000746201 	 	 
11.655 	 0.000737345 	 	 
11.67 	 0.000728571 	 	 
11.685 	 0.000719881 	 	 
11.7 	 0.000711273 	 	 
11.715 	 0.000702747 	 	 
11.73 	 0.000694302 	 	 
11.745 	 0.000685939 	 	 
11.76 	 0.000677658 	 	 
11.775 	 0.000669456 	 	 
11.79 	 0.000661335 	 	 
11.805 	 0.000653294 	 	 
11.82 	 0.000645333 	 	 
11.835 	 0.00063745 	 	 
11.85 	 0.000629646 	 	 
11.865 	 0.00062192 	 	 
11.88 	 0.000614272 	 	 
11.895 	 0.000606701 	 	 
11.91 	 0.000599207 	 	 
11.925 	 0.00059179 	 	 
11.94 	 0.000584449 	 	 
11.955 	 0.000577183 	 	 
11.97 	 0.000569992 	 	 
11.985 	 0.000562876 	 	 
12 	 0.000555834 	 	 
12.015 	 0.000548866 	 	 
12.03 	 0.000541971 	 	 
12.045 	 0.000535149 	 	 
12.06 	 0.000528399 	 	 
12.075 	 0.000521721 	 	 
12.09 	 0.000515114 	 	 
12.105 	 0.000508578 	 	 
12.12 	 0.000502113 	 	 
12.135 	 0.000495717 	 	 
12.15 	 0.000489391 	 	 
12.165 	 0.000483133 	 	 
12.18 	 0.000476944 	 	 
12.195 	 0.000470823 	 	 
12.21 	 0.000464768 	 	 
12.225 	 0.000458781 	 	 
12.24 	 0.00045286 	 	 
12.255 	 0.000447005 	 	 
12.27 	 0.000441216 	 	 
12.285 	 0.000435491 	 	 
12.3 	 0.00042983 	 	 
12.315 	 0.000424233 	 	 
12.33 	 0.0004187 	 	 
12.345 	 0.000413229 	 	 
12.36 	 0.00040782 	 	 
12.375 	 0.000402474 	 	 
12.39 	 0.000397188 	 	 
12.405 	 0.000391963 	 	 
12.42 	 0.000386799 	 	 
12.435 	 0.000381694 	 	 
12.45 	 0.000376648 	 	 
12.465 	 0.000371661 	 	 
12.48 	 0.000366732 	 	 
12.495 	 0.00036186 	 	 
12.51 	 0.000357046 	 	 
12.525 	 0.000352289 	 	 
12.54 	 0.000347587 	 	 
12.555 	 0.000342942 	 	 
12.57 	 0.000338351 	 	 
12.585 	 0.000333815 	 	 
12.6 	 0.000329333 	 	 
12.615 	 0.000324904 	 	 
12.63 	 0.000320529 	 	 
12.645 	 0.000316206 	 	 
12.66 	 0.000311936 	 	 
12.675 	 0.000307717 	 	 
12.69 	 0.000303549 	 	 
12.705 	 0.000299432 	 	 
12.72 	 0.000295365 	 	 
12.735 	 0.000291347 	 	 
12.75 	 0.000287379 	 	 
12.765 	 0.000283459 	 	 
12.78 	 0.000279588 	 	 
12.795 	 0.000275764 	 	 
12.81 	 0.000271988 	 	 
12.825 	 0.000268258 	 	 
12.84 	 0.000264575 	 	 
12.855 	 0.000260937 	 	 
12.87 	 0.000257345 	 	 
12.885 	 0.000253798 	 	 
12.9 	 0.000250295 	 	 
12.915 	 0.000246836 	 	 
12.93 	 0.00024342 	 	 
12.945 	 0.000240048 	 	 
12.96 	 0.000236718 	 	 
12.975 	 0.00023343 	 	 
12.99 	 0.000230184 	 	 
13.005 	 0.00022698 	 	 
13.02 	 0.000223816 	 	 
13.035 	 0.000220692 	 	 
13.05 	 0.000217609 	 	 
13.065 	 0.000214565 	 	 
13.08 	 0.00021156 	 	 
13.095 	 0.000208594 	 	 
13.11 	 0.000205666 	 	 
13.125 	 0.000202776 	 	 
13.14 	 0.000199923 	 	 
13.155 	 0.000197107 	 	 
13.17 	 0.000194328 	 	 
13.185 	 0.000191585 	 	 
13.2 	 0.000188877 	 	 
13.215 	 0.000186205 	 	 
13.23 	 0.000183568 	 	 
13.245 	 0.000180966 	 	 
13.26 	 0.000178398 	 	 
13.275 	 0.000175863 	 	 
13.29 	 0.000173362 	 	 
13.305 	 0.000170894 	 	 
13.32 	 0.000168458 	 	 
13.335 	 0.000166055 	 	 
13.35 	 0.000163684 	 	 
13.365 	 0.000161344 	 	 
13.38 	 0.000159035 	 	 
13.395 	 0.000156757 	 	 
13.41 	 0.00015451 	 	 
13.425 	 0.000152292 	 	 
13.44 	 0.000150105 	 	 
13.455 	 0.000147946 	 	 
13.47 	 0.000145817 	 	 
13.485 	 0.000143716 	 	 
13.5 	 0.000141643 	 	 
13.515 	 0.000139599 	 	 
13.53 	 0.000137582 	 	 
13.545 	 0.000135592 	 	 
13.56 	 0.00013363 	 	 
13.575 	 0.000131694 	 	 
13.59 	 0.000129784 	 	 
13.605 	 0.0001279 	 	 
13.62 	 0.000126042 	 	 
13.635 	 0.00012421 	 	 
13.65 	 0.000122402 	 	 
13.665 	 0.000120619 	 	 
13.68 	 0.000118861 	 	 
13.695 	 0.000117127 	 	 
13.71 	 0.000115416 	 	 
13.725 	 0.00011373 	 	 
13.74 	 0.000112066 	 	 
13.755 	 0.000110425 	 	 
13.77 	 0.000108807 	 	 
13.785 	 0.000107212 	 	 
13.8 	 0.000105638 	 	 
13.815 	 0.000104086 	 	 
13.83 	 0.000102556 	 	 
13.845 	 0.000101047 	 	 
13.86 	 9.95593e-05 	 	 
13.875 	 9.80922e-05 	 	 
13.89 	 9.66455e-05 	 	 
13.905 	 9.5219e-05 	 	 
13.92 	 9.38125e-05 	 	 
13.935 	 9.24256e-05 	 	 
13.95 	 9.10582e-05 	 	 
13.965 	 8.971e-05 	 	 
13.98 	 8.83808e-05 	 	 
13.995 	 8.70702e-05 	 	 
14.01 	 8.57781e-05 	 	 
14.025 	 8.45042e-05 	 	 
14.04 	 8.32483e-05 	 	 
14.055 	 8.20101e-05 	 	 
14.07 	 8.07895e-05 	 	 
14.085 	 7.95861e-05 	 	 
14.1 	 7.83998e-05 	 	 
14.115 	 7.72303e-05 	 	 
14.13 	 7.60774e-05 	 	 
14.145 	 7.49409e-05 	 	 
14.16 	 7.38206e-05 	 	 
14.175 	 7.27162e-05 	 	 
14.19 	 7.16276e-05 	 	 
14.205 	 7.05546e-05 	 	 
14.22 	 6.94969e-05 	 	 
14.235 	 6.84543e-05 	 	 
14.25 	 6.74266e-05 	 	 
14.265 	 6.64136e-05 	 	 
14.28 	 6.54152e-05 	 	 
14.295 	 6.44312e-05 	 	 
14.31 	 6.34612e-05 	 	 
14.325 	 6.25053e-05 	 	 
14.34 	 6.15631e-05 	 	 
14.355 	 6.06344e-05 	 	 
14.37 	 5.97192e-05 	 	 
14.385 	 5.88172e-05 	 	 
14.4 	 5.79282e-05 	 	 
14.415 	 5.70521e-05 	 	 
14.43 	 5.61886e-05 	 	 
14.445 	 5.53377e-05 	 	 
14.46 	 5.44991e-05 	 	 
14.475 	 5.36727e-05 	 	 
14.49 	 5.28583e-05 	 	 
14.505 	 5.20557e-05 	 	 
14.52 	 5.12648e-05 	 	 
14.535 	 5.04855e-05 	 	 
14.55 	 4.97175e-05 	 	 
14.565 	 4.89607e-05 	 	 
14.58 	 4.82149e-05 	 	 
14.595 	 4.74801e-05 	 	 
14.61 	 4.6756e-05 	 	 
14.625 	 4.60425e-05 	 	 
14.64 	 4.53394e-05 	 	 
14.655 	 4.46467e-05 	 	 
14.67 	 4.39641e-05 	 	 
14.685 	 4.32915e-05 	 	 
14.7 	 4.26289e-05 	 	 
14.715 	 4.1976e-05 	 	 
14.73 	 4.13326e-05 	 	 
14.745 	 4.06988e-05 	 	 
14.76 	 4.00743e-05 	 	 
14.775 	 3.9459e-05 	 	 
14.79 	 3.88528e-05 	 	 
14.805 	 3.82555e-05 	 	 
14.82 	 3.76671e-05 	 	 
14.835 	 3.70874e-05 	 	 
14.85 	 3.65163e-05 	 	 
14.865 	 3.59536e-05 	 	 
14.88 	 3.53993e-05 	 	 
14.895 	 3.48531e-05 	 	 
14.91 	 3.43151e-05 	 	 
14.925 	 3.37851e-05 	 	 
14.94 	 3.3263e-05 	 	 
14.955 	 3.27486e-05 	 	 
14.97 	 3.22419e-05 	 	 
14.985 	 3.17428e-05 	 	 
15 	 3.12511e-05 	 	 
15.015 	 3.07667e-05 	 	 
15.03 	 3.02895e-05 	 	 
15.045 	 2.98195e-05 	 	 
15.06 	 2.93565e-05 	 	 
15.075 	 2.89005e-05 	 	 
15.09 	 2.84512e-05 	 	 
15.105 	 2.80087e-05 	 	 
15.12 	 2.75728e-05 	 	 
15.135 	 2.71435e-05 	 	 
15.15 	 2.67205e-05 	 	 
15.165 	 2.6304e-05 	 	 
15.18 	 2.58937e-05 	 	 
15.195 	 2.54895e-05 	 	 
15.21 	 2.50915e-05 	 	 
15.225 	 2.46994e-05 	 	 
15.24 	 2.43132e-05 	 	 
15.255 	 2.39329e-05 	 	 
15.27 	 2.35583e-05 	 	 
15.285 	 2.31893e-05 	 	 
15.3 	 2.28259e-05 	 	 
15.315 	 2.2468e-05 	 	 
15.33 	 2.21155e-05 	 	 
15.345 	 2.17683e-05 	 	 
15.36 	 2.14264e-05 	 	 
15.375 	 2.10897e-05 	 	 
15.39 	 2.07581e-05 	 	 
15.405 	 2.04314e-05 	 	 
15.42 	 2.01098e-05 	 	 
15.435 	 1.9793e-05 	 	 
15.45 	 1.9481e-05 	 	 
15.465 	 1.91738e-05 	 	 
15.48 	 1.88712e-05 	 	 
15.495 	 1.85733e-05 	 	 
15.51 	 1.82798e-05 	 	 
15.525 	 1.79909e-05 	 	 
15.54 	 1.77063e-05 	 	 
15.555 	 1.74261e-05 	 	 
15.57 	 1.71501e-05 	 	 
15.585 	 1.68784e-05 	 	 
15.6 	 1.66108e-05 	 	 
15.615 	 1.63472e-05 	 	 
15.63 	 1.60877e-05 	 	 
15.645 	 1.58322e-05 	 	 
15.66 	 1.55806e-05 	 	 
15.675 	 1.53328e-05 	 	 
15.69 	 1.50889e-05 	 	 
15.705 	 1.48486e-05 	 	 
15.72 	 1.46121e-05 	 	 
15.735 	 1.43791e-05 	 	 
15.75 	 1.41498e-05 	 	 
15.765 	 1.39239e-05 	 	 
15.78 	 1.37015e-05 	 	 
15.795 	 1.34826e-05 	 	 
15.81 	 1.3267e-05 	 	 
15.825 	 1.30547e-05 	 	 
15.84 	 1.28457e-05 	 	 
15.855 	 1.26399e-05 	 	 
15.87 	 1.24373e-05 	 	 
15.885 	 1.22378e-05 	 	 
15.9 	 1.20413e-05 	 	 
15.915 	 1.18479e-05 	 	 
15.93 	 1.16575e-05 	 	 
15.945 	 1.147e-05 	 	 
15.96 	 1.12854e-05 	 	 
15.975 	 1.11037e-05 	 	 
15.99 	 1.09247e-05 	 	 
16.005 	 1.07486e-05 	 	 
16.02 	 1.05751e-05 	 	 
16.035 	 1.04044e-05 	 	 
16.05 	 1.02363e-05 	 	 
16.065 	 1.00708e-05 	 	 
16.08 	 9.90781e-06 	 	 
16.095 	 9.74739e-06 	 	 
16.11 	 9.58946e-06 	 	 
16.125 	 9.43398e-06 	 	 
16.14 	 9.28091e-06 	 	 
16.155 	 9.13022e-06 	 	 
16.17 	 8.98186e-06 	 	 
16.185 	 8.83582e-06 	 	 
16.2 	 8.69204e-06 	 	 
16.215 	 8.5505e-06 	 	 
16.23 	 8.41117e-06 	 	 
16.245 	 8.274e-06 	 	 
16.26 	 8.13897e-06 	 	 
16.275 	 8.00604e-06 	 	 
16.29 	 7.87519e-06 	 	 
16.305 	 7.74637e-06 	 	 
16.32 	 7.61957e-06 	 	 
16.335 	 7.49474e-06 	 	 
16.35 	 7.37186e-06 	 	 
16.365 	 7.2509e-06 	 	 
16.38 	 7.13184e-06 	 	 
16.395 	 7.01463e-06 	 	 
16.41 	 6.89926e-06 	 	 
16.425 	 6.78569e-06 	 	 
16.44 	 6.6739e-06 	 	 
16.455 	 6.56386e-06 	 	 
16.47 	 6.45554e-06 	 	 
16.485 	 6.34892e-06 	 	 
16.5 	 6.24398e-06 	 	 
16.515 	 6.14068e-06 	 	 
16.53 	 6.039e-06 	 	 
16.545 	 5.93891e-06 	 	 
16.56 	 5.8404e-06 	 	 
16.575 	 5.74344e-06 	 	 
16.59 	 5.648e-06 	 	 
16.605 	 5.55406e-06 	 	 
16.62 	 5.4616e-06 	 	 
16.635 	 5.37059e-06 	 	 
16.65 	 5.28102e-06 	 	 
16.665 	 5.19285e-06 	 	 
16.68 	 5.10608e-06 	 	 
16.695 	 5.02067e-06 	 	 
16.71 	 4.93661e-06 	 	 
16.725 	 4.85388e-06 	 	 
16.74 	 4.77245e-06 	 	 
16.755 	 4.69231e-06 	 	 
16.77 	 4.61344e-06 	 	 
16.785 	 4.53581e-06 	 	 
16.8 	 4.45941e-06 	 	 
16.815 	 4.38421e-06 	 	 
16.83 	 4.31021e-06 	 	 
16.845 	 4.23738e-06 	 	 
16.86 	 4.1657e-06 	 	 
16.875 	 4.09515e-06 	 	 
16.89 	 4.02573e-06 	 	 
16.905 	 3.9574e-06 	 	 
16.92 	 3.89016e-06 	 	 
16.935 	 3.82399e-06 	 	 
16.95 	 3.75887e-06 	 	 
16.965 	 3.69478e-06 	 	 
16.98 	 3.63171e-06 	 	 
16.995 	 3.56964e-06 	 	 
17.01 	 3.50856e-06 	 	 
17.025 	 3.44845e-06 	 	 
17.04 	 3.3893e-06 	 	 
17.055 	 3.3311e-06 	 	 
17.07 	 3.27381e-06 	 	 
17.085 	 3.21745e-06 	 	 
17.1 	 3.16198e-06 	 	 
17.115 	 3.10739e-06 	 	 
17.13 	 3.05368e-06 	 	 
17.145 	 3.00083e-06 	 	 
17.16 	 2.94881e-06 	 	 
17.175 	 2.89764e-06 	 	 
17.19 	 2.84728e-06 	 	 
17.205 	 2.79772e-06 	 	 
17.22 	 2.74896e-06 	 	 
17.235 	 2.70098e-06 	 	 
17.25 	 2.65377e-06 	 	 
17.265 	 2.60732e-06 	 	 
17.28 	 2.56161e-06 	 	 
17.295 	 2.51663e-06 	 	 
17.31 	 2.47238e-06 	 	 
17.325 	 2.42884e-06 	 	 
17.34 	 2.386e-06 	 	 
17.355 	 2.34385e-06 	 	 
17.37 	 2.30237e-06 	 	 
17.385 	 2.26157e-06 	 	 
17.4 	 2.22142e-06 	 	 
17.415 	 2.18192e-06 	 	 
17.43 	 2.14305e-06 	 	 
17.445 	 2.10481e-06 	 	 
17.46 	 2.0672e-06 	 	 
17.475 	 2.03018e-06 	 	 
17.49 	 1.99377e-06 	 	 
17.505 	 1.95795e-06 	 	 
17.52 	 1.9227e-06 	 	 
17.535 	 1.88803e-06 	 	 
17.55 	 1.85392e-06 	 	 
17.565 	 1.82036e-06 	 	 
17.58 	 1.78735e-06 	 	 
17.595 	 1.75487e-06 	 	 
17.61 	 1.72292e-06 	 	 
17.625 	 1.69149e-06 	 	 
17.64 	 1.66057e-06 	 	 
17.655 	 1.63016e-06 	 	 
17.67 	 1.60024e-06 	 	 
17.685 	 1.57081e-06 	 	 
17.7 	 1.54186e-06 	 	 
17.715 	 1.51338e-06 	 	 
17.73 	 1.48537e-06 	 	 
17.745 	 1.45781e-06 	 	 
17.76 	 1.43071e-06 	 	 
17.775 	 1.40405e-06 	 	 
17.79 	 1.37783e-06 	 	 
17.805 	 1.35204e-06 	 	 
17.82 	 1.32667e-06 	 	 
17.835 	 1.30172e-06 	 	 
17.85 	 1.27718e-06 	 	 
17.865 	 1.25304e-06 	 	 
17.88 	 1.2293e-06 	 	 
17.895 	 1.20596e-06 	 	 
17.91 	 1.183e-06 	 	 
17.925 	 1.16042e-06 	 	 
17.94 	 1.13821e-06 	 	 
17.955 	 1.11637e-06 	 	 
17.97 	 1.09489e-06 	 	 
17.985 	 1.07377e-06 	 	 
18 	 1.053e-06 	 	 
18.015 	 1.03258e-06 	 	 
18.03 	 1.01249e-06 	 	 
18.045 	 9.92741e-07 	 	 
18.06 	 9.73321e-07 	 	 
18.075 	 9.54226e-07 	 	 
18.09 	 9.3545e-07 	 	 
18.105 	 9.16988e-07 	 	 
18.12 	 8.98837e-07 	 	 
18.135 	 8.8099e-07 	 	 
18.15 	 8.63443e-07 	 	 
18.165 	 8.46192e-07 	 	 
18.18 	 8.29232e-07 	 	 
18.195 	 8.12558e-07 	 	 
18.21 	 7.96166e-07 	 	 
18.225 	 7.80052e-07 	 	 
18.24 	 7.64211e-07 	 	 
18.255 	 7.4864e-07 	 	 
18.27 	 7.33333e-07 	 	 
18.285 	 7.18287e-07 	 	 
18.3 	 7.03499e-07 	 	 
18.315 	 6.88963e-07 	 	 
18.33 	 6.74676e-07 	 	 
18.345 	 6.60634e-07 	 	 
18.36 	 6.46834e-07 	 	 
18.375 	 6.33271e-07 	 	 
18.39 	 6.19943e-07 	 	 
18.405 	 6.06845e-07 	 	 
18.42 	 5.93973e-07 	 	 
18.435 	 5.81326e-07 	 	 
18.45 	 5.68898e-07 	 	 
18.465 	 5.56688e-07 	 	 
18.48 	 5.4469e-07 	 	 
18.495 	 5.32903e-07 	 	 
18.51 	 5.21323e-07 	 	 
18.525 	 5.09946e-07 	 	 
18.54 	 4.98771e-07 	 	 
18.555 	 4.87793e-07 	 	 
18.57 	 4.77009e-07 	 	 
18.585 	 4.66418e-07 	 	 
18.6 	 4.56015e-07 	 	 
18.615 	 4.45798e-07 	 	 
18.63 	 4.35765e-07 	 	 
18.645 	 4.25911e-07 	 	 
18.66 	 4.16236e-07 	 	 
18.675 	 4.06736e-07 	 	 
18.69 	 3.97408e-07 	 	 
18.705 	 3.8825e-07 	 	 
18.72 	 3.79259e-07 	 	 
18.735 	 3.70433e-07 	 	 
18.75 	 3.6177e-07 	 	 
18.765 	 3.53267e-07 	 	 
18.78 	 3.44921e-07 	 	 
18.795 	 3.36731e-07 	 	 
18.81 	 3.28693e-07 	 	 
18.825 	 3.20807e-07 	 	 
18.84 	 3.13069e-07 	 	 
18.855 	 3.05477e-07 	 	 
18.87 	 2.9803e-07 	 	 
18.885 	 2.90724e-07 	 	 
18.9 	 2.83559e-07 	 	 
18.915 	 2.76532e-07 	 	 
18.93 	 2.69641e-07 	 	 
18.945 	 2.62885e-07 	 	 
18.96 	 2.5626e-07 	 	 
18.975 	 2.49766e-07 	 	 
18.99 	 2.434e-07 	 	 
19.005 	 2.37161e-07 	 	 
19.02 	 2.31047e-07 	 	 
19.035 	 2.25056e-07 	 	 
19.05 	 2.19186e-07 	 	 
19.065 	 2.13436e-07 	 	 
19.08 	 2.07804e-07 	 	 
19.095 	 2.02288e-07 	 	 
19.11 	 1.96887e-07 	 	 
19.125 	 1.916e-07 	 	 
19.14 	 1.86424e-07 	 	 
19.155 	 1.81358e-07 	 	 
19.17 	 1.764e-07 	 	 
19.185 	 1.7155e-07 	 	 
19.2 	 1.66806e-07 	 	 
19.215 	 1.62166e-07 	 	 
19.23 	 1.57629e-07 	 	 
19.245 	 1.53193e-07 	 	 
19.26 	 1.48858e-07 	 	 
19.275 	 1.44622e-07 	 	 
19.29 	 1.40483e-07 	 	 
19.305 	 1.36441e-07 	 	 
19.32 	 1.32494e-07 	 	 
19.335 	 1.28641e-07 	 	 
19.35 	 1.2488e-07 	 	 
19.365 	 1.21212e-07 	 	 
19.38 	 1.17634e-07 	 	 
19.395 	 1.14145e-07 	 	 
19.41 	 1.10744e-07 	 	 
19.425 	 1.07431e-07 	 	 
19.44 	 1.04204e-07 	 	 
19.455 	 1.01062e-07 	 	 
19.47 	 9.80041e-08 	 	 
19.485 	 9.50294e-08 	 	 
19.5 	 9.2137e-08 	 	 
19.515 	 8.93258e-08 	 	 
19.53 	 8.65949e-08 	 	 
19.545 	 8.39435e-08 	 	 
19.56 	 8.13707e-08 	 	 
19.575 	 7.88755e-08 	 	 
19.59 	 7.64572e-08 	 	 
19.605 	 7.41149e-08 	 	 
19.62 	 7.18479e-08 	 	 
19.635 	 6.96553e-08 	 	 
19.65 	 6.75364e-08 	 	 
19.665 	 6.54905e-08 	 	 
19.68 	 6.35168e-08 	 	 
19.695 	 6.16145e-08 	 	 
19.71 	 5.97831e-08 	 	 
19.725 	 5.80218e-08 	 	 
19.74 	 5.633e-08 	 	 
19.755 	 5.47071e-08 	 	 
19.77 	 5.31523e-08 	 	 
19.785 	 5.16652e-08 	 	 
19.8 	 5.02451e-08 	 	 
19.815 	 4.88915e-08 	 	 
19.83 	 4.76037e-08 	 	 
19.845 	 4.63813e-08 	 	 
19.86 	 4.52238e-08 	 	 
19.875 	 4.41306e-08 	 	 
19.89 	 4.31012e-08 	 	 
19.905 	 4.21352e-08 	 	 
19.92 	 4.12321e-08 	 	 
19.935 	 4.03915e-08 	 	 
19.95 	 3.96129e-08 	 	 
19.965 	 3.88959e-08 	 	 
19.98 	 3.82401e-08 	 	 
