0 	 0.00344232 	 	 
0.015 	 0.00344232 	 	 
0.03 	 0.00344231 	 	 
0.045 	 0.00344231 	 	 
0.06 	 0.00344231 	 	 
0.075 	 0.00344231 	 	 
0.09 	 0.00344231 	 	 
0.105 	 0.00344231 	 	 
0.12 	 0.00344231 	 	 
0.135 	 0.00344231 	 	 
0.15 	 0.00344231 	 	 
0.165 	 0.0034423 	 	 
0.18 	 0.0034423 	 	 
0.195 	 0.0034423 	 	 
0.21 	 0.0034423 	 	 
0.225 	 0.0034423 	 	 
0.24 	 0.0034423 	 	 
0.255 	 0.0034423 	 	 
0.27 	 0.0034423 	 	 
0.285 	 0.00344229 	 	 
0.3 	 0.00344229 	 	 
0.315 	 0.00344229 	 	 
0.33 	 0.00344229 	 	 
0.345 	 0.00344229 	 	 
0.36 	 0.00344229 	 	 
0.375 	 0.00344229 	 	 
0.39 	 0.00344228 	 	 
0.405 	 0.00344228 	 	 
0.42 	 0.00344228 	 	 
0.435 	 0.00344228 	 	 
0.45 	 0.00344228 	 	 
0.465 	 0.00344228 	 	 
0.48 	 0.00344228 	 	 
0.495 	 0.00344227 	 	 
0.51 	 0.00344227 	 	 
0.525 	 0.00344227 	 	 
0.54 	 0.00344227 	 	 
0.555 	 0.00344227 	 	 
0.57 	 0.00344227 	 	 
0.585 	 0.00344226 	 	 
0.6 	 0.00344226 	 	 
0.615 	 0.00344226 	 	 
0.63 	 0.00344226 	 	 
0.645 	 0.00344226 	 	 
0.66 	 0.00344225 	 	 
0.675 	 0.00344225 	 	 
0.69 	 0.00344225 	 	 
0.705 	 0.00344225 	 	 
0.72 	 0.00344225 	 	 
0.735 	 0.00344224 	 	 
0.75 	 0.00344224 	 	 
0.765 	 0.00344224 	 	 
0.78 	 0.00344224 	 	 
0.795 	 0.00344224 	 	 
0.81 	 0.00344223 	 	 
0.825 	 0.00344223 	 	 
0.84 	 0.00344223 	 	 
0.855 	 0.00344223 	 	 
0.87 	 0.00344222 	 	 
0.885 	 0.00344222 	 	 
0.9 	 0.00344222 	 	 
0.915 	 0.00344222 	 	 
0.93 	 0.00344221 	 	 
0.945 	 0.00344221 	 	 
0.96 	 0.00344221 	 	 
0.975 	 0.00344221 	 	 
0.99 	 0.0034422 	 	 
1.005 	 0.0034422 	 	 
1.02 	 0.0034422 	 	 
1.035 	 0.0034422 	 	 
1.05 	 0.00344219 	 	 
1.065 	 0.00344219 	 	 
1.08 	 0.00344219 	 	 
1.095 	 0.00344218 	 	 
1.11 	 0.00344218 	 	 
1.125 	 0.00344218 	 	 
1.14 	 0.00344218 	 	 
1.155 	 0.00344217 	 	 
1.17 	 0.00344217 	 	 
1.185 	 0.00344217 	 	 
1.2 	 0.00344216 	 	 
1.215 	 0.00344216 	 	 
1.23 	 0.00344216 	 	 
1.245 	 0.00344215 	 	 
1.26 	 0.00344215 	 	 
1.275 	 0.00344215 	 	 
1.29 	 0.00344214 	 	 
1.305 	 0.00344214 	 	 
1.32 	 0.00344213 	 	 
1.335 	 0.00344213 	 	 
1.35 	 0.00344213 	 	 
1.365 	 0.00344212 	 	 
1.38 	 0.00344212 	 	 
1.395 	 0.00344212 	 	 
1.41 	 0.00344211 	 	 
1.425 	 0.00344211 	 	 
1.44 	 0.0034421 	 	 
1.455 	 0.0034421 	 	 
1.47 	 0.00344209 	 	 
1.485 	 0.00344209 	 	 
1.5 	 0.00344209 	 	 
1.515 	 0.00344208 	 	 
1.53 	 0.00344208 	 	 
1.545 	 0.00344207 	 	 
1.56 	 0.00344207 	 	 
1.575 	 0.00344206 	 	 
1.59 	 0.00344206 	 	 
1.605 	 0.00344205 	 	 
1.62 	 0.00344205 	 	 
1.635 	 0.00344204 	 	 
1.65 	 0.00344204 	 	 
1.665 	 0.00344203 	 	 
1.68 	 0.00344203 	 	 
1.695 	 0.00344202 	 	 
1.71 	 0.00344202 	 	 
1.725 	 0.00344201 	 	 
1.74 	 0.003442 	 	 
1.755 	 0.003442 	 	 
1.77 	 0.00344199 	 	 
1.785 	 0.00344199 	 	 
1.8 	 0.00344198 	 	 
1.815 	 0.00344198 	 	 
1.83 	 0.00344197 	 	 
1.845 	 0.00344196 	 	 
1.86 	 0.00344196 	 	 
1.875 	 0.00344195 	 	 
1.89 	 0.00344194 	 	 
1.905 	 0.00344194 	 	 
1.92 	 0.00344193 	 	 
1.935 	 0.00344192 	 	 
1.95 	 0.00344192 	 	 
1.965 	 0.00344191 	 	 
1.98 	 0.0034419 	 	 
1.995 	 0.0034419 	 	 
2.01 	 0.00344189 	 	 
2.025 	 0.00344188 	 	 
2.04 	 0.00344187 	 	 
2.055 	 0.00344187 	 	 
2.07 	 0.00344186 	 	 
2.085 	 0.00344185 	 	 
2.1 	 0.00344184 	 	 
2.115 	 0.00344183 	 	 
2.13 	 0.00344182 	 	 
2.145 	 0.00344182 	 	 
2.16 	 0.00344181 	 	 
2.175 	 0.0034418 	 	 
2.19 	 0.00344179 	 	 
2.205 	 0.00344178 	 	 
2.22 	 0.00344177 	 	 
2.235 	 0.00344176 	 	 
2.25 	 0.00344175 	 	 
2.265 	 0.00344174 	 	 
2.28 	 0.00344173 	 	 
2.295 	 0.00344172 	 	 
2.31 	 0.00344171 	 	 
2.325 	 0.0034417 	 	 
2.34 	 0.00344169 	 	 
2.355 	 0.00344168 	 	 
2.37 	 0.00344167 	 	 
2.385 	 0.00344166 	 	 
2.4 	 0.00344165 	 	 
2.415 	 0.00344164 	 	 
2.43 	 0.00344163 	 	 
2.445 	 0.00344162 	 	 
2.46 	 0.00344161 	 	 
2.475 	 0.0034416 	 	 
2.49 	 0.00344158 	 	 
2.505 	 0.00344157 	 	 
2.52 	 0.00344156 	 	 
2.535 	 0.00344155 	 	 
2.55 	 0.00344153 	 	 
2.565 	 0.00344152 	 	 
2.58 	 0.00344151 	 	 
2.595 	 0.00344149 	 	 
2.61 	 0.00344148 	 	 
2.625 	 0.00344147 	 	 
2.64 	 0.00344145 	 	 
2.655 	 0.00344144 	 	 
2.67 	 0.00344143 	 	 
2.685 	 0.00344141 	 	 
2.7 	 0.0034414 	 	 
2.715 	 0.00344138 	 	 
2.73 	 0.00344137 	 	 
2.745 	 0.00344135 	 	 
2.76 	 0.00344134 	 	 
2.775 	 0.00344132 	 	 
2.79 	 0.0034413 	 	 
2.805 	 0.00344129 	 	 
2.82 	 0.00344127 	 	 
2.835 	 0.00344125 	 	 
2.85 	 0.00344124 	 	 
2.865 	 0.00344122 	 	 
2.88 	 0.0034412 	 	 
2.895 	 0.00344118 	 	 
2.91 	 0.00344117 	 	 
2.925 	 0.00344115 	 	 
2.94 	 0.00344113 	 	 
2.955 	 0.00344111 	 	 
2.97 	 0.00344109 	 	 
2.985 	 0.00344107 	 	 
3 	 0.00344105 	 	 
3.015 	 0.00344103 	 	 
3.03 	 0.00344101 	 	 
3.045 	 0.00344099 	 	 
3.06 	 0.00344097 	 	 
3.075 	 0.00344095 	 	 
3.09 	 0.00344093 	 	 
3.105 	 0.0034409 	 	 
3.12 	 0.00344088 	 	 
3.135 	 0.00344086 	 	 
3.15 	 0.00344084 	 	 
3.165 	 0.00344081 	 	 
3.18 	 0.00344079 	 	 
3.195 	 0.00344077 	 	 
3.21 	 0.00344074 	 	 
3.225 	 0.00344072 	 	 
3.24 	 0.00344069 	 	 
3.255 	 0.00344067 	 	 
3.27 	 0.00344064 	 	 
3.285 	 0.00344061 	 	 
3.3 	 0.00344059 	 	 
3.315 	 0.00344056 	 	 
3.33 	 0.00344053 	 	 
3.345 	 0.0034405 	 	 
3.36 	 0.00344048 	 	 
3.375 	 0.00344045 	 	 
3.39 	 0.00344042 	 	 
3.405 	 0.00344039 	 	 
3.42 	 0.00344036 	 	 
3.435 	 0.00344033 	 	 
3.45 	 0.0034403 	 	 
3.465 	 0.00344026 	 	 
3.48 	 0.00344023 	 	 
3.495 	 0.0034402 	 	 
3.51 	 0.00344017 	 	 
3.525 	 0.00344013 	 	 
3.54 	 0.0034401 	 	 
3.555 	 0.00344006 	 	 
3.57 	 0.00344003 	 	 
3.585 	 0.00343999 	 	 
3.6 	 0.00343996 	 	 
3.615 	 0.00343992 	 	 
3.63 	 0.00343988 	 	 
3.645 	 0.00343985 	 	 
3.66 	 0.00343981 	 	 
3.675 	 0.00343977 	 	 
3.69 	 0.00343973 	 	 
3.705 	 0.00343969 	 	 
3.72 	 0.00343965 	 	 
3.735 	 0.00343961 	 	 
3.75 	 0.00343957 	 	 
3.765 	 0.00343952 	 	 
3.78 	 0.00343948 	 	 
3.795 	 0.00343944 	 	 
3.81 	 0.00343939 	 	 
3.825 	 0.00343935 	 	 
3.84 	 0.0034393 	 	 
3.855 	 0.00343925 	 	 
3.87 	 0.00343921 	 	 
3.885 	 0.00343916 	 	 
3.9 	 0.00343911 	 	 
3.915 	 0.00343906 	 	 
3.93 	 0.00343901 	 	 
3.945 	 0.00343896 	 	 
3.96 	 0.00343891 	 	 
3.975 	 0.00343886 	 	 
3.99 	 0.0034388 	 	 
4.005 	 0.00343875 	 	 
4.02 	 0.00343869 	 	 
4.035 	 0.00343864 	 	 
4.05 	 0.00343858 	 	 
4.065 	 0.00343852 	 	 
4.08 	 0.00343847 	 	 
4.095 	 0.00343841 	 	 
4.11 	 0.00343835 	 	 
4.125 	 0.00343829 	 	 
4.14 	 0.00343822 	 	 
4.155 	 0.00343816 	 	 
4.17 	 0.0034381 	 	 
4.185 	 0.00343803 	 	 
4.2 	 0.00343797 	 	 
4.215 	 0.0034379 	 	 
4.23 	 0.00343783 	 	 
4.245 	 0.00343776 	 	 
4.26 	 0.0034377 	 	 
4.275 	 0.00343762 	 	 
4.29 	 0.00343755 	 	 
4.305 	 0.00343748 	 	 
4.32 	 0.00343741 	 	 
4.335 	 0.00343733 	 	 
4.35 	 0.00343725 	 	 
4.365 	 0.00343718 	 	 
4.38 	 0.0034371 	 	 
4.395 	 0.00343702 	 	 
4.41 	 0.00343694 	 	 
4.425 	 0.00343686 	 	 
4.44 	 0.00343677 	 	 
4.455 	 0.00343669 	 	 
4.47 	 0.0034366 	 	 
4.485 	 0.00343651 	 	 
4.5 	 0.00343643 	 	 
4.515 	 0.00343634 	 	 
4.53 	 0.00343624 	 	 
4.545 	 0.00343615 	 	 
4.56 	 0.00343606 	 	 
4.575 	 0.00343596 	 	 
4.59 	 0.00343587 	 	 
4.605 	 0.00343577 	 	 
4.62 	 0.00343567 	 	 
4.635 	 0.00343557 	 	 
4.65 	 0.00343546 	 	 
4.665 	 0.00343536 	 	 
4.68 	 0.00343525 	 	 
4.695 	 0.00343515 	 	 
4.71 	 0.00343504 	 	 
4.725 	 0.00343493 	 	 
4.74 	 0.00343481 	 	 
4.755 	 0.0034347 	 	 
4.77 	 0.00343458 	 	 
4.785 	 0.00343447 	 	 
4.8 	 0.00343435 	 	 
4.815 	 0.00343423 	 	 
4.83 	 0.0034341 	 	 
4.845 	 0.00343398 	 	 
4.86 	 0.00343385 	 	 
4.875 	 0.00343372 	 	 
4.89 	 0.00343359 	 	 
4.905 	 0.00343346 	 	 
4.92 	 0.00343332 	 	 
4.935 	 0.00343319 	 	 
4.95 	 0.00343305 	 	 
4.965 	 0.00343291 	 	 
4.98 	 0.00343277 	 	 
4.995 	 0.00343262 	 	 
5.01 	 0.00343247 	 	 
5.025 	 0.00343232 	 	 
5.04 	 0.00343217 	 	 
5.055 	 0.00343202 	 	 
5.07 	 0.00343186 	 	 
5.085 	 0.0034317 	 	 
5.1 	 0.00343154 	 	 
5.115 	 0.00343138 	 	 
5.13 	 0.00343122 	 	 
5.145 	 0.00343105 	 	 
5.16 	 0.00343088 	 	 
5.175 	 0.0034307 	 	 
5.19 	 0.00343053 	 	 
5.205 	 0.00343035 	 	 
5.22 	 0.00343017 	 	 
5.235 	 0.00342998 	 	 
5.25 	 0.0034298 	 	 
5.265 	 0.00342961 	 	 
5.28 	 0.00342941 	 	 
5.295 	 0.00342922 	 	 
5.31 	 0.00342902 	 	 
5.325 	 0.00342882 	 	 
5.34 	 0.00342862 	 	 
5.355 	 0.00342841 	 	 
5.37 	 0.0034282 	 	 
5.385 	 0.00342798 	 	 
5.4 	 0.00342777 	 	 
5.415 	 0.00342755 	 	 
5.43 	 0.00342733 	 	 
5.445 	 0.0034271 	 	 
5.46 	 0.00342687 	 	 
5.475 	 0.00342664 	 	 
5.49 	 0.0034264 	 	 
5.505 	 0.00342616 	 	 
5.52 	 0.00342591 	 	 
5.535 	 0.00342567 	 	 
5.55 	 0.00342541 	 	 
5.565 	 0.00342516 	 	 
5.58 	 0.0034249 	 	 
5.595 	 0.00342464 	 	 
5.61 	 0.00342437 	 	 
5.625 	 0.0034241 	 	 
5.64 	 0.00342383 	 	 
5.655 	 0.00342355 	 	 
5.67 	 0.00342326 	 	 
5.685 	 0.00342298 	 	 
5.7 	 0.00342268 	 	 
5.715 	 0.00342239 	 	 
5.73 	 0.00342209 	 	 
5.745 	 0.00342178 	 	 
5.76 	 0.00342147 	 	 
5.775 	 0.00342116 	 	 
5.79 	 0.00342084 	 	 
5.805 	 0.00342052 	 	 
5.82 	 0.00342019 	 	 
5.835 	 0.00341986 	 	 
5.85 	 0.00341952 	 	 
5.865 	 0.00341917 	 	 
5.88 	 0.00341883 	 	 
5.895 	 0.00341847 	 	 
5.91 	 0.00341811 	 	 
5.925 	 0.00341775 	 	 
5.94 	 0.00341738 	 	 
5.955 	 0.00341701 	 	 
5.97 	 0.00341662 	 	 
5.985 	 0.00341624 	 	 
6 	 0.00341585 	 	 
6.015 	 0.00341545 	 	 
6.03 	 0.00341504 	 	 
6.045 	 0.00341463 	 	 
6.06 	 0.00341422 	 	 
6.075 	 0.0034138 	 	 
6.09 	 0.00341337 	 	 
6.105 	 0.00341293 	 	 
6.12 	 0.00341249 	 	 
6.135 	 0.00341204 	 	 
6.15 	 0.00341159 	 	 
6.165 	 0.00341113 	 	 
6.18 	 0.00341066 	 	 
6.195 	 0.00341019 	 	 
6.21 	 0.0034097 	 	 
6.225 	 0.00340922 	 	 
6.24 	 0.00340872 	 	 
6.255 	 0.00340822 	 	 
6.27 	 0.0034077 	 	 
6.285 	 0.00340719 	 	 
6.3 	 0.00340666 	 	 
6.315 	 0.00340612 	 	 
6.33 	 0.00340558 	 	 
6.345 	 0.00340503 	 	 
6.36 	 0.00340447 	 	 
6.375 	 0.00340391 	 	 
6.39 	 0.00340333 	 	 
6.405 	 0.00340275 	 	 
6.42 	 0.00340216 	 	 
6.435 	 0.00340156 	 	 
6.45 	 0.00340095 	 	 
6.465 	 0.00340033 	 	 
6.48 	 0.0033997 	 	 
6.495 	 0.00339906 	 	 
6.51 	 0.00339842 	 	 
6.525 	 0.00339776 	 	 
6.54 	 0.0033971 	 	 
6.555 	 0.00339642 	 	 
6.57 	 0.00339574 	 	 
6.585 	 0.00339504 	 	 
6.6 	 0.00339433 	 	 
6.615 	 0.00339362 	 	 
6.63 	 0.00339289 	 	 
6.645 	 0.00339216 	 	 
6.66 	 0.00339141 	 	 
6.675 	 0.00339065 	 	 
6.69 	 0.00338988 	 	 
6.705 	 0.0033891 	 	 
6.72 	 0.00338831 	 	 
6.735 	 0.0033875 	 	 
6.75 	 0.00338668 	 	 
6.765 	 0.00338586 	 	 
6.78 	 0.00338502 	 	 
6.795 	 0.00338416 	 	 
6.81 	 0.0033833 	 	 
6.825 	 0.00338242 	 	 
6.84 	 0.00338153 	 	 
6.855 	 0.00338063 	 	 
6.87 	 0.00337971 	 	 
6.885 	 0.00337878 	 	 
6.9 	 0.00337784 	 	 
6.915 	 0.00337688 	 	 
6.93 	 0.00337591 	 	 
6.945 	 0.00337493 	 	 
6.96 	 0.00337393 	 	 
6.975 	 0.00337291 	 	 
6.99 	 0.00337189 	 	 
7.005 	 0.00337084 	 	 
7.02 	 0.00336978 	 	 
7.035 	 0.00336871 	 	 
7.05 	 0.00336762 	 	 
7.065 	 0.00336652 	 	 
7.08 	 0.0033654 	 	 
7.095 	 0.00336426 	 	 
7.11 	 0.00336311 	 	 
7.125 	 0.00336194 	 	 
7.14 	 0.00336075 	 	 
7.155 	 0.00335954 	 	 
7.17 	 0.00335832 	 	 
7.185 	 0.00335708 	 	 
7.2 	 0.00335583 	 	 
7.215 	 0.00335455 	 	 
7.23 	 0.00335326 	 	 
7.245 	 0.00335195 	 	 
7.26 	 0.00335062 	 	 
7.275 	 0.00334927 	 	 
7.29 	 0.0033479 	 	 
7.305 	 0.00334651 	 	 
7.32 	 0.0033451 	 	 
7.335 	 0.00334368 	 	 
7.35 	 0.00334223 	 	 
7.365 	 0.00334076 	 	 
7.38 	 0.00333927 	 	 
7.395 	 0.00333776 	 	 
7.41 	 0.00333622 	 	 
7.425 	 0.00333467 	 	 
7.44 	 0.00333309 	 	 
7.455 	 0.0033315 	 	 
7.47 	 0.00332988 	 	 
7.485 	 0.00332823 	 	 
7.5 	 0.00332656 	 	 
7.515 	 0.00332487 	 	 
7.53 	 0.00332316 	 	 
7.545 	 0.00332142 	 	 
7.56 	 0.00331966 	 	 
7.575 	 0.00331787 	 	 
7.59 	 0.00331606 	 	 
7.605 	 0.00331422 	 	 
7.62 	 0.00331236 	 	 
7.635 	 0.00331047 	 	 
7.65 	 0.00330855 	 	 
7.665 	 0.00330661 	 	 
7.68 	 0.00330464 	 	 
7.695 	 0.00330264 	 	 
7.71 	 0.00330061 	 	 
7.725 	 0.00329856 	 	 
7.74 	 0.00329648 	 	 
7.755 	 0.00329437 	 	 
7.77 	 0.00329223 	 	 
7.785 	 0.00329006 	 	 
7.8 	 0.00328786 	 	 
7.815 	 0.00328563 	 	 
7.83 	 0.00328337 	 	 
7.845 	 0.00328108 	 	 
7.86 	 0.00327876 	 	 
7.875 	 0.00327641 	 	 
7.89 	 0.00327402 	 	 
7.905 	 0.0032716 	 	 
7.92 	 0.00326915 	 	 
7.935 	 0.00326667 	 	 
7.95 	 0.00326415 	 	 
7.965 	 0.0032616 	 	 
7.98 	 0.00325901 	 	 
7.995 	 0.00325639 	 	 
8.01 	 0.00325373 	 	 
8.025 	 0.00325104 	 	 
8.04 	 0.00324831 	 	 
8.055 	 0.00324555 	 	 
8.07 	 0.00324274 	 	 
8.085 	 0.00323991 	 	 
8.1 	 0.00323703 	 	 
8.115 	 0.00323411 	 	 
8.13 	 0.00323116 	 	 
8.145 	 0.00322816 	 	 
8.16 	 0.00322513 	 	 
8.175 	 0.00322206 	 	 
8.19 	 0.00321894 	 	 
8.205 	 0.00321579 	 	 
8.22 	 0.00321259 	 	 
8.235 	 0.00320936 	 	 
8.25 	 0.00320608 	 	 
8.265 	 0.00320275 	 	 
8.28 	 0.00319939 	 	 
8.295 	 0.00319598 	 	 
8.31 	 0.00319252 	 	 
8.325 	 0.00318903 	 	 
8.34 	 0.00318548 	 	 
8.355 	 0.00318189 	 	 
8.37 	 0.00317826 	 	 
8.385 	 0.00317458 	 	 
8.4 	 0.00317085 	 	 
8.415 	 0.00316707 	 	 
8.43 	 0.00316325 	 	 
8.445 	 0.00315938 	 	 
8.46 	 0.00315546 	 	 
8.475 	 0.00315149 	 	 
8.49 	 0.00314747 	 	 
8.505 	 0.0031434 	 	 
8.52 	 0.00313928 	 	 
8.535 	 0.00313511 	 	 
8.55 	 0.00313088 	 	 
8.565 	 0.00312661 	 	 
8.58 	 0.00312228 	 	 
8.595 	 0.0031179 	 	 
8.61 	 0.00311346 	 	 
8.625 	 0.00310897 	 	 
8.64 	 0.00310443 	 	 
8.655 	 0.00309983 	 	 
8.67 	 0.00309517 	 	 
8.685 	 0.00309046 	 	 
8.7 	 0.00308569 	 	 
8.715 	 0.00308087 	 	 
8.73 	 0.00307599 	 	 
8.745 	 0.00307105 	 	 
8.76 	 0.00306605 	 	 
8.775 	 0.00306099 	 	 
8.79 	 0.00305588 	 	 
8.805 	 0.0030507 	 	 
8.82 	 0.00304546 	 	 
8.835 	 0.00304016 	 	 
8.85 	 0.0030348 	 	 
8.865 	 0.00302938 	 	 
8.88 	 0.0030239 	 	 
8.895 	 0.00301836 	 	 
8.91 	 0.00301275 	 	 
8.925 	 0.00300708 	 	 
8.94 	 0.00300134 	 	 
8.955 	 0.00299554 	 	 
8.97 	 0.00298967 	 	 
8.985 	 0.00298374 	 	 
9 	 0.00297775 	 	 
9.015 	 0.00297169 	 	 
9.03 	 0.00296556 	 	 
9.045 	 0.00295936 	 	 
9.06 	 0.0029531 	 	 
9.075 	 0.00294677 	 	 
9.09 	 0.00294037 	 	 
9.105 	 0.00293391 	 	 
9.12 	 0.00292737 	 	 
9.135 	 0.00292077 	 	 
9.15 	 0.00291409 	 	 
9.165 	 0.00290735 	 	 
9.18 	 0.00290054 	 	 
9.195 	 0.00289365 	 	 
9.21 	 0.0028867 	 	 
9.225 	 0.00287967 	 	 
9.24 	 0.00287258 	 	 
9.255 	 0.00286541 	 	 
9.27 	 0.00285817 	 	 
9.285 	 0.00285086 	 	 
9.3 	 0.00284347 	 	 
9.315 	 0.00283602 	 	 
9.33 	 0.00282849 	 	 
9.345 	 0.00282088 	 	 
9.36 	 0.00281321 	 	 
9.375 	 0.00280546 	 	 
9.39 	 0.00279763 	 	 
9.405 	 0.00278974 	 	 
9.42 	 0.00278177 	 	 
9.435 	 0.00277372 	 	 
9.45 	 0.0027656 	 	 
9.465 	 0.00275741 	 	 
9.48 	 0.00274914 	 	 
9.495 	 0.0027408 	 	 
9.51 	 0.00273239 	 	 
9.525 	 0.0027239 	 	 
9.54 	 0.00271533 	 	 
9.555 	 0.00270669 	 	 
9.57 	 0.00269798 	 	 
9.585 	 0.00268919 	 	 
9.6 	 0.00268032 	 	 
9.615 	 0.00267139 	 	 
9.63 	 0.00266238 	 	 
9.645 	 0.00265329 	 	 
9.66 	 0.00264413 	 	 
9.675 	 0.00263489 	 	 
9.69 	 0.00262559 	 	 
9.705 	 0.00261621 	 	 
9.72 	 0.00260675 	 	 
9.735 	 0.00259722 	 	 
9.75 	 0.00258762 	 	 
9.765 	 0.00257795 	 	 
9.78 	 0.0025682 	 	 
9.795 	 0.00255838 	 	 
9.81 	 0.00254849 	 	 
9.825 	 0.00253853 	 	 
9.84 	 0.00252849 	 	 
9.855 	 0.00251839 	 	 
9.87 	 0.00250821 	 	 
9.885 	 0.00249797 	 	 
9.9 	 0.00248766 	 	 
9.915 	 0.00247727 	 	 
9.93 	 0.00246682 	 	 
9.945 	 0.0024563 	 	 
9.96 	 0.00244571 	 	 
9.975 	 0.00243506 	 	 
9.99 	 0.00242433 	 	 
10.005 	 0.00241355 	 	 
10.02 	 0.00240269 	 	 
10.035 	 0.00239178 	 	 
10.05 	 0.0023808 	 	 
10.065 	 0.00236975 	 	 
10.08 	 0.00235864 	 	 
10.095 	 0.00234748 	 	 
10.11 	 0.00233624 	 	 
10.125 	 0.00232495 	 	 
10.14 	 0.0023136 	 	 
10.155 	 0.0023022 	 	 
10.17 	 0.00229073 	 	 
10.185 	 0.0022792 	 	 
10.2 	 0.00226762 	 	 
10.215 	 0.00225599 	 	 
10.23 	 0.0022443 	 	 
10.245 	 0.00223256 	 	 
10.26 	 0.00222076 	 	 
10.275 	 0.00220891 	 	 
10.29 	 0.00219702 	 	 
10.305 	 0.00218507 	 	 
10.32 	 0.00217307 	 	 
10.335 	 0.00216103 	 	 
10.35 	 0.00214894 	 	 
10.365 	 0.00213681 	 	 
10.38 	 0.00212463 	 	 
10.395 	 0.00211241 	 	 
10.41 	 0.00210015 	 	 
10.425 	 0.00208784 	 	 
10.44 	 0.0020755 	 	 
10.455 	 0.00206312 	 	 
10.47 	 0.0020507 	 	 
10.485 	 0.00203825 	 	 
10.5 	 0.00202576 	 	 
10.515 	 0.00201324 	 	 
10.53 	 0.00200069 	 	 
10.545 	 0.0019881 	 	 
10.56 	 0.00197549 	 	 
10.575 	 0.00196285 	 	 
10.59 	 0.00195018 	 	 
10.605 	 0.00193749 	 	 
10.62 	 0.00192477 	 	 
10.635 	 0.00191203 	 	 
10.65 	 0.00189927 	 	 
10.665 	 0.00188649 	 	 
10.68 	 0.00187369 	 	 
10.695 	 0.00186088 	 	 
10.71 	 0.00184805 	 	 
10.725 	 0.0018352 	 	 
10.74 	 0.00182234 	 	 
10.755 	 0.00180947 	 	 
10.77 	 0.00179659 	 	 
10.785 	 0.0017837 	 	 
10.8 	 0.00177081 	 	 
10.815 	 0.00175791 	 	 
10.83 	 0.001745 	 	 
10.845 	 0.0017321 	 	 
10.86 	 0.00171919 	 	 
10.875 	 0.00170628 	 	 
10.89 	 0.00169337 	 	 
10.905 	 0.00168047 	 	 
10.92 	 0.00166757 	 	 
10.935 	 0.00165467 	 	 
10.95 	 0.00164179 	 	 
10.965 	 0.00162891 	 	 
10.98 	 0.00161605 	 	 
10.995 	 0.00160319 	 	 
11.01 	 0.00159035 	 	 
11.025 	 0.00157752 	 	 
11.04 	 0.00156471 	 	 
11.055 	 0.00155192 	 	 
11.07 	 0.00153914 	 	 
11.085 	 0.00152639 	 	 
11.1 	 0.00151366 	 	 
11.115 	 0.00150095 	 	 
11.13 	 0.00148826 	 	 
11.145 	 0.0014756 	 	 
11.16 	 0.00146297 	 	 
11.175 	 0.00145037 	 	 
11.19 	 0.00143779 	 	 
11.205 	 0.00142525 	 	 
11.22 	 0.00141274 	 	 
11.235 	 0.00140026 	 	 
11.25 	 0.00138782 	 	 
11.265 	 0.00137541 	 	 
11.28 	 0.00136304 	 	 
11.295 	 0.00135071 	 	 
11.31 	 0.00133842 	 	 
11.325 	 0.00132617 	 	 
11.34 	 0.00131396 	 	 
11.355 	 0.0013018 	 	 
11.37 	 0.00128968 	 	 
11.385 	 0.00127761 	 	 
11.4 	 0.00126558 	 	 
11.415 	 0.0012536 	 	 
11.43 	 0.00124167 	 	 
11.445 	 0.00122978 	 	 
11.46 	 0.00121795 	 	 
11.475 	 0.00120617 	 	 
11.49 	 0.00119445 	 	 
11.505 	 0.00118277 	 	 
11.52 	 0.00117116 	 	 
11.535 	 0.00115959 	 	 
11.55 	 0.00114809 	 	 
11.565 	 0.00113664 	 	 
11.58 	 0.00112525 	 	 
11.595 	 0.00111391 	 	 
11.61 	 0.00110264 	 	 
11.625 	 0.00109143 	 	 
11.64 	 0.00108028 	 	 
11.655 	 0.00106919 	 	 
11.67 	 0.00105817 	 	 
11.685 	 0.00104721 	 	 
11.7 	 0.00103631 	 	 
11.715 	 0.00102548 	 	 
11.73 	 0.00101471 	 	 
11.745 	 0.00100401 	 	 
11.76 	 0.000993375 	 	 
11.775 	 0.000982808 	 	 
11.79 	 0.000972309 	 	 
11.805 	 0.000961878 	 	 
11.82 	 0.000951516 	 	 
11.835 	 0.000941223 	 	 
11.85 	 0.000931 	 	 
11.865 	 0.000920847 	 	 
11.88 	 0.000910765 	 	 
11.895 	 0.000900753 	 	 
11.91 	 0.000890813 	 	 
11.925 	 0.000880944 	 	 
11.94 	 0.000871148 	 	 
11.955 	 0.000861424 	 	 
11.97 	 0.000851772 	 	 
11.985 	 0.000842194 	 	 
12 	 0.000832688 	 	 
12.015 	 0.000823256 	 	 
12.03 	 0.000813897 	 	 
12.045 	 0.000804612 	 	 
12.06 	 0.000795401 	 	 
12.075 	 0.000786263 	 	 
12.09 	 0.0007772 	 	 
12.105 	 0.000768212 	 	 
12.12 	 0.000759297 	 	 
12.135 	 0.000750457 	 	 
12.15 	 0.000741692 	 	 
12.165 	 0.000733 	 	 
12.18 	 0.000724384 	 	 
12.195 	 0.000715842 	 	 
12.21 	 0.000707374 	 	 
12.225 	 0.000698981 	 	 
12.24 	 0.000690663 	 	 
12.255 	 0.000682419 	 	 
12.27 	 0.000674249 	 	 
12.285 	 0.000666153 	 	 
12.3 	 0.000658131 	 	 
12.315 	 0.000650184 	 	 
12.33 	 0.00064231 	 	 
12.345 	 0.00063451 	 	 
12.36 	 0.000626783 	 	 
12.375 	 0.00061913 	 	 
12.39 	 0.00061155 	 	 
12.405 	 0.000604043 	 	 
12.42 	 0.000596608 	 	 
12.435 	 0.000589246 	 	 
12.45 	 0.000581957 	 	 
12.465 	 0.000574739 	 	 
12.48 	 0.000567593 	 	 
12.495 	 0.000560519 	 	 
12.51 	 0.000553516 	 	 
12.525 	 0.000546583 	 	 
12.54 	 0.000539722 	 	 
12.555 	 0.00053293 	 	 
12.57 	 0.000526209 	 	 
12.585 	 0.000519557 	 	 
12.6 	 0.000512974 	 	 
12.615 	 0.000506461 	 	 
12.63 	 0.000500016 	 	 
12.645 	 0.000493639 	 	 
12.66 	 0.00048733 	 	 
12.675 	 0.000481089 	 	 
12.69 	 0.000474915 	 	 
12.705 	 0.000468807 	 	 
12.72 	 0.000462766 	 	 
12.735 	 0.00045679 	 	 
12.75 	 0.00045088 	 	 
12.765 	 0.000445035 	 	 
12.78 	 0.000439255 	 	 
12.795 	 0.000433539 	 	 
12.81 	 0.000427887 	 	 
12.825 	 0.000422298 	 	 
12.84 	 0.000416772 	 	 
12.855 	 0.000411308 	 	 
12.87 	 0.000405907 	 	 
12.885 	 0.000400567 	 	 
12.9 	 0.000395288 	 	 
12.915 	 0.00039007 	 	 
12.93 	 0.000384912 	 	 
12.945 	 0.000379813 	 	 
12.96 	 0.000374774 	 	 
12.975 	 0.000369794 	 	 
12.99 	 0.000364872 	 	 
13.005 	 0.000360008 	 	 
13.02 	 0.000355201 	 	 
13.035 	 0.000350451 	 	 
13.05 	 0.000345758 	 	 
13.065 	 0.00034112 	 	 
13.08 	 0.000336538 	 	 
13.095 	 0.000332011 	 	 
13.11 	 0.000327538 	 	 
13.125 	 0.00032312 	 	 
13.14 	 0.000318754 	 	 
13.155 	 0.000314442 	 	 
13.17 	 0.000310183 	 	 
13.185 	 0.000305975 	 	 
13.2 	 0.000301819 	 	 
13.215 	 0.000297714 	 	 
13.23 	 0.00029366 	 	 
13.245 	 0.000289656 	 	 
13.26 	 0.000285701 	 	 
13.275 	 0.000281796 	 	 
13.29 	 0.000277939 	 	 
13.305 	 0.000274131 	 	 
13.32 	 0.00027037 	 	 
13.335 	 0.000266657 	 	 
13.35 	 0.00026299 	 	 
13.365 	 0.00025937 	 	 
13.38 	 0.000255795 	 	 
13.395 	 0.000252266 	 	 
13.41 	 0.000248781 	 	 
13.425 	 0.000245342 	 	 
13.44 	 0.000241946 	 	 
13.455 	 0.000238593 	 	 
13.47 	 0.000235284 	 	 
13.485 	 0.000232017 	 	 
13.5 	 0.000228792 	 	 
13.515 	 0.000225609 	 	 
13.53 	 0.000222467 	 	 
13.545 	 0.000219366 	 	 
13.56 	 0.000216306 	 	 
13.575 	 0.000213285 	 	 
13.59 	 0.000210303 	 	 
13.605 	 0.000207361 	 	 
13.62 	 0.000204457 	 	 
13.635 	 0.000201591 	 	 
13.65 	 0.000198763 	 	 
13.665 	 0.000195973 	 	 
13.68 	 0.000193219 	 	 
13.695 	 0.000190501 	 	 
13.71 	 0.00018782 	 	 
13.725 	 0.000185174 	 	 
13.74 	 0.000182563 	 	 
13.755 	 0.000179987 	 	 
13.77 	 0.000177446 	 	 
13.785 	 0.000174938 	 	 
13.8 	 0.000172464 	 	 
13.815 	 0.000170024 	 	 
13.83 	 0.000167615 	 	 
13.845 	 0.00016524 	 	 
13.86 	 0.000162896 	 	 
13.875 	 0.000160584 	 	 
13.89 	 0.000158303 	 	 
13.905 	 0.000156053 	 	 
13.92 	 0.000153834 	 	 
13.935 	 0.000151644 	 	 
13.95 	 0.000149485 	 	 
13.965 	 0.000147354 	 	 
13.98 	 0.000145253 	 	 
13.995 	 0.000143181 	 	 
14.01 	 0.000141136 	 	 
14.025 	 0.00013912 	 	 
14.04 	 0.000137131 	 	 
14.055 	 0.00013517 	 	 
14.07 	 0.000133235 	 	 
14.085 	 0.000131327 	 	 
14.1 	 0.000129446 	 	 
14.115 	 0.00012759 	 	 
14.13 	 0.00012576 	 	 
14.145 	 0.000123955 	 	 
14.16 	 0.000122175 	 	 
14.175 	 0.00012042 	 	 
14.19 	 0.000118689 	 	 
14.205 	 0.000116982 	 	 
14.22 	 0.000115298 	 	 
14.235 	 0.000113638 	 	 
14.25 	 0.000112002 	 	 
14.265 	 0.000110388 	 	 
14.28 	 0.000108796 	 	 
14.295 	 0.000107227 	 	 
14.31 	 0.000105679 	 	 
14.325 	 0.000104154 	 	 
14.34 	 0.000102649 	 	 
14.355 	 0.000101166 	 	 
14.37 	 9.97033e-05 	 	 
14.385 	 9.82612e-05 	 	 
14.4 	 9.68395e-05 	 	 
14.415 	 9.54377e-05 	 	 
14.43 	 9.40556e-05 	 	 
14.445 	 9.2693e-05 	 	 
14.46 	 9.13496e-05 	 	 
14.475 	 9.00252e-05 	 	 
14.49 	 8.87194e-05 	 	 
14.505 	 8.74321e-05 	 	 
14.52 	 8.6163e-05 	 	 
14.535 	 8.49119e-05 	 	 
14.55 	 8.36784e-05 	 	 
14.565 	 8.24624e-05 	 	 
14.58 	 8.12637e-05 	 	 
14.595 	 8.0082e-05 	 	 
14.61 	 7.89171e-05 	 	 
14.625 	 7.77687e-05 	 	 
14.64 	 7.66366e-05 	 	 
14.655 	 7.55207e-05 	 	 
14.67 	 7.44207e-05 	 	 
14.685 	 7.33363e-05 	 	 
14.7 	 7.22674e-05 	 	 
14.715 	 7.12137e-05 	 	 
14.73 	 7.01751e-05 	 	 
14.745 	 6.91513e-05 	 	 
14.76 	 6.81422e-05 	 	 
14.775 	 6.71474e-05 	 	 
14.79 	 6.6167e-05 	 	 
14.805 	 6.52005e-05 	 	 
14.82 	 6.42479e-05 	 	 
14.835 	 6.3309e-05 	 	 
14.85 	 6.23835e-05 	 	 
14.865 	 6.14713e-05 	 	 
14.88 	 6.05723e-05 	 	 
14.895 	 5.96861e-05 	 	 
14.91 	 5.88127e-05 	 	 
14.925 	 5.79518e-05 	 	 
14.94 	 5.71033e-05 	 	 
14.955 	 5.62671e-05 	 	 
14.97 	 5.54428e-05 	 	 
14.985 	 5.46305e-05 	 	 
15 	 5.38299e-05 	 	 
15.015 	 5.30408e-05 	 	 
15.03 	 5.22631e-05 	 	 
15.045 	 5.14967e-05 	 	 
15.06 	 5.07413e-05 	 	 
15.075 	 4.99968e-05 	 	 
15.09 	 4.92631e-05 	 	 
15.105 	 4.854e-05 	 	 
15.12 	 4.78274e-05 	 	 
15.135 	 4.71251e-05 	 	 
15.15 	 4.64329e-05 	 	 
15.165 	 4.57508e-05 	 	 
15.18 	 4.50786e-05 	 	 
15.195 	 4.44161e-05 	 	 
15.21 	 4.37633e-05 	 	 
15.225 	 4.31199e-05 	 	 
15.24 	 4.24858e-05 	 	 
15.255 	 4.1861e-05 	 	 
15.27 	 4.12452e-05 	 	 
15.285 	 4.06384e-05 	 	 
15.3 	 4.00404e-05 	 	 
15.315 	 3.94511e-05 	 	 
15.33 	 3.88704e-05 	 	 
15.345 	 3.82982e-05 	 	 
15.36 	 3.77342e-05 	 	 
15.375 	 3.71785e-05 	 	 
15.39 	 3.66309e-05 	 	 
15.405 	 3.60912e-05 	 	 
15.42 	 3.55595e-05 	 	 
15.435 	 3.50354e-05 	 	 
15.45 	 3.4519e-05 	 	 
15.465 	 3.40102e-05 	 	 
15.48 	 3.35088e-05 	 	 
15.495 	 3.30147e-05 	 	 
15.51 	 3.25278e-05 	 	 
15.525 	 3.2048e-05 	 	 
15.54 	 3.15753e-05 	 	 
15.555 	 3.11094e-05 	 	 
15.57 	 3.06504e-05 	 	 
15.585 	 3.01981e-05 	 	 
15.6 	 2.97524e-05 	 	 
15.615 	 2.93132e-05 	 	 
15.63 	 2.88804e-05 	 	 
15.645 	 2.8454e-05 	 	 
15.66 	 2.80338e-05 	 	 
15.675 	 2.76198e-05 	 	 
15.69 	 2.72119e-05 	 	 
15.705 	 2.68099e-05 	 	 
15.72 	 2.64138e-05 	 	 
15.735 	 2.60235e-05 	 	 
15.75 	 2.5639e-05 	 	 
15.765 	 2.52601e-05 	 	 
15.78 	 2.48867e-05 	 	 
15.795 	 2.45188e-05 	 	 
15.81 	 2.41564e-05 	 	 
15.825 	 2.37992e-05 	 	 
15.84 	 2.34473e-05 	 	 
15.855 	 2.31005e-05 	 	 
15.87 	 2.27589e-05 	 	 
15.885 	 2.24223e-05 	 	 
15.9 	 2.20906e-05 	 	 
15.915 	 2.17638e-05 	 	 
15.93 	 2.14418e-05 	 	 
15.945 	 2.11245e-05 	 	 
15.96 	 2.08119e-05 	 	 
15.975 	 2.05039e-05 	 	 
15.99 	 2.02004e-05 	 	 
16.005 	 1.99014e-05 	 	 
16.02 	 1.96068e-05 	 	 
16.035 	 1.93166e-05 	 	 
16.05 	 1.90306e-05 	 	 
16.065 	 1.87488e-05 	 	 
16.08 	 1.84711e-05 	 	 
16.095 	 1.81976e-05 	 	 
16.11 	 1.79281e-05 	 	 
16.125 	 1.76625e-05 	 	 
16.14 	 1.74009e-05 	 	 
16.155 	 1.71431e-05 	 	 
16.17 	 1.68891e-05 	 	 
16.185 	 1.66389e-05 	 	 
16.2 	 1.63924e-05 	 	 
16.215 	 1.61495e-05 	 	 
16.23 	 1.59101e-05 	 	 
16.245 	 1.56744e-05 	 	 
16.26 	 1.5442e-05 	 	 
16.275 	 1.52132e-05 	 	 
16.29 	 1.49876e-05 	 	 
16.305 	 1.47655e-05 	 	 
16.32 	 1.45466e-05 	 	 
16.335 	 1.43309e-05 	 	 
16.35 	 1.41184e-05 	 	 
16.365 	 1.39091e-05 	 	 
16.38 	 1.37028e-05 	 	 
16.395 	 1.34996e-05 	 	 
16.41 	 1.32994e-05 	 	 
16.425 	 1.31021e-05 	 	 
16.44 	 1.29078e-05 	 	 
16.455 	 1.27164e-05 	 	 
16.47 	 1.25277e-05 	 	 
16.485 	 1.23419e-05 	 	 
16.5 	 1.21588e-05 	 	 
16.515 	 1.19784e-05 	 	 
16.53 	 1.18007e-05 	 	 
16.545 	 1.16256e-05 	 	 
16.56 	 1.14531e-05 	 	 
16.575 	 1.12831e-05 	 	 
16.59 	 1.11157e-05 	 	 
16.605 	 1.09507e-05 	 	 
16.62 	 1.07882e-05 	 	 
16.635 	 1.06281e-05 	 	 
16.65 	 1.04703e-05 	 	 
16.665 	 1.03149e-05 	 	 
16.68 	 1.01618e-05 	 	 
16.695 	 1.00109e-05 	 	 
16.71 	 9.86231e-06 	 	 
16.725 	 9.71589e-06 	 	 
16.74 	 9.57165e-06 	 	 
16.755 	 9.42953e-06 	 	 
16.77 	 9.28952e-06 	 	 
16.785 	 9.15159e-06 	 	 
16.8 	 9.0157e-06 	 	 
16.815 	 8.88182e-06 	 	 
16.83 	 8.74992e-06 	 	 
16.845 	 8.61998e-06 	 	 
16.86 	 8.49196e-06 	 	 
16.875 	 8.36584e-06 	 	 
16.89 	 8.24158e-06 	 	 
16.905 	 8.11917e-06 	 	 
16.92 	 7.99857e-06 	 	 
16.935 	 7.87976e-06 	 	 
16.95 	 7.76271e-06 	 	 
16.965 	 7.6474e-06 	 	 
16.98 	 7.53379e-06 	 	 
16.995 	 7.42187e-06 	 	 
17.01 	 7.31161e-06 	 	 
17.025 	 7.20298e-06 	 	 
17.04 	 7.09596e-06 	 	 
17.055 	 6.99053e-06 	 	 
17.07 	 6.88667e-06 	 	 
17.085 	 6.78434e-06 	 	 
17.1 	 6.68353e-06 	 	 
17.115 	 6.58421e-06 	 	 
17.13 	 6.48637e-06 	 	 
17.145 	 6.38998e-06 	 	 
17.16 	 6.29502e-06 	 	 
17.175 	 6.20147e-06 	 	 
17.19 	 6.10931e-06 	 	 
17.205 	 6.01851e-06 	 	 
17.22 	 5.92906e-06 	 	 
17.235 	 5.84094e-06 	 	 
17.25 	 5.75412e-06 	 	 
17.265 	 5.6686e-06 	 	 
17.28 	 5.58434e-06 	 	 
17.295 	 5.50133e-06 	 	 
17.31 	 5.41956e-06 	 	 
17.325 	 5.33899e-06 	 	 
17.34 	 5.25963e-06 	 	 
17.355 	 5.18144e-06 	 	 
17.37 	 5.10441e-06 	 	 
17.385 	 5.02853e-06 	 	 
17.4 	 4.95377e-06 	 	 
17.415 	 4.88013e-06 	 	 
17.43 	 4.80757e-06 	 	 
17.445 	 4.73609e-06 	 	 
17.46 	 4.66568e-06 	 	 
17.475 	 4.59631e-06 	 	 
17.49 	 4.52797e-06 	 	 
17.505 	 4.46064e-06 	 	 
17.52 	 4.39432e-06 	 	 
17.535 	 4.32898e-06 	 	 
17.55 	 4.26461e-06 	 	 
17.565 	 4.20119e-06 	 	 
17.58 	 4.13872e-06 	 	 
17.595 	 4.07718e-06 	 	 
17.61 	 4.01655e-06 	 	 
17.625 	 3.95682e-06 	 	 
17.64 	 3.89797e-06 	 	 
17.655 	 3.84e-06 	 	 
17.67 	 3.7829e-06 	 	 
17.685 	 3.72664e-06 	 	 
17.7 	 3.67121e-06 	 	 
17.715 	 3.61661e-06 	 	 
17.73 	 3.56283e-06 	 	 
17.745 	 3.50984e-06 	 	 
17.76 	 3.45763e-06 	 	 
17.775 	 3.40621e-06 	 	 
17.79 	 3.35555e-06 	 	 
17.805 	 3.30564e-06 	 	 
17.82 	 3.25647e-06 	 	 
17.835 	 3.20803e-06 	 	 
17.85 	 3.16031e-06 	 	 
17.865 	 3.1133e-06 	 	 
17.88 	 3.06699e-06 	 	 
17.895 	 3.02137e-06 	 	 
17.91 	 2.97643e-06 	 	 
17.925 	 2.93215e-06 	 	 
17.94 	 2.88854e-06 	 	 
17.955 	 2.84557e-06 	 	 
17.97 	 2.80324e-06 	 	 
17.985 	 2.76154e-06 	 	 
18 	 2.72045e-06 	 	 
18.015 	 2.67998e-06 	 	 
18.03 	 2.64011e-06 	 	 
18.045 	 2.60084e-06 	 	 
18.06 	 2.56215e-06 	 	 
18.075 	 2.52403e-06 	 	 
18.09 	 2.48648e-06 	 	 
18.105 	 2.44948e-06 	 	 
18.12 	 2.41304e-06 	 	 
18.135 	 2.37714e-06 	 	 
18.15 	 2.34177e-06 	 	 
18.165 	 2.30693e-06 	 	 
18.18 	 2.27261e-06 	 	 
18.195 	 2.2388e-06 	 	 
18.21 	 2.20549e-06 	 	 
18.225 	 2.17267e-06 	 	 
18.24 	 2.14035e-06 	 	 
18.255 	 2.1085e-06 	 	 
18.27 	 2.07713e-06 	 	 
18.285 	 2.04622e-06 	 	 
18.3 	 2.01578e-06 	 	 
18.315 	 1.98578e-06 	 	 
18.33 	 1.95623e-06 	 	 
18.345 	 1.92713e-06 	 	 
18.36 	 1.89845e-06 	 	 
18.375 	 1.8702e-06 	 	 
18.39 	 1.84237e-06 	 	 
18.405 	 1.81496e-06 	 	 
18.42 	 1.78795e-06 	 	 
18.435 	 1.76135e-06 	 	 
18.45 	 1.73514e-06 	 	 
18.465 	 1.70932e-06 	 	 
18.48 	 1.68388e-06 	 	 
18.495 	 1.65882e-06 	 	 
18.51 	 1.63414e-06 	 	 
18.525 	 1.60982e-06 	 	 
18.54 	 1.58586e-06 	 	 
18.555 	 1.56226e-06 	 	 
18.57 	 1.53901e-06 	 	 
18.585 	 1.51611e-06 	 	 
18.6 	 1.49355e-06 	 	 
18.615 	 1.47132e-06 	 	 
18.63 	 1.44943e-06 	 	 
18.645 	 1.42786e-06 	 	 
18.66 	 1.40661e-06 	 	 
18.675 	 1.38567e-06 	 	 
18.69 	 1.36505e-06 	 	 
18.705 	 1.34474e-06 	 	 
18.72 	 1.32472e-06 	 	 
18.735 	 1.30501e-06 	 	 
18.75 	 1.28559e-06 	 	 
18.765 	 1.26645e-06 	 	 
18.78 	 1.24761e-06 	 	 
18.795 	 1.22904e-06 	 	 
18.81 	 1.21075e-06 	 	 
18.825 	 1.19273e-06 	 	 
18.84 	 1.17498e-06 	 	 
18.855 	 1.15749e-06 	 	 
18.87 	 1.14026e-06 	 	 
18.885 	 1.12329e-06 	 	 
18.9 	 1.10657e-06 	 	 
18.915 	 1.0901e-06 	 	 
18.93 	 1.07388e-06 	 	 
18.945 	 1.0579e-06 	 	 
18.96 	 1.04215e-06 	 	 
18.975 	 1.02664e-06 	 	 
18.99 	 1.01136e-06 	 	 
19.005 	 9.96307e-07 	 	 
19.02 	 9.81478e-07 	 	 
19.035 	 9.6687e-07 	 	 
19.05 	 9.52479e-07 	 	 
19.065 	 9.38302e-07 	 	 
19.08 	 9.24337e-07 	 	 
19.095 	 9.10579e-07 	 	 
19.11 	 8.97025e-07 	 	 
19.125 	 8.83674e-07 	 	 
19.14 	 8.70521e-07 	 	 
19.155 	 8.57564e-07 	 	 
19.17 	 8.448e-07 	 	 
19.185 	 8.32225e-07 	 	 
19.2 	 8.19838e-07 	 	 
19.215 	 8.07635e-07 	 	 
19.23 	 7.95614e-07 	 	 
19.245 	 7.83771e-07 	 	 
19.26 	 7.72105e-07 	 	 
19.275 	 7.60612e-07 	 	 
19.29 	 7.49291e-07 	 	 
19.305 	 7.38138e-07 	 	 
19.32 	 7.27151e-07 	 	 
19.335 	 7.16327e-07 	 	 
19.35 	 7.05664e-07 	 	 
19.365 	 6.95161e-07 	 	 
19.38 	 6.84813e-07 	 	 
19.395 	 6.7462e-07 	 	 
19.41 	 6.64578e-07 	 	 
19.425 	 6.54685e-07 	 	 
19.44 	 6.4494e-07 	 	 
19.455 	 6.3534e-07 	 	 
19.47 	 6.25883e-07 	 	 
19.485 	 6.16566e-07 	 	 
19.5 	 6.07388e-07 	 	 
19.515 	 5.98347e-07 	 	 
19.53 	 5.8944e-07 	 	 
19.545 	 5.80666e-07 	 	 
19.56 	 5.72023e-07 	 	 
19.575 	 5.63508e-07 	 	 
19.59 	 5.5512e-07 	 	 
19.605 	 5.46856e-07 	 	 
19.62 	 5.38716e-07 	 	 
19.635 	 5.30697e-07 	 	 
19.65 	 5.22797e-07 	 	 
19.665 	 5.15015e-07 	 	 
19.68 	 5.07348e-07 	 	 
19.695 	 4.99796e-07 	 	 
19.71 	 4.92356e-07 	 	 
19.725 	 4.85027e-07 	 	 
19.74 	 4.77807e-07 	 	 
19.755 	 4.70694e-07 	 	 
19.77 	 4.63687e-07 	 	 
19.785 	 4.56785e-07 	 	 
19.8 	 4.49985e-07 	 	 
19.815 	 4.43286e-07 	 	 
19.83 	 4.36688e-07 	 	 
19.845 	 4.30187e-07 	 	 
19.86 	 4.23783e-07 	 	 
19.875 	 4.17475e-07 	 	 
19.89 	 4.1126e-07 	 	 
19.905 	 4.05138e-07 	 	 
19.92 	 3.99107e-07 	 	 
19.935 	 3.93165e-07 	 	 
19.95 	 3.87313e-07 	 	 
19.965 	 3.81547e-07 	 	 
19.98 	 3.75867e-07 	 	 
