0 	 0.00638028 	 	 
0.025 	 0.00637937 	 	 
0.05 	 0.00637794 	 	 
0.075 	 0.006376 	 	 
0.1 	 0.00637355 	 	 
0.125 	 0.00637058 	 	 
0.15 	 0.0063671 	 	 
0.175 	 0.0063631 	 	 
0.2 	 0.00635859 	 	 
0.225 	 0.00635358 	 	 
0.25 	 0.00634805 	 	 
0.275 	 0.00634201 	 	 
0.3 	 0.00633547 	 	 
0.325 	 0.00632842 	 	 
0.35 	 0.00632087 	 	 
0.375 	 0.00631282 	 	 
0.4 	 0.00630427 	 	 
0.425 	 0.00629522 	 	 
0.45 	 0.00628568 	 	 
0.475 	 0.00627564 	 	 
0.5 	 0.00626511 	 	 
0.525 	 0.00625409 	 	 
0.55 	 0.00624259 	 	 
0.575 	 0.0062306 	 	 
0.6 	 0.00621813 	 	 
0.625 	 0.00620519 	 	 
0.65 	 0.00619177 	 	 
0.675 	 0.00617787 	 	 
0.7 	 0.00616351 	 	 
0.725 	 0.00614868 	 	 
0.75 	 0.00613339 	 	 
0.775 	 0.00611764 	 	 
0.8 	 0.00610144 	 	 
0.825 	 0.00608478 	 	 
0.85 	 0.00606768 	 	 
0.875 	 0.00605013 	 	 
0.9 	 0.00603214 	 	 
0.925 	 0.00601372 	 	 
0.95 	 0.00599486 	 	 
0.975 	 0.00597557 	 	 
1 	 0.00595586 	 	 
1.025 	 0.00593573 	 	 
1.05 	 0.00591519 	 	 
1.075 	 0.00589423 	 	 
1.1 	 0.00587286 	 	 
1.125 	 0.0058511 	 	 
1.15 	 0.00582894 	 	 
1.175 	 0.00580638 	 	 
1.2 	 0.00578344 	 	 
1.225 	 0.00576011 	 	 
1.25 	 0.00573641 	 	 
1.275 	 0.00571234 	 	 
1.3 	 0.0056879 	 	 
1.325 	 0.0056631 	 	 
1.35 	 0.00563794 	 	 
1.375 	 0.00561243 	 	 
1.4 	 0.00558657 	 	 
1.425 	 0.00556038 	 	 
1.45 	 0.00553385 	 	 
1.475 	 0.00550699 	 	 
1.5 	 0.0054798 	 	 
1.525 	 0.0054523 	 	 
1.55 	 0.00542449 	 	 
1.575 	 0.00539637 	 	 
1.6 	 0.00536796 	 	 
1.625 	 0.00533924 	 	 
1.65 	 0.00531024 	 	 
1.675 	 0.00528096 	 	 
1.7 	 0.0052514 	 	 
1.725 	 0.00522157 	 	 
1.75 	 0.00519148 	 	 
1.775 	 0.00516112 	 	 
1.8 	 0.00513052 	 	 
1.825 	 0.00509967 	 	 
1.85 	 0.00506858 	 	 
1.875 	 0.00503726 	 	 
1.9 	 0.00500572 	 	 
1.925 	 0.00497395 	 	 
1.95 	 0.00494197 	 	 
1.975 	 0.00490978 	 	 
2 	 0.00487739 	 	 
2.025 	 0.0048448 	 	 
2.05 	 0.00481203 	 	 
2.075 	 0.00477907 	 	 
2.1 	 0.00474593 	 	 
2.125 	 0.00471263 	 	 
2.15 	 0.00467917 	 	 
2.175 	 0.00464554 	 	 
2.2 	 0.00461177 	 	 
2.225 	 0.00457785 	 	 
2.25 	 0.0045438 	 	 
2.275 	 0.00450962 	 	 
2.3 	 0.00447531 	 	 
2.325 	 0.00444088 	 	 
2.35 	 0.00440635 	 	 
2.375 	 0.0043717 	 	 
2.4 	 0.00433696 	 	 
2.425 	 0.00430213 	 	 
2.45 	 0.00426722 	 	 
2.475 	 0.00423222 	 	 
2.5 	 0.00419715 	 	 
2.525 	 0.00416202 	 	 
2.55 	 0.00412682 	 	 
2.575 	 0.00409157 	 	 
2.6 	 0.00405627 	 	 
2.625 	 0.00402094 	 	 
2.65 	 0.00398556 	 	 
2.675 	 0.00395016 	 	 
2.7 	 0.00391473 	 	 
2.725 	 0.00387928 	 	 
2.75 	 0.00384382 	 	 
2.775 	 0.00380836 	 	 
2.8 	 0.0037729 	 	 
2.825 	 0.00373744 	 	 
2.85 	 0.00370199 	 	 
2.875 	 0.00366656 	 	 
2.9 	 0.00363116 	 	 
2.925 	 0.00359578 	 	 
2.95 	 0.00356043 	 	 
2.975 	 0.00352512 	 	 
3 	 0.00348986 	 	 
3.025 	 0.00345465 	 	 
3.05 	 0.00341949 	 	 
3.075 	 0.00338439 	 	 
3.1 	 0.00334936 	 	 
3.125 	 0.0033144 	 	 
3.15 	 0.00327951 	 	 
3.175 	 0.0032447 	 	 
3.2 	 0.00320998 	 	 
3.225 	 0.00317535 	 	 
3.25 	 0.00314081 	 	 
3.275 	 0.00310637 	 	 
3.3 	 0.00307204 	 	 
3.325 	 0.00303781 	 	 
3.35 	 0.00300369 	 	 
3.375 	 0.00296969 	 	 
3.4 	 0.00293582 	 	 
3.425 	 0.00290206 	 	 
3.45 	 0.00286844 	 	 
3.475 	 0.00283495 	 	 
3.5 	 0.0028016 	 	 
3.525 	 0.00276838 	 	 
3.55 	 0.00273531 	 	 
3.575 	 0.00270239 	 	 
3.6 	 0.00266963 	 	 
3.625 	 0.00263701 	 	 
3.65 	 0.00260456 	 	 
3.675 	 0.00257227 	 	 
3.7 	 0.00254015 	 	 
3.725 	 0.00250819 	 	 
3.75 	 0.00247641 	 	 
3.775 	 0.0024448 	 	 
3.8 	 0.00241337 	 	 
3.825 	 0.00238212 	 	 
3.85 	 0.00235105 	 	 
3.875 	 0.00232018 	 	 
3.9 	 0.00228949 	 	 
3.925 	 0.00225899 	 	 
3.95 	 0.00222869 	 	 
3.975 	 0.00219859 	 	 
4 	 0.00216868 	 	 
4.025 	 0.00213898 	 	 
4.05 	 0.00210949 	 	 
4.075 	 0.00208019 	 	 
4.1 	 0.00205111 	 	 
4.125 	 0.00202224 	 	 
4.15 	 0.00199358 	 	 
4.175 	 0.00196514 	 	 
4.2 	 0.00193691 	 	 
4.225 	 0.00190891 	 	 
4.25 	 0.00188112 	 	 
4.275 	 0.00185355 	 	 
4.3 	 0.00182622 	 	 
4.325 	 0.0017991 	 	 
4.35 	 0.00177221 	 	 
4.375 	 0.00174555 	 	 
4.4 	 0.00171913 	 	 
4.425 	 0.00169293 	 	 
4.45 	 0.00166697 	 	 
4.475 	 0.00164124 	 	 
4.5 	 0.00161574 	 	 
4.525 	 0.00159049 	 	 
4.55 	 0.00156547 	 	 
4.575 	 0.00154069 	 	 
4.6 	 0.00151615 	 	 
4.625 	 0.00149185 	 	 
4.65 	 0.00146779 	 	 
4.675 	 0.00144398 	 	 
4.7 	 0.00142041 	 	 
4.725 	 0.00139708 	 	 
4.75 	 0.001374 	 	 
4.775 	 0.00135117 	 	 
4.8 	 0.00132858 	 	 
4.825 	 0.00130623 	 	 
4.85 	 0.00128414 	 	 
4.875 	 0.00126229 	 	 
4.9 	 0.00124069 	 	 
4.925 	 0.00121934 	 	 
4.95 	 0.00119824 	 	 
4.975 	 0.00117739 	 	 
5 	 0.00115678 	 	 
5.025 	 0.00113643 	 	 
5.05 	 0.00111632 	 	 
5.075 	 0.00109646 	 	 
5.1 	 0.00107686 	 	 
5.125 	 0.0010575 	 	 
5.15 	 0.00103838 	 	 
5.175 	 0.00101952 	 	 
5.2 	 0.0010009 	 	 
5.225 	 0.000982532 	 	 
5.25 	 0.000964408 	 	 
5.275 	 0.000946529 	 	 
5.3 	 0.000928894 	 	 
5.325 	 0.000911502 	 	 
5.35 	 0.000894353 	 	 
5.375 	 0.000877446 	 	 
5.4 	 0.000860778 	 	 
5.425 	 0.00084435 	 	 
5.45 	 0.000828159 	 	 
5.475 	 0.000812206 	 	 
5.5 	 0.000796487 	 	 
5.525 	 0.000781002 	 	 
5.55 	 0.00076575 	 	 
5.575 	 0.000750729 	 	 
5.6 	 0.000735937 	 	 
5.625 	 0.000721373 	 	 
5.65 	 0.000707036 	 	 
5.675 	 0.000692923 	 	 
5.7 	 0.000679032 	 	 
5.725 	 0.000665363 	 	 
5.75 	 0.000651914 	 	 
5.775 	 0.000638682 	 	 
5.8 	 0.000625666 	 	 
5.825 	 0.000612864 	 	 
5.85 	 0.000600273 	 	 
5.875 	 0.000587893 	 	 
5.9 	 0.000575721 	 	 
5.925 	 0.000563755 	 	 
5.95 	 0.000551993 	 	 
5.975 	 0.000540434 	 	 
6 	 0.000529074 	 	 
6.025 	 0.000517912 	 	 
6.05 	 0.000506947 	 	 
6.075 	 0.000496175 	 	 
6.1 	 0.000485594 	 	 
6.125 	 0.000475203 	 	 
6.15 	 0.000465 	 	 
6.175 	 0.000454982 	 	 
6.2 	 0.000445146 	 	 
6.225 	 0.000435491 	 	 
6.25 	 0.000426015 	 	 
6.275 	 0.000416716 	 	 
6.3 	 0.00040759 	 	 
6.325 	 0.000398636 	 	 
6.35 	 0.000389852 	 	 
6.375 	 0.000381235 	 	 
6.4 	 0.000372783 	 	 
6.425 	 0.000364495 	 	 
6.45 	 0.000356367 	 	 
6.475 	 0.000348397 	 	 
6.5 	 0.000340583 	 	 
6.525 	 0.000332924 	 	 
6.55 	 0.000325416 	 	 
6.575 	 0.000318057 	 	 
6.6 	 0.000310846 	 	 
6.625 	 0.00030378 	 	 
6.65 	 0.000296857 	 	 
6.675 	 0.000290074 	 	 
6.7 	 0.000283429 	 	 
6.725 	 0.000276921 	 	 
6.75 	 0.000270546 	 	 
6.775 	 0.000264304 	 	 
6.8 	 0.000258191 	 	 
6.825 	 0.000252206 	 	 
6.85 	 0.000246346 	 	 
6.875 	 0.00024061 	 	 
6.9 	 0.000234995 	 	 
6.925 	 0.000229499 	 	 
6.95 	 0.00022412 	 	 
6.975 	 0.000218856 	 	 
7 	 0.000213705 	 	 
7.025 	 0.000208666 	 	 
7.05 	 0.000203735 	 	 
7.075 	 0.000198912 	 	 
7.1 	 0.000194193 	 	 
7.125 	 0.000189578 	 	 
7.15 	 0.000185064 	 	 
7.175 	 0.00018065 	 	 
7.2 	 0.000176333 	 	 
7.225 	 0.000172112 	 	 
7.25 	 0.000167985 	 	 
7.275 	 0.00016395 	 	 
7.3 	 0.000160005 	 	 
7.325 	 0.000156149 	 	 
7.35 	 0.00015238 	 	 
7.375 	 0.000148695 	 	 
7.4 	 0.000145095 	 	 
7.425 	 0.000141576 	 	 
7.45 	 0.000138137 	 	 
7.475 	 0.000134777 	 	 
7.5 	 0.000131494 	 	 
7.525 	 0.000128287 	 	 
7.55 	 0.000125153 	 	 
7.575 	 0.000122092 	 	 
7.6 	 0.000119101 	 	 
7.625 	 0.00011618 	 	 
7.65 	 0.000113327 	 	 
7.675 	 0.000110541 	 	 
7.7 	 0.000107819 	 	 
7.725 	 0.000105161 	 	 
7.75 	 0.000102566 	 	 
7.775 	 0.000100032 	 	 
7.8 	 9.75574e-05 	 	 
7.825 	 9.51414e-05 	 	 
7.85 	 9.27826e-05 	 	 
7.875 	 9.04798e-05 	 	 
7.9 	 8.82317e-05 	 	 
7.925 	 8.60372e-05 	 	 
7.95 	 8.3895e-05 	 	 
7.975 	 8.18041e-05 	 	 
8 	 7.97633e-05 	 	 
8.025 	 7.77714e-05 	 	 
8.05 	 7.58275e-05 	 	 
8.075 	 7.39303e-05 	 	 
8.1 	 7.20789e-05 	 	 
8.125 	 7.02722e-05 	 	 
8.15 	 6.85093e-05 	 	 
8.175 	 6.67891e-05 	 	 
8.2 	 6.51106e-05 	 	 
8.225 	 6.3473e-05 	 	 
8.25 	 6.18752e-05 	 	 
8.275 	 6.03164e-05 	 	 
8.3 	 5.87957e-05 	 	 
8.325 	 5.73122e-05 	 	 
8.35 	 5.5865e-05 	 	 
8.375 	 5.44533e-05 	 	 
8.4 	 5.30762e-05 	 	 
8.425 	 5.17331e-05 	 	 
8.45 	 5.0423e-05 	 	 
8.475 	 4.91452e-05 	 	 
8.5 	 4.78989e-05 	 	 
8.525 	 4.66835e-05 	 	 
8.55 	 4.54981e-05 	 	 
8.575 	 4.43421e-05 	 	 
8.6 	 4.32148e-05 	 	 
8.625 	 4.21155e-05 	 	 
8.65 	 4.10435e-05 	 	 
8.675 	 3.99981e-05 	 	 
8.7 	 3.89788e-05 	 	 
8.725 	 3.7985e-05 	 	 
8.75 	 3.70159e-05 	 	 
8.775 	 3.60711e-05 	 	 
8.8 	 3.51499e-05 	 	 
8.825 	 3.42517e-05 	 	 
8.85 	 3.33761e-05 	 	 
8.875 	 3.25224e-05 	 	 
8.9 	 3.16902e-05 	 	 
8.925 	 3.08789e-05 	 	 
8.95 	 3.0088e-05 	 	 
8.975 	 2.9317e-05 	 	 
9 	 2.85654e-05 	 	 
9.025 	 2.78328e-05 	 	 
9.05 	 2.71186e-05 	 	 
9.075 	 2.64225e-05 	 	 
9.1 	 2.5744e-05 	 	 
9.125 	 2.50827e-05 	 	 
9.15 	 2.4438e-05 	 	 
9.175 	 2.38098e-05 	 	 
9.2 	 2.31974e-05 	 	 
9.225 	 2.26006e-05 	 	 
9.25 	 2.20189e-05 	 	 
9.275 	 2.1452e-05 	 	 
9.3 	 2.08995e-05 	 	 
9.325 	 2.03611e-05 	 	 
9.35 	 1.98364e-05 	 	 
9.375 	 1.9325e-05 	 	 
9.4 	 1.88266e-05 	 	 
9.425 	 1.8341e-05 	 	 
9.45 	 1.78677e-05 	 	 
9.475 	 1.74066e-05 	 	 
9.5 	 1.69572e-05 	 	 
9.525 	 1.65193e-05 	 	 
9.55 	 1.60926e-05 	 	 
9.575 	 1.56768e-05 	 	 
9.6 	 1.52716e-05 	 	 
9.625 	 1.48768e-05 	 	 
9.65 	 1.44922e-05 	 	 
9.675 	 1.41174e-05 	 	 
9.7 	 1.37522e-05 	 	 
9.725 	 1.33964e-05 	 	 
9.75 	 1.30497e-05 	 	 
9.775 	 1.27119e-05 	 	 
9.8 	 1.23828e-05 	 	 
9.825 	 1.20621e-05 	 	 
9.85 	 1.17497e-05 	 	 
9.875 	 1.14453e-05 	 	 
9.9 	 1.11488e-05 	 	 
9.925 	 1.08599e-05 	 	 
9.95 	 1.05784e-05 	 	 
9.975 	 1.03042e-05 	 	 
10 	 1.00371e-05 	 	 
10.025 	 9.77679e-06 	 	 
10.05 	 9.52324e-06 	 	 
10.075 	 9.27623e-06 	 	 
10.1 	 9.03559e-06 	 	 
10.125 	 8.80116e-06 	 	 
10.15 	 8.57279e-06 	 	 
10.175 	 8.35031e-06 	 	 
10.2 	 8.13358e-06 	 	 
10.225 	 7.92245e-06 	 	 
10.25 	 7.71678e-06 	 	 
10.275 	 7.51643e-06 	 	 
10.3 	 7.32126e-06 	 	 
10.325 	 7.13114e-06 	 	 
10.35 	 6.94594e-06 	 	 
10.375 	 6.76553e-06 	 	 
10.4 	 6.58979e-06 	 	 
10.425 	 6.4186e-06 	 	 
10.45 	 6.25185e-06 	 	 
10.475 	 6.08942e-06 	 	 
10.5 	 5.93119e-06 	 	 
10.525 	 5.77707e-06 	 	 
10.55 	 5.62694e-06 	 	 
10.575 	 5.4807e-06 	 	 
10.6 	 5.33826e-06 	 	 
10.625 	 5.19951e-06 	 	 
10.65 	 5.06436e-06 	 	 
10.675 	 4.93272e-06 	 	 
10.7 	 4.80449e-06 	 	 
10.725 	 4.67959e-06 	 	 
10.75 	 4.55794e-06 	 	 
10.775 	 4.43944e-06 	 	 
10.8 	 4.32402e-06 	 	 
10.825 	 4.21159e-06 	 	 
10.85 	 4.10209e-06 	 	 
10.875 	 3.99543e-06 	 	 
10.9 	 3.89155e-06 	 	 
10.925 	 3.79036e-06 	 	 
10.95 	 3.6918e-06 	 	 
10.975 	 3.59581e-06 	 	 
11 	 3.5023e-06 	 	 
11.025 	 3.41123e-06 	 	 
11.05 	 3.32253e-06 	 	 
11.075 	 3.23614e-06 	 	 
11.1 	 3.15199e-06 	 	 
11.125 	 3.07003e-06 	 	 
11.15 	 2.9902e-06 	 	 
11.175 	 2.91244e-06 	 	 
11.2 	 2.83671e-06 	 	 
11.225 	 2.76295e-06 	 	 
11.25 	 2.69111e-06 	 	 
11.275 	 2.62114e-06 	 	 
11.3 	 2.55299e-06 	 	 
11.325 	 2.48661e-06 	 	 
11.35 	 2.42196e-06 	 	 
11.375 	 2.359e-06 	 	 
11.4 	 2.29767e-06 	 	 
11.425 	 2.23794e-06 	 	 
11.45 	 2.17976e-06 	 	 
11.475 	 2.12309e-06 	 	 
11.5 	 2.06791e-06 	 	 
11.525 	 2.01415e-06 	 	 
11.55 	 1.9618e-06 	 	 
11.575 	 1.91081e-06 	 	 
11.6 	 1.86115e-06 	 	 
11.625 	 1.81278e-06 	 	 
11.65 	 1.76567e-06 	 	 
11.675 	 1.71979e-06 	 	 
11.7 	 1.6751e-06 	 	 
11.725 	 1.63158e-06 	 	 
11.75 	 1.58918e-06 	 	 
11.775 	 1.5479e-06 	 	 
11.8 	 1.50768e-06 	 	 
11.825 	 1.46852e-06 	 	 
11.85 	 1.43037e-06 	 	 
11.875 	 1.39322e-06 	 	 
11.9 	 1.35703e-06 	 	 
11.925 	 1.32179e-06 	 	 
11.95 	 1.28746e-06 	 	 
11.975 	 1.25403e-06 	 	 
12 	 1.22147e-06 	 	 
12.025 	 1.18975e-06 	 	 
12.05 	 1.15887e-06 	 	 
12.075 	 1.12878e-06 	 	 
12.1 	 1.09948e-06 	 	 
12.125 	 1.07094e-06 	 	 
12.15 	 1.04315e-06 	 	 
12.175 	 1.01608e-06 	 	 
12.2 	 9.89708e-07 	 	 
12.225 	 9.64027e-07 	 	 
12.25 	 9.39014e-07 	 	 
12.275 	 9.14653e-07 	 	 
12.3 	 8.90925e-07 	 	 
12.325 	 8.67815e-07 	 	 
12.35 	 8.45307e-07 	 	 
12.375 	 8.23384e-07 	 	 
12.4 	 8.02032e-07 	 	 
12.425 	 7.81235e-07 	 	 
12.45 	 7.60979e-07 	 	 
12.475 	 7.4125e-07 	 	 
12.5 	 7.22035e-07 	 	 
12.525 	 7.03319e-07 	 	 
12.55 	 6.8509e-07 	 	 
12.575 	 6.67336e-07 	 	 
12.6 	 6.50043e-07 	 	 
12.625 	 6.332e-07 	 	 
12.65 	 6.16795e-07 	 	 
12.675 	 6.00816e-07 	 	 
12.7 	 5.85253e-07 	 	 
12.725 	 5.70095e-07 	 	 
12.75 	 5.55331e-07 	 	 
12.775 	 5.4095e-07 	 	 
12.8 	 5.26943e-07 	 	 
12.825 	 5.13301e-07 	 	 
12.85 	 5.00013e-07 	 	 
12.875 	 4.8707e-07 	 	 
12.9 	 4.74464e-07 	 	 
12.925 	 4.62185e-07 	 	 
12.95 	 4.50226e-07 	 	 
12.975 	 4.38577e-07 	 	 
13 	 4.2723e-07 	 	 
13.025 	 4.16179e-07 	 	 
13.05 	 4.05414e-07 	 	 
13.075 	 3.94929e-07 	 	 
13.1 	 3.84717e-07 	 	 
13.125 	 3.74769e-07 	 	 
13.15 	 3.6508e-07 	 	 
13.175 	 3.55642e-07 	 	 
13.2 	 3.46449e-07 	 	 
13.225 	 3.37495e-07 	 	 
13.25 	 3.28774e-07 	 	 
13.275 	 3.20279e-07 	 	 
13.3 	 3.12004e-07 	 	 
13.325 	 3.03944e-07 	 	 
13.35 	 2.96093e-07 	 	 
13.375 	 2.88445e-07 	 	 
13.4 	 2.80996e-07 	 	 
13.425 	 2.73741e-07 	 	 
13.45 	 2.66673e-07 	 	 
13.475 	 2.59789e-07 	 	 
13.5 	 2.53083e-07 	 	 
13.525 	 2.46551e-07 	 	 
13.55 	 2.40188e-07 	 	 
13.575 	 2.33991e-07 	 	 
13.6 	 2.27954e-07 	 	 
13.625 	 2.22073e-07 	 	 
13.65 	 2.16345e-07 	 	 
13.675 	 2.10765e-07 	 	 
13.7 	 2.0533e-07 	 	 
13.725 	 2.00035e-07 	 	 
13.75 	 1.94878e-07 	 	 
13.775 	 1.89854e-07 	 	 
13.8 	 1.84961e-07 	 	 
13.825 	 1.80194e-07 	 	 
13.85 	 1.7555e-07 	 	 
13.875 	 1.71027e-07 	 	 
13.9 	 1.66621e-07 	 	 
13.925 	 1.62329e-07 	 	 
13.95 	 1.58148e-07 	 	 
13.975 	 1.54075e-07 	 	 
14 	 1.50107e-07 	 	 
14.025 	 1.46242e-07 	 	 
14.05 	 1.42477e-07 	 	 
14.075 	 1.3881e-07 	 	 
14.1 	 1.35237e-07 	 	 
14.125 	 1.31757e-07 	 	 
14.15 	 1.28366e-07 	 	 
14.175 	 1.25064e-07 	 	 
14.2 	 1.21846e-07 	 	 
14.225 	 1.18712e-07 	 	 
14.25 	 1.15659e-07 	 	 
14.275 	 1.12685e-07 	 	 
14.3 	 1.09787e-07 	 	 
14.325 	 1.06965e-07 	 	 
14.35 	 1.04215e-07 	 	 
14.375 	 1.01536e-07 	 	 
14.4 	 9.89269e-08 	 	 
14.425 	 9.63847e-08 	 	 
14.45 	 9.39082e-08 	 	 
14.475 	 9.14957e-08 	 	 
14.5 	 8.91453e-08 	 	 
14.525 	 8.68557e-08 	 	 
14.55 	 8.46251e-08 	 	 
14.575 	 8.24521e-08 	 	 
14.6 	 8.03352e-08 	 	 
14.625 	 7.82728e-08 	 	 
14.65 	 7.62637e-08 	 	 
14.675 	 7.43063e-08 	 	 
14.7 	 7.23995e-08 	 	 
14.725 	 7.05417e-08 	 	 
14.75 	 6.87319e-08 	 	 
14.775 	 6.69688e-08 	 	 
14.8 	 6.5251e-08 	 	 
14.825 	 6.35776e-08 	 	 
14.85 	 6.19472e-08 	 	 
14.875 	 6.03589e-08 	 	 
14.9 	 5.88114e-08 	 	 
14.925 	 5.73039e-08 	 	 
14.95 	 5.58351e-08 	 	 
14.975 	 5.44042e-08 	 	 
15 	 5.30101e-08 	 	 
15.025 	 5.16519e-08 	 	 
15.05 	 5.03287e-08 	 	 
15.075 	 4.90395e-08 	 	 
15.1 	 4.77835e-08 	 	 
15.125 	 4.65598e-08 	 	 
15.15 	 4.53676e-08 	 	 
15.175 	 4.4206e-08 	 	 
15.2 	 4.30744e-08 	 	 
15.225 	 4.19718e-08 	 	 
15.25 	 4.08976e-08 	 	 
15.275 	 3.9851e-08 	 	 
15.3 	 3.88313e-08 	 	 
15.325 	 3.78378e-08 	 	 
15.35 	 3.68699e-08 	 	 
15.375 	 3.59268e-08 	 	 
15.4 	 3.5008e-08 	 	 
15.425 	 3.41128e-08 	 	 
15.45 	 3.32405e-08 	 	 
15.475 	 3.23907e-08 	 	 
15.5 	 3.15627e-08 	 	 
15.525 	 3.0756e-08 	 	 
15.55 	 2.99699e-08 	 	 
15.575 	 2.92041e-08 	 	 
15.6 	 2.84579e-08 	 	 
15.625 	 2.77308e-08 	 	 
15.65 	 2.70225e-08 	 	 
15.675 	 2.63323e-08 	 	 
15.7 	 2.56598e-08 	 	 
15.725 	 2.50045e-08 	 	 
15.75 	 2.43661e-08 	 	 
15.775 	 2.3744e-08 	 	 
15.8 	 2.31379e-08 	 	 
15.825 	 2.25473e-08 	 	 
15.85 	 2.19719e-08 	 	 
15.875 	 2.14112e-08 	 	 
15.9 	 2.08649e-08 	 	 
15.925 	 2.03326e-08 	 	 
15.95 	 1.98139e-08 	 	 
15.975 	 1.93085e-08 	 	 
16 	 1.88161e-08 	 	 
16.025 	 1.83363e-08 	 	 
16.05 	 1.78687e-08 	 	 
16.075 	 1.74132e-08 	 	 
16.1 	 1.69693e-08 	 	 
16.125 	 1.65367e-08 	 	 
16.15 	 1.61153e-08 	 	 
16.175 	 1.57046e-08 	 	 
16.2 	 1.53044e-08 	 	 
16.225 	 1.49145e-08 	 	 
16.25 	 1.45346e-08 	 	 
16.275 	 1.41644e-08 	 	 
16.3 	 1.38036e-08 	 	 
16.325 	 1.34521e-08 	 	 
16.35 	 1.31095e-08 	 	 
16.375 	 1.27758e-08 	 	 
16.4 	 1.24505e-08 	 	 
16.425 	 1.21336e-08 	 	 
16.45 	 1.18247e-08 	 	 
16.475 	 1.15238e-08 	 	 
16.5 	 1.12306e-08 	 	 
16.525 	 1.09448e-08 	 	 
16.55 	 1.06664e-08 	 	 
16.575 	 1.0395e-08 	 	 
16.6 	 1.01306e-08 	 	 
16.625 	 9.87296e-09 	 	 
16.65 	 9.62188e-09 	 	 
16.675 	 9.37722e-09 	 	 
16.7 	 9.1388e-09 	 	 
16.725 	 8.90647e-09 	 	 
16.75 	 8.68007e-09 	 	 
16.775 	 8.45945e-09 	 	 
16.8 	 8.24445e-09 	 	 
16.825 	 8.03495e-09 	 	 
16.85 	 7.83078e-09 	 	 
16.875 	 7.63183e-09 	 	 
16.9 	 7.43795e-09 	 	 
16.925 	 7.24902e-09 	 	 
16.95 	 7.0649e-09 	 	 
16.975 	 6.88548e-09 	 	 
17 	 6.71063e-09 	 	 
17.025 	 6.54024e-09 	 	 
17.05 	 6.3742e-09 	 	 
17.075 	 6.21238e-09 	 	 
17.1 	 6.05469e-09 	 	 
17.125 	 5.90102e-09 	 	 
17.15 	 5.75126e-09 	 	 
17.175 	 5.60532e-09 	 	 
17.2 	 5.4631e-09 	 	 
17.225 	 5.32449e-09 	 	 
17.25 	 5.18942e-09 	 	 
17.275 	 5.05779e-09 	 	 
17.3 	 4.92951e-09 	 	 
17.325 	 4.80449e-09 	 	 
17.35 	 4.68266e-09 	 	 
17.375 	 4.56392e-09 	 	 
17.4 	 4.44821e-09 	 	 
17.425 	 4.33545e-09 	 	 
17.45 	 4.22555e-09 	 	 
17.475 	 4.11845e-09 	 	 
17.5 	 4.01407e-09 	 	 
17.525 	 3.91235e-09 	 	 
17.55 	 3.81322e-09 	 	 
17.575 	 3.7166e-09 	 	 
17.6 	 3.62244e-09 	 	 
17.625 	 3.53068e-09 	 	 
17.65 	 3.44125e-09 	 	 
17.675 	 3.35409e-09 	 	 
17.7 	 3.26915e-09 	 	 
17.725 	 3.18637e-09 	 	 
17.75 	 3.10569e-09 	 	 
17.775 	 3.02706e-09 	 	 
17.8 	 2.95043e-09 	 	 
17.825 	 2.87574e-09 	 	 
17.85 	 2.80296e-09 	 	 
17.875 	 2.73202e-09 	 	 
17.9 	 2.66288e-09 	 	 
17.925 	 2.5955e-09 	 	 
17.95 	 2.52982e-09 	 	 
17.975 	 2.46582e-09 	 	 
18 	 2.40344e-09 	 	 
18.025 	 2.34264e-09 	 	 
18.05 	 2.28339e-09 	 	 
18.075 	 2.22564e-09 	 	 
18.1 	 2.16936e-09 	 	 
18.125 	 2.1145e-09 	 	 
18.15 	 2.06104e-09 	 	 
18.175 	 2.00893e-09 	 	 
18.2 	 1.95814e-09 	 	 
18.225 	 1.90864e-09 	 	 
18.25 	 1.8604e-09 	 	 
18.275 	 1.81338e-09 	 	 
18.3 	 1.76755e-09 	 	 
18.325 	 1.72289e-09 	 	 
18.35 	 1.67935e-09 	 	 
18.375 	 1.63692e-09 	 	 
18.4 	 1.59557e-09 	 	 
18.425 	 1.55526e-09 	 	 
18.45 	 1.51597e-09 	 	 
18.475 	 1.47768e-09 	 	 
18.5 	 1.44036e-09 	 	 
18.525 	 1.40399e-09 	 	 
18.55 	 1.36853e-09 	 	 
18.575 	 1.33398e-09 	 	 
18.6 	 1.3003e-09 	 	 
18.625 	 1.26747e-09 	 	 
18.65 	 1.23547e-09 	 	 
18.675 	 1.20429e-09 	 	 
18.7 	 1.17389e-09 	 	 
18.725 	 1.14426e-09 	 	 
18.75 	 1.11539e-09 	 	 
18.775 	 1.08724e-09 	 	 
18.8 	 1.05981e-09 	 	 
18.825 	 1.03307e-09 	 	 
18.85 	 1.007e-09 	 	 
18.875 	 9.81597e-10 	 	 
18.9 	 9.56835e-10 	 	 
18.925 	 9.327e-10 	 	 
18.95 	 9.09175e-10 	 	 
18.975 	 8.86245e-10 	 	 
19 	 8.63895e-10 	 	 
19.025 	 8.4211e-10 	 	 
19.05 	 8.20876e-10 	 	 
19.075 	 8.00179e-10 	 	 
19.1 	 7.80004e-10 	 	 
19.125 	 7.6034e-10 	 	 
19.15 	 7.41173e-10 	 	 
19.175 	 7.2249e-10 	 	 
19.2 	 7.04279e-10 	 	 
19.225 	 6.86529e-10 	 	 
19.25 	 6.69226e-10 	 	 
19.275 	 6.52361e-10 	 	 
19.3 	 6.35922e-10 	 	 
19.325 	 6.19899e-10 	 	 
19.35 	 6.04279e-10 	 	 
19.375 	 5.89055e-10 	 	 
19.4 	 5.74215e-10 	 	 
19.425 	 5.59749e-10 	 	 
19.45 	 5.45649e-10 	 	 
19.475 	 5.31905e-10 	 	 
19.5 	 5.18507e-10 	 	 
19.525 	 5.05448e-10 	 	 
19.55 	 4.92719e-10 	 	 
19.575 	 4.8031e-10 	 	 
19.6 	 4.68215e-10 	 	 
19.625 	 4.56425e-10 	 	 
19.65 	 4.44933e-10 	 	 
19.675 	 4.3373e-10 	 	 
19.7 	 4.22811e-10 	 	 
19.725 	 4.12166e-10 	 	 
19.75 	 4.0179e-10 	 	 
19.775 	 3.91676e-10 	 	 
19.8 	 3.81817e-10 	 	 
19.825 	 3.72206e-10 	 	 
19.85 	 3.62838e-10 	 	 
19.875 	 3.53706e-10 	 	 
19.9 	 3.44804e-10 	 	 
19.925 	 3.36127e-10 	 	 
19.95 	 3.27668e-10 	 	 
19.975 	 3.19423e-10 	 	 
20 	 3.11385e-10 	 	 
20.025 	 3.0355e-10 	 	 
20.05 	 2.95913e-10 	 	 
20.075 	 2.88468e-10 	 	 
20.1 	 2.8121e-10 	 	 
20.125 	 2.74135e-10 	 	 
20.15 	 2.67239e-10 	 	 
20.175 	 2.60516e-10 	 	 
20.2 	 2.53963e-10 	 	 
20.225 	 2.47575e-10 	 	 
20.25 	 2.41347e-10 	 	 
20.275 	 2.35277e-10 	 	 
20.3 	 2.29359e-10 	 	 
20.325 	 2.2359e-10 	 	 
20.35 	 2.17967e-10 	 	 
20.375 	 2.12485e-10 	 	 
20.4 	 2.07141e-10 	 	 
20.425 	 2.01931e-10 	 	 
20.45 	 1.96853e-10 	 	 
20.475 	 1.91903e-10 	 	 
20.5 	 1.87077e-10 	 	 
20.525 	 1.82373e-10 	 	 
20.55 	 1.77787e-10 	 	 
20.575 	 1.73316e-10 	 	 
20.6 	 1.68958e-10 	 	 
20.625 	 1.64709e-10 	 	 
20.65 	 1.60568e-10 	 	 
20.675 	 1.5653e-10 	 	 
20.7 	 1.52594e-10 	 	 
20.725 	 1.48758e-10 	 	 
20.75 	 1.45017e-10 	 	 
20.775 	 1.41371e-10 	 	 
20.8 	 1.37816e-10 	 	 
20.825 	 1.34351e-10 	 	 
20.85 	 1.30973e-10 	 	 
20.875 	 1.2768e-10 	 	 
20.9 	 1.2447e-10 	 	 
20.925 	 1.2134e-10 	 	 
20.95 	 1.18289e-10 	 	 
20.975 	 1.15315e-10 	 	 
21 	 1.12415e-10 	 	 
21.025 	 1.09589e-10 	 	 
21.05 	 1.06833e-10 	 	 
21.075 	 1.04147e-10 	 	 
21.1 	 1.01528e-10 	 	 
21.125 	 9.8975e-11 	 	 
21.15 	 9.64861e-11 	 	 
21.175 	 9.40598e-11 	 	 
21.2 	 9.16944e-11 	 	 
21.225 	 8.93884e-11 	 	 
21.25 	 8.71404e-11 	 	 
21.275 	 8.49489e-11 	 	 
21.3 	 8.28124e-11 	 	 
21.325 	 8.07295e-11 	 	 
21.35 	 7.8699e-11 	 	 
21.375 	 7.67195e-11 	 	 
21.4 	 7.47897e-11 	 	 
21.425 	 7.29083e-11 	 	 
21.45 	 7.10742e-11 	 	 
21.475 	 6.92862e-11 	 	 
21.5 	 6.7543e-11 	 	 
21.525 	 6.58436e-11 	 	 
21.55 	 6.41869e-11 	 	 
21.575 	 6.25718e-11 	 	 
21.6 	 6.09972e-11 	 	 
21.625 	 5.94621e-11 	 	 
21.65 	 5.79656e-11 	 	 
21.675 	 5.65066e-11 	 	 
21.7 	 5.50843e-11 	 	 
21.725 	 5.36977e-11 	 	 
21.75 	 5.23458e-11 	 	 
21.775 	 5.10279e-11 	 	 
21.8 	 4.97431e-11 	 	 
21.825 	 4.84905e-11 	 	 
21.85 	 4.72693e-11 	 	 
21.875 	 4.60788e-11 	 	 
21.9 	 4.49182e-11 	 	 
21.925 	 4.37866e-11 	 	 
21.95 	 4.26835e-11 	 	 
21.975 	 4.16081e-11 	 	 
22 	 4.05596e-11 	 	 
22.025 	 3.95374e-11 	 	 
22.05 	 3.85409e-11 	 	 
22.075 	 3.75694e-11 	 	 
22.1 	 3.66223e-11 	 	 
22.125 	 3.56989e-11 	 	 
22.15 	 3.47986e-11 	 	 
22.175 	 3.3921e-11 	 	 
22.2 	 3.30654e-11 	 	 
22.225 	 3.22312e-11 	 	 
22.25 	 3.1418e-11 	 	 
22.275 	 3.06252e-11 	 	 
22.3 	 2.98522e-11 	 	 
22.325 	 2.90987e-11 	 	 
22.35 	 2.8364e-11 	 	 
22.375 	 2.76478e-11 	 	 
22.4 	 2.69495e-11 	 	 
22.425 	 2.62688e-11 	 	 
22.45 	 2.56051e-11 	 	 
22.475 	 2.49581e-11 	 	 
22.5 	 2.43273e-11 	 	 
22.525 	 2.37123e-11 	 	 
22.55 	 2.31128e-11 	 	 
22.575 	 2.25283e-11 	 	 
22.6 	 2.19584e-11 	 	 
22.625 	 2.14029e-11 	 	 
22.65 	 2.08613e-11 	 	 
22.675 	 2.03333e-11 	 	 
22.7 	 1.98185e-11 	 	 
22.725 	 1.93166e-11 	 	 
22.75 	 1.88274e-11 	 	 
22.775 	 1.83504e-11 	 	 
22.8 	 1.78854e-11 	 	 
22.825 	 1.7432e-11 	 	 
22.85 	 1.69901e-11 	 	 
22.875 	 1.65592e-11 	 	 
22.9 	 1.61391e-11 	 	 
22.925 	 1.57296e-11 	 	 
22.95 	 1.53304e-11 	 	 
22.975 	 1.49412e-11 	 	 
23 	 1.45617e-11 	 	 
23.025 	 1.41918e-11 	 	 
23.05 	 1.38312e-11 	 	 
23.075 	 1.34797e-11 	 	 
23.1 	 1.31369e-11 	 	 
23.125 	 1.28028e-11 	 	 
23.15 	 1.24771e-11 	 	 
23.175 	 1.21596e-11 	 	 
23.2 	 1.185e-11 	 	 
23.225 	 1.15482e-11 	 	 
23.25 	 1.1254e-11 	 	 
23.275 	 1.09673e-11 	 	 
23.3 	 1.06877e-11 	 	 
23.325 	 1.04151e-11 	 	 
23.35 	 1.01495e-11 	 	 
23.375 	 9.89047e-12 	 	 
23.4 	 9.638e-12 	 	 
23.425 	 9.39189e-12 	 	 
23.45 	 9.15198e-12 	 	 
23.475 	 8.91811e-12 	 	 
23.5 	 8.69013e-12 	 	 
23.525 	 8.46791e-12 	 	 
23.55 	 8.25129e-12 	 	 
23.575 	 8.04014e-12 	 	 
23.6 	 7.83431e-12 	 	 
23.625 	 7.63369e-12 	 	 
23.65 	 7.43813e-12 	 	 
23.675 	 7.24751e-12 	 	 
23.7 	 7.06172e-12 	 	 
23.725 	 6.88062e-12 	 	 
23.75 	 6.70411e-12 	 	 
23.775 	 6.53207e-12 	 	 
23.8 	 6.36438e-12 	 	 
23.825 	 6.20095e-12 	 	 
23.85 	 6.04167e-12 	 	 
23.875 	 5.88643e-12 	 	 
23.9 	 5.73513e-12 	 	 
23.925 	 5.58768e-12 	 	 
23.95 	 5.44398e-12 	 	 
23.975 	 5.30394e-12 	 	 
24 	 5.16747e-12 	 	 
24.025 	 5.03448e-12 	 	 
24.05 	 4.90488e-12 	 	 
24.075 	 4.7786e-12 	 	 
24.1 	 4.65555e-12 	 	 
24.125 	 4.53565e-12 	 	 
24.15 	 4.41882e-12 	 	 
24.175 	 4.30499e-12 	 	 
24.2 	 4.19409e-12 	 	 
24.225 	 4.08605e-12 	 	 
24.25 	 3.98078e-12 	 	 
24.275 	 3.87824e-12 	 	 
24.3 	 3.77835e-12 	 	 
24.325 	 3.68104e-12 	 	 
24.35 	 3.58625e-12 	 	 
24.375 	 3.49393e-12 	 	 
24.4 	 3.40402e-12 	 	 
24.425 	 3.31644e-12 	 	 
24.45 	 3.23116e-12 	 	 
24.475 	 3.14811e-12 	 	 
24.5 	 3.06724e-12 	 	 
24.525 	 2.9885e-12 	 	 
24.55 	 2.91183e-12 	 	 
24.575 	 2.8372e-12 	 	 
24.6 	 2.76454e-12 	 	 
24.625 	 2.69382e-12 	 	 
24.65 	 2.62498e-12 	 	 
24.675 	 2.55799e-12 	 	 
24.7 	 2.49279e-12 	 	 
24.725 	 2.42935e-12 	 	 
24.75 	 2.36763e-12 	 	 
24.775 	 2.30759e-12 	 	 
24.8 	 2.24918e-12 	 	 
24.825 	 2.19237e-12 	 	 
24.85 	 2.13713e-12 	 	 
24.875 	 2.08341e-12 	 	 
24.9 	 2.03118e-12 	 	 
24.925 	 1.98042e-12 	 	 
24.95 	 1.93108e-12 	 	 
24.975 	 1.88313e-12 	 	 
