0 	 0.0035249 	 	 
0.015 	 0.00352489 	 	 
0.03 	 0.00352489 	 	 
0.045 	 0.00352489 	 	 
0.06 	 0.00352489 	 	 
0.075 	 0.00352489 	 	 
0.09 	 0.00352489 	 	 
0.105 	 0.00352489 	 	 
0.12 	 0.00352489 	 	 
0.135 	 0.00352489 	 	 
0.15 	 0.00352489 	 	 
0.165 	 0.00352489 	 	 
0.18 	 0.00352489 	 	 
0.195 	 0.00352489 	 	 
0.21 	 0.00352489 	 	 
0.225 	 0.00352489 	 	 
0.24 	 0.00352489 	 	 
0.255 	 0.00352489 	 	 
0.27 	 0.00352489 	 	 
0.285 	 0.00352489 	 	 
0.3 	 0.00352489 	 	 
0.315 	 0.00352489 	 	 
0.33 	 0.00352489 	 	 
0.345 	 0.00352489 	 	 
0.36 	 0.00352489 	 	 
0.375 	 0.00352489 	 	 
0.39 	 0.00352489 	 	 
0.405 	 0.00352489 	 	 
0.42 	 0.00352489 	 	 
0.435 	 0.00352489 	 	 
0.45 	 0.00352489 	 	 
0.465 	 0.00352489 	 	 
0.48 	 0.00352489 	 	 
0.495 	 0.00352489 	 	 
0.51 	 0.00352489 	 	 
0.525 	 0.00352489 	 	 
0.54 	 0.00352489 	 	 
0.555 	 0.00352489 	 	 
0.57 	 0.00352489 	 	 
0.585 	 0.00352489 	 	 
0.6 	 0.00352489 	 	 
0.615 	 0.00352489 	 	 
0.63 	 0.00352489 	 	 
0.645 	 0.00352489 	 	 
0.66 	 0.00352489 	 	 
0.675 	 0.00352489 	 	 
0.69 	 0.00352489 	 	 
0.705 	 0.00352489 	 	 
0.72 	 0.00352489 	 	 
0.735 	 0.00352489 	 	 
0.75 	 0.00352489 	 	 
0.765 	 0.00352489 	 	 
0.78 	 0.00352489 	 	 
0.795 	 0.00352488 	 	 
0.81 	 0.00352488 	 	 
0.825 	 0.00352488 	 	 
0.84 	 0.00352488 	 	 
0.855 	 0.00352488 	 	 
0.87 	 0.00352488 	 	 
0.885 	 0.00352488 	 	 
0.9 	 0.00352488 	 	 
0.915 	 0.00352488 	 	 
0.93 	 0.00352488 	 	 
0.945 	 0.00352488 	 	 
0.96 	 0.00352488 	 	 
0.975 	 0.00352488 	 	 
0.99 	 0.00352488 	 	 
1.005 	 0.00352488 	 	 
1.02 	 0.00352488 	 	 
1.035 	 0.00352488 	 	 
1.05 	 0.00352488 	 	 
1.065 	 0.00352488 	 	 
1.08 	 0.00352488 	 	 
1.095 	 0.00352488 	 	 
1.11 	 0.00352488 	 	 
1.125 	 0.00352488 	 	 
1.14 	 0.00352488 	 	 
1.155 	 0.00352488 	 	 
1.17 	 0.00352488 	 	 
1.185 	 0.00352488 	 	 
1.2 	 0.00352488 	 	 
1.215 	 0.00352488 	 	 
1.23 	 0.00352487 	 	 
1.245 	 0.00352487 	 	 
1.26 	 0.00352487 	 	 
1.275 	 0.00352487 	 	 
1.29 	 0.00352487 	 	 
1.305 	 0.00352487 	 	 
1.32 	 0.00352487 	 	 
1.335 	 0.00352487 	 	 
1.35 	 0.00352487 	 	 
1.365 	 0.00352487 	 	 
1.38 	 0.00352487 	 	 
1.395 	 0.00352487 	 	 
1.41 	 0.00352487 	 	 
1.425 	 0.00352487 	 	 
1.44 	 0.00352487 	 	 
1.455 	 0.00352487 	 	 
1.47 	 0.00352487 	 	 
1.485 	 0.00352487 	 	 
1.5 	 0.00352487 	 	 
1.515 	 0.00352487 	 	 
1.53 	 0.00352486 	 	 
1.545 	 0.00352486 	 	 
1.56 	 0.00352486 	 	 
1.575 	 0.00352486 	 	 
1.59 	 0.00352486 	 	 
1.605 	 0.00352486 	 	 
1.62 	 0.00352486 	 	 
1.635 	 0.00352486 	 	 
1.65 	 0.00352486 	 	 
1.665 	 0.00352486 	 	 
1.68 	 0.00352486 	 	 
1.695 	 0.00352486 	 	 
1.71 	 0.00352486 	 	 
1.725 	 0.00352486 	 	 
1.74 	 0.00352486 	 	 
1.755 	 0.00352486 	 	 
1.77 	 0.00352485 	 	 
1.785 	 0.00352485 	 	 
1.8 	 0.00352485 	 	 
1.815 	 0.00352485 	 	 
1.83 	 0.00352485 	 	 
1.845 	 0.00352485 	 	 
1.86 	 0.00352485 	 	 
1.875 	 0.00352485 	 	 
1.89 	 0.00352485 	 	 
1.905 	 0.00352485 	 	 
1.92 	 0.00352485 	 	 
1.935 	 0.00352485 	 	 
1.95 	 0.00352484 	 	 
1.965 	 0.00352484 	 	 
1.98 	 0.00352484 	 	 
1.995 	 0.00352484 	 	 
2.01 	 0.00352484 	 	 
2.025 	 0.00352484 	 	 
2.04 	 0.00352484 	 	 
2.055 	 0.00352484 	 	 
2.07 	 0.00352484 	 	 
2.085 	 0.00352484 	 	 
2.1 	 0.00352484 	 	 
2.115 	 0.00352483 	 	 
2.13 	 0.00352483 	 	 
2.145 	 0.00352483 	 	 
2.16 	 0.00352483 	 	 
2.175 	 0.00352483 	 	 
2.19 	 0.00352483 	 	 
2.205 	 0.00352483 	 	 
2.22 	 0.00352483 	 	 
2.235 	 0.00352483 	 	 
2.25 	 0.00352482 	 	 
2.265 	 0.00352482 	 	 
2.28 	 0.00352482 	 	 
2.295 	 0.00352482 	 	 
2.31 	 0.00352482 	 	 
2.325 	 0.00352482 	 	 
2.34 	 0.00352482 	 	 
2.355 	 0.00352482 	 	 
2.37 	 0.00352481 	 	 
2.385 	 0.00352481 	 	 
2.4 	 0.00352481 	 	 
2.415 	 0.00352481 	 	 
2.43 	 0.00352481 	 	 
2.445 	 0.00352481 	 	 
2.46 	 0.00352481 	 	 
2.475 	 0.0035248 	 	 
2.49 	 0.0035248 	 	 
2.505 	 0.0035248 	 	 
2.52 	 0.0035248 	 	 
2.535 	 0.0035248 	 	 
2.55 	 0.0035248 	 	 
2.565 	 0.0035248 	 	 
2.58 	 0.00352479 	 	 
2.595 	 0.00352479 	 	 
2.61 	 0.00352479 	 	 
2.625 	 0.00352479 	 	 
2.64 	 0.00352479 	 	 
2.655 	 0.00352479 	 	 
2.67 	 0.00352478 	 	 
2.685 	 0.00352478 	 	 
2.7 	 0.00352478 	 	 
2.715 	 0.00352478 	 	 
2.73 	 0.00352478 	 	 
2.745 	 0.00352477 	 	 
2.76 	 0.00352477 	 	 
2.775 	 0.00352477 	 	 
2.79 	 0.00352477 	 	 
2.805 	 0.00352477 	 	 
2.82 	 0.00352476 	 	 
2.835 	 0.00352476 	 	 
2.85 	 0.00352476 	 	 
2.865 	 0.00352476 	 	 
2.88 	 0.00352476 	 	 
2.895 	 0.00352475 	 	 
2.91 	 0.00352475 	 	 
2.925 	 0.00352475 	 	 
2.94 	 0.00352475 	 	 
2.955 	 0.00352474 	 	 
2.97 	 0.00352474 	 	 
2.985 	 0.00352474 	 	 
3 	 0.00352474 	 	 
3.015 	 0.00352473 	 	 
3.03 	 0.00352473 	 	 
3.045 	 0.00352473 	 	 
3.06 	 0.00352473 	 	 
3.075 	 0.00352472 	 	 
3.09 	 0.00352472 	 	 
3.105 	 0.00352472 	 	 
3.12 	 0.00352472 	 	 
3.135 	 0.00352471 	 	 
3.15 	 0.00352471 	 	 
3.165 	 0.00352471 	 	 
3.18 	 0.0035247 	 	 
3.195 	 0.0035247 	 	 
3.21 	 0.0035247 	 	 
3.225 	 0.00352469 	 	 
3.24 	 0.00352469 	 	 
3.255 	 0.00352469 	 	 
3.27 	 0.00352468 	 	 
3.285 	 0.00352468 	 	 
3.3 	 0.00352468 	 	 
3.315 	 0.00352467 	 	 
3.33 	 0.00352467 	 	 
3.345 	 0.00352467 	 	 
3.36 	 0.00352466 	 	 
3.375 	 0.00352466 	 	 
3.39 	 0.00352466 	 	 
3.405 	 0.00352465 	 	 
3.42 	 0.00352465 	 	 
3.435 	 0.00352465 	 	 
3.45 	 0.00352464 	 	 
3.465 	 0.00352464 	 	 
3.48 	 0.00352463 	 	 
3.495 	 0.00352463 	 	 
3.51 	 0.00352463 	 	 
3.525 	 0.00352462 	 	 
3.54 	 0.00352462 	 	 
3.555 	 0.00352461 	 	 
3.57 	 0.00352461 	 	 
3.585 	 0.0035246 	 	 
3.6 	 0.0035246 	 	 
3.615 	 0.00352459 	 	 
3.63 	 0.00352459 	 	 
3.645 	 0.00352459 	 	 
3.66 	 0.00352458 	 	 
3.675 	 0.00352458 	 	 
3.69 	 0.00352457 	 	 
3.705 	 0.00352457 	 	 
3.72 	 0.00352456 	 	 
3.735 	 0.00352456 	 	 
3.75 	 0.00352455 	 	 
3.765 	 0.00352454 	 	 
3.78 	 0.00352454 	 	 
3.795 	 0.00352453 	 	 
3.81 	 0.00352453 	 	 
3.825 	 0.00352452 	 	 
3.84 	 0.00352452 	 	 
3.855 	 0.00352451 	 	 
3.87 	 0.00352451 	 	 
3.885 	 0.0035245 	 	 
3.9 	 0.00352449 	 	 
3.915 	 0.00352449 	 	 
3.93 	 0.00352448 	 	 
3.945 	 0.00352447 	 	 
3.96 	 0.00352447 	 	 
3.975 	 0.00352446 	 	 
3.99 	 0.00352445 	 	 
4.005 	 0.00352445 	 	 
4.02 	 0.00352444 	 	 
4.035 	 0.00352443 	 	 
4.05 	 0.00352443 	 	 
4.065 	 0.00352442 	 	 
4.08 	 0.00352441 	 	 
4.095 	 0.0035244 	 	 
4.11 	 0.0035244 	 	 
4.125 	 0.00352439 	 	 
4.14 	 0.00352438 	 	 
4.155 	 0.00352437 	 	 
4.17 	 0.00352437 	 	 
4.185 	 0.00352436 	 	 
4.2 	 0.00352435 	 	 
4.215 	 0.00352434 	 	 
4.23 	 0.00352433 	 	 
4.245 	 0.00352432 	 	 
4.26 	 0.00352432 	 	 
4.275 	 0.00352431 	 	 
4.29 	 0.0035243 	 	 
4.305 	 0.00352429 	 	 
4.32 	 0.00352428 	 	 
4.335 	 0.00352427 	 	 
4.35 	 0.00352426 	 	 
4.365 	 0.00352425 	 	 
4.38 	 0.00352424 	 	 
4.395 	 0.00352423 	 	 
4.41 	 0.00352422 	 	 
4.425 	 0.00352421 	 	 
4.44 	 0.0035242 	 	 
4.455 	 0.00352419 	 	 
4.47 	 0.00352418 	 	 
4.485 	 0.00352417 	 	 
4.5 	 0.00352416 	 	 
4.515 	 0.00352414 	 	 
4.53 	 0.00352413 	 	 
4.545 	 0.00352412 	 	 
4.56 	 0.00352411 	 	 
4.575 	 0.0035241 	 	 
4.59 	 0.00352409 	 	 
4.605 	 0.00352407 	 	 
4.62 	 0.00352406 	 	 
4.635 	 0.00352405 	 	 
4.65 	 0.00352403 	 	 
4.665 	 0.00352402 	 	 
4.68 	 0.00352401 	 	 
4.695 	 0.00352399 	 	 
4.71 	 0.00352398 	 	 
4.725 	 0.00352397 	 	 
4.74 	 0.00352395 	 	 
4.755 	 0.00352394 	 	 
4.77 	 0.00352392 	 	 
4.785 	 0.00352391 	 	 
4.8 	 0.00352389 	 	 
4.815 	 0.00352388 	 	 
4.83 	 0.00352386 	 	 
4.845 	 0.00352385 	 	 
4.86 	 0.00352383 	 	 
4.875 	 0.00352382 	 	 
4.89 	 0.0035238 	 	 
4.905 	 0.00352378 	 	 
4.92 	 0.00352377 	 	 
4.935 	 0.00352375 	 	 
4.95 	 0.00352373 	 	 
4.965 	 0.00352371 	 	 
4.98 	 0.0035237 	 	 
4.995 	 0.00352368 	 	 
5.01 	 0.00352366 	 	 
5.025 	 0.00352364 	 	 
5.04 	 0.00352362 	 	 
5.055 	 0.0035236 	 	 
5.07 	 0.00352358 	 	 
5.085 	 0.00352356 	 	 
5.1 	 0.00352354 	 	 
5.115 	 0.00352352 	 	 
5.13 	 0.0035235 	 	 
5.145 	 0.00352348 	 	 
5.16 	 0.00352346 	 	 
5.175 	 0.00352344 	 	 
5.19 	 0.00352341 	 	 
5.205 	 0.00352339 	 	 
5.22 	 0.00352337 	 	 
5.235 	 0.00352334 	 	 
5.25 	 0.00352332 	 	 
5.265 	 0.0035233 	 	 
5.28 	 0.00352327 	 	 
5.295 	 0.00352325 	 	 
5.31 	 0.00352322 	 	 
5.325 	 0.0035232 	 	 
5.34 	 0.00352317 	 	 
5.355 	 0.00352315 	 	 
5.37 	 0.00352312 	 	 
5.385 	 0.00352309 	 	 
5.4 	 0.00352307 	 	 
5.415 	 0.00352304 	 	 
5.43 	 0.00352301 	 	 
5.445 	 0.00352298 	 	 
5.46 	 0.00352295 	 	 
5.475 	 0.00352292 	 	 
5.49 	 0.00352289 	 	 
5.505 	 0.00352286 	 	 
5.52 	 0.00352283 	 	 
5.535 	 0.0035228 	 	 
5.55 	 0.00352277 	 	 
5.565 	 0.00352274 	 	 
5.58 	 0.0035227 	 	 
5.595 	 0.00352267 	 	 
5.61 	 0.00352264 	 	 
5.625 	 0.0035226 	 	 
5.64 	 0.00352257 	 	 
5.655 	 0.00352253 	 	 
5.67 	 0.0035225 	 	 
5.685 	 0.00352246 	 	 
5.7 	 0.00352242 	 	 
5.715 	 0.00352239 	 	 
5.73 	 0.00352235 	 	 
5.745 	 0.00352231 	 	 
5.76 	 0.00352227 	 	 
5.775 	 0.00352223 	 	 
5.79 	 0.00352219 	 	 
5.805 	 0.00352215 	 	 
5.82 	 0.00352211 	 	 
5.835 	 0.00352206 	 	 
5.85 	 0.00352202 	 	 
5.865 	 0.00352198 	 	 
5.88 	 0.00352193 	 	 
5.895 	 0.00352189 	 	 
5.91 	 0.00352184 	 	 
5.925 	 0.0035218 	 	 
5.94 	 0.00352175 	 	 
5.955 	 0.0035217 	 	 
5.97 	 0.00352165 	 	 
5.985 	 0.00352161 	 	 
6 	 0.00352156 	 	 
6.015 	 0.00352151 	 	 
6.03 	 0.00352145 	 	 
6.045 	 0.0035214 	 	 
6.06 	 0.00352135 	 	 
6.075 	 0.0035213 	 	 
6.09 	 0.00352124 	 	 
6.105 	 0.00352119 	 	 
6.12 	 0.00352113 	 	 
6.135 	 0.00352107 	 	 
6.15 	 0.00352101 	 	 
6.165 	 0.00352096 	 	 
6.18 	 0.0035209 	 	 
6.195 	 0.00352084 	 	 
6.21 	 0.00352077 	 	 
6.225 	 0.00352071 	 	 
6.24 	 0.00352065 	 	 
6.255 	 0.00352058 	 	 
6.27 	 0.00352052 	 	 
6.285 	 0.00352045 	 	 
6.3 	 0.00352039 	 	 
6.315 	 0.00352032 	 	 
6.33 	 0.00352025 	 	 
6.345 	 0.00352018 	 	 
6.36 	 0.00352011 	 	 
6.375 	 0.00352003 	 	 
6.39 	 0.00351996 	 	 
6.405 	 0.00351989 	 	 
6.42 	 0.00351981 	 	 
6.435 	 0.00351973 	 	 
6.45 	 0.00351966 	 	 
6.465 	 0.00351958 	 	 
6.48 	 0.0035195 	 	 
6.495 	 0.00351942 	 	 
6.51 	 0.00351933 	 	 
6.525 	 0.00351925 	 	 
6.54 	 0.00351916 	 	 
6.555 	 0.00351908 	 	 
6.57 	 0.00351899 	 	 
6.585 	 0.0035189 	 	 
6.6 	 0.00351881 	 	 
6.615 	 0.00351872 	 	 
6.63 	 0.00351862 	 	 
6.645 	 0.00351853 	 	 
6.66 	 0.00351843 	 	 
6.675 	 0.00351833 	 	 
6.69 	 0.00351824 	 	 
6.705 	 0.00351814 	 	 
6.72 	 0.00351803 	 	 
6.735 	 0.00351793 	 	 
6.75 	 0.00351782 	 	 
6.765 	 0.00351772 	 	 
6.78 	 0.00351761 	 	 
6.795 	 0.0035175 	 	 
6.81 	 0.00351739 	 	 
6.825 	 0.00351727 	 	 
6.84 	 0.00351716 	 	 
6.855 	 0.00351704 	 	 
6.87 	 0.00351692 	 	 
6.885 	 0.0035168 	 	 
6.9 	 0.00351668 	 	 
6.915 	 0.00351656 	 	 
6.93 	 0.00351643 	 	 
6.945 	 0.0035163 	 	 
6.96 	 0.00351617 	 	 
6.975 	 0.00351604 	 	 
6.99 	 0.00351591 	 	 
7.005 	 0.00351577 	 	 
7.02 	 0.00351564 	 	 
7.035 	 0.0035155 	 	 
7.05 	 0.00351535 	 	 
7.065 	 0.00351521 	 	 
7.08 	 0.00351506 	 	 
7.095 	 0.00351492 	 	 
7.11 	 0.00351477 	 	 
7.125 	 0.00351461 	 	 
7.14 	 0.00351446 	 	 
7.155 	 0.0035143 	 	 
7.17 	 0.00351414 	 	 
7.185 	 0.00351398 	 	 
7.2 	 0.00351381 	 	 
7.215 	 0.00351365 	 	 
7.23 	 0.00351348 	 	 
7.245 	 0.0035133 	 	 
7.26 	 0.00351313 	 	 
7.275 	 0.00351295 	 	 
7.29 	 0.00351277 	 	 
7.305 	 0.00351259 	 	 
7.32 	 0.0035124 	 	 
7.335 	 0.00351222 	 	 
7.35 	 0.00351203 	 	 
7.365 	 0.00351183 	 	 
7.38 	 0.00351163 	 	 
7.395 	 0.00351144 	 	 
7.41 	 0.00351123 	 	 
7.425 	 0.00351103 	 	 
7.44 	 0.00351082 	 	 
7.455 	 0.00351061 	 	 
7.47 	 0.00351039 	 	 
7.485 	 0.00351017 	 	 
7.5 	 0.00350995 	 	 
7.515 	 0.00350973 	 	 
7.53 	 0.0035095 	 	 
7.545 	 0.00350927 	 	 
7.56 	 0.00350903 	 	 
7.575 	 0.00350879 	 	 
7.59 	 0.00350855 	 	 
7.605 	 0.0035083 	 	 
7.62 	 0.00350805 	 	 
7.635 	 0.0035078 	 	 
7.65 	 0.00350754 	 	 
7.665 	 0.00350728 	 	 
7.68 	 0.00350702 	 	 
7.695 	 0.00350675 	 	 
7.71 	 0.00350647 	 	 
7.725 	 0.0035062 	 	 
7.74 	 0.00350592 	 	 
7.755 	 0.00350563 	 	 
7.77 	 0.00350534 	 	 
7.785 	 0.00350505 	 	 
7.8 	 0.00350475 	 	 
7.815 	 0.00350445 	 	 
7.83 	 0.00350414 	 	 
7.845 	 0.00350383 	 	 
7.86 	 0.00350351 	 	 
7.875 	 0.00350319 	 	 
7.89 	 0.00350286 	 	 
7.905 	 0.00350253 	 	 
7.92 	 0.0035022 	 	 
7.935 	 0.00350185 	 	 
7.95 	 0.00350151 	 	 
7.965 	 0.00350116 	 	 
7.98 	 0.0035008 	 	 
7.995 	 0.00350044 	 	 
8.01 	 0.00350007 	 	 
8.025 	 0.0034997 	 	 
8.04 	 0.00349932 	 	 
8.055 	 0.00349894 	 	 
8.07 	 0.00349855 	 	 
8.085 	 0.00349815 	 	 
8.1 	 0.00349775 	 	 
8.115 	 0.00349734 	 	 
8.13 	 0.00349693 	 	 
8.145 	 0.00349651 	 	 
8.16 	 0.00349609 	 	 
8.175 	 0.00349565 	 	 
8.19 	 0.00349522 	 	 
8.205 	 0.00349477 	 	 
8.22 	 0.00349432 	 	 
8.235 	 0.00349386 	 	 
8.25 	 0.0034934 	 	 
8.265 	 0.00349293 	 	 
8.28 	 0.00349245 	 	 
8.295 	 0.00349196 	 	 
8.31 	 0.00349147 	 	 
8.325 	 0.00349097 	 	 
8.34 	 0.00349046 	 	 
8.355 	 0.00348994 	 	 
8.37 	 0.00348942 	 	 
8.385 	 0.00348889 	 	 
8.4 	 0.00348835 	 	 
8.415 	 0.0034878 	 	 
8.43 	 0.00348725 	 	 
8.445 	 0.00348669 	 	 
8.46 	 0.00348612 	 	 
8.475 	 0.00348554 	 	 
8.49 	 0.00348495 	 	 
8.505 	 0.00348435 	 	 
8.52 	 0.00348375 	 	 
8.535 	 0.00348313 	 	 
8.55 	 0.00348251 	 	 
8.565 	 0.00348187 	 	 
8.58 	 0.00348123 	 	 
8.595 	 0.00348058 	 	 
8.61 	 0.00347992 	 	 
8.625 	 0.00347925 	 	 
8.64 	 0.00347857 	 	 
8.655 	 0.00347788 	 	 
8.67 	 0.00347717 	 	 
8.685 	 0.00347646 	 	 
8.7 	 0.00347574 	 	 
8.715 	 0.00347501 	 	 
8.73 	 0.00347427 	 	 
8.745 	 0.00347351 	 	 
8.76 	 0.00347275 	 	 
8.775 	 0.00347197 	 	 
8.79 	 0.00347118 	 	 
8.805 	 0.00347038 	 	 
8.82 	 0.00346957 	 	 
8.835 	 0.00346875 	 	 
8.85 	 0.00346791 	 	 
8.865 	 0.00346707 	 	 
8.88 	 0.00346621 	 	 
8.895 	 0.00346534 	 	 
8.91 	 0.00346445 	 	 
8.925 	 0.00346355 	 	 
8.94 	 0.00346264 	 	 
8.955 	 0.00346172 	 	 
8.97 	 0.00346078 	 	 
8.985 	 0.00345983 	 	 
9 	 0.00345886 	 	 
9.015 	 0.00345789 	 	 
9.03 	 0.00345689 	 	 
9.045 	 0.00345588 	 	 
9.06 	 0.00345486 	 	 
9.075 	 0.00345382 	 	 
9.09 	 0.00345277 	 	 
9.105 	 0.0034517 	 	 
9.12 	 0.00345062 	 	 
9.135 	 0.00344952 	 	 
9.15 	 0.00344841 	 	 
9.165 	 0.00344728 	 	 
9.18 	 0.00344613 	 	 
9.195 	 0.00344497 	 	 
9.21 	 0.00344379 	 	 
9.225 	 0.00344259 	 	 
9.24 	 0.00344138 	 	 
9.255 	 0.00344014 	 	 
9.27 	 0.00343889 	 	 
9.285 	 0.00343763 	 	 
9.3 	 0.00343634 	 	 
9.315 	 0.00343504 	 	 
9.33 	 0.00343371 	 	 
9.345 	 0.00343237 	 	 
9.36 	 0.00343101 	 	 
9.375 	 0.00342963 	 	 
9.39 	 0.00342823 	 	 
9.405 	 0.00342681 	 	 
9.42 	 0.00342537 	 	 
9.435 	 0.00342391 	 	 
9.45 	 0.00342242 	 	 
9.465 	 0.00342092 	 	 
9.48 	 0.0034194 	 	 
9.495 	 0.00341785 	 	 
9.51 	 0.00341628 	 	 
9.525 	 0.00341469 	 	 
9.54 	 0.00341308 	 	 
9.555 	 0.00341144 	 	 
9.57 	 0.00340979 	 	 
9.585 	 0.0034081 	 	 
9.6 	 0.0034064 	 	 
9.615 	 0.00340467 	 	 
9.63 	 0.00340291 	 	 
9.645 	 0.00340113 	 	 
9.66 	 0.00339933 	 	 
9.675 	 0.0033975 	 	 
9.69 	 0.00339565 	 	 
9.705 	 0.00339377 	 	 
9.72 	 0.00339186 	 	 
9.735 	 0.00338992 	 	 
9.75 	 0.00338796 	 	 
9.765 	 0.00338598 	 	 
9.78 	 0.00338396 	 	 
9.795 	 0.00338192 	 	 
9.81 	 0.00337984 	 	 
9.825 	 0.00337774 	 	 
9.84 	 0.00337561 	 	 
9.855 	 0.00337345 	 	 
9.87 	 0.00337127 	 	 
9.885 	 0.00336905 	 	 
9.9 	 0.0033668 	 	 
9.915 	 0.00336452 	 	 
9.93 	 0.0033622 	 	 
9.945 	 0.00335986 	 	 
9.96 	 0.00335748 	 	 
9.975 	 0.00335508 	 	 
9.99 	 0.00335263 	 	 
10.005 	 0.00335016 	 	 
10.02 	 0.00334765 	 	 
10.035 	 0.00334511 	 	 
10.05 	 0.00334253 	 	 
10.065 	 0.00333992 	 	 
10.08 	 0.00333728 	 	 
10.095 	 0.00333459 	 	 
10.11 	 0.00333187 	 	 
10.125 	 0.00332912 	 	 
10.14 	 0.00332633 	 	 
10.155 	 0.0033235 	 	 
10.17 	 0.00332063 	 	 
10.185 	 0.00331772 	 	 
10.2 	 0.00331478 	 	 
10.215 	 0.0033118 	 	 
10.23 	 0.00330877 	 	 
10.245 	 0.00330571 	 	 
10.26 	 0.00330261 	 	 
10.275 	 0.00329946 	 	 
10.29 	 0.00329627 	 	 
10.305 	 0.00329305 	 	 
10.32 	 0.00328978 	 	 
10.335 	 0.00328646 	 	 
10.35 	 0.00328311 	 	 
10.365 	 0.00327971 	 	 
10.38 	 0.00327626 	 	 
10.395 	 0.00327277 	 	 
10.41 	 0.00326924 	 	 
10.425 	 0.00326566 	 	 
10.44 	 0.00326203 	 	 
10.455 	 0.00325836 	 	 
10.47 	 0.00325464 	 	 
10.485 	 0.00325087 	 	 
10.5 	 0.00324706 	 	 
10.515 	 0.0032432 	 	 
10.53 	 0.00323928 	 	 
10.545 	 0.00323532 	 	 
10.56 	 0.00323131 	 	 
10.575 	 0.00322725 	 	 
10.59 	 0.00322313 	 	 
10.605 	 0.00321897 	 	 
10.62 	 0.00321475 	 	 
10.635 	 0.00321048 	 	 
10.65 	 0.00320616 	 	 
10.665 	 0.00320179 	 	 
10.68 	 0.00319736 	 	 
10.695 	 0.00319287 	 	 
10.71 	 0.00318833 	 	 
10.725 	 0.00318374 	 	 
10.74 	 0.00317909 	 	 
10.755 	 0.00317438 	 	 
10.77 	 0.00316962 	 	 
10.785 	 0.0031648 	 	 
10.8 	 0.00315992 	 	 
10.815 	 0.00315498 	 	 
10.83 	 0.00314999 	 	 
10.845 	 0.00314493 	 	 
10.86 	 0.00313982 	 	 
10.875 	 0.00313464 	 	 
10.89 	 0.0031294 	 	 
10.905 	 0.00312411 	 	 
10.92 	 0.00311875 	 	 
10.935 	 0.00311332 	 	 
10.95 	 0.00310784 	 	 
10.965 	 0.00310229 	 	 
10.98 	 0.00309668 	 	 
10.995 	 0.00309101 	 	 
11.01 	 0.00308527 	 	 
11.025 	 0.00307946 	 	 
11.04 	 0.00307359 	 	 
11.055 	 0.00306766 	 	 
11.07 	 0.00306165 	 	 
11.085 	 0.00305559 	 	 
11.1 	 0.00304945 	 	 
11.115 	 0.00304325 	 	 
11.13 	 0.00303697 	 	 
11.145 	 0.00303063 	 	 
11.16 	 0.00302423 	 	 
11.175 	 0.00301775 	 	 
11.19 	 0.0030112 	 	 
11.205 	 0.00300458 	 	 
11.22 	 0.00299789 	 	 
11.235 	 0.00299114 	 	 
11.25 	 0.00298431 	 	 
11.265 	 0.0029774 	 	 
11.28 	 0.00297043 	 	 
11.295 	 0.00296339 	 	 
11.31 	 0.00295627 	 	 
11.325 	 0.00294908 	 	 
11.34 	 0.00294182 	 	 
11.355 	 0.00293448 	 	 
11.37 	 0.00292707 	 	 
11.385 	 0.00291959 	 	 
11.4 	 0.00291203 	 	 
11.415 	 0.0029044 	 	 
11.43 	 0.00289669 	 	 
11.445 	 0.00288891 	 	 
11.46 	 0.00288105 	 	 
11.475 	 0.00287312 	 	 
11.49 	 0.00286512 	 	 
11.505 	 0.00285703 	 	 
11.52 	 0.00284888 	 	 
11.535 	 0.00284064 	 	 
11.55 	 0.00283233 	 	 
11.565 	 0.00282395 	 	 
11.58 	 0.00281549 	 	 
11.595 	 0.00280695 	 	 
11.61 	 0.00279833 	 	 
11.625 	 0.00278964 	 	 
11.64 	 0.00278088 	 	 
11.655 	 0.00277204 	 	 
11.67 	 0.00276312 	 	 
11.685 	 0.00275412 	 	 
11.7 	 0.00274505 	 	 
11.715 	 0.0027359 	 	 
11.73 	 0.00272668 	 	 
11.745 	 0.00271738 	 	 
11.76 	 0.002708 	 	 
11.775 	 0.00269855 	 	 
11.79 	 0.00268902 	 	 
11.805 	 0.00267942 	 	 
11.82 	 0.00266974 	 	 
11.835 	 0.00265999 	 	 
11.85 	 0.00265016 	 	 
11.865 	 0.00264026 	 	 
11.88 	 0.00263028 	 	 
11.895 	 0.00262023 	 	 
11.91 	 0.00261011 	 	 
11.925 	 0.00259991 	 	 
11.94 	 0.00258964 	 	 
11.955 	 0.0025793 	 	 
11.97 	 0.00256888 	 	 
11.985 	 0.0025584 	 	 
12 	 0.00254784 	 	 
12.015 	 0.00253721 	 	 
12.03 	 0.00252651 	 	 
12.045 	 0.00251574 	 	 
12.06 	 0.0025049 	 	 
12.075 	 0.002494 	 	 
12.09 	 0.00248302 	 	 
12.105 	 0.00247198 	 	 
12.12 	 0.00246087 	 	 
12.135 	 0.00244969 	 	 
12.15 	 0.00243845 	 	 
12.165 	 0.00242715 	 	 
12.18 	 0.00241578 	 	 
12.195 	 0.00240434 	 	 
12.21 	 0.00239285 	 	 
12.225 	 0.00238129 	 	 
12.24 	 0.00236967 	 	 
12.255 	 0.00235799 	 	 
12.27 	 0.00234625 	 	 
12.285 	 0.00233445 	 	 
12.3 	 0.0023226 	 	 
12.315 	 0.00231069 	 	 
12.33 	 0.00229872 	 	 
12.345 	 0.0022867 	 	 
12.36 	 0.00227462 	 	 
12.375 	 0.0022625 	 	 
12.39 	 0.00225032 	 	 
12.405 	 0.00223808 	 	 
12.42 	 0.0022258 	 	 
12.435 	 0.00221348 	 	 
12.45 	 0.0022011 	 	 
12.465 	 0.00218868 	 	 
12.48 	 0.00217621 	 	 
12.495 	 0.0021637 	 	 
12.51 	 0.00215114 	 	 
12.525 	 0.00213855 	 	 
12.54 	 0.00212591 	 	 
12.555 	 0.00211323 	 	 
12.57 	 0.00210052 	 	 
12.585 	 0.00208777 	 	 
12.6 	 0.00207499 	 	 
12.615 	 0.00206217 	 	 
12.63 	 0.00204931 	 	 
12.645 	 0.00203643 	 	 
12.66 	 0.00202352 	 	 
12.675 	 0.00201057 	 	 
12.69 	 0.0019976 	 	 
12.705 	 0.00198461 	 	 
12.72 	 0.00197159 	 	 
12.735 	 0.00195854 	 	 
12.75 	 0.00194548 	 	 
12.765 	 0.00193239 	 	 
12.78 	 0.00191929 	 	 
12.795 	 0.00190617 	 	 
12.81 	 0.00189303 	 	 
12.825 	 0.00187987 	 	 
12.84 	 0.00186671 	 	 
12.855 	 0.00185353 	 	 
12.87 	 0.00184034 	 	 
12.885 	 0.00182715 	 	 
12.9 	 0.00181394 	 	 
12.915 	 0.00180073 	 	 
12.93 	 0.00178752 	 	 
12.945 	 0.0017743 	 	 
12.96 	 0.00176108 	 	 
12.975 	 0.00174787 	 	 
12.99 	 0.00173465 	 	 
13.005 	 0.00172144 	 	 
13.02 	 0.00170823 	 	 
13.035 	 0.00169502 	 	 
13.05 	 0.00168183 	 	 
13.065 	 0.00166864 	 	 
13.08 	 0.00165547 	 	 
13.095 	 0.0016423 	 	 
13.11 	 0.00162915 	 	 
13.125 	 0.00161602 	 	 
13.14 	 0.0016029 	 	 
13.155 	 0.0015898 	 	 
13.17 	 0.00157672 	 	 
13.185 	 0.00156366 	 	 
13.2 	 0.00155062 	 	 
13.215 	 0.0015376 	 	 
13.23 	 0.00152461 	 	 
13.245 	 0.00151165 	 	 
13.26 	 0.00149871 	 	 
13.275 	 0.0014858 	 	 
13.29 	 0.00147293 	 	 
13.305 	 0.00146008 	 	 
13.32 	 0.00144727 	 	 
13.335 	 0.00143449 	 	 
13.35 	 0.00142175 	 	 
13.365 	 0.00140904 	 	 
13.38 	 0.00139637 	 	 
13.395 	 0.00138375 	 	 
13.41 	 0.00137116 	 	 
13.425 	 0.00135861 	 	 
13.44 	 0.00134611 	 	 
13.455 	 0.00133365 	 	 
13.47 	 0.00132124 	 	 
13.485 	 0.00130887 	 	 
13.5 	 0.00129655 	 	 
13.515 	 0.00128428 	 	 
13.53 	 0.00127206 	 	 
13.545 	 0.00125989 	 	 
13.56 	 0.00124778 	 	 
13.575 	 0.00123571 	 	 
13.59 	 0.0012237 	 	 
13.605 	 0.00121174 	 	 
13.62 	 0.00119984 	 	 
13.635 	 0.001188 	 	 
13.65 	 0.00117622 	 	 
13.665 	 0.00116449 	 	 
13.68 	 0.00115282 	 	 
13.695 	 0.00114122 	 	 
13.71 	 0.00112967 	 	 
13.725 	 0.00111819 	 	 
13.74 	 0.00110677 	 	 
13.755 	 0.00109541 	 	 
13.77 	 0.00108412 	 	 
13.785 	 0.00107289 	 	 
13.8 	 0.00106173 	 	 
13.815 	 0.00105063 	 	 
13.83 	 0.0010396 	 	 
13.845 	 0.00102864 	 	 
13.86 	 0.00101775 	 	 
13.875 	 0.00100693 	 	 
13.89 	 0.000996172 	 	 
13.905 	 0.000985488 	 	 
13.92 	 0.000974873 	 	 
13.935 	 0.00096433 	 	 
13.95 	 0.000953858 	 	 
13.965 	 0.000943458 	 	 
13.98 	 0.00093313 	 	 
13.995 	 0.000922875 	 	 
14.01 	 0.000912693 	 	 
14.025 	 0.000902584 	 	 
14.04 	 0.000892549 	 	 
14.055 	 0.000882588 	 	 
14.07 	 0.000872701 	 	 
14.085 	 0.000862889 	 	 
14.1 	 0.000853151 	 	 
14.115 	 0.000843489 	 	 
14.13 	 0.000833902 	 	 
14.145 	 0.00082439 	 	 
14.16 	 0.000814954 	 	 
14.175 	 0.000805594 	 	 
14.19 	 0.00079631 	 	 
14.205 	 0.000787102 	 	 
14.22 	 0.00077797 	 	 
14.235 	 0.000768914 	 	 
14.25 	 0.000759934 	 	 
14.265 	 0.000751031 	 	 
14.28 	 0.000742204 	 	 
14.295 	 0.000733453 	 	 
14.31 	 0.000724779 	 	 
14.325 	 0.000716181 	 	 
14.34 	 0.000707659 	 	 
14.355 	 0.000699213 	 	 
14.37 	 0.000690843 	 	 
14.385 	 0.000682549 	 	 
14.4 	 0.000674332 	 	 
14.415 	 0.00066619 	 	 
14.43 	 0.000658123 	 	 
14.445 	 0.000650132 	 	 
14.46 	 0.000642216 	 	 
14.475 	 0.000634376 	 	 
14.49 	 0.00062661 	 	 
14.505 	 0.000618919 	 	 
14.52 	 0.000611303 	 	 
14.535 	 0.00060376 	 	 
14.55 	 0.000596292 	 	 
14.565 	 0.000588898 	 	 
14.58 	 0.000581577 	 	 
14.595 	 0.000574329 	 	 
14.61 	 0.000567154 	 	 
14.625 	 0.000560052 	 	 
14.64 	 0.000553022 	 	 
14.655 	 0.000546064 	 	 
14.67 	 0.000539178 	 	 
14.685 	 0.000532363 	 	 
14.7 	 0.000525619 	 	 
14.715 	 0.000518945 	 	 
14.73 	 0.000512342 	 	 
14.745 	 0.000505809 	 	 
14.76 	 0.000499345 	 	 
14.775 	 0.000492951 	 	 
14.79 	 0.000486625 	 	 
14.805 	 0.000480367 	 	 
14.82 	 0.000474178 	 	 
14.835 	 0.000468055 	 	 
14.85 	 0.000462 	 	 
14.865 	 0.000456012 	 	 
14.88 	 0.00045009 	 	 
14.895 	 0.000444233 	 	 
14.91 	 0.000438442 	 	 
14.925 	 0.000432716 	 	 
14.94 	 0.000427054 	 	 
14.955 	 0.000421456 	 	 
14.97 	 0.000415922 	 	 
14.985 	 0.000410451 	 	 
15 	 0.000405042 	 	 
15.015 	 0.000399696 	 	 
15.03 	 0.000394411 	 	 
15.045 	 0.000389187 	 	 
15.06 	 0.000384024 	 	 
15.075 	 0.000378921 	 	 
15.09 	 0.000373878 	 	 
15.105 	 0.000368894 	 	 
15.12 	 0.000363969 	 	 
15.135 	 0.000359103 	 	 
15.15 	 0.000354294 	 	 
15.165 	 0.000349542 	 	 
15.18 	 0.000344847 	 	 
15.195 	 0.000340209 	 	 
15.21 	 0.000335626 	 	 
15.225 	 0.000331098 	 	 
15.24 	 0.000326626 	 	 
15.255 	 0.000322207 	 	 
15.27 	 0.000317843 	 	 
15.285 	 0.000313532 	 	 
15.3 	 0.000309273 	 	 
15.315 	 0.000305067 	 	 
15.33 	 0.000300913 	 	 
15.345 	 0.000296811 	 	 
15.36 	 0.000292759 	 	 
15.375 	 0.000288757 	 	 
15.39 	 0.000284805 	 	 
15.405 	 0.000280903 	 	 
15.42 	 0.00027705 	 	 
15.435 	 0.000273245 	 	 
15.45 	 0.000269488 	 	 
15.465 	 0.000265778 	 	 
15.48 	 0.000262115 	 	 
15.495 	 0.000258499 	 	 
15.51 	 0.000254929 	 	 
15.525 	 0.000251404 	 	 
15.54 	 0.000247925 	 	 
15.555 	 0.000244489 	 	 
15.57 	 0.000241098 	 	 
15.585 	 0.000237751 	 	 
15.6 	 0.000234447 	 	 
15.615 	 0.000231185 	 	 
15.63 	 0.000227966 	 	 
15.645 	 0.000224788 	 	 
15.66 	 0.000221652 	 	 
15.675 	 0.000218557 	 	 
15.69 	 0.000215502 	 	 
15.705 	 0.000212487 	 	 
15.72 	 0.000209511 	 	 
15.735 	 0.000206575 	 	 
15.75 	 0.000203677 	 	 
15.765 	 0.000200818 	 	 
15.78 	 0.000197996 	 	 
15.795 	 0.000195211 	 	 
15.81 	 0.000192464 	 	 
15.825 	 0.000189752 	 	 
15.84 	 0.000187077 	 	 
15.855 	 0.000184438 	 	 
15.87 	 0.000181834 	 	 
15.885 	 0.000179264 	 	 
15.9 	 0.000176729 	 	 
15.915 	 0.000174228 	 	 
15.93 	 0.00017176 	 	 
15.945 	 0.000169326 	 	 
15.96 	 0.000166925 	 	 
15.975 	 0.000164555 	 	 
15.99 	 0.000162218 	 	 
16.005 	 0.000159913 	 	 
16.02 	 0.000157638 	 	 
16.035 	 0.000155395 	 	 
16.05 	 0.000153182 	 	 
16.065 	 0.000150999 	 	 
16.08 	 0.000148846 	 	 
16.095 	 0.000146722 	 	 
16.11 	 0.000144627 	 	 
16.125 	 0.000142561 	 	 
16.14 	 0.000140523 	 	 
16.155 	 0.000138513 	 	 
16.17 	 0.000136531 	 	 
16.185 	 0.000134576 	 	 
16.2 	 0.000132648 	 	 
16.215 	 0.000130746 	 	 
16.23 	 0.000128871 	 	 
16.245 	 0.000127021 	 	 
16.26 	 0.000125197 	 	 
16.275 	 0.000123399 	 	 
16.29 	 0.000121625 	 	 
16.305 	 0.000119876 	 	 
16.32 	 0.000118151 	 	 
16.335 	 0.00011645 	 	 
16.35 	 0.000114773 	 	 
16.365 	 0.000113119 	 	 
16.38 	 0.000111488 	 	 
16.395 	 0.00010988 	 	 
16.41 	 0.000108294 	 	 
16.425 	 0.000106731 	 	 
16.44 	 0.000105189 	 	 
16.455 	 0.000103669 	 	 
16.47 	 0.00010217 	 	 
16.485 	 0.000100693 	 	 
16.5 	 9.92358e-05 	 	 
16.515 	 9.77994e-05 	 	 
16.53 	 9.63831e-05 	 	 
16.545 	 9.49868e-05 	 	 
16.56 	 9.36102e-05 	 	 
16.575 	 9.2253e-05 	 	 
16.59 	 9.0915e-05 	 	 
16.605 	 8.95958e-05 	 	 
16.62 	 8.82953e-05 	 	 
16.635 	 8.70133e-05 	 	 
16.65 	 8.57493e-05 	 	 
16.665 	 8.45033e-05 	 	 
16.68 	 8.32749e-05 	 	 
16.695 	 8.2064e-05 	 	 
16.71 	 8.08702e-05 	 	 
16.725 	 7.96934e-05 	 	 
16.74 	 7.85334e-05 	 	 
16.755 	 7.73899e-05 	 	 
16.77 	 7.62626e-05 	 	 
16.785 	 7.51514e-05 	 	 
16.8 	 7.40561e-05 	 	 
16.815 	 7.29763e-05 	 	 
16.83 	 7.1912e-05 	 	 
16.845 	 7.08629e-05 	 	 
16.86 	 6.98288e-05 	 	 
16.875 	 6.88095e-05 	 	 
16.89 	 6.78047e-05 	 	 
16.905 	 6.68144e-05 	 	 
16.92 	 6.58382e-05 	 	 
16.935 	 6.48761e-05 	 	 
16.95 	 6.39277e-05 	 	 
16.965 	 6.2993e-05 	 	 
16.98 	 6.20716e-05 	 	 
16.995 	 6.11635e-05 	 	 
17.01 	 6.02685e-05 	 	 
17.025 	 5.93863e-05 	 	 
17.04 	 5.85169e-05 	 	 
17.055 	 5.76599e-05 	 	 
17.07 	 5.68153e-05 	 	 
17.085 	 5.59829e-05 	 	 
17.1 	 5.51624e-05 	 	 
17.115 	 5.43538e-05 	 	 
17.13 	 5.35569e-05 	 	 
17.145 	 5.27715e-05 	 	 
17.16 	 5.19974e-05 	 	 
17.175 	 5.12345e-05 	 	 
17.19 	 5.04827e-05 	 	 
17.205 	 4.97417e-05 	 	 
17.22 	 4.90114e-05 	 	 
17.235 	 4.82917e-05 	 	 
17.25 	 4.75825e-05 	 	 
17.265 	 4.68835e-05 	 	 
17.28 	 4.61946e-05 	 	 
17.295 	 4.55158e-05 	 	 
17.31 	 4.48467e-05 	 	 
17.325 	 4.41874e-05 	 	 
17.34 	 4.35377e-05 	 	 
17.355 	 4.28974e-05 	 	 
17.37 	 4.22664e-05 	 	 
17.385 	 4.16446e-05 	 	 
17.4 	 4.10318e-05 	 	 
17.415 	 4.04279e-05 	 	 
17.43 	 3.98328e-05 	 	 
17.445 	 3.92464e-05 	 	 
17.46 	 3.86685e-05 	 	 
17.475 	 3.8099e-05 	 	 
17.49 	 3.75378e-05 	 	 
17.505 	 3.69848e-05 	 	 
17.52 	 3.64399e-05 	 	 
17.535 	 3.59029e-05 	 	 
17.55 	 3.53737e-05 	 	 
17.565 	 3.48523e-05 	 	 
17.58 	 3.43385e-05 	 	 
17.595 	 3.38321e-05 	 	 
17.61 	 3.33332e-05 	 	 
17.625 	 3.28416e-05 	 	 
17.64 	 3.23571e-05 	 	 
17.655 	 3.18797e-05 	 	 
17.67 	 3.14093e-05 	 	 
17.685 	 3.09458e-05 	 	 
17.7 	 3.04891e-05 	 	 
17.715 	 3.0039e-05 	 	 
17.73 	 2.95955e-05 	 	 
17.745 	 2.91586e-05 	 	 
17.76 	 2.8728e-05 	 	 
17.775 	 2.83037e-05 	 	 
17.79 	 2.78857e-05 	 	 
17.805 	 2.74737e-05 	 	 
17.82 	 2.70679e-05 	 	 
17.835 	 2.66679e-05 	 	 
17.85 	 2.62738e-05 	 	 
17.865 	 2.58855e-05 	 	 
17.88 	 2.55029e-05 	 	 
17.895 	 2.5126e-05 	 	 
17.91 	 2.47545e-05 	 	 
17.925 	 2.43885e-05 	 	 
17.94 	 2.40279e-05 	 	 
17.955 	 2.36726e-05 	 	 
17.97 	 2.33225e-05 	 	 
17.985 	 2.29775e-05 	 	 
18 	 2.26376e-05 	 	 
18.015 	 2.23027e-05 	 	 
18.03 	 2.19727e-05 	 	 
18.045 	 2.16476e-05 	 	 
18.06 	 2.13273e-05 	 	 
18.075 	 2.10116e-05 	 	 
18.09 	 2.07007e-05 	 	 
18.105 	 2.03942e-05 	 	 
18.12 	 2.00923e-05 	 	 
18.135 	 1.97949e-05 	 	 
18.15 	 1.95018e-05 	 	 
18.165 	 1.92131e-05 	 	 
18.18 	 1.89285e-05 	 	 
18.195 	 1.86482e-05 	 	 
18.21 	 1.8372e-05 	 	 
18.225 	 1.80999e-05 	 	 
18.24 	 1.78318e-05 	 	 
18.255 	 1.75677e-05 	 	 
18.27 	 1.73074e-05 	 	 
18.285 	 1.7051e-05 	 	 
18.3 	 1.67983e-05 	 	 
18.315 	 1.65494e-05 	 	 
18.33 	 1.63041e-05 	 	 
18.345 	 1.60625e-05 	 	 
18.36 	 1.58244e-05 	 	 
18.375 	 1.55899e-05 	 	 
18.39 	 1.53588e-05 	 	 
18.405 	 1.51311e-05 	 	 
18.42 	 1.49068e-05 	 	 
18.435 	 1.46858e-05 	 	 
18.45 	 1.4468e-05 	 	 
18.465 	 1.42535e-05 	 	 
18.48 	 1.40422e-05 	 	 
18.495 	 1.38339e-05 	 	 
18.51 	 1.36288e-05 	 	 
18.525 	 1.34266e-05 	 	 
18.54 	 1.32275e-05 	 	 
18.555 	 1.30313e-05 	 	 
18.57 	 1.2838e-05 	 	 
18.585 	 1.26475e-05 	 	 
18.6 	 1.24599e-05 	 	 
18.615 	 1.2275e-05 	 	 
18.63 	 1.20929e-05 	 	 
18.645 	 1.19135e-05 	 	 
18.66 	 1.17367e-05 	 	 
18.675 	 1.15625e-05 	 	 
18.69 	 1.13909e-05 	 	 
18.705 	 1.12219e-05 	 	 
18.72 	 1.10553e-05 	 	 
18.735 	 1.08913e-05 	 	 
18.75 	 1.07296e-05 	 	 
18.765 	 1.05703e-05 	 	 
18.78 	 1.04134e-05 	 	 
18.795 	 1.02589e-05 	 	 
18.81 	 1.01066e-05 	 	 
18.825 	 9.95651e-06 	 	 
18.84 	 9.80869e-06 	 	 
18.855 	 9.66306e-06 	 	 
18.87 	 9.51958e-06 	 	 
18.885 	 9.37823e-06 	 	 
18.9 	 9.23898e-06 	 	 
18.915 	 9.10178e-06 	 	 
18.93 	 8.96662e-06 	 	 
18.945 	 8.83346e-06 	 	 
18.96 	 8.70227e-06 	 	 
18.975 	 8.57302e-06 	 	 
18.99 	 8.44569e-06 	 	 
19.005 	 8.32025e-06 	 	 
19.02 	 8.19667e-06 	 	 
19.035 	 8.07491e-06 	 	 
19.05 	 7.95496e-06 	 	 
19.065 	 7.83679e-06 	 	 
19.08 	 7.72037e-06 	 	 
19.095 	 7.60568e-06 	 	 
19.11 	 7.49269e-06 	 	 
19.125 	 7.38137e-06 	 	 
19.14 	 7.2717e-06 	 	 
19.155 	 7.16366e-06 	 	 
19.17 	 7.05722e-06 	 	 
19.185 	 6.95236e-06 	 	 
19.2 	 6.84905e-06 	 	 
19.215 	 6.74728e-06 	 	 
19.23 	 6.64702e-06 	 	 
19.245 	 6.54824e-06 	 	 
19.26 	 6.45093e-06 	 	 
19.275 	 6.35506e-06 	 	 
19.29 	 6.26061e-06 	 	 
19.305 	 6.16757e-06 	 	 
19.32 	 6.0759e-06 	 	 
19.335 	 5.9856e-06 	 	 
19.35 	 5.89663e-06 	 	 
19.365 	 5.80899e-06 	 	 
19.38 	 5.72264e-06 	 	 
19.395 	 5.63758e-06 	 	 
19.41 	 5.55378e-06 	 	 
19.425 	 5.47122e-06 	 	 
19.44 	 5.38989e-06 	 	 
19.455 	 5.30977e-06 	 	 
19.47 	 5.23083e-06 	 	 
19.485 	 5.15307e-06 	 	 
19.5 	 5.07646e-06 	 	 
19.515 	 5.00099e-06 	 	 
19.53 	 4.92664e-06 	 	 
19.545 	 4.85339e-06 	 	 
19.56 	 4.78123e-06 	 	 
19.575 	 4.71014e-06 	 	 
19.59 	 4.64011e-06 	 	 
19.605 	 4.57112e-06 	 	 
19.62 	 4.50315e-06 	 	 
19.635 	 4.43619e-06 	 	 
19.65 	 4.37023e-06 	 	 
19.665 	 4.30524e-06 	 	 
19.68 	 4.24122e-06 	 	 
19.695 	 4.17815e-06 	 	 
19.71 	 4.11602e-06 	 	 
19.725 	 4.05481e-06 	 	 
19.74 	 3.99451e-06 	 	 
19.755 	 3.93511e-06 	 	 
19.77 	 3.87659e-06 	 	 
19.785 	 3.81893e-06 	 	 
19.8 	 3.76214e-06 	 	 
19.815 	 3.70619e-06 	 	 
19.83 	 3.65107e-06 	 	 
19.845 	 3.59676e-06 	 	 
19.86 	 3.54327e-06 	 	 
19.875 	 3.49057e-06 	 	 
19.89 	 3.43865e-06 	 	 
19.905 	 3.38751e-06 	 	 
19.92 	 3.33712e-06 	 	 
19.935 	 3.28748e-06 	 	 
19.95 	 3.23858e-06 	 	 
19.965 	 3.19041e-06 	 	 
19.98 	 3.14296e-06 	 	 
