0 	 0.00275535 	 	 
0.015 	 0.00275546 	 	 
0.03 	 0.00275564 	 	 
0.045 	 0.0027559 	 	 
0.06 	 0.00275623 	 	 
0.075 	 0.00275664 	 	 
0.09 	 0.00275712 	 	 
0.105 	 0.00275767 	 	 
0.12 	 0.0027583 	 	 
0.135 	 0.002759 	 	 
0.15 	 0.00275978 	 	 
0.165 	 0.00276062 	 	 
0.18 	 0.00276154 	 	 
0.195 	 0.00276254 	 	 
0.21 	 0.00276361 	 	 
0.225 	 0.00276474 	 	 
0.24 	 0.00276596 	 	 
0.255 	 0.00276724 	 	 
0.27 	 0.0027686 	 	 
0.285 	 0.00277003 	 	 
0.3 	 0.00277153 	 	 
0.315 	 0.00277311 	 	 
0.33 	 0.00277475 	 	 
0.345 	 0.00277647 	 	 
0.36 	 0.00277826 	 	 
0.375 	 0.00278012 	 	 
0.39 	 0.00278205 	 	 
0.405 	 0.00278405 	 	 
0.42 	 0.00278612 	 	 
0.435 	 0.00278826 	 	 
0.45 	 0.00279047 	 	 
0.465 	 0.00279276 	 	 
0.48 	 0.00279511 	 	 
0.495 	 0.00279753 	 	 
0.51 	 0.00280002 	 	 
0.525 	 0.00280258 	 	 
0.54 	 0.0028052 	 	 
0.555 	 0.0028079 	 	 
0.57 	 0.00281066 	 	 
0.585 	 0.00281349 	 	 
0.6 	 0.00281639 	 	 
0.615 	 0.00281936 	 	 
0.63 	 0.00282239 	 	 
0.645 	 0.00282548 	 	 
0.66 	 0.00282865 	 	 
0.675 	 0.00283188 	 	 
0.69 	 0.00283517 	 	 
0.705 	 0.00283853 	 	 
0.72 	 0.00284195 	 	 
0.735 	 0.00284544 	 	 
0.75 	 0.00284899 	 	 
0.765 	 0.00285261 	 	 
0.78 	 0.00285628 	 	 
0.795 	 0.00286002 	 	 
0.81 	 0.00286382 	 	 
0.825 	 0.00286769 	 	 
0.84 	 0.00287161 	 	 
0.855 	 0.0028756 	 	 
0.87 	 0.00287964 	 	 
0.885 	 0.00288375 	 	 
0.9 	 0.00288791 	 	 
0.915 	 0.00289214 	 	 
0.93 	 0.00289642 	 	 
0.945 	 0.00290076 	 	 
0.96 	 0.00290516 	 	 
0.975 	 0.00290961 	 	 
0.99 	 0.00291413 	 	 
1.005 	 0.00291869 	 	 
1.02 	 0.00292332 	 	 
1.035 	 0.002928 	 	 
1.05 	 0.00293273 	 	 
1.065 	 0.00293752 	 	 
1.08 	 0.00294236 	 	 
1.095 	 0.00294725 	 	 
1.11 	 0.0029522 	 	 
1.125 	 0.0029572 	 	 
1.14 	 0.00296225 	 	 
1.155 	 0.00296735 	 	 
1.17 	 0.0029725 	 	 
1.185 	 0.0029777 	 	 
1.2 	 0.00298295 	 	 
1.215 	 0.00298824 	 	 
1.23 	 0.00299359 	 	 
1.245 	 0.00299898 	 	 
1.26 	 0.00300442 	 	 
1.275 	 0.00300991 	 	 
1.29 	 0.00301544 	 	 
1.305 	 0.00302102 	 	 
1.32 	 0.00302664 	 	 
1.335 	 0.0030323 	 	 
1.35 	 0.00303801 	 	 
1.365 	 0.00304376 	 	 
1.38 	 0.00304955 	 	 
1.395 	 0.00305539 	 	 
1.41 	 0.00306126 	 	 
1.425 	 0.00306718 	 	 
1.44 	 0.00307313 	 	 
1.455 	 0.00307912 	 	 
1.47 	 0.00308515 	 	 
1.485 	 0.00309122 	 	 
1.5 	 0.00309732 	 	 
1.515 	 0.00310346 	 	 
1.53 	 0.00310964 	 	 
1.545 	 0.00311585 	 	 
1.56 	 0.00312209 	 	 
1.575 	 0.00312837 	 	 
1.59 	 0.00313468 	 	 
1.605 	 0.00314102 	 	 
1.62 	 0.0031474 	 	 
1.635 	 0.0031538 	 	 
1.65 	 0.00316023 	 	 
1.665 	 0.0031667 	 	 
1.68 	 0.00317319 	 	 
1.695 	 0.00317971 	 	 
1.71 	 0.00318625 	 	 
1.725 	 0.00319283 	 	 
1.74 	 0.00319942 	 	 
1.755 	 0.00320605 	 	 
1.77 	 0.00321269 	 	 
1.785 	 0.00321936 	 	 
1.8 	 0.00322606 	 	 
1.815 	 0.00323277 	 	 
1.83 	 0.00323951 	 	 
1.845 	 0.00324627 	 	 
1.86 	 0.00325304 	 	 
1.875 	 0.00325984 	 	 
1.89 	 0.00326666 	 	 
1.905 	 0.00327349 	 	 
1.92 	 0.00328034 	 	 
1.935 	 0.0032872 	 	 
1.95 	 0.00329408 	 	 
1.965 	 0.00330098 	 	 
1.98 	 0.00330789 	 	 
1.995 	 0.00331481 	 	 
2.01 	 0.00332174 	 	 
2.025 	 0.00332869 	 	 
2.04 	 0.00333565 	 	 
2.055 	 0.00334261 	 	 
2.07 	 0.00334959 	 	 
2.085 	 0.00335657 	 	 
2.1 	 0.00336357 	 	 
2.115 	 0.00337057 	 	 
2.13 	 0.00337757 	 	 
2.145 	 0.00338459 	 	 
2.16 	 0.0033916 	 	 
2.175 	 0.00339862 	 	 
2.19 	 0.00340565 	 	 
2.205 	 0.00341268 	 	 
2.22 	 0.0034197 	 	 
2.235 	 0.00342673 	 	 
2.25 	 0.00343376 	 	 
2.265 	 0.00344079 	 	 
2.28 	 0.00344782 	 	 
2.295 	 0.00345485 	 	 
2.31 	 0.00346187 	 	 
2.325 	 0.0034689 	 	 
2.34 	 0.00347591 	 	 
2.355 	 0.00348292 	 	 
2.37 	 0.00348993 	 	 
2.385 	 0.00349693 	 	 
2.4 	 0.00350392 	 	 
2.415 	 0.00351091 	 	 
2.43 	 0.00351788 	 	 
2.445 	 0.00352485 	 	 
2.46 	 0.00353181 	 	 
2.475 	 0.00353875 	 	 
2.49 	 0.00354569 	 	 
2.505 	 0.00355261 	 	 
2.52 	 0.00355952 	 	 
2.535 	 0.00356641 	 	 
2.55 	 0.0035733 	 	 
2.565 	 0.00358016 	 	 
2.58 	 0.00358701 	 	 
2.595 	 0.00359384 	 	 
2.61 	 0.00360066 	 	 
2.625 	 0.00360746 	 	 
2.64 	 0.00361424 	 	 
2.655 	 0.003621 	 	 
2.67 	 0.00362774 	 	 
2.685 	 0.00363446 	 	 
2.7 	 0.00364115 	 	 
2.715 	 0.00364783 	 	 
2.73 	 0.00365448 	 	 
2.745 	 0.00366111 	 	 
2.76 	 0.00366772 	 	 
2.775 	 0.00367429 	 	 
2.79 	 0.00368085 	 	 
2.805 	 0.00368738 	 	 
2.82 	 0.00369388 	 	 
2.835 	 0.00370035 	 	 
2.85 	 0.00370679 	 	 
2.865 	 0.00371321 	 	 
2.88 	 0.0037196 	 	 
2.895 	 0.00372595 	 	 
2.91 	 0.00373228 	 	 
2.925 	 0.00373857 	 	 
2.94 	 0.00374483 	 	 
2.955 	 0.00375106 	 	 
2.97 	 0.00375725 	 	 
2.985 	 0.00376341 	 	 
3 	 0.00376954 	 	 
3.015 	 0.00377563 	 	 
3.03 	 0.00378168 	 	 
3.045 	 0.0037877 	 	 
3.06 	 0.00379368 	 	 
3.075 	 0.00379963 	 	 
3.09 	 0.00380553 	 	 
3.105 	 0.0038114 	 	 
3.12 	 0.00381723 	 	 
3.135 	 0.00382301 	 	 
3.15 	 0.00382876 	 	 
3.165 	 0.00383446 	 	 
3.18 	 0.00384013 	 	 
3.195 	 0.00384575 	 	 
3.21 	 0.00385133 	 	 
3.225 	 0.00385686 	 	 
3.24 	 0.00386236 	 	 
3.255 	 0.0038678 	 	 
3.27 	 0.00387321 	 	 
3.285 	 0.00387856 	 	 
3.3 	 0.00388387 	 	 
3.315 	 0.00388914 	 	 
3.33 	 0.00389436 	 	 
3.345 	 0.00389953 	 	 
3.36 	 0.00390465 	 	 
3.375 	 0.00390973 	 	 
3.39 	 0.00391475 	 	 
3.405 	 0.00391973 	 	 
3.42 	 0.00392466 	 	 
3.435 	 0.00392954 	 	 
3.45 	 0.00393436 	 	 
3.465 	 0.00393914 	 	 
3.48 	 0.00394386 	 	 
3.495 	 0.00394854 	 	 
3.51 	 0.00395316 	 	 
3.525 	 0.00395773 	 	 
3.54 	 0.00396224 	 	 
3.555 	 0.0039667 	 	 
3.57 	 0.00397111 	 	 
3.585 	 0.00397547 	 	 
3.6 	 0.00397977 	 	 
3.615 	 0.00398401 	 	 
3.63 	 0.0039882 	 	 
3.645 	 0.00399234 	 	 
3.66 	 0.00399642 	 	 
3.675 	 0.00400044 	 	 
3.69 	 0.00400441 	 	 
3.705 	 0.00400832 	 	 
3.72 	 0.00401217 	 	 
3.735 	 0.00401597 	 	 
3.75 	 0.00401971 	 	 
3.765 	 0.00402339 	 	 
3.78 	 0.00402701 	 	 
3.795 	 0.00403057 	 	 
3.81 	 0.00403408 	 	 
3.825 	 0.00403753 	 	 
3.84 	 0.00404091 	 	 
3.855 	 0.00404424 	 	 
3.87 	 0.00404751 	 	 
3.885 	 0.00405072 	 	 
3.9 	 0.00405387 	 	 
3.915 	 0.00405696 	 	 
3.93 	 0.00405999 	 	 
3.945 	 0.00406296 	 	 
3.96 	 0.00406586 	 	 
3.975 	 0.00406871 	 	 
3.99 	 0.0040715 	 	 
4.005 	 0.00407422 	 	 
4.02 	 0.00407689 	 	 
4.035 	 0.00407949 	 	 
4.05 	 0.00408203 	 	 
4.065 	 0.00408451 	 	 
4.08 	 0.00408693 	 	 
4.095 	 0.00408928 	 	 
4.11 	 0.00409158 	 	 
4.125 	 0.00409381 	 	 
4.14 	 0.00409598 	 	 
4.155 	 0.00409809 	 	 
4.17 	 0.00410014 	 	 
4.185 	 0.00410212 	 	 
4.2 	 0.00410405 	 	 
4.215 	 0.00410591 	 	 
4.23 	 0.00410771 	 	 
4.245 	 0.00410944 	 	 
4.26 	 0.00411112 	 	 
4.275 	 0.00411273 	 	 
4.29 	 0.00411428 	 	 
4.305 	 0.00411577 	 	 
4.32 	 0.0041172 	 	 
4.335 	 0.00411856 	 	 
4.35 	 0.00411987 	 	 
4.365 	 0.00412111 	 	 
4.38 	 0.00412229 	 	 
4.395 	 0.00412341 	 	 
4.41 	 0.00412447 	 	 
4.425 	 0.00412546 	 	 
4.44 	 0.0041264 	 	 
4.455 	 0.00412727 	 	 
4.47 	 0.00412809 	 	 
4.485 	 0.00412884 	 	 
4.5 	 0.00412953 	 	 
4.515 	 0.00413016 	 	 
4.53 	 0.00413073 	 	 
4.545 	 0.00413125 	 	 
4.56 	 0.0041317 	 	 
4.575 	 0.00413209 	 	 
4.59 	 0.00413242 	 	 
4.605 	 0.0041327 	 	 
4.62 	 0.00413291 	 	 
4.635 	 0.00413307 	 	 
4.65 	 0.00413316 	 	 
4.665 	 0.0041332 	 	 
4.68 	 0.00413318 	 	 
4.695 	 0.00413311 	 	 
4.71 	 0.00413297 	 	 
4.725 	 0.00413278 	 	 
4.74 	 0.00413254 	 	 
4.755 	 0.00413223 	 	 
4.77 	 0.00413187 	 	 
4.785 	 0.00413146 	 	 
4.8 	 0.00413098 	 	 
4.815 	 0.00413046 	 	 
4.83 	 0.00412988 	 	 
4.845 	 0.00412924 	 	 
4.86 	 0.00412855 	 	 
4.875 	 0.00412781 	 	 
4.89 	 0.00412701 	 	 
4.905 	 0.00412616 	 	 
4.92 	 0.00412526 	 	 
4.935 	 0.0041243 	 	 
4.95 	 0.00412329 	 	 
4.965 	 0.00412224 	 	 
4.98 	 0.00412113 	 	 
4.995 	 0.00411997 	 	 
5.01 	 0.00411876 	 	 
5.025 	 0.0041175 	 	 
5.04 	 0.00411619 	 	 
5.055 	 0.00411483 	 	 
5.07 	 0.00411343 	 	 
5.085 	 0.00411198 	 	 
5.1 	 0.00411048 	 	 
5.115 	 0.00410893 	 	 
5.13 	 0.00410734 	 	 
5.145 	 0.0041057 	 	 
5.16 	 0.00410402 	 	 
5.175 	 0.00410229 	 	 
5.19 	 0.00410052 	 	 
5.205 	 0.0040987 	 	 
5.22 	 0.00409684 	 	 
5.235 	 0.00409494 	 	 
5.25 	 0.004093 	 	 
5.265 	 0.00409101 	 	 
5.28 	 0.00408899 	 	 
5.295 	 0.00408692 	 	 
5.31 	 0.00408482 	 	 
5.325 	 0.00408267 	 	 
5.34 	 0.00408049 	 	 
5.355 	 0.00407827 	 	 
5.37 	 0.00407601 	 	 
5.385 	 0.00407372 	 	 
5.4 	 0.00407139 	 	 
5.415 	 0.00406902 	 	 
5.43 	 0.00406662 	 	 
5.445 	 0.00406419 	 	 
5.46 	 0.00406172 	 	 
5.475 	 0.00405922 	 	 
5.49 	 0.00405669 	 	 
5.505 	 0.00405412 	 	 
5.52 	 0.00405153 	 	 
5.535 	 0.0040489 	 	 
5.55 	 0.00404625 	 	 
5.565 	 0.00404357 	 	 
5.58 	 0.00404085 	 	 
5.595 	 0.00403812 	 	 
5.61 	 0.00403535 	 	 
5.625 	 0.00403256 	 	 
5.64 	 0.00402974 	 	 
5.655 	 0.0040269 	 	 
5.67 	 0.00402403 	 	 
5.685 	 0.00402114 	 	 
5.7 	 0.00401823 	 	 
5.715 	 0.0040153 	 	 
5.73 	 0.00401234 	 	 
5.745 	 0.00400937 	 	 
5.76 	 0.00400637 	 	 
5.775 	 0.00400336 	 	 
5.79 	 0.00400032 	 	 
5.805 	 0.00399727 	 	 
5.82 	 0.00399421 	 	 
5.835 	 0.00399112 	 	 
5.85 	 0.00398803 	 	 
5.865 	 0.00398491 	 	 
5.88 	 0.00398179 	 	 
5.895 	 0.00397865 	 	 
5.91 	 0.00397549 	 	 
5.925 	 0.00397233 	 	 
5.94 	 0.00396916 	 	 
5.955 	 0.00396597 	 	 
5.97 	 0.00396278 	 	 
5.985 	 0.00395957 	 	 
6 	 0.00395636 	 	 
6.015 	 0.00395315 	 	 
6.03 	 0.00394992 	 	 
6.045 	 0.00394669 	 	 
6.06 	 0.00394346 	 	 
6.075 	 0.00394022 	 	 
6.09 	 0.00393698 	 	 
6.105 	 0.00393373 	 	 
6.12 	 0.00393049 	 	 
6.135 	 0.00392724 	 	 
6.15 	 0.00392399 	 	 
6.165 	 0.00392075 	 	 
6.18 	 0.0039175 	 	 
6.195 	 0.00391426 	 	 
6.21 	 0.00391102 	 	 
6.225 	 0.00390778 	 	 
6.24 	 0.00390455 	 	 
6.255 	 0.00390132 	 	 
6.27 	 0.0038981 	 	 
6.285 	 0.00389488 	 	 
6.3 	 0.00389167 	 	 
6.315 	 0.00388847 	 	 
6.33 	 0.00388528 	 	 
6.345 	 0.0038821 	 	 
6.36 	 0.00387892 	 	 
6.375 	 0.00387576 	 	 
6.39 	 0.00387261 	 	 
6.405 	 0.00386947 	 	 
6.42 	 0.00386635 	 	 
6.435 	 0.00386324 	 	 
6.45 	 0.00386014 	 	 
6.465 	 0.00385706 	 	 
6.48 	 0.003854 	 	 
6.495 	 0.00385095 	 	 
6.51 	 0.00384792 	 	 
6.525 	 0.00384491 	 	 
6.54 	 0.00384191 	 	 
6.555 	 0.00383894 	 	 
6.57 	 0.00383599 	 	 
6.585 	 0.00383305 	 	 
6.6 	 0.00383014 	 	 
6.615 	 0.00382725 	 	 
6.63 	 0.00382439 	 	 
6.645 	 0.00382154 	 	 
6.66 	 0.00381873 	 	 
6.675 	 0.00381593 	 	 
6.69 	 0.00381316 	 	 
6.705 	 0.00381042 	 	 
6.72 	 0.00380771 	 	 
6.735 	 0.00380502 	 	 
6.75 	 0.00380236 	 	 
6.765 	 0.00379973 	 	 
6.78 	 0.00379713 	 	 
6.795 	 0.00379456 	 	 
6.81 	 0.00379202 	 	 
6.825 	 0.00378951 	 	 
6.84 	 0.00378703 	 	 
6.855 	 0.00378458 	 	 
6.87 	 0.00378217 	 	 
6.885 	 0.00377979 	 	 
6.9 	 0.00377745 	 	 
6.915 	 0.00377514 	 	 
6.93 	 0.00377286 	 	 
6.945 	 0.00377062 	 	 
6.96 	 0.00376842 	 	 
6.975 	 0.00376625 	 	 
6.99 	 0.00376412 	 	 
7.005 	 0.00376203 	 	 
7.02 	 0.00375997 	 	 
7.035 	 0.00375796 	 	 
7.05 	 0.00375598 	 	 
7.065 	 0.00375405 	 	 
7.08 	 0.00375215 	 	 
7.095 	 0.0037503 	 	 
7.11 	 0.00374848 	 	 
7.125 	 0.00374671 	 	 
7.14 	 0.00374498 	 	 
7.155 	 0.00374329 	 	 
7.17 	 0.00374165 	 	 
7.185 	 0.00374004 	 	 
7.2 	 0.00373848 	 	 
7.215 	 0.00373697 	 	 
7.23 	 0.0037355 	 	 
7.245 	 0.00373407 	 	 
7.26 	 0.00373269 	 	 
7.275 	 0.00373136 	 	 
7.29 	 0.00373007 	 	 
7.305 	 0.00372882 	 	 
7.32 	 0.00372762 	 	 
7.335 	 0.00372647 	 	 
7.35 	 0.00372537 	 	 
7.365 	 0.00372431 	 	 
7.38 	 0.0037233 	 	 
7.395 	 0.00372234 	 	 
7.41 	 0.00372143 	 	 
7.425 	 0.00372056 	 	 
7.44 	 0.00371974 	 	 
7.455 	 0.00371897 	 	 
7.47 	 0.00371825 	 	 
7.485 	 0.00371758 	 	 
7.5 	 0.00371696 	 	 
7.515 	 0.00371639 	 	 
7.53 	 0.00371587 	 	 
7.545 	 0.00371539 	 	 
7.56 	 0.00371497 	 	 
7.575 	 0.0037146 	 	 
7.59 	 0.00371427 	 	 
7.605 	 0.003714 	 	 
7.62 	 0.00371377 	 	 
7.635 	 0.0037136 	 	 
7.65 	 0.00371348 	 	 
7.665 	 0.00371341 	 	 
7.68 	 0.00371338 	 	 
7.695 	 0.00371341 	 	 
7.71 	 0.00371349 	 	 
7.725 	 0.00371362 	 	 
7.74 	 0.0037138 	 	 
7.755 	 0.00371403 	 	 
7.77 	 0.0037143 	 	 
7.785 	 0.00371463 	 	 
7.8 	 0.00371501 	 	 
7.815 	 0.00371544 	 	 
7.83 	 0.00371592 	 	 
7.845 	 0.00371645 	 	 
7.86 	 0.00371703 	 	 
7.875 	 0.00371766 	 	 
7.89 	 0.00371834 	 	 
7.905 	 0.00371907 	 	 
7.92 	 0.00371984 	 	 
7.935 	 0.00372067 	 	 
7.95 	 0.00372154 	 	 
7.965 	 0.00372246 	 	 
7.98 	 0.00372343 	 	 
7.995 	 0.00372445 	 	 
8.01 	 0.00372552 	 	 
8.025 	 0.00372663 	 	 
8.04 	 0.00372779 	 	 
8.055 	 0.003729 	 	 
8.07 	 0.00373026 	 	 
8.085 	 0.00373156 	 	 
8.1 	 0.0037329 	 	 
8.115 	 0.00373429 	 	 
8.13 	 0.00373573 	 	 
8.145 	 0.00373721 	 	 
8.16 	 0.00373874 	 	 
8.175 	 0.00374031 	 	 
8.19 	 0.00374192 	 	 
8.205 	 0.00374358 	 	 
8.22 	 0.00374528 	 	 
8.235 	 0.00374702 	 	 
8.25 	 0.00374881 	 	 
8.265 	 0.00375063 	 	 
8.28 	 0.0037525 	 	 
8.295 	 0.0037544 	 	 
8.31 	 0.00375635 	 	 
8.325 	 0.00375833 	 	 
8.34 	 0.00376036 	 	 
8.355 	 0.00376242 	 	 
8.37 	 0.00376452 	 	 
8.385 	 0.00376665 	 	 
8.4 	 0.00376883 	 	 
8.415 	 0.00377103 	 	 
8.43 	 0.00377328 	 	 
8.445 	 0.00377556 	 	 
8.46 	 0.00377787 	 	 
8.475 	 0.00378021 	 	 
8.49 	 0.00378259 	 	 
8.505 	 0.003785 	 	 
8.52 	 0.00378744 	 	 
8.535 	 0.00378991 	 	 
8.55 	 0.00379241 	 	 
8.565 	 0.00379493 	 	 
8.58 	 0.00379749 	 	 
8.595 	 0.00380007 	 	 
8.61 	 0.00380268 	 	 
8.625 	 0.00380532 	 	 
8.64 	 0.00380798 	 	 
8.655 	 0.00381067 	 	 
8.67 	 0.00381337 	 	 
8.685 	 0.0038161 	 	 
8.7 	 0.00381886 	 	 
8.715 	 0.00382163 	 	 
8.73 	 0.00382442 	 	 
8.745 	 0.00382723 	 	 
8.76 	 0.00383006 	 	 
8.775 	 0.00383291 	 	 
8.79 	 0.00383577 	 	 
8.805 	 0.00383865 	 	 
8.82 	 0.00384154 	 	 
8.835 	 0.00384445 	 	 
8.85 	 0.00384737 	 	 
8.865 	 0.0038503 	 	 
8.88 	 0.00385324 	 	 
8.895 	 0.00385619 	 	 
8.91 	 0.00385915 	 	 
8.925 	 0.00386211 	 	 
8.94 	 0.00386509 	 	 
8.955 	 0.00386807 	 	 
8.97 	 0.00387105 	 	 
8.985 	 0.00387403 	 	 
9 	 0.00387702 	 	 
9.015 	 0.00388001 	 	 
9.03 	 0.003883 	 	 
9.045 	 0.00388599 	 	 
9.06 	 0.00388898 	 	 
9.075 	 0.00389196 	 	 
9.09 	 0.00389494 	 	 
9.105 	 0.00389792 	 	 
9.12 	 0.00390089 	 	 
9.135 	 0.00390385 	 	 
9.15 	 0.0039068 	 	 
9.165 	 0.00390974 	 	 
9.18 	 0.00391267 	 	 
9.195 	 0.00391559 	 	 
9.21 	 0.0039185 	 	 
9.225 	 0.00392139 	 	 
9.24 	 0.00392427 	 	 
9.255 	 0.00392712 	 	 
9.27 	 0.00392997 	 	 
9.285 	 0.00393279 	 	 
9.3 	 0.00393559 	 	 
9.315 	 0.00393837 	 	 
9.33 	 0.00394113 	 	 
9.345 	 0.00394386 	 	 
9.36 	 0.00394657 	 	 
9.375 	 0.00394925 	 	 
9.39 	 0.0039519 	 	 
9.405 	 0.00395453 	 	 
9.42 	 0.00395713 	 	 
9.435 	 0.00395969 	 	 
9.45 	 0.00396222 	 	 
9.465 	 0.00396472 	 	 
9.48 	 0.00396718 	 	 
9.495 	 0.00396961 	 	 
9.51 	 0.003972 	 	 
9.525 	 0.00397435 	 	 
9.54 	 0.00397666 	 	 
9.555 	 0.00397893 	 	 
9.57 	 0.00398116 	 	 
9.585 	 0.00398334 	 	 
9.6 	 0.00398548 	 	 
9.615 	 0.00398757 	 	 
9.63 	 0.00398962 	 	 
9.645 	 0.00399161 	 	 
9.66 	 0.00399356 	 	 
9.675 	 0.00399545 	 	 
9.69 	 0.0039973 	 	 
9.705 	 0.00399909 	 	 
9.72 	 0.00400082 	 	 
9.735 	 0.0040025 	 	 
9.75 	 0.00400412 	 	 
9.765 	 0.00400568 	 	 
9.78 	 0.00400718 	 	 
9.795 	 0.00400863 	 	 
9.81 	 0.00401 	 	 
9.825 	 0.00401132 	 	 
9.84 	 0.00401257 	 	 
9.855 	 0.00401376 	 	 
9.87 	 0.00401487 	 	 
9.885 	 0.00401592 	 	 
9.9 	 0.0040169 	 	 
9.915 	 0.00401781 	 	 
9.93 	 0.00401865 	 	 
9.945 	 0.00401942 	 	 
9.96 	 0.00402011 	 	 
9.975 	 0.00402072 	 	 
9.99 	 0.00402126 	 	 
10.005 	 0.00402172 	 	 
10.02 	 0.0040221 	 	 
10.035 	 0.0040224 	 	 
10.05 	 0.00402263 	 	 
10.065 	 0.00402276 	 	 
10.08 	 0.00402282 	 	 
10.095 	 0.00402279 	 	 
10.11 	 0.00402268 	 	 
10.125 	 0.00402247 	 	 
10.14 	 0.00402219 	 	 
10.155 	 0.00402181 	 	 
10.17 	 0.00402134 	 	 
10.185 	 0.00402078 	 	 
10.2 	 0.00402013 	 	 
10.215 	 0.00401939 	 	 
10.23 	 0.00401855 	 	 
10.245 	 0.00401762 	 	 
10.26 	 0.00401659 	 	 
10.275 	 0.00401547 	 	 
10.29 	 0.00401425 	 	 
10.305 	 0.00401292 	 	 
10.32 	 0.0040115 	 	 
10.335 	 0.00400998 	 	 
10.35 	 0.00400836 	 	 
10.365 	 0.00400663 	 	 
10.38 	 0.00400481 	 	 
10.395 	 0.00400287 	 	 
10.41 	 0.00400084 	 	 
10.425 	 0.00399869 	 	 
10.44 	 0.00399644 	 	 
10.455 	 0.00399408 	 	 
10.47 	 0.00399162 	 	 
10.485 	 0.00398904 	 	 
10.5 	 0.00398636 	 	 
10.515 	 0.00398356 	 	 
10.53 	 0.00398066 	 	 
10.545 	 0.00397764 	 	 
10.56 	 0.00397451 	 	 
10.575 	 0.00397126 	 	 
10.59 	 0.0039679 	 	 
10.605 	 0.00396443 	 	 
10.62 	 0.00396084 	 	 
10.635 	 0.00395714 	 	 
10.65 	 0.00395332 	 	 
10.665 	 0.00394938 	 	 
10.68 	 0.00394533 	 	 
10.695 	 0.00394115 	 	 
10.71 	 0.00393686 	 	 
10.725 	 0.00393245 	 	 
10.74 	 0.00392792 	 	 
10.755 	 0.00392327 	 	 
10.77 	 0.0039185 	 	 
10.785 	 0.00391361 	 	 
10.8 	 0.0039086 	 	 
10.815 	 0.00390346 	 	 
10.83 	 0.00389821 	 	 
10.845 	 0.00389283 	 	 
10.86 	 0.00388733 	 	 
10.875 	 0.00388171 	 	 
10.89 	 0.00387596 	 	 
10.905 	 0.00387009 	 	 
10.92 	 0.0038641 	 	 
10.935 	 0.00385798 	 	 
10.95 	 0.00385174 	 	 
10.965 	 0.00384537 	 	 
10.98 	 0.00383888 	 	 
10.995 	 0.00383227 	 	 
11.01 	 0.00382553 	 	 
11.025 	 0.00381867 	 	 
11.04 	 0.00381168 	 	 
11.055 	 0.00380457 	 	 
11.07 	 0.00379734 	 	 
11.085 	 0.00378998 	 	 
11.1 	 0.00378249 	 	 
11.115 	 0.00377488 	 	 
11.13 	 0.00376715 	 	 
11.145 	 0.00375929 	 	 
11.16 	 0.00375131 	 	 
11.175 	 0.00374321 	 	 
11.19 	 0.00373498 	 	 
11.205 	 0.00372662 	 	 
11.22 	 0.00371815 	 	 
11.235 	 0.00370955 	 	 
11.25 	 0.00370083 	 	 
11.265 	 0.00369199 	 	 
11.28 	 0.00368302 	 	 
11.295 	 0.00367393 	 	 
11.31 	 0.00366472 	 	 
11.325 	 0.0036554 	 	 
11.34 	 0.00364594 	 	 
11.355 	 0.00363637 	 	 
11.37 	 0.00362668 	 	 
11.385 	 0.00361688 	 	 
11.4 	 0.00360695 	 	 
11.415 	 0.0035969 	 	 
11.43 	 0.00358674 	 	 
11.445 	 0.00357646 	 	 
11.46 	 0.00356606 	 	 
11.475 	 0.00355555 	 	 
11.49 	 0.00354492 	 	 
11.505 	 0.00353418 	 	 
11.52 	 0.00352332 	 	 
11.535 	 0.00351235 	 	 
11.55 	 0.00350127 	 	 
11.565 	 0.00349008 	 	 
11.58 	 0.00347878 	 	 
11.595 	 0.00346736 	 	 
11.61 	 0.00345584 	 	 
11.625 	 0.00344421 	 	 
11.64 	 0.00343247 	 	 
11.655 	 0.00342063 	 	 
11.67 	 0.00340867 	 	 
11.685 	 0.00339662 	 	 
11.7 	 0.00338446 	 	 
11.715 	 0.0033722 	 	 
11.73 	 0.00335983 	 	 
11.745 	 0.00334737 	 	 
11.76 	 0.0033348 	 	 
11.775 	 0.00332214 	 	 
11.79 	 0.00330938 	 	 
11.805 	 0.00329652 	 	 
11.82 	 0.00328356 	 	 
11.835 	 0.00327052 	 	 
11.85 	 0.00325737 	 	 
11.865 	 0.00324414 	 	 
11.88 	 0.00323081 	 	 
11.895 	 0.0032174 	 	 
11.91 	 0.0032039 	 	 
11.925 	 0.0031903 	 	 
11.94 	 0.00317663 	 	 
11.955 	 0.00316286 	 	 
11.97 	 0.00314902 	 	 
11.985 	 0.00313509 	 	 
12 	 0.00312108 	 	 
12.015 	 0.00310699 	 	 
12.03 	 0.00309282 	 	 
12.045 	 0.00307858 	 	 
12.06 	 0.00306425 	 	 
12.075 	 0.00304986 	 	 
12.09 	 0.00303539 	 	 
12.105 	 0.00302085 	 	 
12.12 	 0.00300624 	 	 
12.135 	 0.00299156 	 	 
12.15 	 0.00297681 	 	 
12.165 	 0.002962 	 	 
12.18 	 0.00294712 	 	 
12.195 	 0.00293218 	 	 
12.21 	 0.00291717 	 	 
12.225 	 0.00290211 	 	 
12.24 	 0.00288699 	 	 
12.255 	 0.00287181 	 	 
12.27 	 0.00285658 	 	 
12.285 	 0.00284129 	 	 
12.3 	 0.00282595 	 	 
12.315 	 0.00281056 	 	 
12.33 	 0.00279511 	 	 
12.345 	 0.00277963 	 	 
12.36 	 0.00276409 	 	 
12.375 	 0.00274851 	 	 
12.39 	 0.00273288 	 	 
12.405 	 0.00271722 	 	 
12.42 	 0.00270151 	 	 
12.435 	 0.00268577 	 	 
12.45 	 0.00266999 	 	 
12.465 	 0.00265417 	 	 
12.48 	 0.00263832 	 	 
12.495 	 0.00262244 	 	 
12.51 	 0.00260652 	 	 
12.525 	 0.00259058 	 	 
12.54 	 0.00257461 	 	 
12.555 	 0.00255862 	 	 
12.57 	 0.0025426 	 	 
12.585 	 0.00252656 	 	 
12.6 	 0.00251049 	 	 
12.615 	 0.00249441 	 	 
12.63 	 0.00247831 	 	 
12.645 	 0.0024622 	 	 
12.66 	 0.00244607 	 	 
12.675 	 0.00242992 	 	 
12.69 	 0.00241377 	 	 
12.705 	 0.0023976 	 	 
12.72 	 0.00238143 	 	 
12.735 	 0.00236526 	 	 
12.75 	 0.00234907 	 	 
12.765 	 0.00233289 	 	 
12.78 	 0.0023167 	 	 
12.795 	 0.00230051 	 	 
12.81 	 0.00228432 	 	 
12.825 	 0.00226814 	 	 
12.84 	 0.00225196 	 	 
12.855 	 0.00223579 	 	 
12.87 	 0.00221963 	 	 
12.885 	 0.00220347 	 	 
12.9 	 0.00218733 	 	 
12.915 	 0.00217119 	 	 
12.93 	 0.00215508 	 	 
12.945 	 0.00213897 	 	 
12.96 	 0.00212289 	 	 
12.975 	 0.00210682 	 	 
12.99 	 0.00209077 	 	 
13.005 	 0.00207475 	 	 
13.02 	 0.00205875 	 	 
13.035 	 0.00204277 	 	 
13.05 	 0.00202682 	 	 
13.065 	 0.00201089 	 	 
13.08 	 0.00199499 	 	 
13.095 	 0.00197913 	 	 
13.11 	 0.00196329 	 	 
13.125 	 0.00194749 	 	 
13.14 	 0.00193173 	 	 
13.155 	 0.001916 	 	 
13.17 	 0.0019003 	 	 
13.185 	 0.00188465 	 	 
13.2 	 0.00186903 	 	 
13.215 	 0.00185346 	 	 
13.23 	 0.00183793 	 	 
13.245 	 0.00182244 	 	 
13.26 	 0.00180699 	 	 
13.275 	 0.0017916 	 	 
13.29 	 0.00177625 	 	 
13.305 	 0.00176095 	 	 
13.32 	 0.0017457 	 	 
13.335 	 0.0017305 	 	 
13.35 	 0.00171535 	 	 
13.365 	 0.00170026 	 	 
13.38 	 0.00168522 	 	 
13.395 	 0.00167023 	 	 
13.41 	 0.00165531 	 	 
13.425 	 0.00164044 	 	 
13.44 	 0.00162563 	 	 
13.455 	 0.00161088 	 	 
13.47 	 0.0015962 	 	 
13.485 	 0.00158157 	 	 
13.5 	 0.00156701 	 	 
13.515 	 0.00155252 	 	 
13.53 	 0.00153809 	 	 
13.545 	 0.00152372 	 	 
13.56 	 0.00150942 	 	 
13.575 	 0.00149519 	 	 
13.59 	 0.00148103 	 	 
13.605 	 0.00146695 	 	 
13.62 	 0.00145293 	 	 
13.635 	 0.00143898 	 	 
13.65 	 0.00142511 	 	 
13.665 	 0.0014113 	 	 
13.68 	 0.00139758 	 	 
13.695 	 0.00138393 	 	 
13.71 	 0.00137035 	 	 
13.725 	 0.00135685 	 	 
13.74 	 0.00134343 	 	 
13.755 	 0.00133009 	 	 
13.77 	 0.00131682 	 	 
13.785 	 0.00130364 	 	 
13.8 	 0.00129053 	 	 
13.815 	 0.0012775 	 	 
13.83 	 0.00126456 	 	 
13.845 	 0.00125169 	 	 
13.86 	 0.00123891 	 	 
13.875 	 0.00122621 	 	 
13.89 	 0.0012136 	 	 
13.905 	 0.00120106 	 	 
13.92 	 0.00118861 	 	 
13.935 	 0.00117624 	 	 
13.95 	 0.00116396 	 	 
13.965 	 0.00115176 	 	 
13.98 	 0.00113965 	 	 
13.995 	 0.00112762 	 	 
14.01 	 0.00111568 	 	 
14.025 	 0.00110382 	 	 
14.04 	 0.00109205 	 	 
14.055 	 0.00108036 	 	 
14.07 	 0.00106876 	 	 
14.085 	 0.00105725 	 	 
14.1 	 0.00104582 	 	 
14.115 	 0.00103448 	 	 
14.13 	 0.00102322 	 	 
14.145 	 0.00101205 	 	 
14.16 	 0.00100097 	 	 
14.175 	 0.000989973 	 	 
14.19 	 0.000979063 	 	 
14.205 	 0.000968239 	 	 
14.22 	 0.000957502 	 	 
14.235 	 0.000946851 	 	 
14.25 	 0.000936286 	 	 
14.265 	 0.000925808 	 	 
14.28 	 0.000915416 	 	 
14.295 	 0.000905109 	 	 
14.31 	 0.000894889 	 	 
14.325 	 0.000884754 	 	 
14.34 	 0.000874705 	 	 
14.355 	 0.000864741 	 	 
14.37 	 0.000854863 	 	 
14.385 	 0.000845069 	 	 
14.4 	 0.000835361 	 	 
14.415 	 0.000825737 	 	 
14.43 	 0.000816197 	 	 
14.445 	 0.000806741 	 	 
14.46 	 0.00079737 	 	 
14.475 	 0.000788082 	 	 
14.49 	 0.000778877 	 	 
14.505 	 0.000769756 	 	 
14.52 	 0.000760717 	 	 
14.535 	 0.000751761 	 	 
14.55 	 0.000742887 	 	 
14.565 	 0.000734096 	 	 
14.58 	 0.000725385 	 	 
14.595 	 0.000716757 	 	 
14.61 	 0.000708209 	 	 
14.625 	 0.000699741 	 	 
14.64 	 0.000691354 	 	 
14.655 	 0.000683047 	 	 
14.67 	 0.000674819 	 	 
14.685 	 0.00066667 	 	 
14.7 	 0.0006586 	 	 
14.715 	 0.000650609 	 	 
14.73 	 0.000642695 	 	 
14.745 	 0.000634859 	 	 
14.76 	 0.0006271 	 	 
14.775 	 0.000619418 	 	 
14.79 	 0.000611811 	 	 
14.805 	 0.000604281 	 	 
14.82 	 0.000596826 	 	 
14.835 	 0.000589446 	 	 
14.85 	 0.000582141 	 	 
14.865 	 0.00057491 	 	 
14.88 	 0.000567752 	 	 
14.895 	 0.000560668 	 	 
14.91 	 0.000553656 	 	 
14.925 	 0.000546717 	 	 
14.94 	 0.00053985 	 	 
14.955 	 0.000533054 	 	 
14.97 	 0.000526329 	 	 
14.985 	 0.000519674 	 	 
15 	 0.000513089 	 	 
15.015 	 0.000506574 	 	 
15.03 	 0.000500128 	 	 
15.045 	 0.000493751 	 	 
15.06 	 0.000487441 	 	 
15.075 	 0.000481199 	 	 
15.09 	 0.000475024 	 	 
15.105 	 0.000468916 	 	 
15.12 	 0.000462873 	 	 
15.135 	 0.000456897 	 	 
15.15 	 0.000450985 	 	 
15.165 	 0.000445138 	 	 
15.18 	 0.000439355 	 	 
15.195 	 0.000433636 	 	 
15.21 	 0.00042798 	 	 
15.225 	 0.000422386 	 	 
15.24 	 0.000416855 	 	 
15.255 	 0.000411385 	 	 
15.27 	 0.000405977 	 	 
15.285 	 0.000400629 	 	 
15.3 	 0.000395341 	 	 
15.315 	 0.000390113 	 	 
15.33 	 0.000384944 	 	 
15.345 	 0.000379834 	 	 
15.36 	 0.000374782 	 	 
15.375 	 0.000369787 	 	 
15.39 	 0.00036485 	 	 
15.405 	 0.00035997 	 	 
15.42 	 0.000355145 	 	 
15.435 	 0.000350377 	 	 
15.45 	 0.000345664 	 	 
15.465 	 0.000341005 	 	 
15.48 	 0.000336401 	 	 
15.495 	 0.00033185 	 	 
15.51 	 0.000327353 	 	 
15.525 	 0.000322908 	 	 
15.54 	 0.000318516 	 	 
15.555 	 0.000314175 	 	 
15.57 	 0.000309886 	 	 
15.585 	 0.000305648 	 	 
15.6 	 0.00030146 	 	 
15.615 	 0.000297322 	 	 
15.63 	 0.000293234 	 	 
15.645 	 0.000289195 	 	 
15.66 	 0.000285204 	 	 
15.675 	 0.000281261 	 	 
15.69 	 0.000277365 	 	 
15.705 	 0.000273517 	 	 
15.72 	 0.000269716 	 	 
15.735 	 0.00026596 	 	 
15.75 	 0.00026225 	 	 
15.765 	 0.000258586 	 	 
15.78 	 0.000254967 	 	 
15.795 	 0.000251391 	 	 
15.81 	 0.00024786 	 	 
15.825 	 0.000244373 	 	 
15.84 	 0.000240928 	 	 
15.855 	 0.000237526 	 	 
15.87 	 0.000234166 	 	 
15.885 	 0.000230848 	 	 
15.9 	 0.000227571 	 	 
15.915 	 0.000224335 	 	 
15.93 	 0.00022114 	 	 
15.945 	 0.000217985 	 	 
15.96 	 0.000214869 	 	 
15.975 	 0.000211792 	 	 
15.99 	 0.000208755 	 	 
16.005 	 0.000205755 	 	 
16.02 	 0.000202794 	 	 
16.035 	 0.00019987 	 	 
16.05 	 0.000196984 	 	 
16.065 	 0.000194134 	 	 
16.08 	 0.00019132 	 	 
16.095 	 0.000188543 	 	 
16.11 	 0.000185801 	 	 
16.125 	 0.000183094 	 	 
16.14 	 0.000180422 	 	 
16.155 	 0.000177784 	 	 
16.17 	 0.000175181 	 	 
16.185 	 0.000172611 	 	 
16.2 	 0.000170075 	 	 
16.215 	 0.000167571 	 	 
16.23 	 0.0001651 	 	 
16.245 	 0.000162661 	 	 
16.26 	 0.000160254 	 	 
16.275 	 0.000157878 	 	 
16.29 	 0.000155534 	 	 
16.305 	 0.00015322 	 	 
16.32 	 0.000150937 	 	 
16.335 	 0.000148684 	 	 
16.35 	 0.00014646 	 	 
16.365 	 0.000144266 	 	 
16.38 	 0.000142101 	 	 
16.395 	 0.000139965 	 	 
16.41 	 0.000137857 	 	 
16.425 	 0.000135777 	 	 
16.44 	 0.000133725 	 	 
16.455 	 0.0001317 	 	 
16.47 	 0.000129702 	 	 
16.485 	 0.000127731 	 	 
16.5 	 0.000125786 	 	 
16.515 	 0.000123868 	 	 
16.53 	 0.000121975 	 	 
16.545 	 0.000120108 	 	 
16.56 	 0.000118266 	 	 
16.575 	 0.000116449 	 	 
16.59 	 0.000114657 	 	 
16.605 	 0.000112888 	 	 
16.62 	 0.000111144 	 	 
16.635 	 0.000109424 	 	 
16.65 	 0.000107727 	 	 
16.665 	 0.000106053 	 	 
16.68 	 0.000104403 	 	 
16.695 	 0.000102774 	 	 
16.71 	 0.000101168 	 	 
16.725 	 9.95846e-05 	 	 
16.74 	 9.80226e-05 	 	 
16.755 	 9.6482e-05 	 	 
16.77 	 9.49628e-05 	 	 
16.785 	 9.34645e-05 	 	 
16.8 	 9.1987e-05 	 	 
16.815 	 9.05299e-05 	 	 
16.83 	 8.90931e-05 	 	 
16.845 	 8.76763e-05 	 	 
16.86 	 8.62792e-05 	 	 
16.875 	 8.49016e-05 	 	 
16.89 	 8.35432e-05 	 	 
16.905 	 8.22038e-05 	 	 
16.92 	 8.08832e-05 	 	 
16.935 	 7.95811e-05 	 	 
16.95 	 7.82974e-05 	 	 
16.965 	 7.70316e-05 	 	 
16.98 	 7.57838e-05 	 	 
16.995 	 7.45535e-05 	 	 
17.01 	 7.33406e-05 	 	 
17.025 	 7.21449e-05 	 	 
17.04 	 7.09662e-05 	 	 
17.055 	 6.98042e-05 	 	 
17.07 	 6.86587e-05 	 	 
17.085 	 6.75295e-05 	 	 
17.1 	 6.64164e-05 	 	 
17.115 	 6.53192e-05 	 	 
17.13 	 6.42377e-05 	 	 
17.145 	 6.31717e-05 	 	 
17.16 	 6.2121e-05 	 	 
17.175 	 6.10854e-05 	 	 
17.19 	 6.00647e-05 	 	 
17.205 	 5.90587e-05 	 	 
17.22 	 5.80672e-05 	 	 
17.235 	 5.709e-05 	 	 
17.25 	 5.6127e-05 	 	 
17.265 	 5.51779e-05 	 	 
17.28 	 5.42427e-05 	 	 
17.295 	 5.3321e-05 	 	 
17.31 	 5.24127e-05 	 	 
17.325 	 5.15177e-05 	 	 
17.34 	 5.06357e-05 	 	 
17.355 	 4.97667e-05 	 	 
17.37 	 4.89103e-05 	 	 
17.385 	 4.80666e-05 	 	 
17.4 	 4.72352e-05 	 	 
17.415 	 4.6416e-05 	 	 
17.43 	 4.5609e-05 	 	 
17.445 	 4.48138e-05 	 	 
17.46 	 4.40304e-05 	 	 
17.475 	 4.32586e-05 	 	 
17.49 	 4.24982e-05 	 	 
17.505 	 4.17492e-05 	 	 
17.52 	 4.10112e-05 	 	 
17.535 	 4.02843e-05 	 	 
17.55 	 3.95682e-05 	 	 
17.565 	 3.88628e-05 	 	 
17.58 	 3.8168e-05 	 	 
17.595 	 3.74836e-05 	 	 
17.61 	 3.68094e-05 	 	 
17.625 	 3.61454e-05 	 	 
17.64 	 3.54914e-05 	 	 
17.655 	 3.48473e-05 	 	 
17.67 	 3.42129e-05 	 	 
17.685 	 3.35881e-05 	 	 
17.7 	 3.29728e-05 	 	 
17.715 	 3.23668e-05 	 	 
17.73 	 3.17701e-05 	 	 
17.745 	 3.11824e-05 	 	 
17.76 	 3.06037e-05 	 	 
17.775 	 3.00339e-05 	 	 
17.79 	 2.94728e-05 	 	 
17.805 	 2.89203e-05 	 	 
17.82 	 2.83763e-05 	 	 
17.835 	 2.78407e-05 	 	 
17.85 	 2.73134e-05 	 	 
17.865 	 2.67942e-05 	 	 
17.88 	 2.62831e-05 	 	 
17.895 	 2.57799e-05 	 	 
17.91 	 2.52845e-05 	 	 
17.925 	 2.47968e-05 	 	 
17.94 	 2.43168e-05 	 	 
17.955 	 2.38443e-05 	 	 
17.97 	 2.33791e-05 	 	 
17.985 	 2.29213e-05 	 	 
18 	 2.24707e-05 	 	 
18.015 	 2.20272e-05 	 	 
18.03 	 2.15907e-05 	 	 
18.045 	 2.11611e-05 	 	 
18.06 	 2.07383e-05 	 	 
18.075 	 2.03222e-05 	 	 
18.09 	 1.99128e-05 	 	 
18.105 	 1.95099e-05 	 	 
18.12 	 1.91135e-05 	 	 
18.135 	 1.87234e-05 	 	 
18.15 	 1.83397e-05 	 	 
18.165 	 1.79621e-05 	 	 
18.18 	 1.75906e-05 	 	 
18.195 	 1.72251e-05 	 	 
18.21 	 1.68655e-05 	 	 
18.225 	 1.65118e-05 	 	 
18.24 	 1.61639e-05 	 	 
18.255 	 1.58217e-05 	 	 
18.27 	 1.54851e-05 	 	 
18.285 	 1.5154e-05 	 	 
18.3 	 1.48284e-05 	 	 
18.315 	 1.45082e-05 	 	 
18.33 	 1.41933e-05 	 	 
18.345 	 1.38836e-05 	 	 
18.36 	 1.35791e-05 	 	 
18.375 	 1.32797e-05 	 	 
18.39 	 1.29854e-05 	 	 
18.405 	 1.26959e-05 	 	 
18.42 	 1.24114e-05 	 	 
18.435 	 1.21317e-05 	 	 
18.45 	 1.18567e-05 	 	 
18.465 	 1.15865e-05 	 	 
18.48 	 1.13208e-05 	 	 
18.495 	 1.10597e-05 	 	 
18.51 	 1.08032e-05 	 	 
18.525 	 1.0551e-05 	 	 
18.54 	 1.03032e-05 	 	 
18.555 	 1.00598e-05 	 	 
18.57 	 9.8206e-06 	 	 
18.585 	 9.5856e-06 	 	 
18.6 	 9.35474e-06 	 	 
18.615 	 9.12797e-06 	 	 
18.63 	 8.90522e-06 	 	 
18.645 	 8.68645e-06 	 	 
18.66 	 8.47161e-06 	 	 
18.675 	 8.26062e-06 	 	 
18.69 	 8.05345e-06 	 	 
18.705 	 7.85005e-06 	 	 
18.72 	 7.65035e-06 	 	 
18.735 	 7.45432e-06 	 	 
18.75 	 7.2619e-06 	 	 
18.765 	 7.07304e-06 	 	 
18.78 	 6.88769e-06 	 	 
18.795 	 6.70581e-06 	 	 
18.81 	 6.52735e-06 	 	 
18.825 	 6.35227e-06 	 	 
18.84 	 6.18052e-06 	 	 
18.855 	 6.01205e-06 	 	 
18.87 	 5.84683e-06 	 	 
18.885 	 5.6848e-06 	 	 
18.9 	 5.52593e-06 	 	 
18.915 	 5.37018e-06 	 	 
18.93 	 5.2175e-06 	 	 
18.945 	 5.06785e-06 	 	 
18.96 	 4.92119e-06 	 	 
18.975 	 4.77749e-06 	 	 
18.99 	 4.63671e-06 	 	 
19.005 	 4.4988e-06 	 	 
19.02 	 4.36373e-06 	 	 
19.035 	 4.23147e-06 	 	 
19.05 	 4.10198e-06 	 	 
19.065 	 3.97521e-06 	 	 
19.08 	 3.85115e-06 	 	 
19.095 	 3.72974e-06 	 	 
19.11 	 3.61097e-06 	 	 
19.125 	 3.49479e-06 	 	 
19.14 	 3.38118e-06 	 	 
19.155 	 3.2701e-06 	 	 
19.17 	 3.16151e-06 	 	 
19.185 	 3.0554e-06 	 	 
19.2 	 2.95172e-06 	 	 
19.215 	 2.85046e-06 	 	 
19.23 	 2.75157e-06 	 	 
19.245 	 2.65503e-06 	 	 
19.26 	 2.56081e-06 	 	 
19.275 	 2.46889e-06 	 	 
19.29 	 2.37924e-06 	 	 
19.305 	 2.29182e-06 	 	 
19.32 	 2.20662e-06 	 	 
19.335 	 2.12361e-06 	 	 
19.35 	 2.04276e-06 	 	 
19.365 	 1.96404e-06 	 	 
19.38 	 1.88745e-06 	 	 
19.395 	 1.81294e-06 	 	 
19.41 	 1.74049e-06 	 	 
19.425 	 1.67009e-06 	 	 
19.44 	 1.60171e-06 	 	 
19.455 	 1.53533e-06 	 	 
19.47 	 1.47092e-06 	 	 
19.485 	 1.40847e-06 	 	 
19.5 	 1.34796e-06 	 	 
19.515 	 1.28936e-06 	 	 
19.53 	 1.23265e-06 	 	 
19.545 	 1.17782e-06 	 	 
19.56 	 1.12484e-06 	 	 
19.575 	 1.07371e-06 	 	 
19.59 	 1.02439e-06 	 	 
19.605 	 9.76874e-07 	 	 
19.62 	 9.31143e-07 	 	 
19.635 	 8.87179e-07 	 	 
19.65 	 8.44967e-07 	 	 
19.665 	 8.04489e-07 	 	 
19.68 	 7.6573e-07 	 	 
19.695 	 7.28675e-07 	 	 
19.71 	 6.93309e-07 	 	 
19.725 	 6.59618e-07 	 	 
19.74 	 6.27586e-07 	 	 
19.755 	 5.97201e-07 	 	 
19.77 	 5.6845e-07 	 	 
19.785 	 5.41318e-07 	 	 
19.8 	 5.15794e-07 	 	 
19.815 	 4.91866e-07 	 	 
19.83 	 4.6952e-07 	 	 
19.845 	 4.48747e-07 	 	 
19.86 	 4.29534e-07 	 	 
19.875 	 4.11872e-07 	 	 
19.89 	 3.95749e-07 	 	 
19.905 	 3.81156e-07 	 	 
19.92 	 3.68083e-07 	 	 
19.935 	 3.56521e-07 	 	 
19.95 	 3.46461e-07 	 	 
19.965 	 3.37893e-07 	 	 
19.98 	 3.30811e-07 	 	 
