0 	 2.49474 	 -0.160705
0.015 	 2.49474 	 -0.160706
0.03 	 2.49473 	 -0.160708
0.045 	 2.49472 	 -0.160711
0.06 	 2.4947 	 -0.160715
0.075 	 2.49469 	 -0.16072
0.09 	 2.49467 	 -0.160726
0.105 	 2.49466 	 -0.160733
0.12 	 2.49464 	 -0.16074
0.135 	 2.49461 	 -0.160748
0.15 	 2.49459 	 -0.160758
0.165 	 2.49458 	 -0.160758
0.18 	 2.49454 	 -0.160779
0.195 	 2.49451 	 -0.160791
0.21 	 2.49448 	 -0.160803
0.225 	 2.49446 	 -0.160803
0.24 	 2.49441 	 -0.160832
0.255 	 2.49437 	 -0.160847
0.27 	 2.49433 	 -0.160863
0.285 	 2.49429 	 -0.16088
0.3 	 2.49425 	 -0.160898
0.315 	 2.49421 	 -0.160917
0.33 	 2.49418 	 -0.160917
0.345 	 2.49411 	 -0.160958
0.36 	 2.49406 	 -0.160979
0.375 	 2.49401 	 -0.161002
0.39 	 2.49396 	 -0.161025
0.405 	 2.4939 	 -0.161049
0.42 	 2.49385 	 -0.161074
0.435 	 2.49379 	 -0.1611
0.45 	 2.49375 	 -0.1611
0.465 	 2.49367 	 -0.161155
0.48 	 2.4936 	 -0.161183
0.495 	 2.49354 	 -0.161213
0.51 	 2.49347 	 -0.161243
0.525 	 2.4934 	 -0.161274
0.54 	 2.49333 	 -0.161307
0.555 	 2.49326 	 -0.16134
0.57 	 2.49318 	 -0.161373
0.585 	 2.4931 	 -0.161408
0.6 	 2.49303 	 -0.161444
0.615 	 2.49295 	 -0.16148
0.63 	 2.49286 	 -0.161518
0.645 	 2.49278 	 -0.161556
0.66 	 2.49271 	 -0.161556
0.675 	 2.4926 	 -0.161635
0.69 	 2.49251 	 -0.161676
0.705 	 2.49242 	 -0.161718
0.72 	 2.49233 	 -0.161761
0.735 	 2.49223 	 -0.161804
0.75 	 2.49214 	 -0.161849
0.765 	 2.49204 	 -0.161894
0.78 	 2.49194 	 -0.16194
0.795 	 2.49183 	 -0.161987
0.81 	 2.49173 	 -0.162035
0.825 	 2.49162 	 -0.162084
0.84 	 2.49151 	 -0.162134
0.855 	 2.4914 	 -0.162184
0.87 	 2.49129 	 -0.162236
0.885 	 2.49117 	 -0.162288
0.9 	 2.49108 	 -0.162288
0.915 	 2.49094 	 -0.162395
0.93 	 2.49082 	 -0.16245
0.945 	 2.4907 	 -0.162506
0.96 	 2.49057 	 -0.162563
0.975 	 2.49045 	 -0.162621
0.99 	 2.49032 	 -0.162679
1.005 	 2.49019 	 -0.162739
1.02 	 2.49006 	 -0.162799
1.035 	 2.48992 	 -0.16286
1.05 	 2.48979 	 -0.162922
1.065 	 2.48965 	 -0.162985
1.08 	 2.48951 	 -0.163049
1.095 	 2.48937 	 -0.163113
1.11 	 2.48922 	 -0.163179
1.125 	 2.48908 	 -0.163245
1.14 	 2.48893 	 -0.163312
1.155 	 2.48878 	 -0.16338
1.17 	 2.48863 	 -0.163449
1.185 	 2.48847 	 -0.163519
1.2 	 2.48832 	 -0.16359
1.215 	 2.48816 	 -0.163662
1.23 	 2.488 	 -0.163734
1.245 	 2.48784 	 -0.163807
1.26 	 2.48767 	 -0.163882
1.275 	 2.48751 	 -0.163957
1.29 	 2.48734 	 -0.164032
1.305 	 2.48717 	 -0.164109
1.32 	 2.48702 	 -0.164109
1.335 	 2.48682 	 -0.164265
1.35 	 2.48664 	 -0.164345
1.365 	 2.48646 	 -0.164425
1.38 	 2.48628 	 -0.164506
1.395 	 2.4861 	 -0.164588
1.41 	 2.48592 	 -0.164671
1.425 	 2.48573 	 -0.164754
1.44 	 2.48554 	 -0.164839
1.455 	 2.48535 	 -0.164924
1.47 	 2.48515 	 -0.16501
1.485 	 2.48496 	 -0.165097
1.5 	 2.48476 	 -0.165185
1.515 	 2.48456 	 -0.165274
1.53 	 2.48436 	 -0.165363
1.545 	 2.48415 	 -0.165454
1.56 	 2.48395 	 -0.165545
1.575 	 2.48374 	 -0.165637
1.59 	 2.48353 	 -0.16573
1.605 	 2.48332 	 -0.165824
1.62 	 2.4831 	 -0.165918
1.635 	 2.48288 	 -0.166013
1.65 	 2.48266 	 -0.16611
1.665 	 2.48244 	 -0.166207
1.68 	 2.48222 	 -0.166304
1.695 	 2.48199 	 -0.166403
1.71 	 2.48176 	 -0.166503
1.725 	 2.48153 	 -0.166603
1.74 	 2.4813 	 -0.166704
1.755 	 2.48106 	 -0.166806
1.77 	 2.48082 	 -0.166908
1.785 	 2.48058 	 -0.167012
1.8 	 2.48036 	 -0.167012
1.815 	 2.4801 	 -0.167221
1.83 	 2.47985 	 -0.167327
1.845 	 2.4796 	 -0.167434
1.86 	 2.47935 	 -0.167541
1.875 	 2.47909 	 -0.167649
1.89 	 2.47884 	 -0.167758
1.905 	 2.47858 	 -0.167868
1.92 	 2.47832 	 -0.167979
1.935 	 2.47805 	 -0.16809
1.95 	 2.47779 	 -0.168202
1.965 	 2.47752 	 -0.168315
1.98 	 2.47725 	 -0.168428
1.995 	 2.47697 	 -0.168543
2.01 	 2.4767 	 -0.168658
2.025 	 2.47642 	 -0.168773
2.04 	 2.47614 	 -0.16889
2.055 	 2.47585 	 -0.169007
2.07 	 2.47557 	 -0.169125
2.085 	 2.47528 	 -0.169244
2.1 	 2.47499 	 -0.169364
2.115 	 2.4747 	 -0.169484
2.13 	 2.4744 	 -0.169605
2.145 	 2.4741 	 -0.169726
2.16 	 2.4738 	 -0.169849
2.175 	 2.4735 	 -0.169972
2.19 	 2.47319 	 -0.170095
2.205 	 2.47288 	 -0.17022
2.22 	 2.47257 	 -0.170345
2.235 	 2.47226 	 -0.170471
2.25 	 2.47194 	 -0.170597
2.265 	 2.47162 	 -0.170724
2.28 	 2.4713 	 -0.170852
2.295 	 2.47097 	 -0.170981
2.31 	 2.47065 	 -0.17111
2.325 	 2.47032 	 -0.17124
2.34 	 2.46999 	 -0.17137
2.355 	 2.46965 	 -0.171501
2.37 	 2.46931 	 -0.171633
2.385 	 2.46897 	 -0.171765
2.4 	 2.46863 	 -0.171898
2.415 	 2.46828 	 -0.172032
2.43 	 2.46793 	 -0.172166
2.445 	 2.46758 	 -0.172301
2.46 	 2.46723 	 -0.172437
2.475 	 2.46687 	 -0.172573
2.49 	 2.46651 	 -0.172709
2.505 	 2.46615 	 -0.172847
2.52 	 2.46578 	 -0.172984
2.535 	 2.46541 	 -0.173123
2.55 	 2.46504 	 -0.173262
2.565 	 2.46467 	 -0.173401
2.58 	 2.46429 	 -0.173541
2.595 	 2.46391 	 -0.173682
2.61 	 2.46353 	 -0.173823
2.625 	 2.46314 	 -0.173965
2.64 	 2.46278 	 -0.173965
2.655 	 2.46236 	 -0.17425
2.67 	 2.46197 	 -0.174393
2.685 	 2.46157 	 -0.174537
2.7 	 2.46117 	 -0.174682
2.715 	 2.46077 	 -0.174826
2.73 	 2.46036 	 -0.174972
2.745 	 2.45995 	 -0.175118
2.76 	 2.45954 	 -0.175264
2.775 	 2.45912 	 -0.175411
2.79 	 2.45871 	 -0.175558
2.805 	 2.45828 	 -0.175706
2.82 	 2.45786 	 -0.175854
2.835 	 2.45743 	 -0.176002
2.85 	 2.457 	 -0.176151
2.865 	 2.45657 	 -0.176301
2.88 	 2.45613 	 -0.176451
2.895 	 2.45569 	 -0.176601
2.91 	 2.45524 	 -0.176752
2.925 	 2.4548 	 -0.176903
2.94 	 2.45435 	 -0.177054
2.955 	 2.45389 	 -0.177206
2.97 	 2.45344 	 -0.177359
2.985 	 2.45298 	 -0.177511
3 	 2.45252 	 -0.177664
3.015 	 2.45205 	 -0.177818
3.03 	 2.45158 	 -0.177971
3.045 	 2.45111 	 -0.178125
3.06 	 2.45063 	 -0.17828
3.075 	 2.45015 	 -0.178435
3.09 	 2.44967 	 -0.17859
3.105 	 2.44918 	 -0.178745
3.12 	 2.44869 	 -0.178901
3.135 	 2.4482 	 -0.179057
3.15 	 2.4477 	 -0.179213
3.165 	 2.4472 	 -0.17937
3.18 	 2.4467 	 -0.179526
3.195 	 2.4462 	 -0.179683
3.21 	 2.44569 	 -0.179841
3.225 	 2.44517 	 -0.179998
3.24 	 2.44465 	 -0.180156
3.255 	 2.44413 	 -0.180314
3.27 	 2.44361 	 -0.180473
3.285 	 2.44308 	 -0.180631
3.3 	 2.44255 	 -0.18079
3.315 	 2.44202 	 -0.180949
3.33 	 2.44148 	 -0.181108
3.345 	 2.44094 	 -0.181267
3.36 	 2.44039 	 -0.181427
3.375 	 2.43984 	 -0.181586
3.39 	 2.43929 	 -0.181746
3.405 	 2.43873 	 -0.181906
3.42 	 2.43817 	 -0.182066
3.435 	 2.43761 	 -0.182227
3.45 	 2.43704 	 -0.182387
3.465 	 2.43647 	 -0.182547
3.48 	 2.4359 	 -0.182708
3.495 	 2.43532 	 -0.182869
3.51 	 2.43473 	 -0.18303
3.525 	 2.43415 	 -0.18319
3.54 	 2.43356 	 -0.183351
3.555 	 2.43296 	 -0.183512
3.57 	 2.43237 	 -0.183674
3.585 	 2.43176 	 -0.183835
3.6 	 2.4312 	 -0.183835
3.615 	 2.43055 	 -0.184157
3.63 	 2.42994 	 -0.184318
3.645 	 2.42932 	 -0.18448
3.66 	 2.4287 	 -0.184641
3.675 	 2.42807 	 -0.184802
3.69 	 2.42744 	 -0.184963
3.705 	 2.42681 	 -0.185125
3.72 	 2.42617 	 -0.185286
3.735 	 2.42553 	 -0.185447
3.75 	 2.42489 	 -0.185608
3.765 	 2.42424 	 -0.185769
3.78 	 2.42359 	 -0.18593
3.795 	 2.42293 	 -0.186091
3.81 	 2.42227 	 -0.186252
3.825 	 2.4216 	 -0.186413
3.84 	 2.42093 	 -0.186574
3.855 	 2.42026 	 -0.186734
3.87 	 2.41958 	 -0.186895
3.885 	 2.4189 	 -0.187055
3.9 	 2.41821 	 -0.187215
3.915 	 2.41752 	 -0.187375
3.93 	 2.41683 	 -0.187535
3.945 	 2.41613 	 -0.187695
3.96 	 2.41543 	 -0.187855
3.975 	 2.41472 	 -0.188014
3.99 	 2.41401 	 -0.188173
4.005 	 2.41329 	 -0.188332
4.02 	 2.41257 	 -0.188491
4.035 	 2.41185 	 -0.18865
4.05 	 2.41112 	 -0.188808
4.065 	 2.41039 	 -0.188967
4.08 	 2.40965 	 -0.189125
4.095 	 2.40891 	 -0.189282
4.11 	 2.40816 	 -0.18944
4.125 	 2.40741 	 -0.189597
4.14 	 2.40665 	 -0.189754
4.155 	 2.40589 	 -0.189911
4.17 	 2.40513 	 -0.190067
4.185 	 2.40436 	 -0.190223
4.2 	 2.40359 	 -0.190379
4.215 	 2.40281 	 -0.190534
4.23 	 2.40203 	 -0.190689
4.245 	 2.40124 	 -0.190844
4.26 	 2.40045 	 -0.190998
4.275 	 2.39965 	 -0.191153
4.29 	 2.39885 	 -0.191306
4.305 	 2.39805 	 -0.19146
4.32 	 2.39724 	 -0.191613
4.335 	 2.39642 	 -0.191765
4.35 	 2.39561 	 -0.191917
4.365 	 2.39478 	 -0.192069
4.38 	 2.39395 	 -0.19222
4.395 	 2.39312 	 -0.192371
4.41 	 2.39228 	 -0.192522
4.425 	 2.39144 	 -0.192672
4.44 	 2.39059 	 -0.192822
4.455 	 2.38974 	 -0.192971
4.47 	 2.38888 	 -0.19312
4.485 	 2.38802 	 -0.193268
4.5 	 2.38716 	 -0.193415
4.515 	 2.38628 	 -0.193563
4.53 	 2.38541 	 -0.193709
4.545 	 2.38453 	 -0.193856
4.56 	 2.38364 	 -0.194001
4.575 	 2.38275 	 -0.194147
4.59 	 2.38186 	 -0.194291
4.605 	 2.38096 	 -0.194435
4.62 	 2.38005 	 -0.194579
4.635 	 2.37914 	 -0.194722
4.65 	 2.37822 	 -0.194864
4.665 	 2.3773 	 -0.195006
4.68 	 2.37638 	 -0.195147
4.695 	 2.3755 	 -0.195147
4.71 	 2.37451 	 -0.195428
4.725 	 2.37357 	 -0.195567
4.74 	 2.37263 	 -0.195706
4.755 	 2.37168 	 -0.195844
4.77 	 2.37072 	 -0.195982
4.785 	 2.36976 	 -0.196119
4.8 	 2.3688 	 -0.196255
4.815 	 2.36783 	 -0.19639
4.83 	 2.36685 	 -0.196525
4.845 	 2.36587 	 -0.196659
4.86 	 2.36489 	 -0.196793
4.875 	 2.36389 	 -0.196926
4.89 	 2.3629 	 -0.197058
4.905 	 2.3619 	 -0.197189
4.92 	 2.36089 	 -0.19732
4.935 	 2.35988 	 -0.19745
4.95 	 2.35886 	 -0.197579
4.965 	 2.35784 	 -0.197707
4.98 	 2.35681 	 -0.197835
4.995 	 2.35578 	 -0.197961
5.01 	 2.35474 	 -0.198087
5.025 	 2.3537 	 -0.198213
5.04 	 2.35265 	 -0.198337
5.055 	 2.3516 	 -0.198461
5.07 	 2.35054 	 -0.198584
5.085 	 2.34948 	 -0.198706
5.1 	 2.34841 	 -0.198827
5.115 	 2.34733 	 -0.198947
5.13 	 2.34625 	 -0.199067
5.145 	 2.34517 	 -0.199185
5.16 	 2.34408 	 -0.199303
5.175 	 2.34298 	 -0.19942
5.19 	 2.34188 	 -0.199536
5.205 	 2.34077 	 -0.199651
5.22 	 2.33966 	 -0.199765
5.235 	 2.33854 	 -0.199878
5.25 	 2.33742 	 -0.199991
5.265 	 2.33629 	 -0.200102
5.28 	 2.3352 	 -0.200102
5.295 	 2.33402 	 -0.200322
5.31 	 2.33287 	 -0.200431
5.325 	 2.33172 	 -0.200538
5.34 	 2.33057 	 -0.200645
5.355 	 2.3294 	 -0.200751
5.37 	 2.32824 	 -0.200855
5.385 	 2.32707 	 -0.200959
5.4 	 2.32589 	 -0.201062
5.415 	 2.32471 	 -0.201163
5.43 	 2.32352 	 -0.201264
5.445 	 2.32232 	 -0.201364
5.46 	 2.32112 	 -0.201462
5.475 	 2.31992 	 -0.20156
5.49 	 2.31871 	 -0.201656
5.505 	 2.31749 	 -0.201752
5.52 	 2.31627 	 -0.201846
5.535 	 2.31504 	 -0.201939
5.55 	 2.31381 	 -0.202031
5.565 	 2.31257 	 -0.202122
5.58 	 2.31133 	 -0.202212
5.595 	 2.31008 	 -0.202301
5.61 	 2.30882 	 -0.202389
5.625 	 2.30756 	 -0.202476
5.64 	 2.3063 	 -0.202561
5.655 	 2.30507 	 -0.202561
5.67 	 2.30375 	 -0.202729
5.685 	 2.30246 	 -0.202811
5.7 	 2.30118 	 -0.202891
5.715 	 2.29988 	 -0.202971
5.73 	 2.29858 	 -0.203049
5.745 	 2.29728 	 -0.203127
5.76 	 2.29597 	 -0.203203
5.775 	 2.29465 	 -0.203278
5.79 	 2.29333 	 -0.203351
5.805 	 2.292 	 -0.203424
5.82 	 2.29067 	 -0.203495
5.835 	 2.28933 	 -0.203565
5.85 	 2.28798 	 -0.203633
5.865 	 2.28663 	 -0.203701
5.88 	 2.28528 	 -0.203767
5.895 	 2.28392 	 -0.203832
5.91 	 2.28255 	 -0.203895
5.925 	 2.28118 	 -0.203958
5.94 	 2.2798 	 -0.204019
5.955 	 2.27841 	 -0.204078
5.97 	 2.27702 	 -0.204137
5.985 	 2.27563 	 -0.204194
6 	 2.27423 	 -0.20425
6.015 	 2.27282 	 -0.204304
6.03 	 2.27141 	 -0.204357
6.045 	 2.26999 	 -0.204409
6.06 	 2.26857 	 -0.204459
6.075 	 2.26714 	 -0.204508
6.09 	 2.2657 	 -0.204555
6.105 	 2.26426 	 -0.204602
6.12 	 2.26282 	 -0.204646
6.135 	 2.26137 	 -0.20469
6.15 	 2.25991 	 -0.204732
6.165 	 2.25845 	 -0.204772
6.18 	 2.25698 	 -0.204811
6.195 	 2.25551 	 -0.204849
6.21 	 2.25403 	 -0.204885
6.225 	 2.25254 	 -0.20492
6.24 	 2.25105 	 -0.204953
6.255 	 2.24956 	 -0.204985
6.27 	 2.24805 	 -0.205016
6.285 	 2.24655 	 -0.205045
6.3 	 2.24504 	 -0.205072
6.315 	 2.24352 	 -0.205098
6.33 	 2.24199 	 -0.205122
6.345 	 2.24046 	 -0.205145
6.36 	 2.23893 	 -0.205167
6.375 	 2.23739 	 -0.205187
6.39 	 2.23584 	 -0.205205
6.405 	 2.23429 	 -0.205222
6.42 	 2.23273 	 -0.205237
6.435 	 2.23117 	 -0.205251
6.45 	 2.2296 	 -0.205263
6.465 	 2.22803 	 -0.205274
6.48 	 2.22645 	 -0.205283
6.495 	 2.22487 	 -0.205291
6.51 	 2.22328 	 -0.205296
6.525 	 2.22168 	 -0.205301
6.54 	 2.22008 	 -0.205303
6.555 	 2.21848 	 -0.205305
6.57 	 2.21687 	 -0.205304
6.585 	 2.21525 	 -0.205302
6.6 	 2.21363 	 -0.205298
6.615 	 2.21204 	 -0.205298
6.63 	 2.21037 	 -0.205286
6.645 	 2.20873 	 -0.205277
6.66 	 2.20709 	 -0.205267
6.675 	 2.20544 	 -0.205255
6.69 	 2.20378 	 -0.205241
6.705 	 2.20212 	 -0.205226
6.72 	 2.20046 	 -0.205209
6.735 	 2.19879 	 -0.20519
6.75 	 2.19711 	 -0.20517
6.765 	 2.19543 	 -0.205148
6.78 	 2.19375 	 -0.205124
6.795 	 2.19206 	 -0.205099
6.81 	 2.19036 	 -0.205072
6.825 	 2.18866 	 -0.205043
6.84 	 2.18695 	 -0.205012
6.855 	 2.18524 	 -0.20498
6.87 	 2.18353 	 -0.204946
6.885 	 2.1818 	 -0.20491
6.9 	 2.18008 	 -0.204872
6.915 	 2.17835 	 -0.204833
6.93 	 2.17661 	 -0.204792
6.945 	 2.17487 	 -0.204749
6.96 	 2.17312 	 -0.204705
6.975 	 2.17137 	 -0.204658
6.99 	 2.16961 	 -0.20461
7.005 	 2.16785 	 -0.20456
7.02 	 2.16608 	 -0.204508
7.035 	 2.16431 	 -0.204455
7.05 	 2.16253 	 -0.204399
7.065 	 2.16075 	 -0.204342
7.08 	 2.15896 	 -0.204283
7.095 	 2.15717 	 -0.204222
7.11 	 2.15538 	 -0.20416
7.125 	 2.15358 	 -0.204095
7.14 	 2.15177 	 -0.204029
7.155 	 2.14996 	 -0.203961
7.17 	 2.14814 	 -0.203891
7.185 	 2.14632 	 -0.203819
7.2 	 2.14453 	 -0.203819
7.215 	 2.14267 	 -0.20367
7.23 	 2.14083 	 -0.203593
7.245 	 2.139 	 -0.203513
7.26 	 2.13715 	 -0.203432
7.275 	 2.1353 	 -0.203349
7.29 	 2.13345 	 -0.203264
7.305 	 2.13159 	 -0.203178
7.32 	 2.12973 	 -0.203089
7.335 	 2.12787 	 -0.202998
7.35 	 2.126 	 -0.202906
7.365 	 2.12412 	 -0.202812
7.38 	 2.12224 	 -0.202715
7.395 	 2.12036 	 -0.202617
7.41 	 2.11847 	 -0.202517
7.425 	 2.11658 	 -0.202415
7.44 	 2.11468 	 -0.202312
7.455 	 2.11278 	 -0.202206
7.47 	 2.11087 	 -0.202098
7.485 	 2.10896 	 -0.201988
7.5 	 2.10705 	 -0.201877
7.515 	 2.10513 	 -0.201763
7.53 	 2.10321 	 -0.201648
7.545 	 2.10128 	 -0.201531
7.56 	 2.09935 	 -0.201411
7.575 	 2.09744 	 -0.201411
7.59 	 2.09548 	 -0.201167
7.605 	 2.09353 	 -0.201042
7.62 	 2.09159 	 -0.200915
7.635 	 2.08964 	 -0.200786
7.65 	 2.08768 	 -0.200655
7.665 	 2.08572 	 -0.200522
7.68 	 2.08376 	 -0.200387
7.695 	 2.08179 	 -0.20025
7.71 	 2.07982 	 -0.200111
7.725 	 2.07785 	 -0.199971
7.74 	 2.07587 	 -0.199828
7.755 	 2.07389 	 -0.199683
7.77 	 2.07191 	 -0.199537
7.785 	 2.06992 	 -0.199388
7.8 	 2.06792 	 -0.199237
7.815 	 2.06593 	 -0.199085
7.83 	 2.06393 	 -0.19893
7.845 	 2.06193 	 -0.198774
7.86 	 2.05992 	 -0.198615
7.875 	 2.05791 	 -0.198455
7.89 	 2.0559 	 -0.198292
7.905 	 2.05388 	 -0.198128
7.92 	 2.05186 	 -0.197962
7.935 	 2.04983 	 -0.197793
7.95 	 2.04781 	 -0.197623
7.965 	 2.04578 	 -0.197451
7.98 	 2.04374 	 -0.197276
7.995 	 2.04171 	 -0.1971
8.01 	 2.03967 	 -0.196922
8.025 	 2.03762 	 -0.196742
8.04 	 2.03558 	 -0.19656
8.055 	 2.03353 	 -0.196375
8.07 	 2.03148 	 -0.196189
8.085 	 2.02942 	 -0.196001
8.1 	 2.02736 	 -0.195811
8.115 	 2.0253 	 -0.195619
8.13 	 2.02324 	 -0.195425
8.145 	 2.02117 	 -0.195229
8.16 	 2.0191 	 -0.195031
8.175 	 2.01703 	 -0.194831
8.19 	 2.01495 	 -0.194629
8.205 	 2.01288 	 -0.194425
8.22 	 2.0108 	 -0.194219
8.235 	 2.00871 	 -0.194012
8.25 	 2.00663 	 -0.193802
8.265 	 2.00454 	 -0.19359
8.28 	 2.00245 	 -0.193377
8.295 	 2.00035 	 -0.193161
8.31 	 1.99826 	 -0.192943
8.325 	 1.99616 	 -0.192724
8.34 	 1.99406 	 -0.192502
8.355 	 1.99195 	 -0.192279
8.37 	 1.98985 	 -0.192054
8.385 	 1.98774 	 -0.191826
8.4 	 1.98563 	 -0.191597
8.415 	 1.98352 	 -0.191366
8.43 	 1.9814 	 -0.191133
8.445 	 1.97929 	 -0.190898
8.46 	 1.97717 	 -0.190661
8.475 	 1.97505 	 -0.190422
8.49 	 1.97292 	 -0.190181
8.505 	 1.9708 	 -0.189939
8.52 	 1.96867 	 -0.189694
8.535 	 1.96654 	 -0.189447
8.55 	 1.96441 	 -0.189199
8.565 	 1.96228 	 -0.188949
8.58 	 1.96015 	 -0.188697
8.595 	 1.95801 	 -0.188443
8.61 	 1.95587 	 -0.188187
8.625 	 1.95373 	 -0.187929
8.64 	 1.95159 	 -0.187669
8.655 	 1.94945 	 -0.187408
8.67 	 1.94731 	 -0.187144
8.685 	 1.94516 	 -0.186879
8.7 	 1.94301 	 -0.186612
8.715 	 1.94086 	 -0.186343
8.73 	 1.93871 	 -0.186072
8.745 	 1.93656 	 -0.185799
8.76 	 1.93441 	 -0.185525
8.775 	 1.93226 	 -0.185248
8.79 	 1.9301 	 -0.18497
8.805 	 1.92794 	 -0.18469
8.82 	 1.92579 	 -0.184409
8.835 	 1.92363 	 -0.184125
8.85 	 1.92147 	 -0.18384
8.865 	 1.9193 	 -0.183553
8.88 	 1.91714 	 -0.183264
8.895 	 1.91498 	 -0.182973
8.91 	 1.91281 	 -0.18268
8.925 	 1.91065 	 -0.182386
8.94 	 1.90848 	 -0.18209
8.955 	 1.90632 	 -0.181793
8.97 	 1.90415 	 -0.181493
8.985 	 1.90198 	 -0.181192
9 	 1.89981 	 -0.180889
9.015 	 1.89764 	 -0.180889
9.03 	 1.89547 	 -0.180278
9.045 	 1.8933 	 -0.17997
9.06 	 1.89113 	 -0.17966
9.075 	 1.88895 	 -0.179349
9.09 	 1.88678 	 -0.179036
9.105 	 1.88461 	 -0.178721
9.12 	 1.88243 	 -0.178405
9.135 	 1.88026 	 -0.178087
9.15 	 1.87808 	 -0.177767
9.165 	 1.87591 	 -0.177445
9.18 	 1.87373 	 -0.177122
9.195 	 1.87156 	 -0.176798
9.21 	 1.86938 	 -0.176472
9.225 	 1.86721 	 -0.176144
9.24 	 1.86503 	 -0.175815
9.255 	 1.86285 	 -0.175484
9.27 	 1.86068 	 -0.175151
9.285 	 1.8585 	 -0.174817
9.3 	 1.85632 	 -0.174481
9.315 	 1.85415 	 -0.174144
9.33 	 1.85197 	 -0.173806
9.345 	 1.8498 	 -0.173465
9.36 	 1.84762 	 -0.173124
9.375 	 1.84544 	 -0.17278
9.39 	 1.84326 	 -0.17278
9.405 	 1.84109 	 -0.17209
9.42 	 1.83892 	 -0.171742
9.435 	 1.83674 	 -0.171393
9.45 	 1.83457 	 -0.171042
9.465 	 1.83239 	 -0.17069
9.48 	 1.83022 	 -0.170337
9.495 	 1.82805 	 -0.169982
9.51 	 1.82587 	 -0.169626
9.525 	 1.8237 	 -0.169268
9.54 	 1.82153 	 -0.168909
9.555 	 1.81936 	 -0.168549
9.57 	 1.81719 	 -0.168187
9.585 	 1.81502 	 -0.167824
9.6 	 1.81285 	 -0.16746
9.615 	 1.81068 	 -0.167094
9.63 	 1.80851 	 -0.166728
9.645 	 1.80635 	 -0.166359
9.66 	 1.80418 	 -0.16599
9.675 	 1.80201 	 -0.165619
9.69 	 1.79985 	 -0.165247
9.705 	 1.79769 	 -0.164874
9.72 	 1.79552 	 -0.164499
9.735 	 1.79336 	 -0.164124
9.75 	 1.7912 	 -0.163747
9.765 	 1.78904 	 -0.163369
9.78 	 1.78688 	 -0.162989
9.795 	 1.78473 	 -0.162609
9.81 	 1.78257 	 -0.162228
9.825 	 1.78041 	 -0.161845
9.84 	 1.77826 	 -0.161461
9.855 	 1.77611 	 -0.161076
9.87 	 1.77396 	 -0.16069
9.885 	 1.77181 	 -0.160303
9.9 	 1.76966 	 -0.159915
9.915 	 1.76751 	 -0.159526
9.93 	 1.76536 	 -0.159136
9.945 	 1.76322 	 -0.158745
9.96 	 1.76108 	 -0.158353
9.975 	 1.75893 	 -0.157959
9.99 	 1.75679 	 -0.157565
10.005 	 1.75465 	 -0.15717
10.02 	 1.75252 	 -0.156774
10.035 	 1.75038 	 -0.156377
10.05 	 1.74825 	 -0.15598
10.065 	 1.74611 	 -0.155581
10.08 	 1.74398 	 -0.155181
10.095 	 1.74185 	 -0.154781
10.11 	 1.73973 	 -0.15438
10.125 	 1.7376 	 -0.153977
10.14 	 1.73548 	 -0.153575
10.155 	 1.73336 	 -0.153171
10.17 	 1.73123 	 -0.152766
10.185 	 1.72912 	 -0.152361
10.2 	 1.727 	 -0.151955
10.215 	 1.72488 	 -0.151549
10.23 	 1.72277 	 -0.151141
10.245 	 1.72066 	 -0.150733
10.26 	 1.71855 	 -0.150324
10.275 	 1.71644 	 -0.149915
10.29 	 1.71434 	 -0.149505
10.305 	 1.71224 	 -0.149094
10.32 	 1.71014 	 -0.148683
10.335 	 1.70804 	 -0.148271
10.35 	 1.70594 	 -0.147859
10.365 	 1.70385 	 -0.147446
10.38 	 1.70175 	 -0.147032
10.395 	 1.69966 	 -0.146618
10.41 	 1.69757 	 -0.146204
10.425 	 1.69549 	 -0.145789
10.44 	 1.6934 	 -0.145374
10.455 	 1.69132 	 -0.144958
10.47 	 1.68924 	 -0.144542
10.485 	 1.68717 	 -0.144125
10.5 	 1.68509 	 -0.143708
10.515 	 1.68302 	 -0.143291
10.53 	 1.68095 	 -0.142873
10.545 	 1.67888 	 -0.142455
10.56 	 1.6768 	 -0.142455
10.575 	 1.67475 	 -0.141618
10.59 	 1.67269 	 -0.141199
10.605 	 1.67064 	 -0.14078
10.62 	 1.66858 	 -0.14036
10.635 	 1.66653 	 -0.139941
10.65 	 1.66448 	 -0.139521
10.665 	 1.66243 	 -0.139101
10.68 	 1.66038 	 -0.138681
10.695 	 1.65834 	 -0.13826
10.71 	 1.6563 	 -0.13784
10.725 	 1.65426 	 -0.137419
10.74 	 1.65223 	 -0.136999
10.755 	 1.6502 	 -0.136578
10.77 	 1.64817 	 -0.136157
10.785 	 1.64614 	 -0.135736
10.8 	 1.64411 	 -0.135316
10.815 	 1.64209 	 -0.134895
10.83 	 1.64007 	 -0.134474
10.845 	 1.63806 	 -0.134053
10.86 	 1.63604 	 -0.133632
10.875 	 1.63403 	 -0.133211
10.89 	 1.63203 	 -0.13279
10.905 	 1.63002 	 -0.13237
10.92 	 1.62802 	 -0.131949
10.935 	 1.62601 	 -0.131949
10.95 	 1.62402 	 -0.131108
10.965 	 1.62203 	 -0.130688
10.98 	 1.62004 	 -0.130268
10.995 	 1.61805 	 -0.129848
11.01 	 1.61606 	 -0.129428
11.025 	 1.61408 	 -0.129008
11.04 	 1.6121 	 -0.128589
11.055 	 1.61012 	 -0.128169
11.07 	 1.60815 	 -0.12775
11.085 	 1.60618 	 -0.127331
11.1 	 1.60421 	 -0.126913
11.115 	 1.60225 	 -0.126495
11.13 	 1.60029 	 -0.126076
11.145 	 1.59833 	 -0.125659
11.16 	 1.59637 	 -0.125241
11.175 	 1.59442 	 -0.124824
11.19 	 1.59247 	 -0.124407
11.205 	 1.59052 	 -0.123991
11.22 	 1.58858 	 -0.123574
11.235 	 1.58664 	 -0.123158
11.25 	 1.5847 	 -0.122743
11.265 	 1.58276 	 -0.122328
11.28 	 1.58083 	 -0.121913
11.295 	 1.5789 	 -0.121499
11.31 	 1.57697 	 -0.121499
11.325 	 1.57506 	 -0.120671
11.34 	 1.57314 	 -0.120258
11.355 	 1.57122 	 -0.119845
11.37 	 1.56931 	 -0.119433
11.385 	 1.5674 	 -0.119021
11.4 	 1.56549 	 -0.11861
11.415 	 1.56359 	 -0.118199
11.43 	 1.56169 	 -0.117788
11.445 	 1.55979 	 -0.117378
11.46 	 1.5579 	 -0.116969
11.475 	 1.556 	 -0.11656
11.49 	 1.55412 	 -0.116152
11.505 	 1.55223 	 -0.115744
11.52 	 1.55035 	 -0.115336
11.535 	 1.54847 	 -0.11493
11.55 	 1.5466 	 -0.114523
11.565 	 1.54473 	 -0.114118
11.58 	 1.54286 	 -0.113713
11.595 	 1.54099 	 -0.113308
11.61 	 1.53913 	 -0.112904
11.625 	 1.53727 	 -0.112501
11.64 	 1.53542 	 -0.112098
11.655 	 1.53356 	 -0.111696
11.67 	 1.53171 	 -0.111295
11.685 	 1.52987 	 -0.110894
11.7 	 1.52803 	 -0.110494
11.715 	 1.52619 	 -0.110094
11.73 	 1.52435 	 -0.109695
11.745 	 1.52252 	 -0.109297
11.76 	 1.52069 	 -0.1089
11.775 	 1.51886 	 -0.108503
11.79 	 1.51704 	 -0.108106
11.805 	 1.51522 	 -0.107711
11.82 	 1.5134 	 -0.107316
11.835 	 1.51159 	 -0.106922
11.85 	 1.50978 	 -0.106529
11.865 	 1.50797 	 -0.106136
11.88 	 1.50617 	 -0.105744
11.895 	 1.50437 	 -0.105353
11.91 	 1.50257 	 -0.104962
11.925 	 1.50078 	 -0.104572
11.94 	 1.49899 	 -0.104183
11.955 	 1.4972 	 -0.103795
11.97 	 1.49542 	 -0.103407
11.985 	 1.49364 	 -0.103021
12 	 1.49186 	 -0.102635
12.015 	 1.49009 	 -0.102249
12.03 	 1.48832 	 -0.101865
12.045 	 1.48655 	 -0.101481
12.06 	 1.48479 	 -0.101098
12.075 	 1.48303 	 -0.100716
12.09 	 1.48127 	 -0.100335
12.105 	 1.47951 	 -0.0999547
12.12 	 1.47776 	 -0.099575
12.135 	 1.47602 	 -0.0991962
12.15 	 1.47427 	 -0.0988182
12.165 	 1.47253 	 -0.098441
12.18 	 1.47079 	 -0.0980646
12.195 	 1.46906 	 -0.0976891
12.21 	 1.46733 	 -0.0973144
12.225 	 1.4656 	 -0.0969405
12.24 	 1.46388 	 -0.0965675
12.255 	 1.46216 	 -0.0961954
12.27 	 1.46044 	 -0.0958241
12.285 	 1.45873 	 -0.0954536
12.3 	 1.45701 	 -0.095084
12.315 	 1.45531 	 -0.0947153
12.33 	 1.4536 	 -0.0943475
12.345 	 1.4519 	 -0.0939805
12.36 	 1.4502 	 -0.0936144
12.375 	 1.44851 	 -0.0932492
12.39 	 1.44682 	 -0.0928849
12.405 	 1.44513 	 -0.0925214
12.42 	 1.44345 	 -0.0921588
12.435 	 1.44176 	 -0.0917972
12.45 	 1.44009 	 -0.0914364
12.465 	 1.43841 	 -0.0910765
12.48 	 1.43674 	 -0.0907175
12.495 	 1.43507 	 -0.0903595
12.51 	 1.43341 	 -0.0900023
12.525 	 1.43174 	 -0.089646
12.54 	 1.43009 	 -0.0892907
12.555 	 1.42843 	 -0.0889362
12.57 	 1.42678 	 -0.0885827
12.585 	 1.42513 	 -0.0882301
12.6 	 1.42348 	 -0.0878784
12.615 	 1.42184 	 -0.0875277
12.63 	 1.4202 	 -0.0871779
12.645 	 1.41857 	 -0.086829
12.66 	 1.41693 	 -0.086481
12.675 	 1.41531 	 -0.0861339
12.69 	 1.41368 	 -0.0857878
12.705 	 1.41206 	 -0.0854426
12.72 	 1.41044 	 -0.0850984
12.735 	 1.40882 	 -0.0847551
12.75 	 1.40721 	 -0.0844127
12.765 	 1.4056 	 -0.0840713
12.78 	 1.40399 	 -0.0837308
12.795 	 1.40239 	 -0.0833913
12.81 	 1.40079 	 -0.0830527
12.825 	 1.39919 	 -0.0827151
12.84 	 1.3976 	 -0.0823784
12.855 	 1.396 	 -0.0823784
12.87 	 1.39442 	 -0.0817078
12.885 	 1.39283 	 -0.081374
12.9 	 1.39125 	 -0.0810411
12.915 	 1.38967 	 -0.0807091
12.93 	 1.3881 	 -0.0803781
12.945 	 1.38653 	 -0.0800481
12.96 	 1.38496 	 -0.079719
12.975 	 1.38339 	 -0.0793909
12.99 	 1.38183 	 -0.0790637
13.005 	 1.38027 	 -0.0787375
13.02 	 1.37872 	 -0.0784123
13.035 	 1.37716 	 -0.078088
13.05 	 1.37561 	 -0.0777647
13.065 	 1.37407 	 -0.0774423
13.08 	 1.37252 	 -0.0771209
13.095 	 1.37098 	 -0.0768004
13.11 	 1.36944 	 -0.0764809
13.125 	 1.36791 	 -0.0761624
13.14 	 1.36638 	 -0.0758449
13.155 	 1.36485 	 -0.0755283
13.17 	 1.36333 	 -0.0752126
13.185 	 1.3618 	 -0.0748979
13.2 	 1.36029 	 -0.0745842
13.215 	 1.35877 	 -0.0742715
13.23 	 1.35725 	 -0.0742715
13.245 	 1.35575 	 -0.0736488
13.26 	 1.35424 	 -0.073339
13.275 	 1.35274 	 -0.0730301
13.29 	 1.35124 	 -0.0727221
13.305 	 1.34974 	 -0.0724151
13.32 	 1.34824 	 -0.0721091
13.335 	 1.34675 	 -0.071804
13.35 	 1.34526 	 -0.0714999
13.365 	 1.34378 	 -0.0711968
13.38 	 1.3423 	 -0.0708946
13.395 	 1.34082 	 -0.0705934
13.41 	 1.33934 	 -0.0702931
13.425 	 1.33787 	 -0.0699938
13.44 	 1.3364 	 -0.0696955
13.455 	 1.33493 	 -0.0693981
13.47 	 1.33347 	 -0.0691016
13.485 	 1.332 	 -0.0688062
13.5 	 1.33055 	 -0.0685116
13.515 	 1.32909 	 -0.0682181
13.53 	 1.32764 	 -0.0679255
13.545 	 1.32619 	 -0.0676338
13.56 	 1.32474 	 -0.0673431
13.575 	 1.3233 	 -0.0670533
13.59 	 1.32186 	 -0.0667645
13.605 	 1.32042 	 -0.0664767
13.62 	 1.31898 	 -0.0661898
13.635 	 1.31755 	 -0.0659038
13.65 	 1.31612 	 -0.0656188
13.665 	 1.31469 	 -0.0653347
13.68 	 1.31327 	 -0.0650516
13.695 	 1.31185 	 -0.0647695
13.71 	 1.31043 	 -0.0644882
13.725 	 1.30902 	 -0.0642079
13.74 	 1.30761 	 -0.0639286
13.755 	 1.3062 	 -0.0636502
13.77 	 1.30479 	 -0.0633727
13.785 	 1.30339 	 -0.0630962
13.8 	 1.30199 	 -0.0628206
13.815 	 1.30059 	 -0.062546
13.83 	 1.29919 	 -0.0622722
13.845 	 1.2978 	 -0.0619995
13.86 	 1.29641 	 -0.0617276
13.875 	 1.29503 	 -0.0614567
13.89 	 1.29364 	 -0.0611867
13.905 	 1.29226 	 -0.0609176
13.92 	 1.29088 	 -0.0606495
13.935 	 1.28951 	 -0.0603823
13.95 	 1.28813 	 -0.060116
13.965 	 1.28676 	 -0.0598506
13.98 	 1.2854 	 -0.0595862
13.995 	 1.28403 	 -0.0593226
14.01 	 1.28267 	 -0.05906
14.025 	 1.28131 	 -0.0587983
14.04 	 1.27996 	 -0.0585376
14.055 	 1.2786 	 -0.0582777
14.07 	 1.27725 	 -0.0580188
14.085 	 1.2759 	 -0.0577607
14.1 	 1.27456 	 -0.0575036
14.115 	 1.27322 	 -0.0572474
14.13 	 1.27188 	 -0.0569921
14.145 	 1.27054 	 -0.0567376
14.16 	 1.2692 	 -0.0564841
14.175 	 1.26787 	 -0.0562315
14.19 	 1.26654 	 -0.0559798
14.205 	 1.26522 	 -0.055729
14.22 	 1.26389 	 -0.0554791
14.235 	 1.26257 	 -0.0552301
14.25 	 1.26125 	 -0.054982
14.265 	 1.25994 	 -0.0547347
14.28 	 1.25862 	 -0.0544884
14.295 	 1.25731 	 -0.0542429
14.31 	 1.256 	 -0.0539984
14.325 	 1.2547 	 -0.0537547
14.34 	 1.2534 	 -0.0535119
14.355 	 1.2521 	 -0.0532699
14.37 	 1.2508 	 -0.0530289
14.385 	 1.2495 	 -0.0527887
14.4 	 1.24821 	 -0.0527887
14.415 	 1.24692 	 -0.052311
14.43 	 1.24563 	 -0.0520735
14.445 	 1.24435 	 -0.0518368
14.46 	 1.24307 	 -0.051601
14.475 	 1.24179 	 -0.051366
14.49 	 1.24051 	 -0.051132
14.505 	 1.23924 	 -0.0508987
14.52 	 1.23796 	 -0.0506664
14.535 	 1.23669 	 -0.0504349
14.55 	 1.23543 	 -0.0502042
14.565 	 1.23416 	 -0.0499745
14.58 	 1.2329 	 -0.0497455
14.595 	 1.23164 	 -0.0495174
14.61 	 1.23038 	 -0.0492902
14.625 	 1.22913 	 -0.0490638
14.64 	 1.22788 	 -0.0488383
14.655 	 1.22663 	 -0.0486136
14.67 	 1.22538 	 -0.0483897
14.685 	 1.22414 	 -0.0481667
14.7 	 1.22289 	 -0.0479445
14.715 	 1.22165 	 -0.0477232
14.73 	 1.22042 	 -0.0475027
14.745 	 1.21918 	 -0.047283
14.76 	 1.21795 	 -0.0470641
14.775 	 1.21672 	 -0.0470641
14.79 	 1.21549 	 -0.0466289
14.805 	 1.21427 	 -0.0464125
14.82 	 1.21304 	 -0.0461969
14.835 	 1.21182 	 -0.0459822
14.85 	 1.2106 	 -0.0457683
14.865 	 1.20939 	 -0.0455552
14.88 	 1.20817 	 -0.0453429
14.895 	 1.20696 	 -0.0451314
14.91 	 1.20576 	 -0.0449207
14.925 	 1.20455 	 -0.0447108
14.94 	 1.20335 	 -0.0445018
14.955 	 1.20214 	 -0.0442935
14.97 	 1.20094 	 -0.044086
14.985 	 1.19975 	 -0.0438793
15 	 1.19855 	 -0.0436735
15.015 	 1.19736 	 -0.0434684
15.03 	 1.19617 	 -0.0432641
15.045 	 1.19498 	 -0.0430606
15.06 	 1.1938 	 -0.0428579
15.075 	 1.19262 	 -0.042656
15.09 	 1.19143 	 -0.0424548
15.105 	 1.19026 	 -0.0422544
15.12 	 1.18908 	 -0.0420549
15.135 	 1.18791 	 -0.0418561
15.15 	 1.18673 	 -0.0418561
15.165 	 1.18557 	 -0.0414607
15.18 	 1.1844 	 -0.0412643
15.195 	 1.18323 	 -0.0410685
15.21 	 1.18207 	 -0.0408736
15.225 	 1.18091 	 -0.0406794
15.24 	 1.17975 	 -0.0404859
15.255 	 1.1786 	 -0.0402932
15.27 	 1.17744 	 -0.0401013
15.285 	 1.17629 	 -0.0399101
15.3 	 1.17514 	 -0.0397197
15.315 	 1.174 	 -0.0395301
15.33 	 1.17285 	 -0.0393411
15.345 	 1.17171 	 -0.039153
15.36 	 1.17057 	 -0.0389655
15.375 	 1.16943 	 -0.0387788
15.39 	 1.16829 	 -0.0385929
15.405 	 1.16716 	 -0.0384077
15.42 	 1.16603 	 -0.0382232
15.435 	 1.1649 	 -0.0380394
15.45 	 1.16377 	 -0.0378564
15.465 	 1.16265 	 -0.0376741
15.48 	 1.16152 	 -0.0374925
15.495 	 1.1604 	 -0.0373117
15.51 	 1.15928 	 -0.0371316
15.525 	 1.15817 	 -0.0369522
15.54 	 1.15705 	 -0.0367735
15.555 	 1.15594 	 -0.0365955
15.57 	 1.15483 	 -0.0364182
15.585 	 1.15372 	 -0.0362417
15.6 	 1.15261 	 -0.0360658
15.615 	 1.15151 	 -0.0358907
15.63 	 1.15041 	 -0.0357162
15.645 	 1.14931 	 -0.0355425
15.66 	 1.14821 	 -0.0353694
15.675 	 1.14711 	 -0.0351971
15.69 	 1.14602 	 -0.0350254
15.705 	 1.14493 	 -0.0348545
15.72 	 1.14384 	 -0.0346842
15.735 	 1.14275 	 -0.0345146
15.75 	 1.14167 	 -0.0343457
15.765 	 1.14058 	 -0.0341775
15.78 	 1.1395 	 -0.0340099
15.795 	 1.13842 	 -0.0338431
15.81 	 1.13734 	 -0.0336769
15.825 	 1.13627 	 -0.0335113
15.84 	 1.1352 	 -0.0333465
15.855 	 1.13412 	 -0.0331823
15.87 	 1.13306 	 -0.0330188
15.885 	 1.13199 	 -0.0328559
15.9 	 1.13092 	 -0.0326937
15.915 	 1.12986 	 -0.0325322
15.93 	 1.1288 	 -0.0323713
15.945 	 1.12774 	 -0.0322111
15.96 	 1.12668 	 -0.0320515
15.975 	 1.12562 	 -0.0318926
15.99 	 1.12457 	 -0.0317343
16.005 	 1.12352 	 -0.0315767
16.02 	 1.12247 	 -0.0314197
16.035 	 1.12142 	 -0.0312633
16.05 	 1.12038 	 -0.0311076
16.065 	 1.11933 	 -0.0309525
16.08 	 1.11829 	 -0.0307981
16.095 	 1.11725 	 -0.0306443
16.11 	 1.11621 	 -0.0304911
16.125 	 1.11518 	 -0.0303385
16.14 	 1.11414 	 -0.0301866
16.155 	 1.11311 	 -0.0300353
16.17 	 1.11208 	 -0.0298846
16.185 	 1.11105 	 -0.0297345
16.2 	 1.11002 	 -0.029585
16.215 	 1.109 	 -0.0294361
16.23 	 1.10798 	 -0.0292879
16.245 	 1.10695 	 -0.0291403
16.26 	 1.10594 	 -0.0289932
16.275 	 1.10492 	 -0.0288468
16.29 	 1.1039 	 -0.0287009
16.305 	 1.10289 	 -0.0285557
16.32 	 1.10188 	 -0.0284111
16.335 	 1.10087 	 -0.028267
16.35 	 1.09986 	 -0.0281236
16.365 	 1.09885 	 -0.0279807
16.38 	 1.09785 	 -0.0278384
16.395 	 1.09685 	 -0.0276967
16.41 	 1.09584 	 -0.0275556
16.425 	 1.09485 	 -0.027415
16.44 	 1.09385 	 -0.0272751
16.455 	 1.09285 	 -0.0271357
16.47 	 1.09186 	 -0.0269968
16.485 	 1.09087 	 -0.0268586
16.5 	 1.08988 	 -0.0267209
16.515 	 1.08889 	 -0.0265838
16.53 	 1.0879 	 -0.0264472
16.545 	 1.08692 	 -0.0263112
16.56 	 1.08593 	 -0.0261758
16.575 	 1.08495 	 -0.0260409
16.59 	 1.08397 	 -0.0259066
16.605 	 1.083 	 -0.0257728
16.62 	 1.08202 	 -0.0256395
16.635 	 1.08105 	 -0.0255068
16.65 	 1.08007 	 -0.0253747
16.665 	 1.0791 	 -0.0252431
16.68 	 1.07813 	 -0.025112
16.695 	 1.07717 	 -0.0249815
16.71 	 1.0762 	 -0.0248515
16.725 	 1.07524 	 -0.024722
16.74 	 1.07428 	 -0.0245931
16.755 	 1.07332 	 -0.0244646
16.77 	 1.07236 	 -0.0243368
16.785 	 1.0714 	 -0.0242094
16.8 	 1.07044 	 -0.0240825
16.815 	 1.06949 	 -0.0239562
16.83 	 1.06854 	 -0.0238304
16.845 	 1.06759 	 -0.0237051
16.86 	 1.06664 	 -0.0235803
16.875 	 1.06569 	 -0.023456
16.89 	 1.06475 	 -0.0233322
16.905 	 1.06381 	 -0.0232089
16.92 	 1.06286 	 -0.0230861
16.935 	 1.06192 	 -0.0229638
16.95 	 1.06099 	 -0.022842
16.965 	 1.06005 	 -0.0227207
16.98 	 1.05911 	 -0.0225999
16.995 	 1.05818 	 -0.0224796
17.01 	 1.05725 	 -0.0223598
17.025 	 1.05632 	 -0.0222404
17.04 	 1.05539 	 -0.0221216
17.055 	 1.05446 	 -0.0220032
17.07 	 1.05354 	 -0.0218853
17.085 	 1.05261 	 -0.0217678
17.1 	 1.05169 	 -0.0216509
17.115 	 1.05077 	 -0.0215344
17.13 	 1.04985 	 -0.0214183
17.145 	 1.04893 	 -0.0213028
17.16 	 1.04802 	 -0.0211876
17.175 	 1.0471 	 -0.021073
17.19 	 1.04619 	 -0.0209588
17.205 	 1.04528 	 -0.0208451
17.22 	 1.04437 	 -0.0207318
17.235 	 1.04346 	 -0.020619
17.25 	 1.04256 	 -0.0205066
17.265 	 1.04165 	 -0.0203946
17.28 	 1.04075 	 -0.0202831
17.295 	 1.03985 	 -0.0201721
17.31 	 1.03895 	 -0.0200615
17.325 	 1.03805 	 -0.0199513
17.34 	 1.03715 	 -0.0198415
17.355 	 1.03626 	 -0.0197322
17.37 	 1.03536 	 -0.0196233
17.385 	 1.03447 	 -0.0195149
17.4 	 1.03358 	 -0.0194068
17.415 	 1.03269 	 -0.0192992
17.43 	 1.0318 	 -0.019192
17.445 	 1.03092 	 -0.0190852
17.46 	 1.03003 	 -0.0189788
17.475 	 1.02915 	 -0.0188729
17.49 	 1.02827 	 -0.0187673
17.505 	 1.02739 	 -0.0186622
17.52 	 1.02651 	 -0.0185575
17.535 	 1.02563 	 -0.0184531
17.55 	 1.02476 	 -0.0183492
17.565 	 1.02388 	 -0.0182457
17.58 	 1.02301 	 -0.0181425
17.595 	 1.02214 	 -0.0180398
17.61 	 1.02127 	 -0.0179374
17.625 	 1.0204 	 -0.0178355
17.64 	 1.01953 	 -0.0177339
17.655 	 1.01867 	 -0.0177339
17.67 	 1.0178 	 -0.0175319
17.685 	 1.01694 	 -0.0174314
17.7 	 1.01608 	 -0.0173314
17.715 	 1.01522 	 -0.0172317
17.73 	 1.01436 	 -0.0171324
17.745 	 1.01351 	 -0.0170334
17.76 	 1.01265 	 -0.0169348
17.775 	 1.0118 	 -0.0168366
17.79 	 1.01094 	 -0.0167388
17.805 	 1.01009 	 -0.0166413
17.82 	 1.00924 	 -0.0165441
17.835 	 1.0084 	 -0.0164474
17.85 	 1.00755 	 -0.0163509
17.865 	 1.00671 	 -0.0162549
17.88 	 1.00586 	 -0.0161591
17.895 	 1.00502 	 -0.0160637
17.91 	 1.00418 	 -0.0159687
17.925 	 1.00334 	 -0.015874
17.94 	 1.0025 	 -0.0157797
17.955 	 1.00166 	 -0.0156856
17.97 	 1.00083 	 -0.015592
17.985 	 0.999995 	 -0.0154986
18 	 0.999162 	 -0.0154056
18.015 	 0.998331 	 -0.0153129
18.03 	 0.997501 	 -0.0153129
18.045 	 0.996673 	 -0.0151285
18.06 	 0.995846 	 -0.0150368
18.075 	 0.99502 	 -0.0149453
18.09 	 0.994196 	 -0.0148543
18.105 	 0.993373 	 -0.0147635
18.12 	 0.992552 	 -0.014673
18.135 	 0.991731 	 -0.0145829
18.15 	 0.990913 	 -0.014493
18.165 	 0.990095 	 -0.0144035
18.18 	 0.989279 	 -0.0143143
18.195 	 0.988464 	 -0.0142253
18.21 	 0.987651 	 -0.0141367
18.225 	 0.986838 	 -0.0140484
18.24 	 0.986028 	 -0.0139603
18.255 	 0.985218 	 -0.0138726
18.27 	 0.98441 	 -0.0137851
18.285 	 0.983603 	 -0.013698
18.3 	 0.982798 	 -0.0136111
18.315 	 0.981994 	 -0.0135245
18.33 	 0.981191 	 -0.0134382
18.345 	 0.980389 	 -0.0133522
18.36 	 0.979589 	 -0.0132664
18.375 	 0.97879 	 -0.0131809
18.39 	 0.977992 	 -0.0130957
18.405 	 0.977196 	 -0.0130957
18.42 	 0.976401 	 -0.0129262
18.435 	 0.975607 	 -0.0128418
18.45 	 0.974815 	 -0.0127577
18.465 	 0.974023 	 -0.0126738
18.48 	 0.973234 	 -0.0125902
18.495 	 0.972445 	 -0.0125069
18.51 	 0.971658 	 -0.0124239
18.525 	 0.970872 	 -0.0123411
18.54 	 0.970087 	 -0.0122585
18.555 	 0.969303 	 -0.0121762
18.57 	 0.968521 	 -0.0120942
18.585 	 0.96774 	 -0.0120124
18.6 	 0.96696 	 -0.0119309
18.615 	 0.966182 	 -0.0118496
18.63 	 0.965404 	 -0.0117686
18.645 	 0.964628 	 -0.0116878
18.66 	 0.963854 	 -0.0116073
18.675 	 0.96308 	 -0.011527
18.69 	 0.962308 	 -0.011447
18.705 	 0.961537 	 -0.0113672
18.72 	 0.960767 	 -0.0112877
18.735 	 0.959998 	 -0.0112084
18.75 	 0.959231 	 -0.0111293
18.765 	 0.958465 	 -0.0110505
18.78 	 0.9577 	 -0.0110505
18.795 	 0.956936 	 -0.0108936
18.81 	 0.956174 	 -0.0108155
18.825 	 0.955413 	 -0.0107376
18.84 	 0.954653 	 -0.01066
18.855 	 0.953894 	 -0.0105826
18.87 	 0.953136 	 -0.0105055
18.885 	 0.95238 	 -0.0104286
18.9 	 0.951625 	 -0.0103519
18.915 	 0.95087 	 -0.0102755
18.93 	 0.950118 	 -0.0101993
18.945 	 0.949366 	 -0.0101234
18.96 	 0.948616 	 -0.0100477
18.975 	 0.947866 	 -0.00997224
18.99 	 0.947118 	 -0.00989704
19.005 	 0.946371 	 -0.00982209
19.02 	 0.945626 	 -0.00974739
19.035 	 0.944881 	 -0.00967294
19.05 	 0.944138 	 -0.00959874
19.065 	 0.943395 	 -0.0095248
19.08 	 0.942654 	 -0.00945112
19.095 	 0.941914 	 -0.0093777
19.11 	 0.941176 	 -0.00930454
19.125 	 0.940438 	 -0.00923166
19.14 	 0.939702 	 -0.00915904
19.155 	 0.938966 	 -0.00915904
19.17 	 0.938232 	 -0.00901465
19.185 	 0.937499 	 -0.00894288
19.2 	 0.936767 	 -0.0088714
19.215 	 0.936037 	 -0.00880022
19.23 	 0.935307 	 -0.00872934
19.245 	 0.934579 	 -0.00865877
19.26 	 0.933852 	 -0.00858851
19.275 	 0.933125 	 -0.00851858
19.29 	 0.9324 	 -0.00844898
19.305 	 0.931676 	 -0.00837972
19.32 	 0.930954 	 -0.00831081
19.335 	 0.930232 	 -0.00824226
19.35 	 0.929511 	 -0.00817408
19.365 	 0.928792 	 -0.00810628
19.38 	 0.928074 	 -0.00803886
19.395 	 0.927357 	 -0.00797185
19.41 	 0.92664 	 -0.00790526
19.425 	 0.925925 	 -0.0078391
19.44 	 0.925212 	 -0.00777338
19.455 	 0.924499 	 -0.00770812
19.47 	 0.923787 	 -0.00764334
19.485 	 0.923076 	 -0.00757905
19.5 	 0.922367 	 -0.00751527
19.515 	 0.921659 	 -0.00745202
19.53 	 0.920951 	 -0.00738932
19.545 	 0.920245 	 -0.00732719
19.56 	 0.91954 	 -0.00726566
19.575 	 0.918836 	 -0.00720474
19.59 	 0.918133 	 -0.00714446
19.605 	 0.917431 	 -0.00708485
19.62 	 0.91673 	 -0.00702593
19.635 	 0.91603 	 -0.00696773
19.65 	 0.915331 	 -0.00691027
19.665 	 0.914634 	 -0.0068536
19.68 	 0.913937 	 -0.00679775
19.695 	 0.913242 	 -0.00674273
19.71 	 0.912547 	 -0.0066886
19.725 	 0.911854 	 -0.00663537
19.74 	 0.911161 	 -0.0065831
19.755 	 0.91047 	 -0.00653182
19.77 	 0.90978 	 -0.00648157
19.785 	 0.909091 	 -0.00643238
19.8 	 0.908402 	 -0.0063843
19.815 	 0.907715 	 -0.00633738
19.83 	 0.907029 	 -0.00629165
19.845 	 0.906344 	 -0.00624716
19.86 	 0.90566 	 -0.00620395
19.875 	 0.904977 	 -0.00616207
19.89 	 0.904295 	 -0.00612157
19.905 	 0.903614 	 -0.00608249
19.92 	 0.902934 	 -0.00604488
19.935 	 0.902255 	 -0.00600877
19.95 	 0.901578 	 -0.00597423
19.965 	 0.900901 	 -0.00594129
19.98 	 0.900225 	 -0.00591
