0 	 2.62089 	 -0.189885
0.015 	 2.62089 	 -0.189885
0.03 	 2.62087 	 -0.189885
0.045 	 2.62085 	 -0.189885
0.06 	 2.62083 	 -0.189885
0.075 	 2.6208 	 -0.189885
0.09 	 2.62077 	 -0.189885
0.105 	 2.62074 	 -0.189885
0.12 	 2.6207 	 -0.189885
0.135 	 2.62066 	 -0.189885
0.15 	 2.62062 	 -0.189885
0.165 	 2.6206 	 -0.189885
0.18 	 2.62052 	 -0.189885
0.195 	 2.62047 	 -0.189885
0.21 	 2.62041 	 -0.189885
0.225 	 2.62038 	 -0.189885
0.24 	 2.62029 	 -0.189885
0.255 	 2.62022 	 -0.189885
0.27 	 2.62015 	 -0.189884
0.285 	 2.62008 	 -0.189884
0.3 	 2.62001 	 -0.189884
0.315 	 2.61993 	 -0.189884
0.33 	 2.61988 	 -0.189884
0.345 	 2.61976 	 -0.189884
0.36 	 2.61967 	 -0.189884
0.375 	 2.61958 	 -0.189884
0.39 	 2.61948 	 -0.189884
0.405 	 2.61938 	 -0.189884
0.42 	 2.61928 	 -0.189884
0.435 	 2.61917 	 -0.189884
0.45 	 2.6191 	 -0.189884
0.465 	 2.61895 	 -0.189884
0.48 	 2.61884 	 -0.189884
0.495 	 2.61872 	 -0.189884
0.51 	 2.6186 	 -0.189884
0.525 	 2.61847 	 -0.189884
0.54 	 2.61835 	 -0.189884
0.555 	 2.61821 	 -0.189884
0.57 	 2.61808 	 -0.189884
0.585 	 2.61794 	 -0.189884
0.6 	 2.6178 	 -0.189884
0.615 	 2.61766 	 -0.189884
0.63 	 2.61751 	 -0.189884
0.645 	 2.61736 	 -0.189884
0.66 	 2.61724 	 -0.189884
0.675 	 2.61705 	 -0.189884
0.69 	 2.61689 	 -0.189884
0.705 	 2.61672 	 -0.189884
0.72 	 2.61656 	 -0.189884
0.735 	 2.61639 	 -0.189884
0.75 	 2.61621 	 -0.189884
0.765 	 2.61603 	 -0.189884
0.78 	 2.61585 	 -0.189884
0.795 	 2.61567 	 -0.189884
0.81 	 2.61548 	 -0.189884
0.825 	 2.6153 	 -0.189883
0.84 	 2.6151 	 -0.189883
0.855 	 2.61491 	 -0.189883
0.87 	 2.61471 	 -0.189883
0.885 	 2.6145 	 -0.189883
0.9 	 2.61433 	 -0.189883
0.915 	 2.61409 	 -0.189883
0.93 	 2.61388 	 -0.189883
0.945 	 2.61366 	 -0.189883
0.96 	 2.61344 	 -0.189883
0.975 	 2.61322 	 -0.189883
0.99 	 2.61299 	 -0.189883
1.005 	 2.61276 	 -0.189883
1.02 	 2.61253 	 -0.189883
1.035 	 2.6123 	 -0.189883
1.05 	 2.61206 	 -0.189883
1.065 	 2.61182 	 -0.189883
1.08 	 2.61157 	 -0.189883
1.095 	 2.61132 	 -0.189883
1.11 	 2.61107 	 -0.189883
1.125 	 2.61082 	 -0.189883
1.14 	 2.61056 	 -0.189883
1.155 	 2.6103 	 -0.189883
1.17 	 2.61003 	 -0.189883
1.185 	 2.60977 	 -0.189882
1.2 	 2.6095 	 -0.189882
1.215 	 2.60922 	 -0.189882
1.23 	 2.60894 	 -0.189882
1.245 	 2.60866 	 -0.189882
1.26 	 2.60838 	 -0.189882
1.275 	 2.60809 	 -0.189882
1.29 	 2.6078 	 -0.189882
1.305 	 2.60751 	 -0.189882
1.32 	 2.60725 	 -0.189882
1.335 	 2.60691 	 -0.189882
1.35 	 2.60661 	 -0.189882
1.365 	 2.6063 	 -0.189882
1.38 	 2.60599 	 -0.189882
1.395 	 2.60568 	 -0.189882
1.41 	 2.60536 	 -0.189882
1.425 	 2.60504 	 -0.189882
1.44 	 2.60472 	 -0.189881
1.455 	 2.6044 	 -0.189881
1.47 	 2.60407 	 -0.189881
1.485 	 2.60373 	 -0.189881
1.5 	 2.6034 	 -0.189881
1.515 	 2.60306 	 -0.189881
1.53 	 2.60272 	 -0.189881
1.545 	 2.60237 	 -0.189881
1.56 	 2.60202 	 -0.189881
1.575 	 2.60167 	 -0.189881
1.59 	 2.60131 	 -0.189881
1.605 	 2.60096 	 -0.189881
1.62 	 2.60059 	 -0.189881
1.635 	 2.60023 	 -0.189881
1.65 	 2.59986 	 -0.18988
1.665 	 2.59949 	 -0.18988
1.68 	 2.59912 	 -0.18988
1.695 	 2.59874 	 -0.18988
1.71 	 2.59836 	 -0.18988
1.725 	 2.59797 	 -0.18988
1.74 	 2.59758 	 -0.18988
1.755 	 2.59719 	 -0.18988
1.77 	 2.5968 	 -0.18988
1.785 	 2.5964 	 -0.18988
1.8 	 2.59603 	 -0.18988
1.815 	 2.5956 	 -0.18988
1.83 	 2.59519 	 -0.189879
1.845 	 2.59478 	 -0.189879
1.86 	 2.59437 	 -0.189879
1.875 	 2.59395 	 -0.189879
1.89 	 2.59353 	 -0.189879
1.905 	 2.59311 	 -0.189879
1.92 	 2.59268 	 -0.189879
1.935 	 2.59225 	 -0.189879
1.95 	 2.59182 	 -0.189879
1.965 	 2.59138 	 -0.189878
1.98 	 2.59094 	 -0.189878
1.995 	 2.5905 	 -0.189878
2.01 	 2.59005 	 -0.189878
2.025 	 2.5896 	 -0.189878
2.04 	 2.58915 	 -0.189878
2.055 	 2.58869 	 -0.189878
2.07 	 2.58823 	 -0.189878
2.085 	 2.58777 	 -0.189878
2.1 	 2.58731 	 -0.189877
2.115 	 2.58684 	 -0.189877
2.13 	 2.58637 	 -0.189877
2.145 	 2.58589 	 -0.189877
2.16 	 2.58541 	 -0.189877
2.175 	 2.58493 	 -0.189877
2.19 	 2.58445 	 -0.189877
2.205 	 2.58396 	 -0.189877
2.22 	 2.58347 	 -0.189876
2.235 	 2.58297 	 -0.189876
2.25 	 2.58247 	 -0.189876
2.265 	 2.58197 	 -0.189876
2.28 	 2.58147 	 -0.189876
2.295 	 2.58096 	 -0.189876
2.31 	 2.58045 	 -0.189875
2.325 	 2.57994 	 -0.189875
2.34 	 2.57942 	 -0.189875
2.355 	 2.5789 	 -0.189875
2.37 	 2.57837 	 -0.189875
2.385 	 2.57785 	 -0.189875
2.4 	 2.57732 	 -0.189874
2.415 	 2.57678 	 -0.189874
2.43 	 2.57625 	 -0.189874
2.445 	 2.57571 	 -0.189874
2.46 	 2.57516 	 -0.189874
2.475 	 2.57462 	 -0.189874
2.49 	 2.57407 	 -0.189873
2.505 	 2.57351 	 -0.189873
2.52 	 2.57296 	 -0.189873
2.535 	 2.5724 	 -0.189873
2.55 	 2.57183 	 -0.189873
2.565 	 2.57127 	 -0.189872
2.58 	 2.5707 	 -0.189872
2.595 	 2.57013 	 -0.189872
2.61 	 2.56955 	 -0.189872
2.625 	 2.56897 	 -0.189872
2.64 	 2.56842 	 -0.189872
2.655 	 2.5678 	 -0.189871
2.67 	 2.56721 	 -0.189871
2.685 	 2.56662 	 -0.189871
2.7 	 2.56603 	 -0.189871
2.715 	 2.56543 	 -0.18987
2.73 	 2.56483 	 -0.18987
2.745 	 2.56422 	 -0.18987
2.76 	 2.56361 	 -0.18987
2.775 	 2.563 	 -0.189869
2.79 	 2.56239 	 -0.189869
2.805 	 2.56177 	 -0.189869
2.82 	 2.56115 	 -0.189869
2.835 	 2.56052 	 -0.189868
2.85 	 2.5599 	 -0.189868
2.865 	 2.55927 	 -0.189868
2.88 	 2.55863 	 -0.189868
2.895 	 2.55799 	 -0.189867
2.91 	 2.55735 	 -0.189867
2.925 	 2.55671 	 -0.189867
2.94 	 2.55606 	 -0.189866
2.955 	 2.55541 	 -0.189866
2.97 	 2.55476 	 -0.189866
2.985 	 2.5541 	 -0.189865
3 	 2.55344 	 -0.189865
3.015 	 2.55278 	 -0.189865
3.03 	 2.55211 	 -0.189865
3.045 	 2.55144 	 -0.189864
3.06 	 2.55077 	 -0.189864
3.075 	 2.55009 	 -0.189864
3.09 	 2.54941 	 -0.189863
3.105 	 2.54873 	 -0.189863
3.12 	 2.54804 	 -0.189863
3.135 	 2.54736 	 -0.189862
3.15 	 2.54666 	 -0.189862
3.165 	 2.54597 	 -0.189861
3.18 	 2.54527 	 -0.189861
3.195 	 2.54457 	 -0.189861
3.21 	 2.54386 	 -0.18986
3.225 	 2.54315 	 -0.18986
3.24 	 2.54244 	 -0.18986
3.255 	 2.54172 	 -0.189859
3.27 	 2.54101 	 -0.189859
3.285 	 2.54028 	 -0.189858
3.3 	 2.53956 	 -0.189858
3.315 	 2.53883 	 -0.189858
3.33 	 2.5381 	 -0.189857
3.345 	 2.53737 	 -0.189857
3.36 	 2.53663 	 -0.189856
3.375 	 2.53589 	 -0.189856
3.39 	 2.53514 	 -0.189855
3.405 	 2.53439 	 -0.189855
3.42 	 2.53364 	 -0.189854
3.435 	 2.53289 	 -0.189854
3.45 	 2.53213 	 -0.189853
3.465 	 2.53137 	 -0.189853
3.48 	 2.53061 	 -0.189852
3.495 	 2.52984 	 -0.189852
3.51 	 2.52907 	 -0.189851
3.525 	 2.5283 	 -0.189851
3.54 	 2.52752 	 -0.18985
3.555 	 2.52674 	 -0.18985
3.57 	 2.52596 	 -0.189849
3.585 	 2.52517 	 -0.189849
3.6 	 2.52441 	 -0.189849
3.615 	 2.52359 	 -0.189848
3.63 	 2.52279 	 -0.189847
3.645 	 2.52199 	 -0.189847
3.66 	 2.52119 	 -0.189846
3.675 	 2.52038 	 -0.189845
3.69 	 2.51957 	 -0.189845
3.705 	 2.51876 	 -0.189844
3.72 	 2.51795 	 -0.189843
3.735 	 2.51713 	 -0.189843
3.75 	 2.51631 	 -0.189842
3.765 	 2.51548 	 -0.189841
3.78 	 2.51465 	 -0.189841
3.795 	 2.51382 	 -0.18984
3.81 	 2.51299 	 -0.189839
3.825 	 2.51215 	 -0.189839
3.84 	 2.51131 	 -0.189838
3.855 	 2.51046 	 -0.189837
3.87 	 2.50961 	 -0.189837
3.885 	 2.50876 	 -0.189836
3.9 	 2.50791 	 -0.189835
3.915 	 2.50705 	 -0.189834
3.93 	 2.50619 	 -0.189834
3.945 	 2.50532 	 -0.189833
3.96 	 2.50446 	 -0.189832
3.975 	 2.50359 	 -0.189831
3.99 	 2.50271 	 -0.18983
4.005 	 2.50184 	 -0.189829
4.02 	 2.50095 	 -0.189829
4.035 	 2.50007 	 -0.189828
4.05 	 2.49918 	 -0.189827
4.065 	 2.49829 	 -0.189826
4.08 	 2.4974 	 -0.189825
4.095 	 2.4965 	 -0.189824
4.11 	 2.4956 	 -0.189823
4.125 	 2.4947 	 -0.189822
4.14 	 2.4938 	 -0.189821
4.155 	 2.49289 	 -0.18982
4.17 	 2.49197 	 -0.189819
4.185 	 2.49106 	 -0.189818
4.2 	 2.49014 	 -0.189817
4.215 	 2.48922 	 -0.189816
4.23 	 2.48829 	 -0.189815
4.245 	 2.48736 	 -0.189814
4.26 	 2.48643 	 -0.189813
4.275 	 2.48549 	 -0.189812
4.29 	 2.48456 	 -0.189811
4.305 	 2.48361 	 -0.18981
4.32 	 2.48267 	 -0.189809
4.335 	 2.48172 	 -0.189807
4.35 	 2.48077 	 -0.189806
4.365 	 2.47981 	 -0.189805
4.38 	 2.47886 	 -0.189804
4.395 	 2.47789 	 -0.189803
4.41 	 2.47693 	 -0.189801
4.425 	 2.47596 	 -0.1898
4.44 	 2.47499 	 -0.189799
4.455 	 2.47402 	 -0.189797
4.47 	 2.47304 	 -0.189796
4.485 	 2.47206 	 -0.189795
4.5 	 2.47108 	 -0.189793
4.515 	 2.47009 	 -0.189792
4.53 	 2.4691 	 -0.189791
4.545 	 2.4681 	 -0.189789
4.56 	 2.46711 	 -0.189788
4.575 	 2.46611 	 -0.189786
4.59 	 2.4651 	 -0.189785
4.605 	 2.4641 	 -0.189783
4.62 	 2.46309 	 -0.189782
4.635 	 2.46208 	 -0.18978
4.65 	 2.46106 	 -0.189778
4.665 	 2.46004 	 -0.189777
4.68 	 2.45902 	 -0.189775
4.695 	 2.45803 	 -0.189775
4.71 	 2.45696 	 -0.189772
4.725 	 2.45593 	 -0.18977
4.74 	 2.45489 	 -0.189768
4.755 	 2.45386 	 -0.189767
4.77 	 2.45281 	 -0.189765
4.785 	 2.45177 	 -0.189763
4.8 	 2.45072 	 -0.189761
4.815 	 2.44967 	 -0.189759
4.83 	 2.44861 	 -0.189757
4.845 	 2.44756 	 -0.189755
4.86 	 2.44649 	 -0.189753
4.875 	 2.44543 	 -0.189751
4.89 	 2.44436 	 -0.189749
4.905 	 2.44329 	 -0.189747
4.92 	 2.44222 	 -0.189745
4.935 	 2.44114 	 -0.189743
4.95 	 2.44006 	 -0.189741
4.965 	 2.43898 	 -0.189739
4.98 	 2.43789 	 -0.189737
4.995 	 2.4368 	 -0.189734
5.01 	 2.4357 	 -0.189732
5.025 	 2.43461 	 -0.18973
5.04 	 2.43351 	 -0.189727
5.055 	 2.4324 	 -0.189725
5.07 	 2.4313 	 -0.189723
5.085 	 2.43019 	 -0.18972
5.1 	 2.42908 	 -0.189718
5.115 	 2.42796 	 -0.189715
5.13 	 2.42684 	 -0.189712
5.145 	 2.42572 	 -0.18971
5.16 	 2.42459 	 -0.189707
5.175 	 2.42346 	 -0.189705
5.19 	 2.42233 	 -0.189702
5.205 	 2.4212 	 -0.189699
5.22 	 2.42006 	 -0.189696
5.235 	 2.41892 	 -0.189693
5.25 	 2.41777 	 -0.18969
5.265 	 2.41662 	 -0.189687
5.28 	 2.4155 	 -0.189687
5.295 	 2.41432 	 -0.189681
5.31 	 2.41316 	 -0.189678
5.325 	 2.412 	 -0.189675
5.34 	 2.41083 	 -0.189672
5.355 	 2.40967 	 -0.189669
5.37 	 2.40849 	 -0.189666
5.385 	 2.40732 	 -0.189662
5.4 	 2.40614 	 -0.189659
5.415 	 2.40496 	 -0.189655
5.43 	 2.40378 	 -0.189652
5.445 	 2.40259 	 -0.189648
5.46 	 2.4014 	 -0.189645
5.475 	 2.40021 	 -0.189641
5.49 	 2.39901 	 -0.189638
5.505 	 2.39781 	 -0.189634
5.52 	 2.39661 	 -0.18963
5.535 	 2.3954 	 -0.189626
5.55 	 2.3942 	 -0.189622
5.565 	 2.39298 	 -0.189618
5.58 	 2.39177 	 -0.189614
5.595 	 2.39055 	 -0.18961
5.61 	 2.38933 	 -0.189606
5.625 	 2.3881 	 -0.189602
5.64 	 2.38687 	 -0.189598
5.655 	 2.38568 	 -0.189598
5.67 	 2.38441 	 -0.189589
5.685 	 2.38317 	 -0.189584
5.7 	 2.38193 	 -0.18958
5.715 	 2.38068 	 -0.189575
5.73 	 2.37944 	 -0.189571
5.745 	 2.37819 	 -0.189566
5.76 	 2.37693 	 -0.189561
5.775 	 2.37567 	 -0.189556
5.79 	 2.37441 	 -0.189551
5.805 	 2.37315 	 -0.189546
5.82 	 2.37188 	 -0.189541
5.835 	 2.37061 	 -0.189536
5.85 	 2.36934 	 -0.18953
5.865 	 2.36806 	 -0.189525
5.88 	 2.36678 	 -0.18952
5.895 	 2.3655 	 -0.189514
5.91 	 2.36422 	 -0.189509
5.925 	 2.36293 	 -0.189503
5.94 	 2.36163 	 -0.189497
5.955 	 2.36034 	 -0.189491
5.97 	 2.35904 	 -0.189485
5.985 	 2.35774 	 -0.189479
6 	 2.35643 	 -0.189473
6.015 	 2.35513 	 -0.189467
6.03 	 2.35381 	 -0.189461
6.045 	 2.3525 	 -0.189454
6.06 	 2.35118 	 -0.189448
6.075 	 2.34986 	 -0.189441
6.09 	 2.34854 	 -0.189435
6.105 	 2.34721 	 -0.189428
6.12 	 2.34588 	 -0.189421
6.135 	 2.34455 	 -0.189414
6.15 	 2.34321 	 -0.189407
6.165 	 2.34187 	 -0.1894
6.18 	 2.34053 	 -0.189392
6.195 	 2.33918 	 -0.189385
6.21 	 2.33783 	 -0.189377
6.225 	 2.33648 	 -0.18937
6.24 	 2.33512 	 -0.189362
6.255 	 2.33376 	 -0.189354
6.27 	 2.3324 	 -0.189346
6.285 	 2.33104 	 -0.189338
6.3 	 2.32967 	 -0.18933
6.315 	 2.3283 	 -0.189322
6.33 	 2.32692 	 -0.189313
6.345 	 2.32555 	 -0.189305
6.36 	 2.32416 	 -0.189296
6.375 	 2.32278 	 -0.189287
6.39 	 2.32139 	 -0.189278
6.405 	 2.32 	 -0.189269
6.42 	 2.31861 	 -0.18926
6.435 	 2.31721 	 -0.18925
6.45 	 2.31581 	 -0.189241
6.465 	 2.31441 	 -0.189231
6.48 	 2.313 	 -0.189221
6.495 	 2.3116 	 -0.189211
6.51 	 2.31018 	 -0.189201
6.525 	 2.30877 	 -0.189191
6.54 	 2.30735 	 -0.18918
6.555 	 2.30593 	 -0.18917
6.57 	 2.3045 	 -0.189159
6.585 	 2.30307 	 -0.189148
6.6 	 2.30164 	 -0.189137
6.615 	 2.30024 	 -0.189137
6.63 	 2.29877 	 -0.189115
6.645 	 2.29733 	 -0.189103
6.66 	 2.29589 	 -0.189091
6.675 	 2.29444 	 -0.189079
6.69 	 2.29299 	 -0.189067
6.705 	 2.29154 	 -0.189055
6.72 	 2.29008 	 -0.189043
6.735 	 2.28862 	 -0.18903
6.75 	 2.28716 	 -0.189017
6.765 	 2.2857 	 -0.189004
6.78 	 2.28423 	 -0.188991
6.795 	 2.28276 	 -0.188978
6.81 	 2.28128 	 -0.188964
6.825 	 2.2798 	 -0.18895
6.84 	 2.27832 	 -0.188936
6.855 	 2.27684 	 -0.188922
6.87 	 2.27535 	 -0.188908
6.885 	 2.27386 	 -0.188893
6.9 	 2.27237 	 -0.188878
6.915 	 2.27087 	 -0.188863
6.93 	 2.26937 	 -0.188848
6.945 	 2.26787 	 -0.188833
6.96 	 2.26637 	 -0.188817
6.975 	 2.26486 	 -0.188801
6.99 	 2.26335 	 -0.188785
7.005 	 2.26183 	 -0.188768
7.02 	 2.26031 	 -0.188752
7.035 	 2.25879 	 -0.188735
7.05 	 2.25727 	 -0.188718
7.065 	 2.25574 	 -0.1887
7.08 	 2.25421 	 -0.188683
7.095 	 2.25268 	 -0.188665
7.11 	 2.25114 	 -0.188647
7.125 	 2.24961 	 -0.188628
7.14 	 2.24806 	 -0.188609
7.155 	 2.24652 	 -0.18859
7.17 	 2.24497 	 -0.188571
7.185 	 2.24342 	 -0.188552
7.2 	 2.2419 	 -0.188552
7.215 	 2.24031 	 -0.188512
7.23 	 2.23875 	 -0.188491
7.245 	 2.23719 	 -0.188471
7.26 	 2.23562 	 -0.18845
7.275 	 2.23405 	 -0.188428
7.29 	 2.23248 	 -0.188407
7.305 	 2.2309 	 -0.188385
7.32 	 2.22932 	 -0.188362
7.335 	 2.22774 	 -0.18834
7.35 	 2.22616 	 -0.188317
7.365 	 2.22457 	 -0.188294
7.38 	 2.22298 	 -0.18827
7.395 	 2.22139 	 -0.188246
7.41 	 2.21979 	 -0.188222
7.425 	 2.21819 	 -0.188197
7.44 	 2.21659 	 -0.188172
7.455 	 2.21499 	 -0.188147
7.47 	 2.21338 	 -0.188121
7.485 	 2.21177 	 -0.188095
7.5 	 2.21016 	 -0.188068
7.515 	 2.20854 	 -0.188042
7.53 	 2.20692 	 -0.188014
7.545 	 2.2053 	 -0.187987
7.56 	 2.20367 	 -0.187959
7.575 	 2.20207 	 -0.187959
7.59 	 2.20041 	 -0.187901
7.605 	 2.19878 	 -0.187872
7.62 	 2.19714 	 -0.187842
7.635 	 2.1955 	 -0.187812
7.65 	 2.19386 	 -0.187782
7.665 	 2.19221 	 -0.187751
7.68 	 2.19056 	 -0.187719
7.695 	 2.18891 	 -0.187688
7.71 	 2.18726 	 -0.187655
7.725 	 2.1856 	 -0.187622
7.74 	 2.18394 	 -0.187589
7.755 	 2.18228 	 -0.187555
7.77 	 2.18061 	 -0.187521
7.785 	 2.17894 	 -0.187487
7.8 	 2.17727 	 -0.187451
7.815 	 2.1756 	 -0.187416
7.83 	 2.17392 	 -0.187379
7.845 	 2.17224 	 -0.187343
7.86 	 2.17056 	 -0.187305
7.875 	 2.16887 	 -0.187268
7.89 	 2.16718 	 -0.187229
7.905 	 2.16549 	 -0.187191
7.92 	 2.1638 	 -0.187151
7.935 	 2.1621 	 -0.187111
7.95 	 2.1604 	 -0.187071
7.965 	 2.1587 	 -0.18703
7.98 	 2.15699 	 -0.186988
7.995 	 2.15528 	 -0.186946
8.01 	 2.15357 	 -0.186903
8.025 	 2.15186 	 -0.186859
8.04 	 2.15014 	 -0.186815
8.055 	 2.14842 	 -0.186771
8.07 	 2.1467 	 -0.186725
8.085 	 2.14498 	 -0.186679
8.1 	 2.14325 	 -0.186633
8.115 	 2.14152 	 -0.186586
8.13 	 2.13979 	 -0.186538
8.145 	 2.13805 	 -0.186489
8.16 	 2.13632 	 -0.18644
8.175 	 2.13458 	 -0.18639
8.19 	 2.13283 	 -0.18634
8.205 	 2.13109 	 -0.186288
8.22 	 2.12934 	 -0.186236
8.235 	 2.12759 	 -0.186184
8.25 	 2.12583 	 -0.18613
8.265 	 2.12408 	 -0.186076
8.28 	 2.12232 	 -0.186021
8.295 	 2.12056 	 -0.185965
8.31 	 2.11879 	 -0.185909
8.325 	 2.11703 	 -0.185852
8.34 	 2.11526 	 -0.185794
8.355 	 2.11349 	 -0.185735
8.37 	 2.11171 	 -0.185675
8.385 	 2.10994 	 -0.185615
8.4 	 2.10816 	 -0.185554
8.415 	 2.10637 	 -0.185492
8.43 	 2.10459 	 -0.185429
8.445 	 2.1028 	 -0.185365
8.46 	 2.10101 	 -0.1853
8.475 	 2.09922 	 -0.185235
8.49 	 2.09743 	 -0.185169
8.505 	 2.09563 	 -0.185101
8.52 	 2.09383 	 -0.185033
8.535 	 2.09203 	 -0.184964
8.55 	 2.09022 	 -0.184894
8.565 	 2.08842 	 -0.184823
8.58 	 2.08661 	 -0.184752
8.595 	 2.0848 	 -0.184679
8.61 	 2.08298 	 -0.184605
8.625 	 2.08117 	 -0.18453
8.64 	 2.07935 	 -0.184455
8.655 	 2.07753 	 -0.184378
8.67 	 2.07571 	 -0.1843
8.685 	 2.07388 	 -0.184221
8.7 	 2.07205 	 -0.184142
8.715 	 2.07022 	 -0.184061
8.73 	 2.06839 	 -0.183979
8.745 	 2.06656 	 -0.183896
8.76 	 2.06472 	 -0.183812
8.775 	 2.06288 	 -0.183727
8.79 	 2.06104 	 -0.183641
8.805 	 2.05919 	 -0.183553
8.82 	 2.05735 	 -0.183465
8.835 	 2.0555 	 -0.183375
8.85 	 2.05365 	 -0.183285
8.865 	 2.0518 	 -0.183193
8.88 	 2.04994 	 -0.1831
8.895 	 2.04809 	 -0.183005
8.91 	 2.04623 	 -0.18291
8.925 	 2.04437 	 -0.182813
8.94 	 2.0425 	 -0.182715
8.955 	 2.04064 	 -0.182616
8.97 	 2.03877 	 -0.182516
8.985 	 2.0369 	 -0.182414
9 	 2.03503 	 -0.182312
9.015 	 2.03318 	 -0.182312
9.03 	 2.03128 	 -0.182102
9.045 	 2.02941 	 -0.181995
9.06 	 2.02753 	 -0.181887
9.075 	 2.02565 	 -0.181778
9.09 	 2.02376 	 -0.181667
9.105 	 2.02188 	 -0.181555
9.12 	 2.01999 	 -0.181441
9.135 	 2.0181 	 -0.181327
9.15 	 2.01621 	 -0.18121
9.165 	 2.01432 	 -0.181093
9.18 	 2.01242 	 -0.180974
9.195 	 2.01053 	 -0.180853
9.21 	 2.00863 	 -0.180731
9.225 	 2.00673 	 -0.180608
9.24 	 2.00483 	 -0.180483
9.255 	 2.00292 	 -0.180357
9.27 	 2.00102 	 -0.180229
9.285 	 1.99911 	 -0.1801
9.3 	 1.9972 	 -0.179969
9.315 	 1.99529 	 -0.179836
9.33 	 1.99338 	 -0.179702
9.345 	 1.99147 	 -0.179567
9.36 	 1.98955 	 -0.17943
9.375 	 1.98764 	 -0.179291
9.39 	 1.98573 	 -0.179291
9.405 	 1.9838 	 -0.179009
9.42 	 1.98188 	 -0.178866
9.435 	 1.97995 	 -0.178721
9.45 	 1.97803 	 -0.178574
9.465 	 1.9761 	 -0.178426
9.48 	 1.97418 	 -0.178276
9.495 	 1.97225 	 -0.178124
9.51 	 1.97032 	 -0.177971
9.525 	 1.96838 	 -0.177816
9.54 	 1.96645 	 -0.177659
9.555 	 1.96452 	 -0.177501
9.57 	 1.96258 	 -0.177341
9.585 	 1.96064 	 -0.177179
9.6 	 1.9587 	 -0.177015
9.615 	 1.95676 	 -0.176849
9.63 	 1.95482 	 -0.176682
9.645 	 1.95288 	 -0.176513
9.66 	 1.95094 	 -0.176342
9.675 	 1.94899 	 -0.17617
9.69 	 1.94705 	 -0.175996
9.705 	 1.9451 	 -0.175819
9.72 	 1.94315 	 -0.175641
9.735 	 1.9412 	 -0.175461
9.75 	 1.93925 	 -0.17528
9.765 	 1.9373 	 -0.175096
9.78 	 1.93535 	 -0.174911
9.795 	 1.93339 	 -0.174723
9.81 	 1.93144 	 -0.174534
9.825 	 1.92948 	 -0.174343
9.84 	 1.92753 	 -0.17415
9.855 	 1.92557 	 -0.173955
9.87 	 1.92361 	 -0.173758
9.885 	 1.92165 	 -0.173559
9.9 	 1.91969 	 -0.173359
9.915 	 1.91773 	 -0.173156
9.93 	 1.91577 	 -0.172951
9.945 	 1.9138 	 -0.172745
9.96 	 1.91184 	 -0.172536
9.975 	 1.90988 	 -0.172326
9.99 	 1.90791 	 -0.172113
10.005 	 1.90594 	 -0.171899
10.02 	 1.90398 	 -0.171682
10.035 	 1.90201 	 -0.171464
10.05 	 1.90004 	 -0.171244
10.065 	 1.89808 	 -0.171021
10.08 	 1.89611 	 -0.170797
10.095 	 1.89414 	 -0.170571
10.11 	 1.89217 	 -0.170342
10.125 	 1.8902 	 -0.170112
10.14 	 1.88823 	 -0.169879
10.155 	 1.88625 	 -0.169645
10.17 	 1.88428 	 -0.169408
10.185 	 1.88231 	 -0.16917
10.2 	 1.88034 	 -0.168929
10.215 	 1.87836 	 -0.168687
10.23 	 1.87639 	 -0.168442
10.245 	 1.87442 	 -0.168196
10.26 	 1.87244 	 -0.167947
10.275 	 1.87047 	 -0.167697
10.29 	 1.86849 	 -0.167444
10.305 	 1.86652 	 -0.167189
10.32 	 1.86454 	 -0.166933
10.335 	 1.86257 	 -0.166674
10.35 	 1.86059 	 -0.166413
10.365 	 1.85862 	 -0.16615
10.38 	 1.85664 	 -0.165886
10.395 	 1.85467 	 -0.165619
10.41 	 1.85269 	 -0.16535
10.425 	 1.85072 	 -0.165079
10.44 	 1.84874 	 -0.164806
10.455 	 1.84676 	 -0.164531
10.47 	 1.84479 	 -0.164255
10.485 	 1.84281 	 -0.163976
10.5 	 1.84084 	 -0.163695
10.515 	 1.83886 	 -0.163412
10.53 	 1.83689 	 -0.163127
10.545 	 1.83491 	 -0.162841
10.56 	 1.83293 	 -0.162841
10.575 	 1.83096 	 -0.162261
10.59 	 1.82899 	 -0.161969
10.605 	 1.82702 	 -0.161674
10.62 	 1.82504 	 -0.161378
10.635 	 1.82307 	 -0.161079
10.65 	 1.8211 	 -0.160779
10.665 	 1.81912 	 -0.160477
10.68 	 1.81715 	 -0.160173
10.695 	 1.81518 	 -0.159867
10.71 	 1.81321 	 -0.159559
10.725 	 1.81124 	 -0.159249
10.74 	 1.80927 	 -0.158938
10.755 	 1.8073 	 -0.158624
10.77 	 1.80533 	 -0.158309
10.785 	 1.80336 	 -0.157992
10.8 	 1.80139 	 -0.157673
10.815 	 1.79943 	 -0.157352
10.83 	 1.79746 	 -0.15703
10.845 	 1.79549 	 -0.156706
10.86 	 1.79353 	 -0.15638
10.875 	 1.79156 	 -0.156052
10.89 	 1.7896 	 -0.155723
10.905 	 1.78764 	 -0.155391
10.92 	 1.78568 	 -0.155059
10.935 	 1.7837 	 -0.155059
10.95 	 1.78175 	 -0.154388
10.965 	 1.77979 	 -0.15405
10.98 	 1.77784 	 -0.153711
10.995 	 1.77588 	 -0.153369
11.01 	 1.77392 	 -0.153027
11.025 	 1.77196 	 -0.152683
11.04 	 1.77001 	 -0.152337
11.055 	 1.76806 	 -0.151989
11.07 	 1.7661 	 -0.15164
11.085 	 1.76415 	 -0.15129
11.1 	 1.7622 	 -0.150938
11.115 	 1.76025 	 -0.150585
11.13 	 1.7583 	 -0.15023
11.145 	 1.75636 	 -0.149874
11.16 	 1.75441 	 -0.149516
11.175 	 1.75246 	 -0.149157
11.19 	 1.75052 	 -0.148796
11.205 	 1.74858 	 -0.148435
11.22 	 1.74664 	 -0.148071
11.235 	 1.7447 	 -0.147707
11.25 	 1.74276 	 -0.147341
11.265 	 1.74082 	 -0.146974
11.28 	 1.73889 	 -0.146606
11.295 	 1.73695 	 -0.146236
11.31 	 1.735 	 -0.146236
11.325 	 1.73309 	 -0.145494
11.34 	 1.73116 	 -0.145121
11.355 	 1.72923 	 -0.144746
11.37 	 1.7273 	 -0.144371
11.385 	 1.72537 	 -0.143994
11.4 	 1.72345 	 -0.143617
11.415 	 1.72153 	 -0.143238
11.43 	 1.7196 	 -0.142858
11.445 	 1.71768 	 -0.142478
11.46 	 1.71577 	 -0.142096
11.475 	 1.71385 	 -0.141713
11.49 	 1.71194 	 -0.14133
11.505 	 1.71002 	 -0.140945
11.52 	 1.70811 	 -0.14056
11.535 	 1.7062 	 -0.140173
11.55 	 1.70429 	 -0.139786
11.565 	 1.70239 	 -0.139398
11.58 	 1.70048 	 -0.139009
11.595 	 1.69858 	 -0.13862
11.61 	 1.69668 	 -0.138229
11.625 	 1.69478 	 -0.137838
11.64 	 1.69288 	 -0.137446
11.655 	 1.69098 	 -0.137053
11.67 	 1.68909 	 -0.13666
11.685 	 1.6872 	 -0.136266
11.7 	 1.68531 	 -0.135872
11.715 	 1.68342 	 -0.135476
11.73 	 1.68153 	 -0.135081
11.745 	 1.67965 	 -0.134684
11.76 	 1.67777 	 -0.134287
11.775 	 1.67589 	 -0.13389
11.79 	 1.67401 	 -0.133492
11.805 	 1.67213 	 -0.133094
11.82 	 1.67026 	 -0.132695
11.835 	 1.66839 	 -0.132295
11.85 	 1.66652 	 -0.131896
11.865 	 1.66465 	 -0.131496
11.88 	 1.66278 	 -0.131095
11.895 	 1.66092 	 -0.130694
11.91 	 1.65906 	 -0.130293
11.925 	 1.6572 	 -0.129892
11.94 	 1.65534 	 -0.12949
11.955 	 1.65348 	 -0.129088
11.97 	 1.65163 	 -0.128686
11.985 	 1.64978 	 -0.128283
12 	 1.64793 	 -0.12788
12.015 	 1.64609 	 -0.127478
12.03 	 1.64424 	 -0.127075
12.045 	 1.6424 	 -0.126671
12.06 	 1.64056 	 -0.126268
12.075 	 1.63872 	 -0.125865
12.09 	 1.63689 	 -0.125461
12.105 	 1.63505 	 -0.125058
12.12 	 1.63322 	 -0.124654
12.135 	 1.6314 	 -0.124251
12.15 	 1.62957 	 -0.123847
12.165 	 1.62775 	 -0.123444
12.18 	 1.62592 	 -0.12304
12.195 	 1.62411 	 -0.122637
12.21 	 1.62229 	 -0.122233
12.225 	 1.62048 	 -0.12183
12.24 	 1.61866 	 -0.121427
12.255 	 1.61685 	 -0.121024
12.27 	 1.61505 	 -0.120621
12.285 	 1.61324 	 -0.120218
12.3 	 1.61144 	 -0.119815
12.315 	 1.60964 	 -0.119413
12.33 	 1.60785 	 -0.119011
12.345 	 1.60605 	 -0.118609
12.36 	 1.60426 	 -0.118207
12.375 	 1.60247 	 -0.117806
12.39 	 1.60068 	 -0.117405
12.405 	 1.5989 	 -0.117004
12.42 	 1.59712 	 -0.116603
12.435 	 1.59534 	 -0.116203
12.45 	 1.59356 	 -0.115803
12.465 	 1.59179 	 -0.115404
12.48 	 1.59001 	 -0.115005
12.495 	 1.58824 	 -0.114606
12.51 	 1.58648 	 -0.114208
12.525 	 1.58471 	 -0.11381
12.54 	 1.58295 	 -0.113412
12.555 	 1.58119 	 -0.113015
12.57 	 1.57944 	 -0.112619
12.585 	 1.57768 	 -0.112223
12.6 	 1.57593 	 -0.111827
12.615 	 1.57419 	 -0.111432
12.63 	 1.57244 	 -0.111037
12.645 	 1.5707 	 -0.110643
12.66 	 1.56896 	 -0.11025
12.675 	 1.56722 	 -0.109857
12.69 	 1.56548 	 -0.109464
12.705 	 1.56375 	 -0.109073
12.72 	 1.56202 	 -0.108681
12.735 	 1.5603 	 -0.108291
12.75 	 1.55857 	 -0.107901
12.765 	 1.55685 	 -0.107511
12.78 	 1.55513 	 -0.107123
12.795 	 1.55341 	 -0.106734
12.81 	 1.5517 	 -0.106347
12.825 	 1.54999 	 -0.10596
12.84 	 1.54828 	 -0.105574
12.855 	 1.54657 	 -0.105574
12.87 	 1.54488 	 -0.104804
12.885 	 1.54318 	 -0.10442
12.9 	 1.54148 	 -0.104036
12.915 	 1.53978 	 -0.103654
12.93 	 1.53809 	 -0.103272
12.945 	 1.5364 	 -0.10289
12.96 	 1.53472 	 -0.10251
12.975 	 1.53303 	 -0.10213
12.99 	 1.53135 	 -0.101751
13.005 	 1.52968 	 -0.101373
13.02 	 1.528 	 -0.100996
13.035 	 1.52633 	 -0.100619
13.05 	 1.52466 	 -0.100244
13.065 	 1.52299 	 -0.0998686
13.08 	 1.52133 	 -0.0994945
13.095 	 1.51967 	 -0.0991211
13.11 	 1.51801 	 -0.0987486
13.125 	 1.51635 	 -0.0983769
13.14 	 1.5147 	 -0.0980061
13.155 	 1.51305 	 -0.0976361
13.17 	 1.5114 	 -0.097267
13.185 	 1.50976 	 -0.0968987
13.2 	 1.50812 	 -0.0965312
13.215 	 1.50648 	 -0.0961647
13.23 	 1.50484 	 -0.0961647
13.245 	 1.50321 	 -0.0954342
13.26 	 1.50158 	 -0.0950703
13.275 	 1.49995 	 -0.0947073
13.29 	 1.49833 	 -0.0943451
13.305 	 1.49671 	 -0.0939839
13.32 	 1.49509 	 -0.0936236
13.335 	 1.49347 	 -0.0932642
13.35 	 1.49186 	 -0.0929057
13.365 	 1.49025 	 -0.0925481
13.38 	 1.48864 	 -0.0921914
13.395 	 1.48703 	 -0.0918357
13.41 	 1.48543 	 -0.0914809
13.425 	 1.48383 	 -0.0911271
13.44 	 1.48224 	 -0.0907741
13.455 	 1.48064 	 -0.0904222
13.47 	 1.47905 	 -0.0900711
13.485 	 1.47746 	 -0.0897211
13.5 	 1.47588 	 -0.0893719
13.515 	 1.4743 	 -0.0890238
13.53 	 1.47272 	 -0.0886765
13.545 	 1.47114 	 -0.0883303
13.56 	 1.46956 	 -0.087985
13.575 	 1.46799 	 -0.0876407
13.59 	 1.46642 	 -0.0872974
13.605 	 1.46486 	 -0.086955
13.62 	 1.4633 	 -0.0866136
13.635 	 1.46174 	 -0.0862732
13.65 	 1.46018 	 -0.0859337
13.665 	 1.45862 	 -0.0855953
13.68 	 1.45707 	 -0.0852578
13.695 	 1.45552 	 -0.0849213
13.71 	 1.45398 	 -0.0845858
13.725 	 1.45243 	 -0.0842513
13.74 	 1.45089 	 -0.0839178
13.755 	 1.44936 	 -0.0835852
13.77 	 1.44782 	 -0.0832537
13.785 	 1.44629 	 -0.0829231
13.8 	 1.44476 	 -0.0825936
13.815 	 1.44323 	 -0.082265
13.83 	 1.44171 	 -0.0819375
13.845 	 1.44019 	 -0.0816109
13.86 	 1.43867 	 -0.0812854
13.875 	 1.43715 	 -0.0809608
13.89 	 1.43564 	 -0.0806373
13.905 	 1.43413 	 -0.0803147
13.92 	 1.43262 	 -0.0799932
13.935 	 1.43112 	 -0.0796726
13.95 	 1.42962 	 -0.0793531
13.965 	 1.42812 	 -0.0790346
13.98 	 1.42662 	 -0.078717
13.995 	 1.42513 	 -0.0784005
14.01 	 1.42364 	 -0.078085
14.025 	 1.42215 	 -0.0777705
14.04 	 1.42066 	 -0.077457
14.055 	 1.41918 	 -0.0771444
14.07 	 1.4177 	 -0.0768329
14.085 	 1.41622 	 -0.0765224
14.1 	 1.41475 	 -0.076213
14.115 	 1.41328 	 -0.0759045
14.13 	 1.41181 	 -0.075597
14.145 	 1.41034 	 -0.0752905
14.16 	 1.40888 	 -0.074985
14.175 	 1.40742 	 -0.0746805
14.19 	 1.40596 	 -0.0743771
14.205 	 1.4045 	 -0.0740746
14.22 	 1.40305 	 -0.0737731
14.235 	 1.4016 	 -0.0734727
14.25 	 1.40015 	 -0.0731732
14.265 	 1.39871 	 -0.0728747
14.28 	 1.39727 	 -0.0725772
14.295 	 1.39583 	 -0.0722807
14.31 	 1.39439 	 -0.0719853
14.325 	 1.39296 	 -0.0716908
14.34 	 1.39153 	 -0.0713973
14.355 	 1.3901 	 -0.0711048
14.37 	 1.38867 	 -0.0708133
14.385 	 1.38725 	 -0.0705228
14.4 	 1.38582 	 -0.0705228
14.415 	 1.38441 	 -0.0699447
14.43 	 1.38299 	 -0.0696571
14.445 	 1.38158 	 -0.0693706
14.46 	 1.38017 	 -0.069085
14.475 	 1.37876 	 -0.0688004
14.49 	 1.37736 	 -0.0685167
14.505 	 1.37596 	 -0.0682341
14.52 	 1.37456 	 -0.0679524
14.535 	 1.37316 	 -0.0676718
14.55 	 1.37177 	 -0.0673921
14.565 	 1.37037 	 -0.0671133
14.58 	 1.36898 	 -0.0668356
14.595 	 1.3676 	 -0.0665588
14.61 	 1.36621 	 -0.0662829
14.625 	 1.36483 	 -0.0660081
14.64 	 1.36345 	 -0.0657342
14.655 	 1.36208 	 -0.0654613
14.67 	 1.3607 	 -0.0651893
14.685 	 1.35933 	 -0.0649183
14.7 	 1.35796 	 -0.0646483
14.715 	 1.3566 	 -0.0643792
14.73 	 1.35523 	 -0.0641111
14.745 	 1.35387 	 -0.0638439
14.76 	 1.35251 	 -0.0635777
14.775 	 1.35116 	 -0.0635777
14.79 	 1.34981 	 -0.0630481
14.805 	 1.34845 	 -0.0627847
14.82 	 1.34711 	 -0.0625223
14.835 	 1.34576 	 -0.0622608
14.85 	 1.34442 	 -0.0620002
14.865 	 1.34308 	 -0.0617406
14.88 	 1.34174 	 -0.0614819
14.895 	 1.3404 	 -0.0612242
14.91 	 1.33907 	 -0.0609674
14.925 	 1.33774 	 -0.0607115
14.94 	 1.33641 	 -0.0604566
14.955 	 1.33508 	 -0.0602025
14.97 	 1.33376 	 -0.0599494
14.985 	 1.33244 	 -0.0596972
15 	 1.33112 	 -0.059446
15.015 	 1.32981 	 -0.0591956
15.03 	 1.32849 	 -0.0589462
15.045 	 1.32718 	 -0.0586977
15.06 	 1.32587 	 -0.0584501
15.075 	 1.32457 	 -0.0582034
15.09 	 1.32326 	 -0.0579576
15.105 	 1.32196 	 -0.0577127
15.12 	 1.32066 	 -0.0574687
15.135 	 1.31937 	 -0.0572256
15.15 	 1.31807 	 -0.0572256
15.165 	 1.31678 	 -0.0567422
15.18 	 1.31549 	 -0.0565018
15.195 	 1.3142 	 -0.0562623
15.21 	 1.31292 	 -0.0560236
15.225 	 1.31164 	 -0.0557859
15.24 	 1.31036 	 -0.0555491
15.255 	 1.30908 	 -0.0553131
15.27 	 1.30781 	 -0.055078
15.285 	 1.30653 	 -0.0548438
15.3 	 1.30526 	 -0.0546104
15.315 	 1.30399 	 -0.054378
15.33 	 1.30273 	 -0.0541464
15.345 	 1.30147 	 -0.0539157
15.36 	 1.30021 	 -0.0536858
15.375 	 1.29895 	 -0.0534568
15.39 	 1.29769 	 -0.0532287
15.405 	 1.29644 	 -0.0530014
15.42 	 1.29519 	 -0.052775
15.435 	 1.29394 	 -0.0525494
15.45 	 1.29269 	 -0.0523247
15.465 	 1.29144 	 -0.0521008
15.48 	 1.2902 	 -0.0518778
15.495 	 1.28896 	 -0.0516556
15.51 	 1.28772 	 -0.0514342
15.525 	 1.28649 	 -0.0512137
15.54 	 1.28526 	 -0.0509941
15.555 	 1.28403 	 -0.0507752
15.57 	 1.2828 	 -0.0505572
15.585 	 1.28157 	 -0.0503401
15.6 	 1.28035 	 -0.0501237
15.615 	 1.27912 	 -0.0499082
15.63 	 1.2779 	 -0.0496935
15.645 	 1.27669 	 -0.0494797
15.66 	 1.27547 	 -0.0492666
15.675 	 1.27426 	 -0.0490544
15.69 	 1.27305 	 -0.0488429
15.705 	 1.27184 	 -0.0486323
15.72 	 1.27063 	 -0.0484225
15.735 	 1.26943 	 -0.0482135
15.75 	 1.26823 	 -0.0480053
15.765 	 1.26703 	 -0.0477979
15.78 	 1.26583 	 -0.0475913
15.795 	 1.26464 	 -0.0473855
15.81 	 1.26344 	 -0.0471805
15.825 	 1.26225 	 -0.0469763
15.84 	 1.26106 	 -0.0467729
15.855 	 1.25988 	 -0.0465702
15.87 	 1.25869 	 -0.0463684
15.885 	 1.25751 	 -0.0461673
15.9 	 1.25633 	 -0.045967
15.915 	 1.25515 	 -0.0457675
15.93 	 1.25398 	 -0.0455687
15.945 	 1.2528 	 -0.0453708
15.96 	 1.25163 	 -0.0451736
15.975 	 1.25046 	 -0.0449771
15.99 	 1.24929 	 -0.0447814
16.005 	 1.24813 	 -0.0445865
16.02 	 1.24697 	 -0.0443924
16.035 	 1.24581 	 -0.044199
16.05 	 1.24465 	 -0.0440064
16.065 	 1.24349 	 -0.0438145
16.08 	 1.24234 	 -0.0436234
16.095 	 1.24118 	 -0.043433
16.11 	 1.24003 	 -0.0432434
16.125 	 1.23888 	 -0.0430545
16.14 	 1.23774 	 -0.0428663
16.155 	 1.23659 	 -0.0426789
16.17 	 1.23545 	 -0.0424922
16.185 	 1.23431 	 -0.0423063
16.2 	 1.23317 	 -0.0421211
16.215 	 1.23204 	 -0.0419366
16.23 	 1.2309 	 -0.0417529
16.245 	 1.22977 	 -0.0415698
16.26 	 1.22864 	 -0.0413875
16.275 	 1.22752 	 -0.041206
16.29 	 1.22639 	 -0.0410251
16.305 	 1.22527 	 -0.040845
16.32 	 1.22414 	 -0.0406655
16.335 	 1.22302 	 -0.0404868
16.35 	 1.22191 	 -0.0403088
16.365 	 1.22079 	 -0.0401315
16.38 	 1.21968 	 -0.0399549
16.395 	 1.21857 	 -0.039779
16.41 	 1.21746 	 -0.0396038
16.425 	 1.21635 	 -0.0394293
16.44 	 1.21524 	 -0.0392555
16.455 	 1.21414 	 -0.0390824
16.47 	 1.21304 	 -0.0389099
16.485 	 1.21194 	 -0.0387382
16.5 	 1.21084 	 -0.0385672
16.515 	 1.20974 	 -0.0383968
16.53 	 1.20865 	 -0.0382271
16.545 	 1.20756 	 -0.0380581
16.56 	 1.20647 	 -0.0378898
16.575 	 1.20538 	 -0.0377221
16.59 	 1.20429 	 -0.0375552
16.605 	 1.20321 	 -0.0373888
16.62 	 1.20212 	 -0.0372232
16.635 	 1.20104 	 -0.0370582
16.65 	 1.19997 	 -0.0368939
16.665 	 1.19889 	 -0.0367303
16.68 	 1.19781 	 -0.0365673
16.695 	 1.19674 	 -0.0364049
16.71 	 1.19567 	 -0.0362433
16.725 	 1.1946 	 -0.0360822
16.74 	 1.19353 	 -0.0359219
16.755 	 1.19247 	 -0.0357621
16.77 	 1.1914 	 -0.0356031
16.785 	 1.19034 	 -0.0354446
16.8 	 1.18928 	 -0.0352868
16.815 	 1.18823 	 -0.0351297
16.83 	 1.18717 	 -0.0349732
16.845 	 1.18612 	 -0.0348173
16.86 	 1.18506 	 -0.034662
16.875 	 1.18401 	 -0.0345074
16.89 	 1.18296 	 -0.0343534
16.905 	 1.18192 	 -0.0342
16.92 	 1.18087 	 -0.0340473
16.935 	 1.17983 	 -0.0338952
16.95 	 1.17879 	 -0.0337437
16.965 	 1.17775 	 -0.0335928
16.98 	 1.17671 	 -0.0334426
16.995 	 1.17567 	 -0.0332929
17.01 	 1.17464 	 -0.0331439
17.025 	 1.17361 	 -0.0329954
17.04 	 1.17258 	 -0.0328476
17.055 	 1.17155 	 -0.0327004
17.07 	 1.17052 	 -0.0325538
17.085 	 1.1695 	 -0.0324078
17.1 	 1.16847 	 -0.0322624
17.115 	 1.16745 	 -0.0321176
17.13 	 1.16643 	 -0.0319733
17.145 	 1.16541 	 -0.0318297
17.16 	 1.1644 	 -0.0316867
17.175 	 1.16338 	 -0.0315442
17.19 	 1.16237 	 -0.0314024
17.205 	 1.16136 	 -0.0312611
17.22 	 1.16035 	 -0.0311204
17.235 	 1.15934 	 -0.0309803
17.25 	 1.15833 	 -0.0308408
17.265 	 1.15733 	 -0.0307018
17.28 	 1.15633 	 -0.0305634
17.295 	 1.15533 	 -0.0304256
17.31 	 1.15433 	 -0.0302884
17.325 	 1.15333 	 -0.0301517
17.34 	 1.15233 	 -0.0300156
17.355 	 1.15134 	 -0.02988
17.37 	 1.15035 	 -0.0297451
17.385 	 1.14936 	 -0.0296107
17.4 	 1.14837 	 -0.0294768
17.415 	 1.14738 	 -0.0293435
17.43 	 1.1464 	 -0.0292107
17.445 	 1.14541 	 -0.0290785
17.46 	 1.14443 	 -0.0289469
17.475 	 1.14345 	 -0.0288158
17.49 	 1.14247 	 -0.0286853
17.505 	 1.14149 	 -0.0285553
17.52 	 1.14052 	 -0.0284258
17.535 	 1.13954 	 -0.0282969
17.55 	 1.13857 	 -0.0281685
17.565 	 1.1376 	 -0.0280406
17.58 	 1.13663 	 -0.0279133
17.595 	 1.13567 	 -0.0277866
17.61 	 1.1347 	 -0.0276603
17.625 	 1.13374 	 -0.0275346
17.64 	 1.13277 	 -0.0274094
17.655 	 1.13181 	 -0.0274094
17.67 	 1.13085 	 -0.0271606
17.685 	 1.1299 	 -0.027037
17.7 	 1.12894 	 -0.0269139
17.715 	 1.12799 	 -0.0267913
17.73 	 1.12703 	 -0.0266693
17.745 	 1.12608 	 -0.0265477
17.76 	 1.12513 	 -0.0264267
17.775 	 1.12419 	 -0.0263061
17.79 	 1.12324 	 -0.0261861
17.805 	 1.12229 	 -0.0260666
17.82 	 1.12135 	 -0.0259476
17.835 	 1.12041 	 -0.0258291
17.85 	 1.11947 	 -0.0257111
17.865 	 1.11853 	 -0.0255936
17.88 	 1.11759 	 -0.0254766
17.895 	 1.11666 	 -0.0253601
17.91 	 1.11572 	 -0.0252441
17.925 	 1.11479 	 -0.0251286
17.94 	 1.11386 	 -0.0250135
17.955 	 1.11293 	 -0.024899
17.97 	 1.112 	 -0.0247849
17.985 	 1.11108 	 -0.0246713
18 	 1.11015 	 -0.0245583
18.015 	 1.10923 	 -0.0244457
18.03 	 1.10831 	 -0.0244457
18.045 	 1.10739 	 -0.0242219
18.06 	 1.10647 	 -0.0241107
18.075 	 1.10555 	 -0.024
18.09 	 1.10464 	 -0.0238898
18.105 	 1.10372 	 -0.02378
18.12 	 1.10281 	 -0.0236707
18.135 	 1.1019 	 -0.0235619
18.15 	 1.10099 	 -0.0234536
18.165 	 1.10008 	 -0.0233457
18.18 	 1.09918 	 -0.0232382
18.195 	 1.09827 	 -0.0231313
18.21 	 1.09737 	 -0.0230248
18.225 	 1.09647 	 -0.0229187
18.24 	 1.09557 	 -0.0228131
18.255 	 1.09467 	 -0.022708
18.27 	 1.09377 	 -0.0226033
18.285 	 1.09287 	 -0.022499
18.3 	 1.09198 	 -0.0223953
18.315 	 1.09109 	 -0.0222919
18.33 	 1.09019 	 -0.022189
18.345 	 1.0893 	 -0.0220866
18.36 	 1.08842 	 -0.0219845
18.375 	 1.08753 	 -0.021883
18.39 	 1.08664 	 -0.0217818
18.405 	 1.08576 	 -0.0217818
18.42 	 1.08487 	 -0.0215809
18.435 	 1.08399 	 -0.021481
18.45 	 1.08311 	 -0.0213816
18.465 	 1.08223 	 -0.0212827
18.48 	 1.08136 	 -0.0211841
18.495 	 1.08048 	 -0.021086
18.51 	 1.07961 	 -0.0209883
18.525 	 1.07873 	 -0.020891
18.54 	 1.07786 	 -0.0207942
18.555 	 1.07699 	 -0.0206978
18.57 	 1.07612 	 -0.0206018
18.585 	 1.07525 	 -0.0205062
18.6 	 1.07439 	 -0.020411
18.615 	 1.07352 	 -0.0203163
18.63 	 1.07266 	 -0.0202219
18.645 	 1.0718 	 -0.020128
18.66 	 1.07094 	 -0.0200345
18.675 	 1.07008 	 -0.0199413
18.69 	 1.06922 	 -0.0198486
18.705 	 1.06836 	 -0.0197563
18.72 	 1.06751 	 -0.0196644
18.735 	 1.06665 	 -0.0195729
18.75 	 1.0658 	 -0.0194818
18.765 	 1.06495 	 -0.0193911
18.78 	 1.0641 	 -0.0193911
18.795 	 1.06325 	 -0.0192109
18.81 	 1.06241 	 -0.0191214
18.825 	 1.06156 	 -0.0190323
18.84 	 1.06072 	 -0.0189435
18.855 	 1.05987 	 -0.0188552
18.87 	 1.05903 	 -0.0187672
18.885 	 1.05819 	 -0.0186797
18.9 	 1.05735 	 -0.0185925
18.915 	 1.05651 	 -0.0185057
18.93 	 1.05568 	 -0.0184192
18.945 	 1.05484 	 -0.0183332
18.96 	 1.05401 	 -0.0182475
18.975 	 1.05318 	 -0.0181622
18.99 	 1.05235 	 -0.0180773
19.005 	 1.05152 	 -0.0179928
19.02 	 1.05069 	 -0.0179086
19.035 	 1.04986 	 -0.0178248
19.05 	 1.04903 	 -0.0177414
19.065 	 1.04821 	 -0.0176584
19.08 	 1.04739 	 -0.0175757
19.095 	 1.04657 	 -0.0174934
19.11 	 1.04574 	 -0.0174114
19.125 	 1.04493 	 -0.0173298
19.14 	 1.04411 	 -0.0172486
19.155 	 1.04329 	 -0.0172486
19.17 	 1.04247 	 -0.0170872
19.185 	 1.04166 	 -0.017007
19.2 	 1.04085 	 -0.0169272
19.215 	 1.04004 	 -0.0168478
19.23 	 1.03922 	 -0.0167687
19.245 	 1.03842 	 -0.0166899
19.26 	 1.03761 	 -0.0166115
19.275 	 1.0368 	 -0.0165335
19.29 	 1.036 	 -0.0164558
19.305 	 1.03519 	 -0.0163784
19.32 	 1.03439 	 -0.0163014
19.335 	 1.03359 	 -0.0162248
19.35 	 1.03279 	 -0.0161484
19.365 	 1.03199 	 -0.0160725
19.38 	 1.03119 	 -0.0159968
19.395 	 1.03039 	 -0.0159215
19.41 	 1.0296 	 -0.0158465
19.425 	 1.0288 	 -0.0157719
19.44 	 1.02801 	 -0.0156976
19.455 	 1.02722 	 -0.0156236
19.47 	 1.02643 	 -0.01555
19.485 	 1.02564 	 -0.0154767
19.5 	 1.02485 	 -0.0154037
19.515 	 1.02406 	 -0.015331
19.53 	 1.02328 	 -0.0152587
19.545 	 1.02249 	 -0.0151867
19.56 	 1.02171 	 -0.015115
19.575 	 1.02093 	 -0.0150436
19.59 	 1.02014 	 -0.0149726
19.605 	 1.01936 	 -0.0149019
19.62 	 1.01859 	 -0.0148315
19.635 	 1.01781 	 -0.0147614
19.65 	 1.01703 	 -0.0146916
19.665 	 1.01626 	 -0.0146222
19.68 	 1.01548 	 -0.014553
19.695 	 1.01471 	 -0.0144842
19.71 	 1.01394 	 -0.0144156
19.725 	 1.01317 	 -0.0143474
19.74 	 1.0124 	 -0.0142795
19.755 	 1.01163 	 -0.0142119
19.77 	 1.01086 	 -0.0141446
19.785 	 1.0101 	 -0.0140776
19.8 	 1.00933 	 -0.0140109
19.815 	 1.00857 	 -0.0139445
19.83 	 1.00781 	 -0.0138784
19.845 	 1.00705 	 -0.0138126
19.86 	 1.00629 	 -0.0137471
19.875 	 1.00553 	 -0.0136819
19.89 	 1.00477 	 -0.013617
19.905 	 1.00401 	 -0.0135524
19.92 	 1.00326 	 -0.0134881
19.935 	 1.0025 	 -0.0134241
19.95 	 1.00175 	 -0.0133603
19.965 	 1.001 	 -0.0132969
19.98 	 1.00025 	 -0.0132337
