0 	 3.90546 	 -0.210909
0.015 	 3.90545 	 -0.210908
0.03 	 3.90543 	 -0.210905
0.045 	 3.9054 	 -0.210902
0.06 	 3.90536 	 -0.210897
0.075 	 3.90533 	 -0.210891
0.09 	 3.90528 	 -0.210885
0.105 	 3.90524 	 -0.210877
0.12 	 3.90518 	 -0.210869
0.135 	 3.90513 	 -0.210859
0.15 	 3.90506 	 -0.210848
0.165 	 3.90504 	 -0.210848
0.18 	 3.90492 	 -0.210824
0.195 	 3.90485 	 -0.21081
0.21 	 3.90476 	 -0.210795
0.225 	 3.90472 	 -0.210795
0.24 	 3.90459 	 -0.210762
0.255 	 3.90449 	 -0.210744
0.27 	 3.90439 	 -0.210725
0.285 	 3.90428 	 -0.210706
0.3 	 3.90417 	 -0.210685
0.315 	 3.90406 	 -0.210663
0.33 	 3.90398 	 -0.210663
0.345 	 3.90382 	 -0.210616
0.36 	 3.90369 	 -0.210591
0.375 	 3.90355 	 -0.210565
0.39 	 3.90342 	 -0.210538
0.405 	 3.90327 	 -0.21051
0.42 	 3.90313 	 -0.21048
0.435 	 3.90297 	 -0.21045
0.45 	 3.90286 	 -0.21045
0.465 	 3.90266 	 -0.210387
0.48 	 3.90249 	 -0.210354
0.495 	 3.90232 	 -0.21032
0.51 	 3.90214 	 -0.210285
0.525 	 3.90196 	 -0.210249
0.54 	 3.90178 	 -0.210212
0.555 	 3.90159 	 -0.210173
0.57 	 3.9014 	 -0.210134
0.585 	 3.9012 	 -0.210094
0.6 	 3.901 	 -0.210053
0.615 	 3.90079 	 -0.210011
0.63 	 3.90058 	 -0.209968
0.645 	 3.90036 	 -0.209924
0.66 	 3.90019 	 -0.209924
0.675 	 3.89992 	 -0.209832
0.69 	 3.89969 	 -0.209785
0.705 	 3.89945 	 -0.209737
0.72 	 3.89921 	 -0.209688
0.735 	 3.89897 	 -0.209638
0.75 	 3.89872 	 -0.209587
0.765 	 3.89847 	 -0.209535
0.78 	 3.89821 	 -0.209482
0.795 	 3.89795 	 -0.209428
0.81 	 3.89769 	 -0.209373
0.825 	 3.89742 	 -0.209317
0.84 	 3.89714 	 -0.209261
0.855 	 3.89686 	 -0.209203
0.87 	 3.89658 	 -0.209144
0.885 	 3.89629 	 -0.209084
0.9 	 3.89605 	 -0.209084
0.915 	 3.8957 	 -0.208962
0.93 	 3.8954 	 -0.2089
0.945 	 3.8951 	 -0.208836
0.96 	 3.89479 	 -0.208772
0.975 	 3.89447 	 -0.208706
0.99 	 3.89416 	 -0.20864
1.005 	 3.89383 	 -0.208573
1.02 	 3.89351 	 -0.208504
1.035 	 3.89317 	 -0.208435
1.05 	 3.89284 	 -0.208365
1.065 	 3.8925 	 -0.208294
1.08 	 3.89215 	 -0.208222
1.095 	 3.89181 	 -0.20815
1.11 	 3.89145 	 -0.208076
1.125 	 3.8911 	 -0.208001
1.14 	 3.89073 	 -0.207926
1.155 	 3.89037 	 -0.207849
1.17 	 3.89 	 -0.207772
1.185 	 3.88962 	 -0.207694
1.2 	 3.88925 	 -0.207615
1.215 	 3.88886 	 -0.207535
1.23 	 3.88848 	 -0.207454
1.245 	 3.88809 	 -0.207372
1.26 	 3.88769 	 -0.20729
1.275 	 3.88729 	 -0.207206
1.29 	 3.88689 	 -0.207122
1.305 	 3.88648 	 -0.207037
1.32 	 3.88611 	 -0.207037
1.335 	 3.88565 	 -0.206864
1.35 	 3.88523 	 -0.206776
1.365 	 3.88481 	 -0.206688
1.38 	 3.88438 	 -0.206599
1.395 	 3.88395 	 -0.206508
1.41 	 3.88351 	 -0.206417
1.425 	 3.88307 	 -0.206326
1.44 	 3.88263 	 -0.206233
1.455 	 3.88218 	 -0.20614
1.47 	 3.88173 	 -0.206045
1.485 	 3.88127 	 -0.20595
1.5 	 3.88081 	 -0.205855
1.515 	 3.88035 	 -0.205758
1.53 	 3.87988 	 -0.205661
1.545 	 3.87941 	 -0.205563
1.56 	 3.87894 	 -0.205464
1.575 	 3.87846 	 -0.205364
1.59 	 3.87797 	 -0.205264
1.605 	 3.87749 	 -0.205162
1.62 	 3.87699 	 -0.205061
1.635 	 3.8765 	 -0.204958
1.65 	 3.876 	 -0.204855
1.665 	 3.8755 	 -0.204751
1.68 	 3.87499 	 -0.204646
1.695 	 3.87448 	 -0.20454
1.71 	 3.87397 	 -0.204434
1.725 	 3.87345 	 -0.204327
1.74 	 3.87293 	 -0.20422
1.755 	 3.8724 	 -0.204111
1.77 	 3.87187 	 -0.204002
1.785 	 3.87134 	 -0.203893
1.8 	 3.87084 	 -0.203893
1.815 	 3.87026 	 -0.203672
1.83 	 3.86972 	 -0.20356
1.845 	 3.86917 	 -0.203448
1.86 	 3.86862 	 -0.203335
1.875 	 3.86807 	 -0.203221
1.89 	 3.86751 	 -0.203107
1.905 	 3.86695 	 -0.202993
1.92 	 3.86638 	 -0.202877
1.935 	 3.86581 	 -0.202762
1.95 	 3.86524 	 -0.202645
1.965 	 3.86466 	 -0.202528
1.98 	 3.86408 	 -0.20241
1.995 	 3.8635 	 -0.202292
2.01 	 3.86291 	 -0.202174
2.025 	 3.86232 	 -0.202054
2.04 	 3.86173 	 -0.201935
2.055 	 3.86113 	 -0.201814
2.07 	 3.86053 	 -0.201693
2.085 	 3.85993 	 -0.201572
2.1 	 3.85932 	 -0.20145
2.115 	 3.85871 	 -0.201328
2.13 	 3.85809 	 -0.201205
2.145 	 3.85748 	 -0.201082
2.16 	 3.85686 	 -0.200958
2.175 	 3.85623 	 -0.200834
2.19 	 3.8556 	 -0.200709
2.205 	 3.85497 	 -0.200584
2.22 	 3.85434 	 -0.200459
2.235 	 3.8537 	 -0.200333
2.25 	 3.85306 	 -0.200206
2.265 	 3.85242 	 -0.20008
2.28 	 3.85177 	 -0.199953
2.295 	 3.85112 	 -0.199825
2.31 	 3.85046 	 -0.199697
2.325 	 3.84981 	 -0.199569
2.34 	 3.84915 	 -0.199441
2.355 	 3.84848 	 -0.199312
2.37 	 3.84782 	 -0.199182
2.385 	 3.84715 	 -0.199053
2.4 	 3.84647 	 -0.198923
2.415 	 3.8458 	 -0.198793
2.43 	 3.84512 	 -0.198663
2.445 	 3.84444 	 -0.198532
2.46 	 3.84375 	 -0.198401
2.475 	 3.84306 	 -0.19827
2.49 	 3.84237 	 -0.198138
2.505 	 3.84168 	 -0.198007
2.52 	 3.84098 	 -0.197875
2.535 	 3.84028 	 -0.197743
2.55 	 3.83958 	 -0.197611
2.565 	 3.83887 	 -0.197478
2.58 	 3.83816 	 -0.197346
2.595 	 3.83745 	 -0.197213
2.61 	 3.83674 	 -0.19708
2.625 	 3.83602 	 -0.196947
2.64 	 3.83533 	 -0.196947
2.655 	 3.83457 	 -0.19668
2.67 	 3.83385 	 -0.196547
2.685 	 3.83312 	 -0.196414
2.7 	 3.83239 	 -0.19628
2.715 	 3.83165 	 -0.196146
2.73 	 3.83091 	 -0.196013
2.745 	 3.83017 	 -0.195879
2.76 	 3.82943 	 -0.195745
2.775 	 3.82868 	 -0.195612
2.79 	 3.82793 	 -0.195478
2.805 	 3.82718 	 -0.195344
2.82 	 3.82643 	 -0.195211
2.835 	 3.82567 	 -0.195077
2.85 	 3.82491 	 -0.194943
2.865 	 3.82415 	 -0.19481
2.88 	 3.82338 	 -0.194676
2.895 	 3.82261 	 -0.194543
2.91 	 3.82184 	 -0.19441
2.925 	 3.82107 	 -0.194277
2.94 	 3.82029 	 -0.194144
2.955 	 3.81951 	 -0.194011
2.97 	 3.81873 	 -0.193878
2.985 	 3.81795 	 -0.193745
3 	 3.81716 	 -0.193613
3.015 	 3.81637 	 -0.193481
3.03 	 3.81558 	 -0.193349
3.045 	 3.81478 	 -0.193217
3.06 	 3.81399 	 -0.193086
3.075 	 3.81319 	 -0.192954
3.09 	 3.81239 	 -0.192823
3.105 	 3.81158 	 -0.192693
3.12 	 3.81077 	 -0.192562
3.135 	 3.80997 	 -0.192432
3.15 	 3.80915 	 -0.192303
3.165 	 3.80834 	 -0.192173
3.18 	 3.80752 	 -0.192044
3.195 	 3.8067 	 -0.191915
3.21 	 3.80588 	 -0.191787
3.225 	 3.80506 	 -0.191659
3.24 	 3.80423 	 -0.191531
3.255 	 3.8034 	 -0.191404
3.27 	 3.80257 	 -0.191278
3.285 	 3.80174 	 -0.191151
3.3 	 3.8009 	 -0.191025
3.315 	 3.80006 	 -0.1909
3.33 	 3.79922 	 -0.190775
3.345 	 3.79838 	 -0.190651
3.36 	 3.79753 	 -0.190527
3.375 	 3.79668 	 -0.190404
3.39 	 3.79583 	 -0.190281
3.405 	 3.79498 	 -0.190159
3.42 	 3.79413 	 -0.190037
3.435 	 3.79327 	 -0.189916
3.45 	 3.79241 	 -0.189796
3.465 	 3.79155 	 -0.189676
3.48 	 3.79068 	 -0.189557
3.495 	 3.78982 	 -0.189438
3.51 	 3.78895 	 -0.189321
3.525 	 3.78808 	 -0.189203
3.54 	 3.78721 	 -0.189087
3.555 	 3.78633 	 -0.188971
3.57 	 3.78545 	 -0.188856
3.585 	 3.78457 	 -0.188742
3.6 	 3.78372 	 -0.188742
3.615 	 3.78281 	 -0.188515
3.63 	 3.78192 	 -0.188403
3.645 	 3.78103 	 -0.188292
3.66 	 3.78014 	 -0.188181
3.675 	 3.77925 	 -0.188071
3.69 	 3.77836 	 -0.187963
3.705 	 3.77746 	 -0.187854
3.72 	 3.77656 	 -0.187747
3.735 	 3.77566 	 -0.187641
3.75 	 3.77475 	 -0.187536
3.765 	 3.77385 	 -0.187431
3.78 	 3.77294 	 -0.187327
3.795 	 3.77203 	 -0.187225
3.81 	 3.77112 	 -0.187123
3.825 	 3.77021 	 -0.187022
3.84 	 3.76929 	 -0.186922
3.855 	 3.76837 	 -0.186823
3.87 	 3.76745 	 -0.186725
3.885 	 3.76653 	 -0.186628
3.9 	 3.7656 	 -0.186532
3.915 	 3.76468 	 -0.186437
3.93 	 3.76375 	 -0.186344
3.945 	 3.76282 	 -0.186251
3.96 	 3.76189 	 -0.186159
3.975 	 3.76095 	 -0.186068
3.99 	 3.76001 	 -0.185979
4.005 	 3.75907 	 -0.18589
4.02 	 3.75813 	 -0.185803
4.035 	 3.75719 	 -0.185716
4.05 	 3.75625 	 -0.185631
4.065 	 3.7553 	 -0.185547
4.08 	 3.75435 	 -0.185464
4.095 	 3.7534 	 -0.185382
4.11 	 3.75244 	 -0.185302
4.125 	 3.75149 	 -0.185223
4.14 	 3.75053 	 -0.185144
4.155 	 3.74957 	 -0.185067
4.17 	 3.74861 	 -0.184992
4.185 	 3.74765 	 -0.184917
4.2 	 3.74668 	 -0.184844
4.215 	 3.74571 	 -0.184772
4.23 	 3.74474 	 -0.184701
4.245 	 3.74377 	 -0.184632
4.26 	 3.7428 	 -0.184563
4.275 	 3.74182 	 -0.184496
4.29 	 3.74085 	 -0.184431
4.305 	 3.73987 	 -0.184366
4.32 	 3.73888 	 -0.184303
4.335 	 3.7379 	 -0.184242
4.35 	 3.73692 	 -0.184181
4.365 	 3.73593 	 -0.184122
4.38 	 3.73494 	 -0.184064
4.395 	 3.73395 	 -0.184008
4.41 	 3.73295 	 -0.183953
4.425 	 3.73196 	 -0.183899
4.44 	 3.73096 	 -0.183847
4.455 	 3.72996 	 -0.183796
4.47 	 3.72896 	 -0.183747
4.485 	 3.72795 	 -0.183699
4.5 	 3.72695 	 -0.183652
4.515 	 3.72594 	 -0.183607
4.53 	 3.72493 	 -0.183563
4.545 	 3.72392 	 -0.18352
4.56 	 3.7229 	 -0.183479
4.575 	 3.72188 	 -0.183439
4.59 	 3.72087 	 -0.183401
4.605 	 3.71985 	 -0.183365
4.62 	 3.71882 	 -0.183329
4.635 	 3.7178 	 -0.183295
4.65 	 3.71677 	 -0.183263
4.665 	 3.71574 	 -0.183232
4.68 	 3.71471 	 -0.183203
4.695 	 3.71371 	 -0.183203
4.71 	 3.71265 	 -0.183148
4.725 	 3.71161 	 -0.183123
4.74 	 3.71057 	 -0.183099
4.755 	 3.70953 	 -0.183077
4.77 	 3.70848 	 -0.183057
4.785 	 3.70744 	 -0.183038
4.8 	 3.70639 	 -0.18302
4.815 	 3.70534 	 -0.183004
4.83 	 3.70429 	 -0.182989
4.845 	 3.70324 	 -0.182976
4.86 	 3.70218 	 -0.182964
4.875 	 3.70112 	 -0.182954
4.89 	 3.70006 	 -0.182945
4.905 	 3.699 	 -0.182938
4.92 	 3.69793 	 -0.182932
4.935 	 3.69687 	 -0.182928
4.95 	 3.6958 	 -0.182925
4.965 	 3.69473 	 -0.182924
4.98 	 3.69365 	 -0.182924
4.995 	 3.69258 	 -0.182926
5.01 	 3.6915 	 -0.182929
5.025 	 3.69042 	 -0.182933
5.04 	 3.68934 	 -0.18294
5.055 	 3.68825 	 -0.182947
5.07 	 3.68717 	 -0.182956
5.085 	 3.68608 	 -0.182967
5.1 	 3.68499 	 -0.182979
5.115 	 3.68389 	 -0.182993
5.13 	 3.6828 	 -0.183008
5.145 	 3.6817 	 -0.183024
5.16 	 3.6806 	 -0.183042
5.175 	 3.6795 	 -0.183061
5.19 	 3.67839 	 -0.183082
5.205 	 3.67728 	 -0.183104
5.22 	 3.67617 	 -0.183128
5.235 	 3.67506 	 -0.183153
5.25 	 3.67395 	 -0.18318
5.265 	 3.67283 	 -0.183208
5.28 	 3.67174 	 -0.183208
5.295 	 3.67059 	 -0.183268
5.31 	 3.66947 	 -0.183301
5.325 	 3.66834 	 -0.183334
5.34 	 3.66721 	 -0.183369
5.355 	 3.66608 	 -0.183406
5.37 	 3.66495 	 -0.183444
5.385 	 3.66381 	 -0.183483
5.4 	 3.66267 	 -0.183524
5.415 	 3.66153 	 -0.183566
5.43 	 3.66039 	 -0.183609
5.445 	 3.65924 	 -0.183654
5.46 	 3.6581 	 -0.1837
5.475 	 3.65694 	 -0.183747
5.49 	 3.65579 	 -0.183796
5.505 	 3.65463 	 -0.183846
5.52 	 3.65348 	 -0.183898
5.535 	 3.65232 	 -0.18395
5.55 	 3.65115 	 -0.184004
5.565 	 3.64999 	 -0.18406
5.58 	 3.64882 	 -0.184116
5.595 	 3.64764 	 -0.184174
5.61 	 3.64647 	 -0.184233
5.625 	 3.64529 	 -0.184293
5.64 	 3.64411 	 -0.184355
5.655 	 3.64297 	 -0.184355
5.67 	 3.64175 	 -0.184482
5.685 	 3.64056 	 -0.184547
5.7 	 3.63937 	 -0.184613
5.715 	 3.63818 	 -0.184681
5.73 	 3.63698 	 -0.18475
5.745 	 3.63578 	 -0.18482
5.76 	 3.63458 	 -0.184891
5.775 	 3.63338 	 -0.184963
5.79 	 3.63217 	 -0.185037
5.805 	 3.63096 	 -0.185111
5.82 	 3.62975 	 -0.185187
5.835 	 3.62853 	 -0.185263
5.85 	 3.62731 	 -0.185341
5.865 	 3.62609 	 -0.18542
5.88 	 3.62487 	 -0.1855
5.895 	 3.62364 	 -0.185581
5.91 	 3.62241 	 -0.185663
5.925 	 3.62118 	 -0.185746
5.94 	 3.61994 	 -0.18583
5.955 	 3.61871 	 -0.185915
5.97 	 3.61746 	 -0.186001
5.985 	 3.61622 	 -0.186088
6 	 3.61497 	 -0.186176
6.015 	 3.61372 	 -0.186265
6.03 	 3.61247 	 -0.186355
6.045 	 3.61121 	 -0.186446
6.06 	 3.60995 	 -0.186538
6.075 	 3.60869 	 -0.18663
6.09 	 3.60742 	 -0.186724
6.105 	 3.60615 	 -0.186818
6.12 	 3.60488 	 -0.186914
6.135 	 3.6036 	 -0.18701
6.15 	 3.60232 	 -0.187107
6.165 	 3.60104 	 -0.187204
6.18 	 3.59976 	 -0.187303
6.195 	 3.59847 	 -0.187402
6.21 	 3.59718 	 -0.187502
6.225 	 3.59588 	 -0.187603
6.24 	 3.59458 	 -0.187705
6.255 	 3.59328 	 -0.187807
6.27 	 3.59198 	 -0.18791
6.285 	 3.59067 	 -0.188014
6.3 	 3.58936 	 -0.188119
6.315 	 3.58804 	 -0.188224
6.33 	 3.58672 	 -0.18833
6.345 	 3.5854 	 -0.188436
6.36 	 3.58408 	 -0.188543
6.375 	 3.58275 	 -0.188651
6.39 	 3.58142 	 -0.18876
6.405 	 3.58008 	 -0.188869
6.42 	 3.57874 	 -0.188978
6.435 	 3.5774 	 -0.189088
6.45 	 3.57605 	 -0.189199
6.465 	 3.5747 	 -0.18931
6.48 	 3.57335 	 -0.189422
6.495 	 3.57199 	 -0.189534
6.51 	 3.57063 	 -0.189647
6.525 	 3.56927 	 -0.18976
6.54 	 3.5679 	 -0.189874
6.555 	 3.56653 	 -0.189988
6.57 	 3.56515 	 -0.190102
6.585 	 3.56377 	 -0.190217
6.6 	 3.56239 	 -0.190333
6.615 	 3.56105 	 -0.190333
6.63 	 3.55962 	 -0.190565
6.645 	 3.55822 	 -0.190681
6.66 	 3.55682 	 -0.190798
6.675 	 3.55542 	 -0.190915
6.69 	 3.55402 	 -0.191033
6.705 	 3.55261 	 -0.191151
6.72 	 3.5512 	 -0.191269
6.735 	 3.54978 	 -0.191387
6.75 	 3.54836 	 -0.191506
6.765 	 3.54693 	 -0.191625
6.78 	 3.54551 	 -0.191744
6.795 	 3.54407 	 -0.191864
6.81 	 3.54264 	 -0.191983
6.825 	 3.5412 	 -0.192103
6.84 	 3.53975 	 -0.192223
6.855 	 3.5383 	 -0.192343
6.87 	 3.53685 	 -0.192463
6.885 	 3.53539 	 -0.192584
6.9 	 3.53393 	 -0.192704
6.915 	 3.53247 	 -0.192825
6.93 	 3.531 	 -0.192946
6.945 	 3.52953 	 -0.193067
6.96 	 3.52805 	 -0.193188
6.975 	 3.52657 	 -0.193308
6.99 	 3.52508 	 -0.193429
7.005 	 3.52359 	 -0.19355
7.02 	 3.5221 	 -0.193672
7.035 	 3.5206 	 -0.193793
7.05 	 3.5191 	 -0.193914
7.065 	 3.51759 	 -0.194034
7.08 	 3.51608 	 -0.194155
7.095 	 3.51457 	 -0.194276
7.11 	 3.51305 	 -0.194397
7.125 	 3.51152 	 -0.194518
7.14 	 3.51 	 -0.194638
7.155 	 3.50846 	 -0.194759
7.17 	 3.50693 	 -0.194879
7.185 	 3.50538 	 -0.194999
7.2 	 3.50389 	 -0.194999
7.215 	 3.50229 	 -0.195239
7.23 	 3.50073 	 -0.195359
7.245 	 3.49917 	 -0.195479
7.26 	 3.49761 	 -0.195598
7.275 	 3.49604 	 -0.195717
7.29 	 3.49447 	 -0.195836
7.305 	 3.49289 	 -0.195954
7.32 	 3.49131 	 -0.196073
7.335 	 3.48972 	 -0.196191
7.35 	 3.48813 	 -0.196309
7.365 	 3.48654 	 -0.196426
7.38 	 3.48494 	 -0.196543
7.395 	 3.48333 	 -0.19666
7.41 	 3.48172 	 -0.196776
7.425 	 3.48011 	 -0.196893
7.44 	 3.47849 	 -0.197008
7.455 	 3.47686 	 -0.197124
7.47 	 3.47524 	 -0.197239
7.485 	 3.4736 	 -0.197353
7.5 	 3.47196 	 -0.197467
7.515 	 3.47032 	 -0.197581
7.53 	 3.46867 	 -0.197694
7.545 	 3.46702 	 -0.197807
7.56 	 3.46536 	 -0.19792
7.575 	 3.46375 	 -0.19792
7.59 	 3.46204 	 -0.198143
7.605 	 3.46036 	 -0.198254
7.62 	 3.45869 	 -0.198364
7.635 	 3.45701 	 -0.198474
7.65 	 3.45532 	 -0.198583
7.665 	 3.45363 	 -0.198692
7.68 	 3.45193 	 -0.1988
7.695 	 3.45023 	 -0.198908
7.71 	 3.44853 	 -0.199015
7.725 	 3.44681 	 -0.199121
7.74 	 3.4451 	 -0.199227
7.755 	 3.44338 	 -0.199332
7.77 	 3.44165 	 -0.199436
7.785 	 3.43992 	 -0.19954
7.8 	 3.43818 	 -0.199643
7.815 	 3.43644 	 -0.199746
7.83 	 3.4347 	 -0.199848
7.845 	 3.43295 	 -0.199949
7.86 	 3.43119 	 -0.200049
7.875 	 3.42943 	 -0.200149
7.89 	 3.42766 	 -0.200248
7.905 	 3.42589 	 -0.200346
7.92 	 3.42411 	 -0.200443
7.935 	 3.42233 	 -0.20054
7.95 	 3.42054 	 -0.200636
7.965 	 3.41875 	 -0.200731
7.98 	 3.41695 	 -0.200825
7.995 	 3.41515 	 -0.200919
8.01 	 3.41334 	 -0.201011
8.025 	 3.41153 	 -0.201103
8.04 	 3.40971 	 -0.201194
8.055 	 3.40789 	 -0.201284
8.07 	 3.40606 	 -0.201373
8.085 	 3.40423 	 -0.201461
8.1 	 3.40239 	 -0.201549
8.115 	 3.40054 	 -0.201635
8.13 	 3.39869 	 -0.201721
8.145 	 3.39684 	 -0.201805
8.16 	 3.39498 	 -0.201889
8.175 	 3.39311 	 -0.201972
8.19 	 3.39124 	 -0.202053
8.205 	 3.38936 	 -0.202134
8.22 	 3.38748 	 -0.202214
8.235 	 3.3856 	 -0.202293
8.25 	 3.3837 	 -0.202371
8.265 	 3.38181 	 -0.202447
8.28 	 3.3799 	 -0.202523
8.295 	 3.37799 	 -0.202598
8.31 	 3.37608 	 -0.202671
8.325 	 3.37416 	 -0.202744
8.34 	 3.37224 	 -0.202815
8.355 	 3.37031 	 -0.202886
8.37 	 3.36837 	 -0.202955
8.385 	 3.36643 	 -0.203023
8.4 	 3.36449 	 -0.20309
8.415 	 3.36254 	 -0.203156
8.43 	 3.36058 	 -0.203221
8.445 	 3.35862 	 -0.203285
8.46 	 3.35665 	 -0.203348
8.475 	 3.35468 	 -0.203409
8.49 	 3.3527 	 -0.203469
8.505 	 3.35071 	 -0.203528
8.52 	 3.34872 	 -0.203586
8.535 	 3.34673 	 -0.203643
8.55 	 3.34473 	 -0.203698
8.565 	 3.34272 	 -0.203752
8.58 	 3.34071 	 -0.203805
8.595 	 3.3387 	 -0.203857
8.61 	 3.33668 	 -0.203907
8.625 	 3.33465 	 -0.203956
8.64 	 3.33262 	 -0.204004
8.655 	 3.33058 	 -0.204051
8.67 	 3.32853 	 -0.204096
8.685 	 3.32648 	 -0.20414
8.7 	 3.32443 	 -0.204182
8.715 	 3.32237 	 -0.204224
8.73 	 3.32031 	 -0.204264
8.745 	 3.31823 	 -0.204302
8.76 	 3.31616 	 -0.20434
8.775 	 3.31408 	 -0.204376
8.79 	 3.31199 	 -0.20441
8.805 	 3.3099 	 -0.204443
8.82 	 3.3078 	 -0.204475
8.835 	 3.3057 	 -0.204505
8.85 	 3.30359 	 -0.204534
8.865 	 3.30147 	 -0.204562
8.88 	 3.29935 	 -0.204588
8.895 	 3.29723 	 -0.204613
8.91 	 3.2951 	 -0.204636
8.925 	 3.29296 	 -0.204657
8.94 	 3.29082 	 -0.204678
8.955 	 3.28867 	 -0.204697
8.97 	 3.28652 	 -0.204714
8.985 	 3.28437 	 -0.20473
9 	 3.2822 	 -0.204744
9.015 	 3.28008 	 -0.204744
9.03 	 3.27786 	 -0.204768
9.045 	 3.27568 	 -0.204778
9.06 	 3.2735 	 -0.204786
9.075 	 3.27131 	 -0.204793
9.09 	 3.26911 	 -0.204798
9.105 	 3.26691 	 -0.204801
9.12 	 3.26471 	 -0.204803
9.135 	 3.2625 	 -0.204803
9.15 	 3.26028 	 -0.204802
9.165 	 3.25806 	 -0.204799
9.18 	 3.25583 	 -0.204795
9.195 	 3.2536 	 -0.204789
9.21 	 3.25136 	 -0.204781
9.225 	 3.24912 	 -0.204772
9.24 	 3.24687 	 -0.204761
9.255 	 3.24462 	 -0.204748
9.27 	 3.24236 	 -0.204734
9.285 	 3.2401 	 -0.204718
9.3 	 3.23783 	 -0.204701
9.315 	 3.23556 	 -0.204681
9.33 	 3.23328 	 -0.20466
9.345 	 3.23099 	 -0.204638
9.36 	 3.2287 	 -0.204613
9.375 	 3.22641 	 -0.204587
9.39 	 3.22415 	 -0.204587
9.405 	 3.22181 	 -0.20453
9.42 	 3.2195 	 -0.204499
9.435 	 3.21718 	 -0.204466
9.45 	 3.21486 	 -0.204431
9.465 	 3.21254 	 -0.204394
9.48 	 3.21021 	 -0.204356
9.495 	 3.20787 	 -0.204316
9.51 	 3.20553 	 -0.204274
9.525 	 3.20319 	 -0.20423
9.54 	 3.20084 	 -0.204185
9.555 	 3.19848 	 -0.204138
9.57 	 3.19612 	 -0.204089
9.585 	 3.19376 	 -0.204038
9.6 	 3.19139 	 -0.203985
9.615 	 3.18901 	 -0.203931
9.63 	 3.18663 	 -0.203874
9.645 	 3.18425 	 -0.203816
9.66 	 3.18186 	 -0.203756
9.675 	 3.17947 	 -0.203694
9.69 	 3.17707 	 -0.203631
9.705 	 3.17467 	 -0.203565
9.72 	 3.17226 	 -0.203498
9.735 	 3.16984 	 -0.203428
9.75 	 3.16743 	 -0.203357
9.765 	 3.165 	 -0.203284
9.78 	 3.16258 	 -0.203209
9.795 	 3.16015 	 -0.203132
9.81 	 3.15771 	 -0.203053
9.825 	 3.15527 	 -0.202972
9.84 	 3.15282 	 -0.20289
9.855 	 3.15037 	 -0.202805
9.87 	 3.14792 	 -0.202719
9.885 	 3.14546 	 -0.20263
9.9 	 3.143 	 -0.20254
9.915 	 3.14053 	 -0.202448
9.93 	 3.13806 	 -0.202353
9.945 	 3.13558 	 -0.202257
9.96 	 3.1331 	 -0.202159
9.975 	 3.13061 	 -0.202059
9.99 	 3.12812 	 -0.201957
10.005 	 3.12563 	 -0.201853
10.02 	 3.12313 	 -0.201747
10.035 	 3.12063 	 -0.201638
10.05 	 3.11812 	 -0.201528
10.065 	 3.11561 	 -0.201416
10.08 	 3.11309 	 -0.201302
10.095 	 3.11058 	 -0.201186
10.11 	 3.10805 	 -0.201068
10.125 	 3.10552 	 -0.200948
10.14 	 3.10299 	 -0.200826
10.155 	 3.10046 	 -0.200702
10.17 	 3.09792 	 -0.200576
10.185 	 3.09537 	 -0.200448
10.2 	 3.09283 	 -0.200318
10.215 	 3.09027 	 -0.200186
10.23 	 3.08772 	 -0.200052
10.245 	 3.08516 	 -0.199915
10.26 	 3.0826 	 -0.199777
10.275 	 3.08003 	 -0.199637
10.29 	 3.07746 	 -0.199495
10.305 	 3.07488 	 -0.19935
10.32 	 3.0723 	 -0.199204
10.335 	 3.06972 	 -0.199055
10.35 	 3.06714 	 -0.198905
10.365 	 3.06455 	 -0.198752
10.38 	 3.06196 	 -0.198598
10.395 	 3.05936 	 -0.198441
10.41 	 3.05676 	 -0.198282
10.425 	 3.05416 	 -0.198121
10.44 	 3.05155 	 -0.197958
10.455 	 3.04894 	 -0.197794
10.47 	 3.04632 	 -0.197627
10.485 	 3.04371 	 -0.197457
10.5 	 3.04109 	 -0.197286
10.515 	 3.03846 	 -0.197113
10.53 	 3.03584 	 -0.196938
10.545 	 3.03321 	 -0.196761
10.56 	 3.03059 	 -0.196761
10.575 	 3.02794 	 -0.1964
10.59 	 3.0253 	 -0.196216
10.605 	 3.02266 	 -0.19603
10.62 	 3.02001 	 -0.195843
10.635 	 3.01736 	 -0.195653
10.65 	 3.01471 	 -0.195461
10.665 	 3.01205 	 -0.195267
10.68 	 3.0094 	 -0.195071
10.695 	 3.00674 	 -0.194873
10.71 	 3.00407 	 -0.194673
10.725 	 3.00141 	 -0.194471
10.74 	 2.99874 	 -0.194267
10.755 	 2.99607 	 -0.19406
10.77 	 2.99339 	 -0.193852
10.785 	 2.99072 	 -0.193641
10.8 	 2.98804 	 -0.193429
10.815 	 2.98535 	 -0.193214
10.83 	 2.98267 	 -0.192998
10.845 	 2.97998 	 -0.192779
10.86 	 2.97729 	 -0.192558
10.875 	 2.9746 	 -0.192335
10.89 	 2.97191 	 -0.192111
10.905 	 2.96921 	 -0.191884
10.92 	 2.96651 	 -0.191655
10.935 	 2.96381 	 -0.191655
10.95 	 2.96111 	 -0.191191
10.965 	 2.9584 	 -0.190956
10.98 	 2.95569 	 -0.190718
10.995 	 2.95298 	 -0.190479
11.01 	 2.95027 	 -0.190238
11.025 	 2.94756 	 -0.189995
11.04 	 2.94484 	 -0.18975
11.055 	 2.94212 	 -0.189502
11.07 	 2.9394 	 -0.189253
11.085 	 2.93668 	 -0.189002
11.1 	 2.93395 	 -0.188749
11.115 	 2.93123 	 -0.188493
11.13 	 2.9285 	 -0.188236
11.145 	 2.92577 	 -0.187977
11.16 	 2.92304 	 -0.187716
11.175 	 2.92031 	 -0.187452
11.19 	 2.91757 	 -0.187187
11.205 	 2.91484 	 -0.18692
11.22 	 2.9121 	 -0.186651
11.235 	 2.90936 	 -0.18638
11.25 	 2.90662 	 -0.186107
11.265 	 2.90388 	 -0.185832
11.28 	 2.90114 	 -0.185555
11.295 	 2.89839 	 -0.185276
11.31 	 2.89564 	 -0.185276
11.325 	 2.8929 	 -0.184712
11.34 	 2.89015 	 -0.184428
11.355 	 2.8874 	 -0.184141
11.37 	 2.88465 	 -0.183853
11.385 	 2.8819 	 -0.183562
11.4 	 2.87915 	 -0.18327
11.415 	 2.87639 	 -0.182976
11.43 	 2.87364 	 -0.18268
11.445 	 2.87088 	 -0.182382
11.46 	 2.86813 	 -0.182082
11.475 	 2.86537 	 -0.18178
11.49 	 2.86261 	 -0.181477
11.505 	 2.85985 	 -0.181172
11.52 	 2.85709 	 -0.180865
11.535 	 2.85433 	 -0.180556
11.55 	 2.85157 	 -0.180245
11.565 	 2.84881 	 -0.179932
11.58 	 2.84604 	 -0.179618
11.595 	 2.84328 	 -0.179302
11.61 	 2.84052 	 -0.178984
11.625 	 2.83775 	 -0.178664
11.64 	 2.83499 	 -0.178343
11.655 	 2.83222 	 -0.17802
11.67 	 2.82946 	 -0.177695
11.685 	 2.82669 	 -0.177368
11.7 	 2.82393 	 -0.17704
11.715 	 2.82116 	 -0.17671
11.73 	 2.81839 	 -0.176378
11.745 	 2.81563 	 -0.176045
11.76 	 2.81286 	 -0.175709
11.775 	 2.81009 	 -0.175373
11.79 	 2.80733 	 -0.175034
11.805 	 2.80456 	 -0.174694
11.82 	 2.80179 	 -0.174353
11.835 	 2.79903 	 -0.174009
11.85 	 2.79626 	 -0.173664
11.865 	 2.79349 	 -0.173318
11.88 	 2.79073 	 -0.17297
11.895 	 2.78796 	 -0.17262
11.91 	 2.78519 	 -0.172269
11.925 	 2.78243 	 -0.171916
11.94 	 2.77966 	 -0.171562
11.955 	 2.7769 	 -0.171206
11.97 	 2.77413 	 -0.170848
11.985 	 2.77137 	 -0.170489
12 	 2.76861 	 -0.170129
12.015 	 2.76584 	 -0.169767
12.03 	 2.76308 	 -0.169404
12.045 	 2.76032 	 -0.169039
12.06 	 2.75756 	 -0.168673
12.075 	 2.7548 	 -0.168306
12.09 	 2.75204 	 -0.167937
12.105 	 2.74928 	 -0.167566
12.12 	 2.74652 	 -0.167194
12.135 	 2.74376 	 -0.166821
12.15 	 2.741 	 -0.166447
12.165 	 2.73825 	 -0.166071
12.18 	 2.73549 	 -0.165694
12.195 	 2.73274 	 -0.165315
12.21 	 2.72999 	 -0.164936
12.225 	 2.72723 	 -0.164555
12.24 	 2.72448 	 -0.164172
12.255 	 2.72173 	 -0.163789
12.27 	 2.71898 	 -0.163404
12.285 	 2.71624 	 -0.163018
12.3 	 2.71349 	 -0.162631
12.315 	 2.71074 	 -0.162243
12.33 	 2.708 	 -0.161853
12.345 	 2.70526 	 -0.161463
12.36 	 2.70251 	 -0.161071
12.375 	 2.69977 	 -0.160678
12.39 	 2.69703 	 -0.160284
12.405 	 2.6943 	 -0.159889
12.42 	 2.69156 	 -0.159493
12.435 	 2.68883 	 -0.159095
12.45 	 2.68609 	 -0.158697
12.465 	 2.68336 	 -0.158298
12.48 	 2.68063 	 -0.157898
12.495 	 2.6779 	 -0.157496
12.51 	 2.67517 	 -0.157094
12.525 	 2.67245 	 -0.156691
12.54 	 2.66973 	 -0.156287
12.555 	 2.667 	 -0.155882
12.57 	 2.66428 	 -0.155476
12.585 	 2.66157 	 -0.155069
12.6 	 2.65885 	 -0.154661
12.615 	 2.65613 	 -0.154253
12.63 	 2.65342 	 -0.153844
12.645 	 2.65071 	 -0.153433
12.66 	 2.648 	 -0.153023
12.675 	 2.64529 	 -0.152611
12.69 	 2.64259 	 -0.152198
12.705 	 2.63988 	 -0.151785
12.72 	 2.63718 	 -0.151371
12.735 	 2.63448 	 -0.150957
12.75 	 2.63179 	 -0.150541
12.765 	 2.62909 	 -0.150126
12.78 	 2.6264 	 -0.149709
12.795 	 2.62371 	 -0.149292
12.81 	 2.62102 	 -0.148874
12.825 	 2.61833 	 -0.148456
12.84 	 2.61565 	 -0.148037
12.855 	 2.61295 	 -0.148037
12.87 	 2.61029 	 -0.147197
12.885 	 2.60761 	 -0.146777
12.9 	 2.60494 	 -0.146356
12.915 	 2.60226 	 -0.145935
12.93 	 2.59959 	 -0.145513
12.945 	 2.59693 	 -0.145091
12.96 	 2.59426 	 -0.144668
12.975 	 2.5916 	 -0.144245
12.99 	 2.58894 	 -0.143822
13.005 	 2.58628 	 -0.143398
13.02 	 2.58362 	 -0.142974
13.035 	 2.58097 	 -0.14255
13.05 	 2.57832 	 -0.142125
13.065 	 2.57567 	 -0.1417
13.08 	 2.57303 	 -0.141275
13.095 	 2.57038 	 -0.14085
13.11 	 2.56774 	 -0.140424
13.125 	 2.56511 	 -0.139999
13.14 	 2.56247 	 -0.139573
13.155 	 2.55984 	 -0.139147
13.17 	 2.55721 	 -0.138721
13.185 	 2.55459 	 -0.138295
13.2 	 2.55196 	 -0.137868
13.215 	 2.54934 	 -0.137442
13.23 	 2.5467 	 -0.137442
13.245 	 2.54411 	 -0.136589
13.26 	 2.5415 	 -0.136163
13.275 	 2.53889 	 -0.135736
13.29 	 2.53628 	 -0.13531
13.305 	 2.53368 	 -0.134883
13.32 	 2.53108 	 -0.134457
13.335 	 2.52848 	 -0.134031
13.35 	 2.52588 	 -0.133604
13.365 	 2.52329 	 -0.133178
13.38 	 2.5207 	 -0.132752
13.395 	 2.51812 	 -0.132326
13.41 	 2.51553 	 -0.1319
13.425 	 2.51295 	 -0.131475
13.44 	 2.51038 	 -0.131049
13.455 	 2.5078 	 -0.130624
13.47 	 2.50523 	 -0.130199
13.485 	 2.50267 	 -0.129774
13.5 	 2.5001 	 -0.129349
13.515 	 2.49754 	 -0.128924
13.53 	 2.49498 	 -0.1285
13.545 	 2.49243 	 -0.128076
13.56 	 2.48988 	 -0.127652
13.575 	 2.48733 	 -0.127229
13.59 	 2.48478 	 -0.126806
13.605 	 2.48224 	 -0.126383
13.62 	 2.4797 	 -0.12596
13.635 	 2.47717 	 -0.125538
13.65 	 2.47464 	 -0.125116
13.665 	 2.47211 	 -0.124694
13.68 	 2.46958 	 -0.124273
13.695 	 2.46706 	 -0.123852
13.71 	 2.46454 	 -0.123432
13.725 	 2.46202 	 -0.123012
13.74 	 2.45951 	 -0.122592
13.755 	 2.457 	 -0.122173
13.77 	 2.4545 	 -0.121754
13.785 	 2.45199 	 -0.121336
13.8 	 2.4495 	 -0.120918
13.815 	 2.447 	 -0.1205
13.83 	 2.44451 	 -0.120083
13.845 	 2.44202 	 -0.119667
13.86 	 2.43953 	 -0.119251
13.875 	 2.43705 	 -0.118835
13.89 	 2.43457 	 -0.11842
13.905 	 2.4321 	 -0.118005
13.92 	 2.42963 	 -0.117591
13.935 	 2.42716 	 -0.117178
13.95 	 2.42469 	 -0.116765
13.965 	 2.42223 	 -0.116352
13.98 	 2.41978 	 -0.115941
13.995 	 2.41732 	 -0.115529
14.01 	 2.41487 	 -0.115118
14.025 	 2.41242 	 -0.114708
14.04 	 2.40998 	 -0.114299
14.055 	 2.40754 	 -0.11389
14.07 	 2.4051 	 -0.113481
14.085 	 2.40267 	 -0.113074
14.1 	 2.40024 	 -0.112666
14.115 	 2.39782 	 -0.11226
14.13 	 2.39539 	 -0.111854
14.145 	 2.39298 	 -0.111449
14.16 	 2.39056 	 -0.111044
14.175 	 2.38815 	 -0.11064
14.19 	 2.38574 	 -0.110237
14.205 	 2.38334 	 -0.109834
14.22 	 2.38094 	 -0.109432
14.235 	 2.37854 	 -0.109031
14.25 	 2.37615 	 -0.10863
14.265 	 2.37376 	 -0.108231
14.28 	 2.37137 	 -0.107831
14.295 	 2.36899 	 -0.107433
14.31 	 2.36661 	 -0.107035
14.325 	 2.36423 	 -0.106638
14.34 	 2.36186 	 -0.106242
14.355 	 2.35949 	 -0.105846
14.37 	 2.35713 	 -0.105451
14.385 	 2.35477 	 -0.105057
14.4 	 2.3524 	 -0.105057
14.415 	 2.35006 	 -0.104271
14.43 	 2.34771 	 -0.103879
14.445 	 2.34536 	 -0.103487
14.46 	 2.34302 	 -0.103097
14.475 	 2.34068 	 -0.102707
14.49 	 2.33835 	 -0.102318
14.505 	 2.33602 	 -0.10193
14.52 	 2.33369 	 -0.101543
14.535 	 2.33136 	 -0.101156
14.55 	 2.32904 	 -0.100771
14.565 	 2.32673 	 -0.100386
14.58 	 2.32441 	 -0.100001
14.595 	 2.3221 	 -0.099618
14.61 	 2.3198 	 -0.0992354
14.625 	 2.3175 	 -0.0988536
14.64 	 2.3152 	 -0.0984726
14.655 	 2.3129 	 -0.0980924
14.67 	 2.31061 	 -0.0977131
14.685 	 2.30833 	 -0.0973345
14.7 	 2.30604 	 -0.0969568
14.715 	 2.30376 	 -0.0965799
14.73 	 2.30149 	 -0.0962039
14.745 	 2.29922 	 -0.0958286
14.76 	 2.29695 	 -0.0954542
14.775 	 2.29467 	 -0.0954542
14.79 	 2.29242 	 -0.0947079
14.805 	 2.29016 	 -0.0943361
14.82 	 2.28791 	 -0.093965
14.835 	 2.28566 	 -0.0935948
14.85 	 2.28341 	 -0.0932255
14.865 	 2.28117 	 -0.092857
14.88 	 2.27893 	 -0.0924894
14.895 	 2.2767 	 -0.0921226
14.91 	 2.27446 	 -0.0917567
14.925 	 2.27224 	 -0.0913916
14.94 	 2.27001 	 -0.0910275
14.955 	 2.26779 	 -0.0906642
14.97 	 2.26557 	 -0.0903017
14.985 	 2.26336 	 -0.0899401
15 	 2.26115 	 -0.0895794
15.015 	 2.25895 	 -0.0892196
15.03 	 2.25674 	 -0.0888606
15.045 	 2.25454 	 -0.0885026
15.06 	 2.25235 	 -0.0881454
15.075 	 2.25016 	 -0.087789
15.09 	 2.24797 	 -0.0874336
15.105 	 2.24579 	 -0.087079
15.12 	 2.24361 	 -0.0867254
15.135 	 2.24143 	 -0.0863726
15.15 	 2.23925 	 -0.0863726
15.165 	 2.23709 	 -0.0856697
15.18 	 2.23492 	 -0.0853195
15.195 	 2.23276 	 -0.0849703
15.21 	 2.2306 	 -0.0846219
15.225 	 2.22845 	 -0.0842745
15.24 	 2.2263 	 -0.0839279
15.255 	 2.22415 	 -0.0835822
15.27 	 2.22201 	 -0.0832374
15.285 	 2.21987 	 -0.0828936
15.3 	 2.21773 	 -0.0825506
15.315 	 2.2156 	 -0.0822085
15.33 	 2.21347 	 -0.0818673
15.345 	 2.21134 	 -0.0815269
15.36 	 2.20922 	 -0.0811875
15.375 	 2.2071 	 -0.080849
15.39 	 2.20499 	 -0.0805114
15.405 	 2.20288 	 -0.0801747
15.42 	 2.20077 	 -0.0798389
15.435 	 2.19867 	 -0.0795039
15.45 	 2.19657 	 -0.0791699
15.465 	 2.19447 	 -0.0788368
15.48 	 2.19238 	 -0.0785045
15.495 	 2.19029 	 -0.0781732
15.51 	 2.1882 	 -0.0778428
15.525 	 2.18612 	 -0.0775132
15.54 	 2.18404 	 -0.0771846
15.555 	 2.18196 	 -0.0768568
15.57 	 2.17989 	 -0.07653
15.585 	 2.17782 	 -0.076204
15.6 	 2.17576 	 -0.075879
15.615 	 2.1737 	 -0.0755548
15.63 	 2.17164 	 -0.0752315
15.645 	 2.16959 	 -0.0749092
15.66 	 2.16754 	 -0.0745877
15.675 	 2.16549 	 -0.0742671
15.69 	 2.16345 	 -0.0739474
15.705 	 2.16141 	 -0.0736286
15.72 	 2.15937 	 -0.0733107
15.735 	 2.15734 	 -0.0729937
15.75 	 2.15531 	 -0.0726775
15.765 	 2.15328 	 -0.0723623
15.78 	 2.15126 	 -0.0720479
15.795 	 2.14924 	 -0.0717344
15.81 	 2.14723 	 -0.0714219
15.825 	 2.14522 	 -0.0711102
15.84 	 2.14321 	 -0.0707994
15.855 	 2.1412 	 -0.0704894
15.87 	 2.1392 	 -0.0701804
15.885 	 2.1372 	 -0.0698722
15.9 	 2.13521 	 -0.0695649
15.915 	 2.13322 	 -0.0692585
15.93 	 2.13123 	 -0.068953
15.945 	 2.12925 	 -0.0686483
15.96 	 2.12727 	 -0.0683445
15.975 	 2.12529 	 -0.0680416
15.99 	 2.12332 	 -0.0677396
16.005 	 2.12135 	 -0.0674384
16.02 	 2.11938 	 -0.0671381
16.035 	 2.11741 	 -0.0668387
16.05 	 2.11545 	 -0.0665401
16.065 	 2.1135 	 -0.0662424
16.08 	 2.11154 	 -0.0659456
16.095 	 2.10959 	 -0.0656496
16.11 	 2.10765 	 -0.0653545
16.125 	 2.1057 	 -0.0650603
16.14 	 2.10376 	 -0.0647669
16.155 	 2.10183 	 -0.0644743
16.17 	 2.09989 	 -0.0641827
16.185 	 2.09796 	 -0.0638918
16.2 	 2.09604 	 -0.0636018
16.215 	 2.09411 	 -0.0633127
16.23 	 2.0922 	 -0.0630244
16.245 	 2.09028 	 -0.062737
16.26 	 2.08837 	 -0.0624503
16.275 	 2.08646 	 -0.0621646
16.29 	 2.08455 	 -0.0618797
16.305 	 2.08265 	 -0.0615956
16.32 	 2.08075 	 -0.0613123
16.335 	 2.07885 	 -0.0610299
16.35 	 2.07696 	 -0.0607483
16.365 	 2.07507 	 -0.0604675
16.38 	 2.07318 	 -0.0601876
16.395 	 2.07129 	 -0.0599085
16.41 	 2.06941 	 -0.0596302
16.425 	 2.06754 	 -0.0593527
16.44 	 2.06566 	 -0.0590761
16.455 	 2.06379 	 -0.0588002
16.47 	 2.06192 	 -0.0585252
16.485 	 2.06006 	 -0.058251
16.5 	 2.0582 	 -0.0579776
16.515 	 2.05634 	 -0.057705
16.53 	 2.05449 	 -0.0574332
16.545 	 2.05264 	 -0.0571622
16.56 	 2.05079 	 -0.056892
16.575 	 2.04894 	 -0.0566226
16.59 	 2.0471 	 -0.056354
16.605 	 2.04526 	 -0.0560862
16.62 	 2.04343 	 -0.0558191
16.635 	 2.04159 	 -0.0555529
16.65 	 2.03977 	 -0.0552874
16.665 	 2.03794 	 -0.0550228
16.68 	 2.03612 	 -0.0547589
16.695 	 2.0343 	 -0.0544957
16.71 	 2.03248 	 -0.0542334
16.725 	 2.03067 	 -0.0539718
16.74 	 2.02886 	 -0.053711
16.755 	 2.02705 	 -0.0534509
16.77 	 2.02524 	 -0.0531917
16.785 	 2.02344 	 -0.0529331
16.8 	 2.02165 	 -0.0526754
16.815 	 2.01985 	 -0.0524183
16.83 	 2.01806 	 -0.0521621
16.845 	 2.01627 	 -0.0519066
16.86 	 2.01448 	 -0.0516518
16.875 	 2.0127 	 -0.0513978
16.89 	 2.01092 	 -0.0511445
16.905 	 2.00915 	 -0.0508919
16.92 	 2.00737 	 -0.0506401
16.935 	 2.0056 	 -0.050389
16.95 	 2.00383 	 -0.0501386
16.965 	 2.00207 	 -0.049889
16.98 	 2.00031 	 -0.04964
16.995 	 1.99855 	 -0.0493918
17.01 	 1.9968 	 -0.0491443
17.025 	 1.99504 	 -0.0488976
17.04 	 1.99329 	 -0.0486515
17.055 	 1.99155 	 -0.0484061
17.07 	 1.9898 	 -0.0481614
17.085 	 1.98806 	 -0.0479175
17.1 	 1.98633 	 -0.0476742
17.115 	 1.98459 	 -0.0474316
17.13 	 1.98286 	 -0.0471897
17.145 	 1.98113 	 -0.0469485
17.16 	 1.9794 	 -0.0467079
17.175 	 1.97768 	 -0.0464681
17.19 	 1.97596 	 -0.0462289
17.205 	 1.97425 	 -0.0459904
17.22 	 1.97253 	 -0.0457525
17.235 	 1.97082 	 -0.0455153
17.25 	 1.96911 	 -0.0452788
17.265 	 1.96741 	 -0.0450429
17.28 	 1.9657 	 -0.0448077
17.295 	 1.964 	 -0.0445732
17.31 	 1.96231 	 -0.0443392
17.325 	 1.96061 	 -0.0441059
17.34 	 1.95892 	 -0.0438733
17.355 	 1.95723 	 -0.0436413
17.37 	 1.95555 	 -0.0434099
17.385 	 1.95387 	 -0.0431791
17.4 	 1.95219 	 -0.042949
17.415 	 1.95051 	 -0.0427194
17.43 	 1.94884 	 -0.0424905
17.445 	 1.94717 	 -0.0422622
17.46 	 1.9455 	 -0.0420345
17.475 	 1.94383 	 -0.0418074
17.49 	 1.94217 	 -0.0415809
17.505 	 1.94051 	 -0.041355
17.52 	 1.93885 	 -0.0411297
17.535 	 1.9372 	 -0.040905
17.55 	 1.93555 	 -0.0406808
17.565 	 1.9339 	 -0.0404573
17.58 	 1.93225 	 -0.0402343
17.595 	 1.93061 	 -0.0400118
17.61 	 1.92897 	 -0.0397899
17.625 	 1.92733 	 -0.0395686
17.64 	 1.92569 	 -0.0393479
17.655 	 1.92406 	 -0.0393479
17.67 	 1.92243 	 -0.038908
17.685 	 1.92081 	 -0.0386889
17.7 	 1.91918 	 -0.0384703
17.715 	 1.91756 	 -0.0382522
17.73 	 1.91594 	 -0.0380347
17.745 	 1.91432 	 -0.0378177
17.76 	 1.91271 	 -0.0376012
17.775 	 1.9111 	 -0.0373852
17.79 	 1.90949 	 -0.0371697
17.805 	 1.90789 	 -0.0369548
17.82 	 1.90628 	 -0.0367403
17.835 	 1.90468 	 -0.0365263
17.85 	 1.90309 	 -0.0363129
17.865 	 1.90149 	 -0.0360999
17.88 	 1.8999 	 -0.0358873
17.895 	 1.89831 	 -0.0356753
17.91 	 1.89672 	 -0.0354637
17.925 	 1.89514 	 -0.0352526
17.94 	 1.89356 	 -0.0350419
17.955 	 1.89198 	 -0.0348317
17.97 	 1.8904 	 -0.0346219
17.985 	 1.88883 	 -0.0344126
18 	 1.88726 	 -0.0342037
18.015 	 1.88569 	 -0.0339953
18.03 	 1.88412 	 -0.0339953
18.045 	 1.88256 	 -0.0335797
18.06 	 1.881 	 -0.0333725
18.075 	 1.87944 	 -0.0331657
18.09 	 1.87788 	 -0.0329593
18.105 	 1.87633 	 -0.0327533
18.12 	 1.87478 	 -0.0325478
18.135 	 1.87323 	 -0.0323426
18.15 	 1.87169 	 -0.0321377
18.165 	 1.87014 	 -0.0319333
18.18 	 1.8686 	 -0.0317292
18.195 	 1.86706 	 -0.0315255
18.21 	 1.86553 	 -0.0313221
18.225 	 1.864 	 -0.0311191
18.24 	 1.86246 	 -0.0309165
18.255 	 1.86094 	 -0.0307141
18.27 	 1.85941 	 -0.0305122
18.285 	 1.85789 	 -0.0303105
18.3 	 1.85637 	 -0.0301091
18.315 	 1.85485 	 -0.0299081
18.33 	 1.85333 	 -0.0297074
18.345 	 1.85182 	 -0.029507
18.36 	 1.85031 	 -0.0293068
18.375 	 1.8488 	 -0.029107
18.39 	 1.84729 	 -0.0289074
18.405 	 1.84579 	 -0.0289074
18.42 	 1.84429 	 -0.0285091
18.435 	 1.84279 	 -0.0283103
18.45 	 1.84129 	 -0.0281118
18.465 	 1.8398 	 -0.0279136
18.48 	 1.83831 	 -0.0277156
18.495 	 1.83682 	 -0.0275178
18.51 	 1.83533 	 -0.0273202
18.525 	 1.83385 	 -0.0271229
18.54 	 1.83237 	 -0.0269257
18.555 	 1.83089 	 -0.0267288
18.57 	 1.82941 	 -0.0265321
18.585 	 1.82794 	 -0.0263355
18.6 	 1.82646 	 -0.0261392
18.615 	 1.82499 	 -0.025943
18.63 	 1.82353 	 -0.025747
18.645 	 1.82206 	 -0.0255511
18.66 	 1.8206 	 -0.0253554
18.675 	 1.81914 	 -0.0251598
18.69 	 1.81768 	 -0.0249644
18.705 	 1.81622 	 -0.0247691
18.72 	 1.81477 	 -0.024574
18.735 	 1.81332 	 -0.0243789
18.75 	 1.81187 	 -0.024184
18.765 	 1.81042 	 -0.0239892
18.78 	 1.80898 	 -0.0239892
18.795 	 1.80754 	 -0.0235998
18.81 	 1.8061 	 -0.0234052
18.825 	 1.80466 	 -0.0232107
18.84 	 1.80322 	 -0.0230162
18.855 	 1.80179 	 -0.0228218
18.87 	 1.80036 	 -0.0226275
18.885 	 1.79893 	 -0.0224332
18.9 	 1.7975 	 -0.022239
18.915 	 1.79608 	 -0.0220447
18.93 	 1.79466 	 -0.0218505
18.945 	 1.79324 	 -0.0216563
18.96 	 1.79182 	 -0.0214621
18.975 	 1.79041 	 -0.021268
18.99 	 1.78899 	 -0.0210738
19.005 	 1.78758 	 -0.0208796
19.02 	 1.78617 	 -0.0206853
19.035 	 1.78477 	 -0.0204911
19.05 	 1.78336 	 -0.0202969
19.065 	 1.78196 	 -0.0201026
19.08 	 1.78056 	 -0.0199082
19.095 	 1.77917 	 -0.0197139
19.11 	 1.77777 	 -0.0195195
19.125 	 1.77638 	 -0.019325
19.14 	 1.77499 	 -0.0191305
19.155 	 1.7736 	 -0.0191305
19.17 	 1.77221 	 -0.0187413
19.185 	 1.77083 	 -0.0185467
19.2 	 1.76945 	 -0.018352
19.215 	 1.76807 	 -0.0181572
19.23 	 1.76669 	 -0.0179625
19.245 	 1.76531 	 -0.0177676
19.26 	 1.76394 	 -0.0175728
19.275 	 1.76257 	 -0.0173779
19.29 	 1.7612 	 -0.017183
19.305 	 1.75983 	 -0.0169881
19.32 	 1.75846 	 -0.0167932
19.335 	 1.7571 	 -0.0165983
19.35 	 1.75574 	 -0.0164034
19.365 	 1.75438 	 -0.0162086
19.38 	 1.75303 	 -0.0160139
19.395 	 1.75167 	 -0.0158193
19.41 	 1.75032 	 -0.0156249
19.425 	 1.74897 	 -0.0154306
19.44 	 1.74762 	 -0.0152365
19.455 	 1.74627 	 -0.0150427
19.47 	 1.74493 	 -0.0148491
19.485 	 1.74359 	 -0.014656
19.5 	 1.74225 	 -0.0144632
19.515 	 1.74091 	 -0.0142709
19.53 	 1.73957 	 -0.0140792
19.545 	 1.73824 	 -0.0138881
19.56 	 1.73691 	 -0.0136978
19.575 	 1.73558 	 -0.0135083
19.59 	 1.73425 	 -0.0133197
19.605 	 1.73292 	 -0.0131323
19.62 	 1.7316 	 -0.012946
19.635 	 1.73028 	 -0.0127612
19.65 	 1.72896 	 -0.0125779
19.665 	 1.72764 	 -0.0123963
19.68 	 1.72632 	 -0.0122167
19.695 	 1.72501 	 -0.0120392
19.71 	 1.7237 	 -0.0118642
19.725 	 1.72239 	 -0.0116919
19.74 	 1.72108 	 -0.0115226
19.755 	 1.71978 	 -0.0113566
19.77 	 1.71847 	 -0.0111943
19.785 	 1.71717 	 -0.011036
19.8 	 1.71587 	 -0.0108821
19.815 	 1.71457 	 -0.0107331
19.83 	 1.71328 	 -0.0105895
19.845 	 1.71198 	 -0.0104517
19.86 	 1.71069 	 -0.0103202
19.875 	 1.7094 	 -0.0101955
19.89 	 1.70811 	 -0.0100782
19.905 	 1.70683 	 -0.00996883
19.92 	 1.70554 	 -0.00986789
19.935 	 1.70426 	 -0.00977592
19.95 	 1.70298 	 -0.00969344
19.965 	 1.7017 	 -0.00962093
19.98 	 1.70042 	 -0.00955881
