0 	 4.37409 	 -0.178389
0.015 	 4.37408 	 -0.178391
0.03 	 4.37407 	 -0.178394
0.045 	 4.37405 	 -0.178399
0.06 	 4.37404 	 -0.178405
0.075 	 4.37402 	 -0.178412
0.09 	 4.37399 	 -0.178421
0.105 	 4.37397 	 -0.178431
0.12 	 4.37394 	 -0.178442
0.135 	 4.3739 	 -0.178455
0.15 	 4.37387 	 -0.178469
0.165 	 4.37386 	 -0.178469
0.18 	 4.37379 	 -0.178501
0.195 	 4.37375 	 -0.178519
0.21 	 4.3737 	 -0.178538
0.225 	 4.37368 	 -0.178538
0.24 	 4.37361 	 -0.178581
0.255 	 4.37355 	 -0.178604
0.27 	 4.3735 	 -0.178628
0.285 	 4.37344 	 -0.178654
0.3 	 4.37338 	 -0.178681
0.315 	 4.37331 	 -0.17871
0.33 	 4.37327 	 -0.17871
0.345 	 4.37318 	 -0.17877
0.36 	 4.37311 	 -0.178803
0.375 	 4.37303 	 -0.178836
0.39 	 4.37295 	 -0.178871
0.405 	 4.37287 	 -0.178907
0.42 	 4.37279 	 -0.178944
0.435 	 4.37271 	 -0.178983
0.45 	 4.37264 	 -0.178983
0.465 	 4.37253 	 -0.179064
0.48 	 4.37243 	 -0.179106
0.495 	 4.37234 	 -0.179149
0.51 	 4.37224 	 -0.179194
0.525 	 4.37214 	 -0.17924
0.54 	 4.37204 	 -0.179287
0.555 	 4.37193 	 -0.179335
0.57 	 4.37182 	 -0.179384
0.585 	 4.37171 	 -0.179435
0.6 	 4.37159 	 -0.179487
0.615 	 4.37147 	 -0.17954
0.63 	 4.37135 	 -0.179594
0.645 	 4.37123 	 -0.179649
0.66 	 4.37113 	 -0.179649
0.675 	 4.37098 	 -0.179763
0.69 	 4.37085 	 -0.179821
0.705 	 4.37071 	 -0.179881
0.72 	 4.37057 	 -0.179942
0.735 	 4.37043 	 -0.180004
0.75 	 4.37029 	 -0.180067
0.765 	 4.37015 	 -0.180131
0.78 	 4.37 	 -0.180196
0.795 	 4.36985 	 -0.180262
0.81 	 4.36969 	 -0.180329
0.825 	 4.36954 	 -0.180397
0.84 	 4.36938 	 -0.180466
0.855 	 4.36922 	 -0.180536
0.87 	 4.36905 	 -0.180607
0.885 	 4.36888 	 -0.180679
0.9 	 4.36874 	 -0.180679
0.915 	 4.36854 	 -0.180827
0.93 	 4.36836 	 -0.180902
0.945 	 4.36818 	 -0.180978
0.96 	 4.368 	 -0.181054
0.975 	 4.36782 	 -0.181132
0.99 	 4.36763 	 -0.181211
1.005 	 4.36744 	 -0.181291
1.02 	 4.36725 	 -0.181371
1.035 	 4.36705 	 -0.181452
1.05 	 4.36685 	 -0.181535
1.065 	 4.36665 	 -0.181618
1.08 	 4.36644 	 -0.181701
1.095 	 4.36623 	 -0.181786
1.11 	 4.36602 	 -0.181872
1.125 	 4.36581 	 -0.181958
1.14 	 4.36559 	 -0.182045
1.155 	 4.36537 	 -0.182133
1.17 	 4.36515 	 -0.182221
1.185 	 4.36492 	 -0.182311
1.2 	 4.36469 	 -0.182401
1.215 	 4.36446 	 -0.182491
1.23 	 4.36422 	 -0.182583
1.245 	 4.36398 	 -0.182675
1.26 	 4.36374 	 -0.182768
1.275 	 4.3635 	 -0.182862
1.29 	 4.36325 	 -0.182956
1.305 	 4.363 	 -0.183051
1.32 	 4.36278 	 -0.183051
1.335 	 4.36249 	 -0.183242
1.35 	 4.36223 	 -0.183339
1.365 	 4.36197 	 -0.183436
1.38 	 4.3617 	 -0.183534
1.395 	 4.36143 	 -0.183632
1.41 	 4.36116 	 -0.183731
1.425 	 4.36088 	 -0.183831
1.44 	 4.3606 	 -0.183931
1.455 	 4.36032 	 -0.184031
1.47 	 4.36004 	 -0.184132
1.485 	 4.35975 	 -0.184234
1.5 	 4.35946 	 -0.184336
1.515 	 4.35916 	 -0.184438
1.53 	 4.35886 	 -0.184541
1.545 	 4.35856 	 -0.184645
1.56 	 4.35826 	 -0.184748
1.575 	 4.35795 	 -0.184853
1.59 	 4.35764 	 -0.184957
1.605 	 4.35732 	 -0.185062
1.62 	 4.35701 	 -0.185167
1.635 	 4.35669 	 -0.185273
1.65 	 4.35636 	 -0.185379
1.665 	 4.35603 	 -0.185485
1.68 	 4.3557 	 -0.185592
1.695 	 4.35537 	 -0.185699
1.71 	 4.35503 	 -0.185806
1.725 	 4.35469 	 -0.185914
1.74 	 4.35434 	 -0.186022
1.755 	 4.354 	 -0.18613
1.77 	 4.35365 	 -0.186238
1.785 	 4.35329 	 -0.186346
1.8 	 4.35297 	 -0.186346
1.815 	 4.35257 	 -0.186564
1.83 	 4.35221 	 -0.186673
1.845 	 4.35184 	 -0.186782
1.86 	 4.35147 	 -0.186892
1.875 	 4.35109 	 -0.187001
1.89 	 4.35071 	 -0.187111
1.905 	 4.35033 	 -0.187221
1.92 	 4.34995 	 -0.187331
1.935 	 4.34956 	 -0.187441
1.95 	 4.34916 	 -0.187551
1.965 	 4.34877 	 -0.187661
1.98 	 4.34837 	 -0.187771
1.995 	 4.34796 	 -0.187882
2.01 	 4.34756 	 -0.187992
2.025 	 4.34715 	 -0.188102
2.04 	 4.34673 	 -0.188213
2.055 	 4.34631 	 -0.188323
2.07 	 4.34589 	 -0.188433
2.085 	 4.34547 	 -0.188544
2.1 	 4.34504 	 -0.188654
2.115 	 4.34461 	 -0.188764
2.13 	 4.34417 	 -0.188874
2.145 	 4.34373 	 -0.188984
2.16 	 4.34329 	 -0.189094
2.175 	 4.34284 	 -0.189204
2.19 	 4.34239 	 -0.189314
2.205 	 4.34194 	 -0.189424
2.22 	 4.34148 	 -0.189533
2.235 	 4.34102 	 -0.189643
2.25 	 4.34055 	 -0.189752
2.265 	 4.34008 	 -0.189861
2.28 	 4.33961 	 -0.18997
2.295 	 4.33913 	 -0.190079
2.31 	 4.33865 	 -0.190187
2.325 	 4.33817 	 -0.190296
2.34 	 4.33768 	 -0.190404
2.355 	 4.33719 	 -0.190512
2.37 	 4.33669 	 -0.190619
2.385 	 4.33619 	 -0.190727
2.4 	 4.33569 	 -0.190834
2.415 	 4.33518 	 -0.190941
2.43 	 4.33467 	 -0.191048
2.445 	 4.33416 	 -0.191154
2.46 	 4.33364 	 -0.19126
2.475 	 4.33311 	 -0.191366
2.49 	 4.33259 	 -0.191471
2.505 	 4.33206 	 -0.191576
2.52 	 4.33152 	 -0.191681
2.535 	 4.33098 	 -0.191785
2.55 	 4.33044 	 -0.191889
2.565 	 4.3299 	 -0.191993
2.58 	 4.32935 	 -0.192096
2.595 	 4.32879 	 -0.192199
2.61 	 4.32823 	 -0.192301
2.625 	 4.32767 	 -0.192403
2.64 	 4.32714 	 -0.192403
2.655 	 4.32654 	 -0.192606
2.67 	 4.32596 	 -0.192707
2.685 	 4.32538 	 -0.192807
2.7 	 4.3248 	 -0.192907
2.715 	 4.32422 	 -0.193007
2.73 	 4.32362 	 -0.193106
2.745 	 4.32303 	 -0.193204
2.76 	 4.32243 	 -0.193302
2.775 	 4.32183 	 -0.1934
2.79 	 4.32122 	 -0.193497
2.805 	 4.32061 	 -0.193593
2.82 	 4.32 	 -0.193689
2.835 	 4.31938 	 -0.193785
2.85 	 4.31876 	 -0.19388
2.865 	 4.31813 	 -0.193974
2.88 	 4.3175 	 -0.194068
2.895 	 4.31686 	 -0.194161
2.91 	 4.31622 	 -0.194254
2.925 	 4.31558 	 -0.194346
2.94 	 4.31493 	 -0.194437
2.955 	 4.31428 	 -0.194528
2.97 	 4.31362 	 -0.194619
2.985 	 4.31296 	 -0.194709
3 	 4.3123 	 -0.194798
3.015 	 4.31163 	 -0.194886
3.03 	 4.31096 	 -0.194974
3.045 	 4.31028 	 -0.195062
3.06 	 4.3096 	 -0.195148
3.075 	 4.30891 	 -0.195234
3.09 	 4.30822 	 -0.19532
3.105 	 4.30753 	 -0.195404
3.12 	 4.30683 	 -0.195488
3.135 	 4.30613 	 -0.195572
3.15 	 4.30542 	 -0.195655
3.165 	 4.30471 	 -0.195737
3.18 	 4.304 	 -0.195818
3.195 	 4.30328 	 -0.195899
3.21 	 4.30255 	 -0.195979
3.225 	 4.30182 	 -0.196058
3.24 	 4.30109 	 -0.196137
3.255 	 4.30036 	 -0.196214
3.27 	 4.29961 	 -0.196292
3.285 	 4.29887 	 -0.196368
3.3 	 4.29812 	 -0.196444
3.315 	 4.29736 	 -0.196519
3.33 	 4.29661 	 -0.196593
3.345 	 4.29584 	 -0.196666
3.36 	 4.29508 	 -0.196739
3.375 	 4.29431 	 -0.196811
3.39 	 4.29353 	 -0.196882
3.405 	 4.29275 	 -0.196953
3.42 	 4.29197 	 -0.197023
3.435 	 4.29118 	 -0.197092
3.45 	 4.29038 	 -0.19716
3.465 	 4.28959 	 -0.197227
3.48 	 4.28878 	 -0.197294
3.495 	 4.28798 	 -0.19736
3.51 	 4.28717 	 -0.197425
3.525 	 4.28635 	 -0.197489
3.54 	 4.28553 	 -0.197552
3.555 	 4.28471 	 -0.197615
3.57 	 4.28388 	 -0.197677
3.585 	 4.28305 	 -0.197738
3.6 	 4.28225 	 -0.197738
3.615 	 4.28137 	 -0.197858
3.63 	 4.28052 	 -0.197916
3.645 	 4.27967 	 -0.197974
3.66 	 4.27882 	 -0.198031
3.675 	 4.27796 	 -0.198087
3.69 	 4.2771 	 -0.198143
3.705 	 4.27623 	 -0.198197
3.72 	 4.27536 	 -0.198251
3.735 	 4.27448 	 -0.198304
3.75 	 4.2736 	 -0.198356
3.765 	 4.27271 	 -0.198407
3.78 	 4.27182 	 -0.198457
3.795 	 4.27093 	 -0.198507
3.81 	 4.27003 	 -0.198555
3.825 	 4.26913 	 -0.198603
3.84 	 4.26822 	 -0.19865
3.855 	 4.26731 	 -0.198696
3.87 	 4.26639 	 -0.198741
3.885 	 4.26547 	 -0.198786
3.9 	 4.26454 	 -0.198829
3.915 	 4.26361 	 -0.198872
3.93 	 4.26268 	 -0.198914
3.945 	 4.26174 	 -0.198955
3.96 	 4.2608 	 -0.198995
3.975 	 4.25985 	 -0.199034
3.99 	 4.2589 	 -0.199073
4.005 	 4.25794 	 -0.19911
4.02 	 4.25698 	 -0.199147
4.035 	 4.25601 	 -0.199183
4.05 	 4.25504 	 -0.199218
4.065 	 4.25407 	 -0.199252
4.08 	 4.25309 	 -0.199285
4.095 	 4.25211 	 -0.199318
4.11 	 4.25112 	 -0.199349
4.125 	 4.25013 	 -0.19938
4.14 	 4.24913 	 -0.19941
4.155 	 4.24813 	 -0.199439
4.17 	 4.24712 	 -0.199467
4.185 	 4.24611 	 -0.199494
4.2 	 4.2451 	 -0.19952
4.215 	 4.24408 	 -0.199546
4.23 	 4.24306 	 -0.19957
4.245 	 4.24203 	 -0.199594
4.26 	 4.241 	 -0.199617
4.275 	 4.23996 	 -0.199639
4.29 	 4.23892 	 -0.19966
4.305 	 4.23788 	 -0.199681
4.32 	 4.23683 	 -0.1997
4.335 	 4.23577 	 -0.199719
4.35 	 4.23471 	 -0.199737
4.365 	 4.23365 	 -0.199754
4.38 	 4.23258 	 -0.19977
4.395 	 4.23151 	 -0.199785
4.41 	 4.23044 	 -0.1998
4.425 	 4.22935 	 -0.199813
4.44 	 4.22827 	 -0.199826
4.455 	 4.22718 	 -0.199838
4.47 	 4.22609 	 -0.199849
4.485 	 4.22499 	 -0.199859
4.5 	 4.22389 	 -0.199869
4.515 	 4.22278 	 -0.199877
4.53 	 4.22167 	 -0.199885
4.545 	 4.22055 	 -0.199892
4.56 	 4.21943 	 -0.199898
4.575 	 4.21831 	 -0.199904
4.59 	 4.21718 	 -0.199908
4.605 	 4.21605 	 -0.199912
4.62 	 4.21491 	 -0.199915
4.635 	 4.21377 	 -0.199917
4.65 	 4.21262 	 -0.199918
4.665 	 4.21147 	 -0.199919
4.68 	 4.21032 	 -0.199919
4.695 	 4.2092 	 -0.199919
4.71 	 4.20799 	 -0.199916
4.725 	 4.20683 	 -0.199913
4.74 	 4.20566 	 -0.19991
4.755 	 4.20448 	 -0.199906
4.77 	 4.2033 	 -0.199901
4.785 	 4.20211 	 -0.199895
4.8 	 4.20093 	 -0.199889
4.815 	 4.19973 	 -0.199881
4.83 	 4.19853 	 -0.199873
4.845 	 4.19733 	 -0.199865
4.86 	 4.19613 	 -0.199855
4.875 	 4.19492 	 -0.199845
4.89 	 4.1937 	 -0.199834
4.905 	 4.19248 	 -0.199823
4.92 	 4.19126 	 -0.19981
4.935 	 4.19003 	 -0.199797
4.95 	 4.1888 	 -0.199784
4.965 	 4.18756 	 -0.199769
4.98 	 4.18633 	 -0.199754
4.995 	 4.18508 	 -0.199738
5.01 	 4.18383 	 -0.199722
5.025 	 4.18258 	 -0.199704
5.04 	 4.18132 	 -0.199687
5.055 	 4.18006 	 -0.199668
5.07 	 4.1788 	 -0.199649
5.085 	 4.17753 	 -0.199629
5.1 	 4.17626 	 -0.199608
5.115 	 4.17498 	 -0.199587
5.13 	 4.1737 	 -0.199565
5.145 	 4.17241 	 -0.199543
5.16 	 4.17112 	 -0.19952
5.175 	 4.16983 	 -0.199496
5.19 	 4.16853 	 -0.199472
5.205 	 4.16723 	 -0.199447
5.22 	 4.16592 	 -0.199421
5.235 	 4.16461 	 -0.199395
5.25 	 4.1633 	 -0.199369
5.265 	 4.16198 	 -0.199341
5.28 	 4.16069 	 -0.199341
5.295 	 4.15933 	 -0.199285
5.31 	 4.158 	 -0.199256
5.325 	 4.15666 	 -0.199227
5.34 	 4.15532 	 -0.199197
5.355 	 4.15398 	 -0.199166
5.37 	 4.15263 	 -0.199135
5.385 	 4.15128 	 -0.199103
5.4 	 4.14993 	 -0.199071
5.415 	 4.14857 	 -0.199039
5.43 	 4.14721 	 -0.199006
5.445 	 4.14584 	 -0.198972
5.46 	 4.14447 	 -0.198938
5.475 	 4.14309 	 -0.198903
5.49 	 4.14172 	 -0.198868
5.505 	 4.14033 	 -0.198833
5.52 	 4.13895 	 -0.198797
5.535 	 4.13756 	 -0.198761
5.55 	 4.13616 	 -0.198724
5.565 	 4.13476 	 -0.198687
5.58 	 4.13336 	 -0.198649
5.595 	 4.13196 	 -0.198611
5.61 	 4.13055 	 -0.198573
5.625 	 4.12913 	 -0.198534
5.64 	 4.12772 	 -0.198495
5.655 	 4.12633 	 -0.198495
5.67 	 4.12487 	 -0.198416
5.685 	 4.12344 	 -0.198376
5.7 	 4.12201 	 -0.198335
5.715 	 4.12057 	 -0.198294
5.73 	 4.11913 	 -0.198253
5.745 	 4.11768 	 -0.198212
5.76 	 4.11624 	 -0.19817
5.775 	 4.11478 	 -0.198128
5.79 	 4.11333 	 -0.198086
5.805 	 4.11187 	 -0.198043
5.82 	 4.11041 	 -0.198
5.835 	 4.10894 	 -0.197957
5.85 	 4.10747 	 -0.197914
5.865 	 4.10599 	 -0.19787
5.88 	 4.10451 	 -0.197827
5.895 	 4.10303 	 -0.197783
5.91 	 4.10155 	 -0.197738
5.925 	 4.10006 	 -0.197694
5.94 	 4.09856 	 -0.19765
5.955 	 4.09707 	 -0.197605
5.97 	 4.09557 	 -0.19756
5.985 	 4.09406 	 -0.197515
6 	 4.09255 	 -0.19747
6.015 	 4.09104 	 -0.197425
6.03 	 4.08953 	 -0.197379
6.045 	 4.08801 	 -0.197334
6.06 	 4.08649 	 -0.197288
6.075 	 4.08496 	 -0.197242
6.09 	 4.08343 	 -0.197197
6.105 	 4.0819 	 -0.197151
6.12 	 4.08036 	 -0.197105
6.135 	 4.07882 	 -0.197059
6.15 	 4.07728 	 -0.197013
6.165 	 4.07573 	 -0.196967
6.18 	 4.07418 	 -0.196921
6.195 	 4.07262 	 -0.196875
6.21 	 4.07106 	 -0.19683
6.225 	 4.0695 	 -0.196784
6.24 	 4.06794 	 -0.196738
6.255 	 4.06637 	 -0.196692
6.27 	 4.06479 	 -0.196646
6.285 	 4.06322 	 -0.1966
6.3 	 4.06164 	 -0.196555
6.315 	 4.06006 	 -0.196509
6.33 	 4.05847 	 -0.196464
6.345 	 4.05688 	 -0.196418
6.36 	 4.05529 	 -0.196373
6.375 	 4.05369 	 -0.196328
6.39 	 4.05209 	 -0.196283
6.405 	 4.05048 	 -0.196238
6.42 	 4.04888 	 -0.196194
6.435 	 4.04727 	 -0.196149
6.45 	 4.04565 	 -0.196105
6.465 	 4.04403 	 -0.196061
6.48 	 4.04241 	 -0.196017
6.495 	 4.04079 	 -0.195973
6.51 	 4.03916 	 -0.19593
6.525 	 4.03753 	 -0.195887
6.54 	 4.03589 	 -0.195844
6.555 	 4.03425 	 -0.195801
6.57 	 4.03261 	 -0.195759
6.585 	 4.03097 	 -0.195716
6.6 	 4.02932 	 -0.195674
6.615 	 4.0277 	 -0.195674
6.63 	 4.02601 	 -0.195592
6.645 	 4.02435 	 -0.195551
6.66 	 4.02269 	 -0.19551
6.675 	 4.02103 	 -0.19547
6.69 	 4.01936 	 -0.19543
6.705 	 4.01769 	 -0.19539
6.72 	 4.01601 	 -0.195351
6.735 	 4.01433 	 -0.195312
6.75 	 4.01265 	 -0.195274
6.765 	 4.01096 	 -0.195236
6.78 	 4.00927 	 -0.195198
6.795 	 4.00758 	 -0.195161
6.81 	 4.00589 	 -0.195124
6.825 	 4.00419 	 -0.195088
6.84 	 4.00249 	 -0.195052
6.855 	 4.00078 	 -0.195016
6.87 	 3.99907 	 -0.194981
6.885 	 3.99736 	 -0.194947
6.9 	 3.99565 	 -0.194913
6.915 	 3.99393 	 -0.194879
6.93 	 3.99221 	 -0.194846
6.945 	 3.99048 	 -0.194813
6.96 	 3.98875 	 -0.194781
6.975 	 3.98702 	 -0.19475
6.99 	 3.98529 	 -0.194719
7.005 	 3.98355 	 -0.194688
7.02 	 3.98181 	 -0.194658
7.035 	 3.98006 	 -0.194629
7.05 	 3.97831 	 -0.1946
7.065 	 3.97656 	 -0.194572
7.08 	 3.97481 	 -0.194544
7.095 	 3.97305 	 -0.194517
7.11 	 3.97129 	 -0.194491
7.125 	 3.96953 	 -0.194465
7.14 	 3.96776 	 -0.19444
7.155 	 3.96599 	 -0.194415
7.17 	 3.96421 	 -0.194391
7.185 	 3.96244 	 -0.194367
7.2 	 3.96069 	 -0.194367
7.215 	 3.95887 	 -0.194322
7.23 	 3.95708 	 -0.194301
7.245 	 3.95529 	 -0.19428
7.26 	 3.9535 	 -0.19426
7.275 	 3.9517 	 -0.19424
7.29 	 3.9499 	 -0.194221
7.305 	 3.9481 	 -0.194203
7.32 	 3.9463 	 -0.194186
7.335 	 3.94449 	 -0.194169
7.35 	 3.94267 	 -0.194153
7.365 	 3.94086 	 -0.194137
7.38 	 3.93904 	 -0.194122
7.395 	 3.93722 	 -0.194108
7.41 	 3.93539 	 -0.194095
7.425 	 3.93356 	 -0.194082
7.44 	 3.93173 	 -0.19407
7.455 	 3.92989 	 -0.194059
7.47 	 3.92805 	 -0.194048
7.485 	 3.92621 	 -0.194038
7.5 	 3.92437 	 -0.194029
7.515 	 3.92252 	 -0.194021
7.53 	 3.92067 	 -0.194013
7.545 	 3.91881 	 -0.194006
7.56 	 3.91695 	 -0.194
7.575 	 3.91513 	 -0.194
7.59 	 3.91323 	 -0.19399
7.605 	 3.91136 	 -0.193986
7.62 	 3.90949 	 -0.193982
7.635 	 3.90761 	 -0.19398
7.65 	 3.90574 	 -0.193978
7.665 	 3.90386 	 -0.193977
7.68 	 3.90197 	 -0.193976
7.695 	 3.90008 	 -0.193977
7.71 	 3.89819 	 -0.193978
7.725 	 3.8963 	 -0.19398
7.74 	 3.8944 	 -0.193983
7.755 	 3.8925 	 -0.193986
7.77 	 3.8906 	 -0.19399
7.785 	 3.88869 	 -0.193995
7.8 	 3.88678 	 -0.194
7.815 	 3.88487 	 -0.194007
7.83 	 3.88295 	 -0.194014
7.845 	 3.88103 	 -0.194022
7.86 	 3.87911 	 -0.19403
7.875 	 3.87718 	 -0.194039
7.89 	 3.87525 	 -0.194049
7.905 	 3.87332 	 -0.19406
7.92 	 3.87138 	 -0.194071
7.935 	 3.86944 	 -0.194084
7.95 	 3.8675 	 -0.194096
7.965 	 3.86555 	 -0.19411
7.98 	 3.8636 	 -0.194124
7.995 	 3.86165 	 -0.194139
8.01 	 3.85969 	 -0.194155
8.025 	 3.85773 	 -0.194171
8.04 	 3.85577 	 -0.194188
8.055 	 3.8538 	 -0.194206
8.07 	 3.85183 	 -0.194224
8.085 	 3.84986 	 -0.194243
8.1 	 3.84788 	 -0.194263
8.115 	 3.8459 	 -0.194283
8.13 	 3.84392 	 -0.194304
8.145 	 3.84193 	 -0.194326
8.16 	 3.83994 	 -0.194348
8.175 	 3.83795 	 -0.194371
8.19 	 3.83595 	 -0.194395
8.205 	 3.83395 	 -0.194419
8.22 	 3.83194 	 -0.194444
8.235 	 3.82994 	 -0.194469
8.25 	 3.82793 	 -0.194496
8.265 	 3.82591 	 -0.194522
8.28 	 3.8239 	 -0.194549
8.295 	 3.82187 	 -0.194577
8.31 	 3.81985 	 -0.194606
8.325 	 3.81782 	 -0.194635
8.34 	 3.81579 	 -0.194664
8.355 	 3.81376 	 -0.194694
8.37 	 3.81172 	 -0.194725
8.385 	 3.80968 	 -0.194756
8.4 	 3.80763 	 -0.194787
8.415 	 3.80558 	 -0.19482
8.43 	 3.80353 	 -0.194852
8.445 	 3.80147 	 -0.194885
8.46 	 3.79942 	 -0.194919
8.475 	 3.79735 	 -0.194953
8.49 	 3.79529 	 -0.194987
8.505 	 3.79322 	 -0.195022
8.52 	 3.79114 	 -0.195058
8.535 	 3.78907 	 -0.195094
8.55 	 3.78699 	 -0.19513
8.565 	 3.7849 	 -0.195166
8.58 	 3.78282 	 -0.195203
8.595 	 3.78072 	 -0.195241
8.61 	 3.77863 	 -0.195278
8.625 	 3.77653 	 -0.195317
8.64 	 3.77443 	 -0.195355
8.655 	 3.77232 	 -0.195394
8.67 	 3.77022 	 -0.195433
8.685 	 3.7681 	 -0.195472
8.7 	 3.76599 	 -0.195512
8.715 	 3.76387 	 -0.195552
8.73 	 3.76174 	 -0.195592
8.745 	 3.75962 	 -0.195633
8.76 	 3.75749 	 -0.195673
8.775 	 3.75535 	 -0.195714
8.79 	 3.75321 	 -0.195755
8.805 	 3.75107 	 -0.195797
8.82 	 3.74893 	 -0.195838
8.835 	 3.74678 	 -0.19588
8.85 	 3.74463 	 -0.195922
8.865 	 3.74247 	 -0.195964
8.88 	 3.74031 	 -0.196006
8.895 	 3.73815 	 -0.196048
8.91 	 3.73598 	 -0.196091
8.925 	 3.73381 	 -0.196133
8.94 	 3.73163 	 -0.196176
8.955 	 3.72945 	 -0.196218
8.97 	 3.72727 	 -0.196261
8.985 	 3.72509 	 -0.196303
9 	 3.7229 	 -0.196346
9.015 	 3.72075 	 -0.196346
9.03 	 3.71851 	 -0.196431
9.045 	 3.71631 	 -0.196474
9.06 	 3.7141 	 -0.196516
9.075 	 3.71189 	 -0.196559
9.09 	 3.70968 	 -0.196601
9.105 	 3.70746 	 -0.196644
9.12 	 3.70524 	 -0.196686
9.135 	 3.70302 	 -0.196728
9.15 	 3.70079 	 -0.19677
9.165 	 3.69856 	 -0.196811
9.18 	 3.69633 	 -0.196853
9.195 	 3.69409 	 -0.196894
9.21 	 3.69184 	 -0.196936
9.225 	 3.6896 	 -0.196976
9.24 	 3.68735 	 -0.197017
9.255 	 3.68509 	 -0.197058
9.27 	 3.68283 	 -0.197098
9.285 	 3.68057 	 -0.197138
9.3 	 3.67831 	 -0.197177
9.315 	 3.67604 	 -0.197216
9.33 	 3.67376 	 -0.197255
9.345 	 3.67149 	 -0.197294
9.36 	 3.6692 	 -0.197332
9.375 	 3.66692 	 -0.19737
9.39 	 3.66467 	 -0.19737
9.405 	 3.66234 	 -0.197444
9.42 	 3.66004 	 -0.197481
9.435 	 3.65774 	 -0.197517
9.45 	 3.65544 	 -0.197552
9.465 	 3.65313 	 -0.197587
9.48 	 3.65081 	 -0.197622
9.495 	 3.6485 	 -0.197656
9.51 	 3.64618 	 -0.197689
9.525 	 3.64385 	 -0.197722
9.54 	 3.64153 	 -0.197755
9.555 	 3.63919 	 -0.197787
9.57 	 3.63686 	 -0.197818
9.585 	 3.63452 	 -0.197848
9.6 	 3.63217 	 -0.197878
9.615 	 3.62983 	 -0.197908
9.63 	 3.62747 	 -0.197936
9.645 	 3.62512 	 -0.197964
9.66 	 3.62276 	 -0.197991
9.675 	 3.6204 	 -0.198018
9.69 	 3.61803 	 -0.198043
9.705 	 3.61566 	 -0.198068
9.72 	 3.61328 	 -0.198093
9.735 	 3.6109 	 -0.198116
9.75 	 3.60852 	 -0.198139
9.765 	 3.60613 	 -0.19816
9.78 	 3.60374 	 -0.198181
9.795 	 3.60134 	 -0.198201
9.81 	 3.59895 	 -0.198221
9.825 	 3.59654 	 -0.198239
9.84 	 3.59414 	 -0.198256
9.855 	 3.59173 	 -0.198273
9.87 	 3.58931 	 -0.198288
9.885 	 3.58689 	 -0.198303
9.9 	 3.58447 	 -0.198317
9.915 	 3.58204 	 -0.198329
9.93 	 3.57961 	 -0.198341
9.945 	 3.57718 	 -0.198352
9.96 	 3.57474 	 -0.198361
9.975 	 3.5723 	 -0.19837
9.99 	 3.56985 	 -0.198377
10.005 	 3.5674 	 -0.198384
10.02 	 3.56495 	 -0.198389
10.035 	 3.56249 	 -0.198393
10.05 	 3.56003 	 -0.198396
10.065 	 3.55756 	 -0.198398
10.08 	 3.55509 	 -0.198399
10.095 	 3.55262 	 -0.198399
10.11 	 3.55014 	 -0.198397
10.125 	 3.54766 	 -0.198394
10.14 	 3.54517 	 -0.19839
10.155 	 3.54268 	 -0.198385
10.17 	 3.54019 	 -0.198378
10.185 	 3.53769 	 -0.198371
10.2 	 3.53519 	 -0.198362
10.215 	 3.53269 	 -0.198351
10.23 	 3.53018 	 -0.19834
10.245 	 3.52767 	 -0.198327
10.26 	 3.52515 	 -0.198312
10.275 	 3.52263 	 -0.198297
10.29 	 3.52011 	 -0.19828
10.305 	 3.51758 	 -0.198261
10.32 	 3.51505 	 -0.198242
10.335 	 3.51251 	 -0.19822
10.35 	 3.50997 	 -0.198198
10.365 	 3.50743 	 -0.198174
10.38 	 3.50488 	 -0.198148
10.395 	 3.50233 	 -0.198121
10.41 	 3.49978 	 -0.198093
10.425 	 3.49722 	 -0.198063
10.44 	 3.49466 	 -0.198031
10.455 	 3.49209 	 -0.197999
10.47 	 3.48952 	 -0.197964
10.485 	 3.48695 	 -0.197928
10.5 	 3.48437 	 -0.197891
10.515 	 3.48179 	 -0.197851
10.53 	 3.47921 	 -0.197811
10.545 	 3.47662 	 -0.197768
10.56 	 3.47406 	 -0.197768
10.575 	 3.47143 	 -0.197679
10.59 	 3.46883 	 -0.197632
10.605 	 3.46623 	 -0.197583
10.62 	 3.46363 	 -0.197533
10.635 	 3.46102 	 -0.197481
10.65 	 3.4584 	 -0.197427
10.665 	 3.45579 	 -0.197372
10.68 	 3.45317 	 -0.197314
10.695 	 3.45054 	 -0.197256
10.71 	 3.44792 	 -0.197195
10.725 	 3.44529 	 -0.197133
10.74 	 3.44265 	 -0.197069
10.755 	 3.44001 	 -0.197003
10.77 	 3.43737 	 -0.196936
10.785 	 3.43473 	 -0.196866
10.8 	 3.43208 	 -0.196795
10.815 	 3.42943 	 -0.196722
10.83 	 3.42677 	 -0.196648
10.845 	 3.42411 	 -0.196571
10.86 	 3.42145 	 -0.196493
10.875 	 3.41879 	 -0.196413
10.89 	 3.41612 	 -0.196331
10.905 	 3.41345 	 -0.196247
10.92 	 3.41077 	 -0.196161
10.935 	 3.40812 	 -0.196161
10.95 	 3.40541 	 -0.195985
10.965 	 3.40273 	 -0.195893
10.98 	 3.40004 	 -0.1958
10.995 	 3.39735 	 -0.195705
11.01 	 3.39466 	 -0.195608
11.025 	 3.39196 	 -0.195509
11.04 	 3.38926 	 -0.195409
11.055 	 3.38655 	 -0.195306
11.07 	 3.38385 	 -0.195201
11.085 	 3.38114 	 -0.195095
11.1 	 3.37842 	 -0.194986
11.115 	 3.37571 	 -0.194875
11.13 	 3.37299 	 -0.194763
11.145 	 3.37027 	 -0.194649
11.16 	 3.36754 	 -0.194532
11.175 	 3.36482 	 -0.194414
11.19 	 3.36208 	 -0.194293
11.205 	 3.35935 	 -0.194171
11.22 	 3.35661 	 -0.194047
11.235 	 3.35388 	 -0.19392
11.25 	 3.35113 	 -0.193792
11.265 	 3.34839 	 -0.193661
11.28 	 3.34564 	 -0.193529
11.295 	 3.34289 	 -0.193394
11.31 	 3.34015 	 -0.193394
11.325 	 3.33738 	 -0.193119
11.34 	 3.33462 	 -0.192979
11.355 	 3.33186 	 -0.192836
11.37 	 3.3291 	 -0.192691
11.385 	 3.32633 	 -0.192544
11.4 	 3.32356 	 -0.192396
11.415 	 3.32079 	 -0.192245
11.43 	 3.31802 	 -0.192092
11.445 	 3.31524 	 -0.191937
11.46 	 3.31246 	 -0.19178
11.475 	 3.30968 	 -0.191621
11.49 	 3.30689 	 -0.191459
11.505 	 3.30411 	 -0.191296
11.52 	 3.30132 	 -0.191131
11.535 	 3.29853 	 -0.190963
11.55 	 3.29573 	 -0.190793
11.565 	 3.29294 	 -0.190622
11.58 	 3.29014 	 -0.190448
11.595 	 3.28734 	 -0.190272
11.61 	 3.28454 	 -0.190094
11.625 	 3.28173 	 -0.189914
11.64 	 3.27893 	 -0.189732
11.655 	 3.27612 	 -0.189548
11.67 	 3.27331 	 -0.189361
11.685 	 3.27049 	 -0.189173
11.7 	 3.26768 	 -0.188982
11.715 	 3.26486 	 -0.18879
11.73 	 3.26204 	 -0.188595
11.745 	 3.25922 	 -0.188398
11.76 	 3.2564 	 -0.188199
11.775 	 3.25358 	 -0.187998
11.79 	 3.25075 	 -0.187795
11.805 	 3.24792 	 -0.18759
11.82 	 3.24509 	 -0.187382
11.835 	 3.24226 	 -0.187173
11.85 	 3.23943 	 -0.186962
11.865 	 3.23659 	 -0.186748
11.88 	 3.23376 	 -0.186532
11.895 	 3.23092 	 -0.186314
11.91 	 3.22808 	 -0.186095
11.925 	 3.22524 	 -0.185873
11.94 	 3.22239 	 -0.185649
11.955 	 3.21955 	 -0.185422
11.97 	 3.2167 	 -0.185194
11.985 	 3.21386 	 -0.184964
12 	 3.21101 	 -0.184732
12.015 	 3.20816 	 -0.184497
12.03 	 3.20531 	 -0.184261
12.045 	 3.20245 	 -0.184022
12.06 	 3.1996 	 -0.183782
12.075 	 3.19674 	 -0.183539
12.09 	 3.19389 	 -0.183294
12.105 	 3.19103 	 -0.183048
12.12 	 3.18817 	 -0.182799
12.135 	 3.18531 	 -0.182548
12.15 	 3.18245 	 -0.182295
12.165 	 3.17959 	 -0.182041
12.18 	 3.17673 	 -0.181784
12.195 	 3.17386 	 -0.181525
12.21 	 3.171 	 -0.181264
12.225 	 3.16813 	 -0.181001
12.24 	 3.16527 	 -0.180736
12.255 	 3.1624 	 -0.18047
12.27 	 3.15953 	 -0.180201
12.285 	 3.15666 	 -0.17993
12.3 	 3.15379 	 -0.179657
12.315 	 3.15092 	 -0.179383
12.33 	 3.14805 	 -0.179106
12.345 	 3.14518 	 -0.178827
12.36 	 3.14231 	 -0.178547
12.375 	 3.13944 	 -0.178264
12.39 	 3.13656 	 -0.17798
12.405 	 3.13369 	 -0.177694
12.42 	 3.13082 	 -0.177406
12.435 	 3.12794 	 -0.177115
12.45 	 3.12507 	 -0.176824
12.465 	 3.12219 	 -0.17653
12.48 	 3.11932 	 -0.176234
12.495 	 3.11644 	 -0.175936
12.51 	 3.11357 	 -0.175637
12.525 	 3.11069 	 -0.175336
12.54 	 3.10781 	 -0.175033
12.555 	 3.10494 	 -0.174728
12.57 	 3.10206 	 -0.174421
12.585 	 3.09919 	 -0.174112
12.6 	 3.09631 	 -0.173802
12.615 	 3.09343 	 -0.17349
12.63 	 3.09056 	 -0.173176
12.645 	 3.08768 	 -0.172861
12.66 	 3.0848 	 -0.172543
12.675 	 3.08193 	 -0.172224
12.69 	 3.07905 	 -0.171903
12.705 	 3.07617 	 -0.171581
12.72 	 3.0733 	 -0.171257
12.735 	 3.07042 	 -0.170931
12.75 	 3.06755 	 -0.170603
12.765 	 3.06467 	 -0.170274
12.78 	 3.0618 	 -0.169943
12.795 	 3.05893 	 -0.16961
12.81 	 3.05605 	 -0.169276
12.825 	 3.05318 	 -0.16894
12.84 	 3.05031 	 -0.168603
12.855 	 3.04742 	 -0.168603
12.87 	 3.04456 	 -0.167923
12.885 	 3.04169 	 -0.167581
12.9 	 3.03882 	 -0.167237
12.915 	 3.03595 	 -0.166892
12.93 	 3.03308 	 -0.166546
12.945 	 3.03022 	 -0.166197
12.96 	 3.02735 	 -0.165848
12.975 	 3.02448 	 -0.165496
12.99 	 3.02162 	 -0.165144
13.005 	 3.01875 	 -0.16479
13.02 	 3.01589 	 -0.164434
13.035 	 3.01303 	 -0.164077
13.05 	 3.01016 	 -0.163719
13.065 	 3.0073 	 -0.163359
13.08 	 3.00444 	 -0.162998
13.095 	 3.00158 	 -0.162635
13.11 	 2.99873 	 -0.162272
13.125 	 2.99587 	 -0.161906
13.14 	 2.99301 	 -0.16154
13.155 	 2.99016 	 -0.161172
13.17 	 2.98731 	 -0.160803
13.185 	 2.98445 	 -0.160433
13.2 	 2.9816 	 -0.160062
13.215 	 2.97875 	 -0.159689
13.23 	 2.97588 	 -0.159689
13.245 	 2.97306 	 -0.15894
13.26 	 2.97021 	 -0.158564
13.275 	 2.96737 	 -0.158186
13.29 	 2.96453 	 -0.157808
13.305 	 2.96168 	 -0.157428
13.32 	 2.95885 	 -0.157047
13.335 	 2.95601 	 -0.156665
13.35 	 2.95317 	 -0.156282
13.365 	 2.95034 	 -0.155898
13.38 	 2.9475 	 -0.155513
13.395 	 2.94467 	 -0.155127
13.41 	 2.94184 	 -0.154741
13.425 	 2.93901 	 -0.154353
13.44 	 2.93619 	 -0.153964
13.455 	 2.93336 	 -0.153574
13.47 	 2.93054 	 -0.153183
13.485 	 2.92772 	 -0.152791
13.5 	 2.9249 	 -0.152399
13.515 	 2.92208 	 -0.152006
13.53 	 2.91926 	 -0.151611
13.545 	 2.91645 	 -0.151216
13.56 	 2.91364 	 -0.150821
13.575 	 2.91083 	 -0.150424
13.59 	 2.90802 	 -0.150027
13.605 	 2.90521 	 -0.149629
13.62 	 2.90241 	 -0.14923
13.635 	 2.89961 	 -0.148831
13.65 	 2.89681 	 -0.14843
13.665 	 2.89401 	 -0.14803
13.68 	 2.89122 	 -0.147628
13.695 	 2.88842 	 -0.147226
13.71 	 2.88563 	 -0.146824
13.725 	 2.88284 	 -0.146421
13.74 	 2.88006 	 -0.146017
13.755 	 2.87727 	 -0.145613
13.77 	 2.87449 	 -0.145208
13.785 	 2.87171 	 -0.144803
13.8 	 2.86893 	 -0.144397
13.815 	 2.86616 	 -0.143991
13.83 	 2.86339 	 -0.143585
13.845 	 2.86062 	 -0.143178
13.86 	 2.85785 	 -0.14277
13.875 	 2.85508 	 -0.142363
13.89 	 2.85232 	 -0.141955
13.905 	 2.84956 	 -0.141546
13.92 	 2.8468 	 -0.141138
13.935 	 2.84404 	 -0.140729
13.95 	 2.84129 	 -0.14032
13.965 	 2.83854 	 -0.13991
13.98 	 2.83579 	 -0.139501
13.995 	 2.83305 	 -0.139091
14.01 	 2.83031 	 -0.13868
14.025 	 2.82757 	 -0.13827
14.04 	 2.82483 	 -0.13786
14.055 	 2.82209 	 -0.137449
14.07 	 2.81936 	 -0.137038
14.085 	 2.81663 	 -0.136627
14.1 	 2.81391 	 -0.136216
14.115 	 2.81118 	 -0.135805
14.13 	 2.80846 	 -0.135394
14.145 	 2.80574 	 -0.134982
14.16 	 2.80303 	 -0.134571
14.175 	 2.80032 	 -0.13416
14.19 	 2.79761 	 -0.133748
14.205 	 2.7949 	 -0.133337
14.22 	 2.7922 	 -0.132925
14.235 	 2.78949 	 -0.132514
14.25 	 2.7868 	 -0.132103
14.265 	 2.7841 	 -0.131691
14.28 	 2.78141 	 -0.13128
14.295 	 2.77872 	 -0.130869
14.31 	 2.77603 	 -0.130458
14.325 	 2.77335 	 -0.130047
14.34 	 2.77067 	 -0.129636
14.355 	 2.76799 	 -0.129225
14.37 	 2.76532 	 -0.128815
14.385 	 2.76265 	 -0.128404
14.4 	 2.75996 	 -0.128404
14.415 	 2.75732 	 -0.127584
14.43 	 2.75465 	 -0.127174
14.445 	 2.752 	 -0.126764
14.46 	 2.74934 	 -0.126355
14.475 	 2.74669 	 -0.125945
14.49 	 2.74404 	 -0.125536
14.505 	 2.74139 	 -0.125127
14.52 	 2.73875 	 -0.124719
14.535 	 2.73611 	 -0.12431
14.55 	 2.73347 	 -0.123902
14.565 	 2.73084 	 -0.123495
14.58 	 2.72821 	 -0.123087
14.595 	 2.72558 	 -0.12268
14.61 	 2.72296 	 -0.122273
14.625 	 2.72034 	 -0.121867
14.64 	 2.71772 	 -0.12146
14.655 	 2.71511 	 -0.121054
14.67 	 2.7125 	 -0.120649
14.685 	 2.70989 	 -0.120244
14.7 	 2.70729 	 -0.119839
14.715 	 2.70469 	 -0.119435
14.73 	 2.70209 	 -0.119031
14.745 	 2.6995 	 -0.118627
14.76 	 2.69691 	 -0.118224
14.775 	 2.69431 	 -0.118224
14.79 	 2.69174 	 -0.117419
14.805 	 2.68916 	 -0.117017
14.82 	 2.68658 	 -0.116615
14.835 	 2.68401 	 -0.116214
14.85 	 2.68144 	 -0.115814
14.865 	 2.67887 	 -0.115413
14.88 	 2.67631 	 -0.115014
14.895 	 2.67375 	 -0.114615
14.91 	 2.67119 	 -0.114216
14.925 	 2.66864 	 -0.113818
14.94 	 2.66609 	 -0.11342
14.955 	 2.66354 	 -0.113023
14.97 	 2.661 	 -0.112626
14.985 	 2.65846 	 -0.11223
15 	 2.65593 	 -0.111834
15.015 	 2.6534 	 -0.111439
15.03 	 2.65087 	 -0.111044
15.045 	 2.64834 	 -0.11065
15.06 	 2.64582 	 -0.110257
15.075 	 2.6433 	 -0.109864
15.09 	 2.64079 	 -0.109471
15.105 	 2.63828 	 -0.10908
15.12 	 2.63577 	 -0.108688
15.135 	 2.63327 	 -0.108298
15.15 	 2.63076 	 -0.108298
15.165 	 2.62827 	 -0.107518
15.18 	 2.62578 	 -0.107129
15.195 	 2.62329 	 -0.106741
15.21 	 2.62081 	 -0.106353
15.225 	 2.61832 	 -0.105966
15.24 	 2.61585 	 -0.10558
15.255 	 2.61337 	 -0.105194
15.27 	 2.6109 	 -0.104809
15.285 	 2.60843 	 -0.104424
15.3 	 2.60597 	 -0.10404
15.315 	 2.60351 	 -0.103657
15.33 	 2.60105 	 -0.103274
15.345 	 2.5986 	 -0.102892
15.36 	 2.59615 	 -0.102511
15.375 	 2.5937 	 -0.10213
15.39 	 2.59126 	 -0.10175
15.405 	 2.58882 	 -0.10137
15.42 	 2.58638 	 -0.100992
15.435 	 2.58395 	 -0.100613
15.45 	 2.58153 	 -0.100236
15.465 	 2.5791 	 -0.0998593
15.48 	 2.57668 	 -0.0994832
15.495 	 2.57426 	 -0.0991078
15.51 	 2.57185 	 -0.0987331
15.525 	 2.56944 	 -0.0983591
15.54 	 2.56703 	 -0.0979857
15.555 	 2.56463 	 -0.0976131
15.57 	 2.56223 	 -0.0972411
15.585 	 2.55984 	 -0.0968699
15.6 	 2.55745 	 -0.0964994
15.615 	 2.55506 	 -0.0961295
15.63 	 2.55267 	 -0.0957604
15.645 	 2.55029 	 -0.0953919
15.66 	 2.54792 	 -0.0950242
15.675 	 2.54554 	 -0.0946572
15.69 	 2.54317 	 -0.0942909
15.705 	 2.54081 	 -0.0939253
15.72 	 2.53845 	 -0.0935605
15.735 	 2.53609 	 -0.0931963
15.75 	 2.53373 	 -0.0928329
15.765 	 2.53138 	 -0.0924702
15.78 	 2.52903 	 -0.0921083
15.795 	 2.52669 	 -0.091747
15.81 	 2.52435 	 -0.0913865
15.825 	 2.52201 	 -0.0910267
15.84 	 2.51968 	 -0.0906677
15.855 	 2.51735 	 -0.0903094
15.87 	 2.51502 	 -0.0899518
15.885 	 2.5127 	 -0.0895949
15.9 	 2.51038 	 -0.0892388
15.915 	 2.50807 	 -0.0888834
15.93 	 2.50576 	 -0.0885288
15.945 	 2.50345 	 -0.0881749
15.96 	 2.50115 	 -0.0878217
15.975 	 2.49885 	 -0.0874693
15.99 	 2.49655 	 -0.0871176
16.005 	 2.49426 	 -0.0867666
16.02 	 2.49197 	 -0.0864164
16.035 	 2.48968 	 -0.086067
16.05 	 2.4874 	 -0.0857183
16.065 	 2.48512 	 -0.0853703
16.08 	 2.48285 	 -0.085023
16.095 	 2.48057 	 -0.0846766
16.11 	 2.47831 	 -0.0843308
16.125 	 2.47604 	 -0.0839858
16.14 	 2.47378 	 -0.0836415
16.155 	 2.47153 	 -0.083298
16.17 	 2.46927 	 -0.0829553
16.185 	 2.46702 	 -0.0826132
16.2 	 2.46478 	 -0.0822719
16.215 	 2.46254 	 -0.0819314
16.23 	 2.4603 	 -0.0815916
16.245 	 2.45806 	 -0.0812525
16.26 	 2.45583 	 -0.0809142
16.275 	 2.4536 	 -0.0805766
16.29 	 2.45138 	 -0.0802398
16.305 	 2.44916 	 -0.0799037
16.32 	 2.44694 	 -0.0795684
16.335 	 2.44473 	 -0.0792337
16.35 	 2.44252 	 -0.0788999
16.365 	 2.44031 	 -0.0785667
16.38 	 2.43811 	 -0.0782343
16.395 	 2.43591 	 -0.0779026
16.41 	 2.43371 	 -0.0775717
16.425 	 2.43152 	 -0.0772415
16.44 	 2.42933 	 -0.076912
16.455 	 2.42715 	 -0.0765833
16.47 	 2.42497 	 -0.0762553
16.485 	 2.42279 	 -0.075928
16.5 	 2.42061 	 -0.0756015
16.515 	 2.41844 	 -0.0752756
16.53 	 2.41627 	 -0.0749505
16.545 	 2.41411 	 -0.0746262
16.56 	 2.41195 	 -0.0743025
16.575 	 2.40979 	 -0.0739796
16.59 	 2.40764 	 -0.0736574
16.605 	 2.40549 	 -0.0733359
16.62 	 2.40334 	 -0.0730151
16.635 	 2.4012 	 -0.072695
16.65 	 2.39906 	 -0.0723756
16.665 	 2.39693 	 -0.072057
16.68 	 2.39479 	 -0.0717391
16.695 	 2.39267 	 -0.0714218
16.71 	 2.39054 	 -0.0711053
16.725 	 2.38842 	 -0.0707895
16.74 	 2.3863 	 -0.0704744
16.755 	 2.38419 	 -0.0701599
16.77 	 2.38207 	 -0.0698462
16.785 	 2.37997 	 -0.0695332
16.8 	 2.37786 	 -0.0692208
16.815 	 2.37576 	 -0.0689092
16.83 	 2.37366 	 -0.0685982
16.845 	 2.37157 	 -0.068288
16.86 	 2.36948 	 -0.0679784
16.875 	 2.36739 	 -0.0676694
16.89 	 2.36531 	 -0.0673612
16.905 	 2.36323 	 -0.0670536
16.92 	 2.36115 	 -0.0667468
16.935 	 2.35908 	 -0.0664405
16.95 	 2.35701 	 -0.066135
16.965 	 2.35494 	 -0.0658301
16.98 	 2.35288 	 -0.0655259
16.995 	 2.35082 	 -0.0652223
17.01 	 2.34876 	 -0.0649194
17.025 	 2.34671 	 -0.0646172
17.04 	 2.34466 	 -0.0643156
17.055 	 2.34261 	 -0.0640146
17.07 	 2.34057 	 -0.0637143
17.085 	 2.33853 	 -0.0634146
17.1 	 2.33649 	 -0.0631156
17.115 	 2.33446 	 -0.0628172
17.13 	 2.33243 	 -0.0625195
17.145 	 2.3304 	 -0.0622223
17.16 	 2.32838 	 -0.0619258
17.175 	 2.32636 	 -0.0616299
17.19 	 2.32434 	 -0.0613347
17.205 	 2.32233 	 -0.06104
17.22 	 2.32032 	 -0.060746
17.235 	 2.31831 	 -0.0604525
17.25 	 2.31631 	 -0.0601597
17.265 	 2.31431 	 -0.0598675
17.28 	 2.31231 	 -0.0595759
17.295 	 2.31032 	 -0.0592848
17.31 	 2.30833 	 -0.0589944
17.325 	 2.30634 	 -0.0587045
17.34 	 2.30436 	 -0.0584153
17.355 	 2.30238 	 -0.0581266
17.37 	 2.3004 	 -0.0578385
17.385 	 2.29842 	 -0.0575509
17.4 	 2.29645 	 -0.0572639
17.415 	 2.29449 	 -0.0569775
17.43 	 2.29252 	 -0.0566917
17.445 	 2.29056 	 -0.0564063
17.46 	 2.2886 	 -0.0561216
17.475 	 2.28665 	 -0.0558374
17.49 	 2.2847 	 -0.0555537
17.505 	 2.28275 	 -0.0552706
17.52 	 2.2808 	 -0.054988
17.535 	 2.27886 	 -0.0547059
17.55 	 2.27692 	 -0.0544244
17.565 	 2.27499 	 -0.0541433
17.58 	 2.27305 	 -0.0538628
17.595 	 2.27113 	 -0.0535828
17.61 	 2.2692 	 -0.0533033
17.625 	 2.26728 	 -0.0530243
17.64 	 2.26536 	 -0.0527458
17.655 	 2.26344 	 -0.0527458
17.67 	 2.26153 	 -0.0521903
17.685 	 2.25962 	 -0.0519132
17.7 	 2.25771 	 -0.0516366
17.715 	 2.2558 	 -0.0513605
17.73 	 2.2539 	 -0.0510849
17.745 	 2.25201 	 -0.0508097
17.76 	 2.25011 	 -0.0505349
17.775 	 2.24822 	 -0.0502607
17.79 	 2.24633 	 -0.0499868
17.805 	 2.24444 	 -0.0497134
17.82 	 2.24256 	 -0.0494404
17.835 	 2.24068 	 -0.0491679
17.85 	 2.23881 	 -0.0488958
17.865 	 2.23693 	 -0.0486241
17.88 	 2.23506 	 -0.0483528
17.895 	 2.2332 	 -0.0480819
17.91 	 2.23133 	 -0.0478114
17.925 	 2.22947 	 -0.0475412
17.94 	 2.22761 	 -0.0472715
17.955 	 2.22576 	 -0.0470022
17.97 	 2.2239 	 -0.0467332
17.985 	 2.22206 	 -0.0464646
18 	 2.22021 	 -0.0461963
18.015 	 2.21837 	 -0.0459284
18.03 	 2.21652 	 -0.0459284
18.045 	 2.21469 	 -0.0453937
18.06 	 2.21285 	 -0.0451268
18.075 	 2.21102 	 -0.0448602
18.09 	 2.20919 	 -0.044594
18.105 	 2.20737 	 -0.0443281
18.12 	 2.20555 	 -0.0440625
18.135 	 2.20373 	 -0.0437971
18.15 	 2.20191 	 -0.0435321
18.165 	 2.2001 	 -0.0432674
18.18 	 2.19829 	 -0.0430029
18.195 	 2.19648 	 -0.0427387
18.21 	 2.19467 	 -0.0424748
18.225 	 2.19287 	 -0.0422111
18.24 	 2.19107 	 -0.0419477
18.255 	 2.18928 	 -0.0416845
18.27 	 2.18748 	 -0.0414215
18.285 	 2.18569 	 -0.0411587
18.3 	 2.18391 	 -0.0408962
18.315 	 2.18212 	 -0.0406339
18.33 	 2.18034 	 -0.0403718
18.345 	 2.17856 	 -0.0401098
18.36 	 2.17678 	 -0.0398481
18.375 	 2.17501 	 -0.0395865
18.39 	 2.17324 	 -0.0393251
18.405 	 2.17147 	 -0.0393251
18.42 	 2.16971 	 -0.0388027
18.435 	 2.16795 	 -0.0385417
18.45 	 2.16619 	 -0.0382809
18.465 	 2.16443 	 -0.0380201
18.48 	 2.16268 	 -0.0377595
18.495 	 2.16093 	 -0.037499
18.51 	 2.15918 	 -0.0372386
18.525 	 2.15743 	 -0.0369782
18.54 	 2.15569 	 -0.0367179
18.555 	 2.15395 	 -0.0364577
18.57 	 2.15221 	 -0.0361976
18.585 	 2.15048 	 -0.0359375
18.6 	 2.14875 	 -0.0356774
18.615 	 2.14702 	 -0.0354173
18.63 	 2.1453 	 -0.0351573
18.645 	 2.14357 	 -0.0348972
18.66 	 2.14185 	 -0.0346372
18.675 	 2.14013 	 -0.0343771
18.69 	 2.13842 	 -0.034117
18.705 	 2.13671 	 -0.0338569
18.72 	 2.135 	 -0.0335967
18.735 	 2.13329 	 -0.0333365
18.75 	 2.13159 	 -0.0330761
18.765 	 2.12989 	 -0.0328157
18.78 	 2.12819 	 -0.0328157
18.795 	 2.12649 	 -0.0322946
18.81 	 2.1248 	 -0.0320339
18.825 	 2.12311 	 -0.0317731
18.84 	 2.12142 	 -0.0315121
18.855 	 2.11973 	 -0.031251
18.87 	 2.11805 	 -0.0309897
18.885 	 2.11637 	 -0.0307282
18.9 	 2.11469 	 -0.0304666
18.915 	 2.11302 	 -0.0302048
18.93 	 2.11135 	 -0.0299427
18.945 	 2.10968 	 -0.0296805
18.96 	 2.10801 	 -0.029418
18.975 	 2.10635 	 -0.0291553
18.99 	 2.10468 	 -0.0288923
19.005 	 2.10303 	 -0.0286291
19.02 	 2.10137 	 -0.0283656
19.035 	 2.09972 	 -0.0281019
19.05 	 2.09806 	 -0.0278378
19.065 	 2.09642 	 -0.0275735
19.08 	 2.09477 	 -0.0273088
19.095 	 2.09313 	 -0.0270439
19.11 	 2.09148 	 -0.0267786
19.125 	 2.08985 	 -0.026513
19.14 	 2.08821 	 -0.026247
19.155 	 2.08658 	 -0.026247
19.17 	 2.08495 	 -0.0257141
19.185 	 2.08332 	 -0.0254471
19.2 	 2.08169 	 -0.0251798
19.215 	 2.08007 	 -0.0249121
19.23 	 2.07845 	 -0.024644
19.245 	 2.07683 	 -0.0243756
19.26 	 2.07521 	 -0.0241069
19.275 	 2.0736 	 -0.0238377
19.29 	 2.07199 	 -0.0235683
19.305 	 2.07038 	 -0.0232985
19.32 	 2.06878 	 -0.0230284
19.335 	 2.06717 	 -0.022758
19.35 	 2.06557 	 -0.0224873
19.365 	 2.06397 	 -0.0222163
19.38 	 2.06238 	 -0.0219451
19.395 	 2.06078 	 -0.0216737
19.41 	 2.05919 	 -0.021402
19.425 	 2.0576 	 -0.0211303
19.44 	 2.05602 	 -0.0208584
19.455 	 2.05443 	 -0.0205865
19.47 	 2.05285 	 -0.0203145
19.485 	 2.05127 	 -0.0200427
19.5 	 2.0497 	 -0.019771
19.515 	 2.04812 	 -0.0194996
19.53 	 2.04655 	 -0.0192285
19.545 	 2.04498 	 -0.0189578
19.56 	 2.04342 	 -0.0186877
19.575 	 2.04185 	 -0.0184183
19.59 	 2.04029 	 -0.0181498
19.605 	 2.03873 	 -0.0178823
19.62 	 2.03717 	 -0.0176161
19.635 	 2.03562 	 -0.0173513
19.65 	 2.03407 	 -0.0170882
19.665 	 2.03252 	 -0.0168272
19.68 	 2.03097 	 -0.0165684
19.695 	 2.02942 	 -0.0163122
19.71 	 2.02788 	 -0.016059
19.725 	 2.02634 	 -0.0158092
19.74 	 2.0248 	 -0.0155633
19.755 	 2.02326 	 -0.0153218
19.77 	 2.02173 	 -0.0150852
19.785 	 2.0202 	 -0.0148541
19.8 	 2.01867 	 -0.0146291
19.815 	 2.01714 	 -0.0144111
19.83 	 2.01562 	 -0.0142007
19.845 	 2.0141 	 -0.0139987
19.86 	 2.01258 	 -0.013806
19.875 	 2.01106 	 -0.0136235
19.89 	 2.00954 	 -0.013452
19.905 	 2.00803 	 -0.0132926
19.92 	 2.00652 	 -0.0131461
19.935 	 2.00501 	 -0.0130135
19.95 	 2.0035 	 -0.0128956
19.965 	 2.002 	 -0.0127934
19.98 	 2.0005 	 -0.0127075
