0 	 4.24159 	 -0.191483
0.015 	 4.24159 	 -0.191483
0.03 	 4.24157 	 -0.191483
0.045 	 4.24155 	 -0.191483
0.06 	 4.24153 	 -0.191483
0.075 	 4.2415 	 -0.191483
0.09 	 4.24147 	 -0.191483
0.105 	 4.24144 	 -0.191483
0.12 	 4.2414 	 -0.191483
0.135 	 4.24136 	 -0.191483
0.15 	 4.24131 	 -0.191483
0.165 	 4.24129 	 -0.191483
0.18 	 4.24121 	 -0.191483
0.195 	 4.24116 	 -0.191483
0.21 	 4.2411 	 -0.191483
0.225 	 4.24107 	 -0.191483
0.24 	 4.24097 	 -0.191483
0.255 	 4.2409 	 -0.191483
0.27 	 4.24083 	 -0.191483
0.285 	 4.24076 	 -0.191483
0.3 	 4.24068 	 -0.191483
0.315 	 4.2406 	 -0.191483
0.33 	 4.24055 	 -0.191483
0.345 	 4.24042 	 -0.191483
0.36 	 4.24033 	 -0.191483
0.375 	 4.24024 	 -0.191483
0.39 	 4.24014 	 -0.191483
0.405 	 4.24004 	 -0.191483
0.42 	 4.23993 	 -0.191483
0.435 	 4.23982 	 -0.191483
0.45 	 4.23974 	 -0.191483
0.465 	 4.2396 	 -0.191483
0.48 	 4.23948 	 -0.191483
0.495 	 4.23936 	 -0.191483
0.51 	 4.23923 	 -0.191483
0.525 	 4.2391 	 -0.191483
0.54 	 4.23897 	 -0.191483
0.555 	 4.23883 	 -0.191483
0.57 	 4.2387 	 -0.191483
0.585 	 4.23855 	 -0.191483
0.6 	 4.23841 	 -0.191483
0.615 	 4.23826 	 -0.191483
0.63 	 4.23811 	 -0.191483
0.645 	 4.23795 	 -0.191483
0.66 	 4.23783 	 -0.191483
0.675 	 4.23763 	 -0.191483
0.69 	 4.23747 	 -0.191483
0.705 	 4.2373 	 -0.191483
0.72 	 4.23713 	 -0.191483
0.735 	 4.23695 	 -0.191483
0.75 	 4.23677 	 -0.191483
0.765 	 4.23659 	 -0.191483
0.78 	 4.2364 	 -0.191483
0.795 	 4.23621 	 -0.191483
0.81 	 4.23602 	 -0.191483
0.825 	 4.23583 	 -0.191483
0.84 	 4.23563 	 -0.191483
0.855 	 4.23543 	 -0.191483
0.87 	 4.23522 	 -0.191483
0.885 	 4.23501 	 -0.191483
0.9 	 4.23483 	 -0.191483
0.915 	 4.23458 	 -0.191483
0.93 	 4.23436 	 -0.191483
0.945 	 4.23414 	 -0.191483
0.96 	 4.23392 	 -0.191483
0.975 	 4.23369 	 -0.191483
0.99 	 4.23346 	 -0.191483
1.005 	 4.23322 	 -0.191483
1.02 	 4.23298 	 -0.191483
1.035 	 4.23274 	 -0.191483
1.05 	 4.23249 	 -0.191483
1.065 	 4.23224 	 -0.191483
1.08 	 4.23199 	 -0.191483
1.095 	 4.23174 	 -0.191483
1.11 	 4.23148 	 -0.191483
1.125 	 4.23121 	 -0.191483
1.14 	 4.23095 	 -0.191483
1.155 	 4.23068 	 -0.191483
1.17 	 4.23041 	 -0.191483
1.185 	 4.23013 	 -0.191483
1.2 	 4.22985 	 -0.191483
1.215 	 4.22957 	 -0.191483
1.23 	 4.22928 	 -0.191483
1.245 	 4.229 	 -0.191483
1.26 	 4.2287 	 -0.191483
1.275 	 4.22841 	 -0.191483
1.29 	 4.22811 	 -0.191483
1.305 	 4.22781 	 -0.191483
1.32 	 4.22753 	 -0.191483
1.335 	 4.22719 	 -0.191483
1.35 	 4.22688 	 -0.191483
1.365 	 4.22656 	 -0.191483
1.38 	 4.22624 	 -0.191483
1.395 	 4.22592 	 -0.191483
1.41 	 4.22559 	 -0.191483
1.425 	 4.22526 	 -0.191483
1.44 	 4.22493 	 -0.191483
1.455 	 4.2246 	 -0.191483
1.47 	 4.22426 	 -0.191483
1.485 	 4.22391 	 -0.191483
1.5 	 4.22357 	 -0.191483
1.515 	 4.22322 	 -0.191483
1.53 	 4.22287 	 -0.191483
1.545 	 4.22251 	 -0.191483
1.56 	 4.22215 	 -0.191483
1.575 	 4.22179 	 -0.191483
1.59 	 4.22142 	 -0.191483
1.605 	 4.22105 	 -0.191483
1.62 	 4.22068 	 -0.191483
1.635 	 4.2203 	 -0.191483
1.65 	 4.21993 	 -0.191483
1.665 	 4.21954 	 -0.191483
1.68 	 4.21916 	 -0.191483
1.695 	 4.21877 	 -0.191482
1.71 	 4.21837 	 -0.191482
1.725 	 4.21798 	 -0.191482
1.74 	 4.21758 	 -0.191482
1.755 	 4.21718 	 -0.191482
1.77 	 4.21677 	 -0.191482
1.785 	 4.21636 	 -0.191482
1.8 	 4.21598 	 -0.191482
1.815 	 4.21553 	 -0.191482
1.83 	 4.21511 	 -0.191482
1.845 	 4.21469 	 -0.191482
1.86 	 4.21426 	 -0.191482
1.875 	 4.21383 	 -0.191482
1.89 	 4.2134 	 -0.191482
1.905 	 4.21296 	 -0.191482
1.92 	 4.21253 	 -0.191482
1.935 	 4.21208 	 -0.191482
1.95 	 4.21164 	 -0.191482
1.965 	 4.21119 	 -0.191482
1.98 	 4.21073 	 -0.191482
1.995 	 4.21028 	 -0.191482
2.01 	 4.20982 	 -0.191482
2.025 	 4.20936 	 -0.191482
2.04 	 4.20889 	 -0.191482
2.055 	 4.20842 	 -0.191482
2.07 	 4.20795 	 -0.191482
2.085 	 4.20747 	 -0.191482
2.1 	 4.20699 	 -0.191482
2.115 	 4.20651 	 -0.191482
2.13 	 4.20602 	 -0.191482
2.145 	 4.20553 	 -0.191482
2.16 	 4.20504 	 -0.191482
2.175 	 4.20454 	 -0.191482
2.19 	 4.20404 	 -0.191482
2.205 	 4.20354 	 -0.191482
2.22 	 4.20303 	 -0.191482
2.235 	 4.20252 	 -0.191482
2.25 	 4.20201 	 -0.191482
2.265 	 4.20149 	 -0.191482
2.28 	 4.20097 	 -0.191482
2.295 	 4.20045 	 -0.191482
2.31 	 4.19992 	 -0.191482
2.325 	 4.19939 	 -0.191482
2.34 	 4.19886 	 -0.191482
2.355 	 4.19833 	 -0.191482
2.37 	 4.19779 	 -0.191482
2.385 	 4.19724 	 -0.191482
2.4 	 4.1967 	 -0.191482
2.415 	 4.19615 	 -0.191482
2.43 	 4.19559 	 -0.191482
2.445 	 4.19504 	 -0.191482
2.46 	 4.19448 	 -0.191482
2.475 	 4.19391 	 -0.191482
2.49 	 4.19335 	 -0.191482
2.505 	 4.19278 	 -0.191482
2.52 	 4.1922 	 -0.191482
2.535 	 4.19163 	 -0.191482
2.55 	 4.19105 	 -0.191482
2.565 	 4.19046 	 -0.191482
2.58 	 4.18988 	 -0.191482
2.595 	 4.18929 	 -0.191482
2.61 	 4.18869 	 -0.191482
2.625 	 4.1881 	 -0.191482
2.64 	 4.18753 	 -0.191482
2.655 	 4.18689 	 -0.191482
2.67 	 4.18629 	 -0.191482
2.685 	 4.18568 	 -0.191482
2.7 	 4.18506 	 -0.191482
2.715 	 4.18445 	 -0.191482
2.73 	 4.18383 	 -0.191482
2.745 	 4.1832 	 -0.191482
2.76 	 4.18258 	 -0.191482
2.775 	 4.18195 	 -0.191482
2.79 	 4.18131 	 -0.191482
2.805 	 4.18068 	 -0.191482
2.82 	 4.18004 	 -0.191482
2.835 	 4.17939 	 -0.191482
2.85 	 4.17875 	 -0.191482
2.865 	 4.1781 	 -0.191482
2.88 	 4.17744 	 -0.191482
2.895 	 4.17679 	 -0.191482
2.91 	 4.17613 	 -0.191482
2.925 	 4.17546 	 -0.191482
2.94 	 4.1748 	 -0.191482
2.955 	 4.17413 	 -0.191482
2.97 	 4.17345 	 -0.191482
2.985 	 4.17278 	 -0.191482
3 	 4.1721 	 -0.191482
3.015 	 4.17141 	 -0.191482
3.03 	 4.17073 	 -0.191482
3.045 	 4.17003 	 -0.191482
3.06 	 4.16934 	 -0.191482
3.075 	 4.16864 	 -0.191481
3.09 	 4.16794 	 -0.191481
3.105 	 4.16724 	 -0.191481
3.12 	 4.16653 	 -0.191481
3.135 	 4.16582 	 -0.191481
3.15 	 4.16511 	 -0.191481
3.165 	 4.16439 	 -0.191481
3.18 	 4.16367 	 -0.191481
3.195 	 4.16295 	 -0.191481
3.21 	 4.16222 	 -0.191481
3.225 	 4.16149 	 -0.191481
3.24 	 4.16076 	 -0.191481
3.255 	 4.16002 	 -0.191481
3.27 	 4.15928 	 -0.191481
3.285 	 4.15854 	 -0.191481
3.3 	 4.15779 	 -0.191481
3.315 	 4.15704 	 -0.191481
3.33 	 4.15629 	 -0.191481
3.345 	 4.15553 	 -0.191481
3.36 	 4.15477 	 -0.191481
3.375 	 4.154 	 -0.191481
3.39 	 4.15324 	 -0.191481
3.405 	 4.15247 	 -0.191481
3.42 	 4.15169 	 -0.191481
3.435 	 4.15092 	 -0.191481
3.45 	 4.15014 	 -0.191481
3.465 	 4.14935 	 -0.191481
3.48 	 4.14856 	 -0.191481
3.495 	 4.14777 	 -0.191481
3.51 	 4.14698 	 -0.191481
3.525 	 4.14618 	 -0.191481
3.54 	 4.14538 	 -0.191481
3.555 	 4.14458 	 -0.191481
3.57 	 4.14377 	 -0.191481
3.585 	 4.14296 	 -0.191481
3.6 	 4.14218 	 -0.191481
3.615 	 4.14133 	 -0.191481
3.63 	 4.14051 	 -0.191481
3.645 	 4.13969 	 -0.19148
3.66 	 4.13886 	 -0.19148
3.675 	 4.13803 	 -0.19148
3.69 	 4.13719 	 -0.19148
3.705 	 4.13636 	 -0.19148
3.72 	 4.13552 	 -0.19148
3.735 	 4.13467 	 -0.19148
3.75 	 4.13382 	 -0.19148
3.765 	 4.13297 	 -0.19148
3.78 	 4.13212 	 -0.19148
3.795 	 4.13126 	 -0.19148
3.81 	 4.1304 	 -0.19148
3.825 	 4.12954 	 -0.19148
3.84 	 4.12867 	 -0.19148
3.855 	 4.1278 	 -0.19148
3.87 	 4.12693 	 -0.19148
3.885 	 4.12605 	 -0.19148
3.9 	 4.12517 	 -0.19148
3.915 	 4.12428 	 -0.19148
3.93 	 4.1234 	 -0.19148
3.945 	 4.12251 	 -0.19148
3.96 	 4.12161 	 -0.19148
3.975 	 4.12071 	 -0.19148
3.99 	 4.11981 	 -0.191479
4.005 	 4.11891 	 -0.191479
4.02 	 4.118 	 -0.191479
4.035 	 4.11709 	 -0.191479
4.05 	 4.11618 	 -0.191479
4.065 	 4.11526 	 -0.191479
4.08 	 4.11434 	 -0.191479
4.095 	 4.11341 	 -0.191479
4.11 	 4.11249 	 -0.191479
4.125 	 4.11156 	 -0.191479
4.14 	 4.11062 	 -0.191479
4.155 	 4.10968 	 -0.191479
4.17 	 4.10874 	 -0.191479
4.185 	 4.1078 	 -0.191479
4.2 	 4.10685 	 -0.191479
4.215 	 4.1059 	 -0.191479
4.23 	 4.10495 	 -0.191479
4.245 	 4.10399 	 -0.191479
4.26 	 4.10303 	 -0.191478
4.275 	 4.10206 	 -0.191478
4.29 	 4.1011 	 -0.191478
4.305 	 4.10013 	 -0.191478
4.32 	 4.09915 	 -0.191478
4.335 	 4.09817 	 -0.191478
4.35 	 4.09719 	 -0.191478
4.365 	 4.09621 	 -0.191478
4.38 	 4.09522 	 -0.191478
4.395 	 4.09423 	 -0.191478
4.41 	 4.09324 	 -0.191478
4.425 	 4.09224 	 -0.191478
4.44 	 4.09124 	 -0.191478
4.455 	 4.09023 	 -0.191478
4.47 	 4.08922 	 -0.191477
4.485 	 4.08821 	 -0.191477
4.5 	 4.0872 	 -0.191477
4.515 	 4.08618 	 -0.191477
4.53 	 4.08516 	 -0.191477
4.545 	 4.08414 	 -0.191477
4.56 	 4.08311 	 -0.191477
4.575 	 4.08208 	 -0.191477
4.59 	 4.08104 	 -0.191477
4.605 	 4.08001 	 -0.191477
4.62 	 4.07896 	 -0.191477
4.635 	 4.07792 	 -0.191476
4.65 	 4.07687 	 -0.191476
4.665 	 4.07582 	 -0.191476
4.68 	 4.07477 	 -0.191476
4.695 	 4.07374 	 -0.191476
4.71 	 4.07265 	 -0.191476
4.725 	 4.07158 	 -0.191476
4.74 	 4.07051 	 -0.191476
4.755 	 4.06944 	 -0.191476
4.77 	 4.06837 	 -0.191476
4.785 	 4.06729 	 -0.191475
4.8 	 4.06621 	 -0.191475
4.815 	 4.06513 	 -0.191475
4.83 	 4.06404 	 -0.191475
4.845 	 4.06295 	 -0.191475
4.86 	 4.06185 	 -0.191475
4.875 	 4.06075 	 -0.191475
4.89 	 4.05965 	 -0.191475
4.905 	 4.05855 	 -0.191475
4.92 	 4.05744 	 -0.191474
4.935 	 4.05633 	 -0.191474
4.95 	 4.05521 	 -0.191474
4.965 	 4.0541 	 -0.191474
4.98 	 4.05297 	 -0.191474
4.995 	 4.05185 	 -0.191474
5.01 	 4.05072 	 -0.191474
5.025 	 4.04959 	 -0.191473
5.04 	 4.04846 	 -0.191473
5.055 	 4.04732 	 -0.191473
5.07 	 4.04618 	 -0.191473
5.085 	 4.04503 	 -0.191473
5.1 	 4.04388 	 -0.191473
5.115 	 4.04273 	 -0.191473
5.13 	 4.04158 	 -0.191472
5.145 	 4.04042 	 -0.191472
5.16 	 4.03926 	 -0.191472
5.175 	 4.03809 	 -0.191472
5.19 	 4.03693 	 -0.191472
5.205 	 4.03575 	 -0.191472
5.22 	 4.03458 	 -0.191471
5.235 	 4.0334 	 -0.191471
5.25 	 4.03222 	 -0.191471
5.265 	 4.03103 	 -0.191471
5.28 	 4.02988 	 -0.191471
5.295 	 4.02866 	 -0.191471
5.31 	 4.02746 	 -0.19147
5.325 	 4.02626 	 -0.19147
5.34 	 4.02506 	 -0.19147
5.355 	 4.02386 	 -0.19147
5.37 	 4.02265 	 -0.19147
5.385 	 4.02144 	 -0.191469
5.4 	 4.02022 	 -0.191469
5.415 	 4.019 	 -0.191469
5.43 	 4.01778 	 -0.191469
5.445 	 4.01656 	 -0.191469
5.46 	 4.01533 	 -0.191468
5.475 	 4.0141 	 -0.191468
5.49 	 4.01286 	 -0.191468
5.505 	 4.01162 	 -0.191468
5.52 	 4.01038 	 -0.191467
5.535 	 4.00914 	 -0.191467
5.55 	 4.00789 	 -0.191467
5.565 	 4.00664 	 -0.191467
5.58 	 4.00538 	 -0.191466
5.595 	 4.00412 	 -0.191466
5.61 	 4.00286 	 -0.191466
5.625 	 4.0016 	 -0.191466
5.64 	 4.00033 	 -0.191465
5.655 	 3.99909 	 -0.191465
5.67 	 3.99778 	 -0.191465
5.685 	 3.9965 	 -0.191465
5.7 	 3.99522 	 -0.191464
5.715 	 3.99394 	 -0.191464
5.73 	 3.99265 	 -0.191464
5.745 	 3.99136 	 -0.191464
5.76 	 3.99006 	 -0.191463
5.775 	 3.98876 	 -0.191463
5.79 	 3.98746 	 -0.191463
5.805 	 3.98616 	 -0.191462
5.82 	 3.98485 	 -0.191462
5.835 	 3.98354 	 -0.191462
5.85 	 3.98222 	 -0.191461
5.865 	 3.9809 	 -0.191461
5.88 	 3.97958 	 -0.191461
5.895 	 3.97826 	 -0.19146
5.91 	 3.97693 	 -0.19146
5.925 	 3.9756 	 -0.19146
5.94 	 3.97426 	 -0.191459
5.955 	 3.97292 	 -0.191459
5.97 	 3.97158 	 -0.191459
5.985 	 3.97024 	 -0.191458
6 	 3.96889 	 -0.191458
6.015 	 3.96754 	 -0.191458
6.03 	 3.96618 	 -0.191457
6.045 	 3.96482 	 -0.191457
6.06 	 3.96346 	 -0.191456
6.075 	 3.9621 	 -0.191456
6.09 	 3.96073 	 -0.191456
6.105 	 3.95936 	 -0.191455
6.12 	 3.95798 	 -0.191455
6.135 	 3.9566 	 -0.191454
6.15 	 3.95522 	 -0.191454
6.165 	 3.95384 	 -0.191453
6.18 	 3.95245 	 -0.191453
6.195 	 3.95106 	 -0.191453
6.21 	 3.94966 	 -0.191452
6.225 	 3.94826 	 -0.191452
6.24 	 3.94686 	 -0.191451
6.255 	 3.94545 	 -0.191451
6.27 	 3.94405 	 -0.19145
6.285 	 3.94263 	 -0.19145
6.3 	 3.94122 	 -0.191449
6.315 	 3.9398 	 -0.191449
6.33 	 3.93838 	 -0.191448
6.345 	 3.93695 	 -0.191448
6.36 	 3.93553 	 -0.191447
6.375 	 3.93409 	 -0.191447
6.39 	 3.93266 	 -0.191446
6.405 	 3.93122 	 -0.191446
6.42 	 3.92978 	 -0.191445
6.435 	 3.92833 	 -0.191444
6.45 	 3.92688 	 -0.191444
6.465 	 3.92543 	 -0.191443
6.48 	 3.92398 	 -0.191443
6.495 	 3.92252 	 -0.191442
6.51 	 3.92106 	 -0.191441
6.525 	 3.91959 	 -0.191441
6.54 	 3.91812 	 -0.19144
6.555 	 3.91665 	 -0.19144
6.57 	 3.91518 	 -0.191439
6.585 	 3.9137 	 -0.191438
6.6 	 3.91221 	 -0.191438
6.615 	 3.91076 	 -0.191438
6.63 	 3.90924 	 -0.191436
6.645 	 3.90775 	 -0.191435
6.66 	 3.90625 	 -0.191435
6.675 	 3.90476 	 -0.191434
6.69 	 3.90325 	 -0.191433
6.705 	 3.90175 	 -0.191433
6.72 	 3.90024 	 -0.191432
6.735 	 3.89873 	 -0.191431
6.75 	 3.89721 	 -0.19143
6.765 	 3.89569 	 -0.191429
6.78 	 3.89417 	 -0.191429
6.795 	 3.89265 	 -0.191428
6.81 	 3.89112 	 -0.191427
6.825 	 3.88959 	 -0.191426
6.84 	 3.88805 	 -0.191425
6.855 	 3.88651 	 -0.191424
6.87 	 3.88497 	 -0.191423
6.885 	 3.88343 	 -0.191423
6.9 	 3.88188 	 -0.191422
6.915 	 3.88032 	 -0.191421
6.93 	 3.87877 	 -0.19142
6.945 	 3.87721 	 -0.191419
6.96 	 3.87565 	 -0.191418
6.975 	 3.87408 	 -0.191417
6.99 	 3.87252 	 -0.191416
7.005 	 3.87094 	 -0.191415
7.02 	 3.86937 	 -0.191414
7.035 	 3.86779 	 -0.191413
7.05 	 3.86621 	 -0.191412
7.065 	 3.86462 	 -0.191411
7.08 	 3.86303 	 -0.19141
7.095 	 3.86144 	 -0.191409
7.11 	 3.85985 	 -0.191407
7.125 	 3.85825 	 -0.191406
7.14 	 3.85665 	 -0.191405
7.155 	 3.85504 	 -0.191404
7.17 	 3.85343 	 -0.191403
7.185 	 3.85182 	 -0.191402
7.2 	 3.85024 	 -0.191402
7.215 	 3.84859 	 -0.191399
7.23 	 3.84697 	 -0.191398
7.245 	 3.84534 	 -0.191397
7.26 	 3.84371 	 -0.191395
7.275 	 3.84208 	 -0.191394
7.29 	 3.84045 	 -0.191393
7.305 	 3.83881 	 -0.191391
7.32 	 3.83716 	 -0.19139
7.335 	 3.83552 	 -0.191388
7.35 	 3.83387 	 -0.191387
7.365 	 3.83222 	 -0.191386
7.38 	 3.83056 	 -0.191384
7.395 	 3.82891 	 -0.191383
7.41 	 3.82724 	 -0.191381
7.425 	 3.82558 	 -0.19138
7.44 	 3.82391 	 -0.191378
7.455 	 3.82224 	 -0.191376
7.47 	 3.82056 	 -0.191375
7.485 	 3.81889 	 -0.191373
7.5 	 3.8172 	 -0.191371
7.515 	 3.81552 	 -0.19137
7.53 	 3.81383 	 -0.191368
7.545 	 3.81214 	 -0.191366
7.56 	 3.81044 	 -0.191365
7.575 	 3.80878 	 -0.191365
7.59 	 3.80704 	 -0.191361
7.605 	 3.80534 	 -0.191359
7.62 	 3.80363 	 -0.191357
7.635 	 3.80192 	 -0.191355
7.65 	 3.8002 	 -0.191353
7.665 	 3.79849 	 -0.191352
7.68 	 3.79676 	 -0.19135
7.695 	 3.79504 	 -0.191348
7.71 	 3.79331 	 -0.191345
7.725 	 3.79158 	 -0.191343
7.74 	 3.78985 	 -0.191341
7.755 	 3.78811 	 -0.191339
7.77 	 3.78637 	 -0.191337
7.785 	 3.78462 	 -0.191335
7.8 	 3.78287 	 -0.191333
7.815 	 3.78112 	 -0.19133
7.83 	 3.77937 	 -0.191328
7.845 	 3.77761 	 -0.191326
7.86 	 3.77585 	 -0.191323
7.875 	 3.77408 	 -0.191321
7.89 	 3.77231 	 -0.191318
7.905 	 3.77054 	 -0.191316
7.92 	 3.76877 	 -0.191313
7.935 	 3.76699 	 -0.191311
7.95 	 3.76521 	 -0.191308
7.965 	 3.76343 	 -0.191306
7.98 	 3.76164 	 -0.191303
7.995 	 3.75985 	 -0.1913
8.01 	 3.75805 	 -0.191298
8.025 	 3.75625 	 -0.191295
8.04 	 3.75445 	 -0.191292
8.055 	 3.75265 	 -0.191289
8.07 	 3.75084 	 -0.191286
8.085 	 3.74903 	 -0.191283
8.1 	 3.74722 	 -0.19128
8.115 	 3.7454 	 -0.191277
8.13 	 3.74358 	 -0.191274
8.145 	 3.74175 	 -0.191271
8.16 	 3.73993 	 -0.191268
8.175 	 3.73809 	 -0.191264
8.19 	 3.73626 	 -0.191261
8.205 	 3.73442 	 -0.191258
8.22 	 3.73258 	 -0.191254
8.235 	 3.73074 	 -0.191251
8.25 	 3.72889 	 -0.191247
8.265 	 3.72704 	 -0.191244
8.28 	 3.72519 	 -0.19124
8.295 	 3.72333 	 -0.191237
8.31 	 3.72147 	 -0.191233
8.325 	 3.7196 	 -0.191229
8.34 	 3.71774 	 -0.191225
8.355 	 3.71587 	 -0.191221
8.37 	 3.71399 	 -0.191218
8.385 	 3.71212 	 -0.191214
8.4 	 3.71024 	 -0.191209
8.415 	 3.70835 	 -0.191205
8.43 	 3.70647 	 -0.191201
8.445 	 3.70458 	 -0.191197
8.46 	 3.70268 	 -0.191193
8.475 	 3.70078 	 -0.191188
8.49 	 3.69888 	 -0.191184
8.505 	 3.69698 	 -0.191179
8.52 	 3.69507 	 -0.191175
8.535 	 3.69316 	 -0.19117
8.55 	 3.69125 	 -0.191165
8.565 	 3.68934 	 -0.191161
8.58 	 3.68742 	 -0.191156
8.595 	 3.68549 	 -0.191151
8.61 	 3.68357 	 -0.191146
8.625 	 3.68164 	 -0.191141
8.64 	 3.6797 	 -0.191136
8.655 	 3.67777 	 -0.19113
8.67 	 3.67583 	 -0.191125
8.685 	 3.67389 	 -0.19112
8.7 	 3.67194 	 -0.191114
8.715 	 3.66999 	 -0.191109
8.73 	 3.66804 	 -0.191103
8.745 	 3.66608 	 -0.191097
8.76 	 3.66412 	 -0.191092
8.775 	 3.66216 	 -0.191086
8.79 	 3.66019 	 -0.19108
8.805 	 3.65823 	 -0.191074
8.82 	 3.65625 	 -0.191067
8.835 	 3.65428 	 -0.191061
8.85 	 3.6523 	 -0.191055
8.865 	 3.65032 	 -0.191048
8.88 	 3.64833 	 -0.191042
8.895 	 3.64634 	 -0.191035
8.91 	 3.64435 	 -0.191029
8.925 	 3.64236 	 -0.191022
8.94 	 3.64036 	 -0.191015
8.955 	 3.63836 	 -0.191008
8.97 	 3.63635 	 -0.191001
8.985 	 3.63434 	 -0.190993
9 	 3.63233 	 -0.190986
9.015 	 3.63035 	 -0.190986
9.03 	 3.6283 	 -0.190971
9.045 	 3.62628 	 -0.190963
9.06 	 3.62426 	 -0.190956
9.075 	 3.62223 	 -0.190948
9.09 	 3.6202 	 -0.19094
9.105 	 3.61816 	 -0.190931
9.12 	 3.61613 	 -0.190923
9.135 	 3.61408 	 -0.190915
9.15 	 3.61204 	 -0.190906
9.165 	 3.60999 	 -0.190898
9.18 	 3.60794 	 -0.190889
9.195 	 3.60589 	 -0.19088
9.21 	 3.60383 	 -0.190871
9.225 	 3.60177 	 -0.190862
9.24 	 3.59971 	 -0.190852
9.255 	 3.59764 	 -0.190843
9.27 	 3.59557 	 -0.190833
9.285 	 3.5935 	 -0.190824
9.3 	 3.59143 	 -0.190814
9.315 	 3.58935 	 -0.190804
9.33 	 3.58726 	 -0.190793
9.345 	 3.58518 	 -0.190783
9.36 	 3.58309 	 -0.190773
9.375 	 3.581 	 -0.190762
9.39 	 3.57894 	 -0.190762
9.405 	 3.5768 	 -0.19074
9.42 	 3.5747 	 -0.190729
9.435 	 3.5726 	 -0.190718
9.45 	 3.57049 	 -0.190706
9.465 	 3.56838 	 -0.190695
9.48 	 3.56626 	 -0.190683
9.495 	 3.56415 	 -0.190671
9.51 	 3.56202 	 -0.190659
9.525 	 3.5599 	 -0.190647
9.54 	 3.55777 	 -0.190634
9.555 	 3.55564 	 -0.190621
9.57 	 3.55351 	 -0.190608
9.585 	 3.55137 	 -0.190595
9.6 	 3.54923 	 -0.190582
9.615 	 3.54709 	 -0.190569
9.63 	 3.54494 	 -0.190555
9.645 	 3.54279 	 -0.190541
9.66 	 3.54064 	 -0.190527
9.675 	 3.53849 	 -0.190513
9.69 	 3.53633 	 -0.190498
9.705 	 3.53416 	 -0.190484
9.72 	 3.532 	 -0.190469
9.735 	 3.52983 	 -0.190453
9.75 	 3.52766 	 -0.190438
9.765 	 3.52548 	 -0.190423
9.78 	 3.52331 	 -0.190407
9.795 	 3.52112 	 -0.190391
9.81 	 3.51894 	 -0.190374
9.825 	 3.51675 	 -0.190358
9.84 	 3.51456 	 -0.190341
9.855 	 3.51237 	 -0.190324
9.87 	 3.51017 	 -0.190307
9.885 	 3.50797 	 -0.190289
9.9 	 3.50577 	 -0.190272
9.915 	 3.50356 	 -0.190253
9.93 	 3.50135 	 -0.190235
9.945 	 3.49914 	 -0.190217
9.96 	 3.49693 	 -0.190198
9.975 	 3.49471 	 -0.190179
9.99 	 3.49249 	 -0.190159
10.005 	 3.49026 	 -0.19014
10.02 	 3.48803 	 -0.19012
10.035 	 3.4858 	 -0.190099
10.05 	 3.48357 	 -0.190079
10.065 	 3.48133 	 -0.190058
10.08 	 3.47909 	 -0.190037
10.095 	 3.47685 	 -0.190015
10.11 	 3.4746 	 -0.189994
10.125 	 3.47235 	 -0.189971
10.14 	 3.4701 	 -0.189949
10.155 	 3.46785 	 -0.189926
10.17 	 3.46559 	 -0.189903
10.185 	 3.46333 	 -0.18988
10.2 	 3.46106 	 -0.189856
10.215 	 3.45879 	 -0.189832
10.23 	 3.45652 	 -0.189807
10.245 	 3.45425 	 -0.189783
10.26 	 3.45197 	 -0.189757
10.275 	 3.44969 	 -0.189732
10.29 	 3.44741 	 -0.189706
10.305 	 3.44512 	 -0.18968
10.32 	 3.44284 	 -0.189653
10.335 	 3.44054 	 -0.189626
10.35 	 3.43825 	 -0.189599
10.365 	 3.43595 	 -0.189571
10.38 	 3.43365 	 -0.189543
10.395 	 3.43135 	 -0.189514
10.41 	 3.42904 	 -0.189485
10.425 	 3.42673 	 -0.189455
10.44 	 3.42442 	 -0.189426
10.455 	 3.4221 	 -0.189395
10.47 	 3.41978 	 -0.189364
10.485 	 3.41746 	 -0.189333
10.5 	 3.41514 	 -0.189302
10.515 	 3.41281 	 -0.18927
10.53 	 3.41048 	 -0.189237
10.545 	 3.40815 	 -0.189204
10.56 	 3.40584 	 -0.189204
10.575 	 3.40347 	 -0.189137
10.59 	 3.40113 	 -0.189102
10.605 	 3.39879 	 -0.189067
10.62 	 3.39644 	 -0.189032
10.635 	 3.39409 	 -0.188996
10.65 	 3.39173 	 -0.188959
10.665 	 3.38938 	 -0.188922
10.68 	 3.38702 	 -0.188885
10.695 	 3.38466 	 -0.188847
10.71 	 3.38229 	 -0.188808
10.725 	 3.37992 	 -0.188769
10.74 	 3.37755 	 -0.188729
10.755 	 3.37518 	 -0.188689
10.77 	 3.3728 	 -0.188648
10.785 	 3.37042 	 -0.188607
10.8 	 3.36804 	 -0.188565
10.815 	 3.36566 	 -0.188523
10.83 	 3.36327 	 -0.188479
10.845 	 3.36088 	 -0.188436
10.86 	 3.35849 	 -0.188391
10.875 	 3.35609 	 -0.188346
10.89 	 3.35369 	 -0.188301
10.905 	 3.35129 	 -0.188254
10.92 	 3.34889 	 -0.188208
10.935 	 3.34651 	 -0.188208
10.95 	 3.34407 	 -0.188112
10.965 	 3.34166 	 -0.188063
10.98 	 3.33924 	 -0.188013
10.995 	 3.33683 	 -0.187963
11.01 	 3.33441 	 -0.187912
11.025 	 3.33198 	 -0.187861
11.04 	 3.32956 	 -0.187808
11.055 	 3.32713 	 -0.187755
11.07 	 3.3247 	 -0.187701
11.085 	 3.32226 	 -0.187647
11.1 	 3.31983 	 -0.187591
11.115 	 3.31739 	 -0.187535
11.13 	 3.31495 	 -0.187479
11.145 	 3.3125 	 -0.187421
11.16 	 3.31006 	 -0.187363
11.175 	 3.30761 	 -0.187303
11.19 	 3.30516 	 -0.187243
11.205 	 3.3027 	 -0.187183
11.22 	 3.30024 	 -0.187121
11.235 	 3.29778 	 -0.187058
11.25 	 3.29532 	 -0.186995
11.265 	 3.29286 	 -0.186931
11.28 	 3.29039 	 -0.186866
11.295 	 3.28792 	 -0.1868
11.31 	 3.28547 	 -0.1868
11.325 	 3.28297 	 -0.186666
11.34 	 3.2805 	 -0.186597
11.355 	 3.27802 	 -0.186527
11.37 	 3.27554 	 -0.186457
11.385 	 3.27305 	 -0.186386
11.4 	 3.27057 	 -0.186313
11.415 	 3.26808 	 -0.18624
11.43 	 3.26558 	 -0.186166
11.445 	 3.26309 	 -0.18609
11.46 	 3.26059 	 -0.186014
11.475 	 3.2581 	 -0.185937
11.49 	 3.25559 	 -0.185859
11.505 	 3.25309 	 -0.185779
11.52 	 3.25059 	 -0.185699
11.535 	 3.24808 	 -0.185618
11.55 	 3.24557 	 -0.185535
11.565 	 3.24306 	 -0.185452
11.58 	 3.24054 	 -0.185367
11.595 	 3.23802 	 -0.185281
11.61 	 3.2355 	 -0.185194
11.625 	 3.23298 	 -0.185107
11.64 	 3.23046 	 -0.185017
11.655 	 3.22793 	 -0.184927
11.67 	 3.22541 	 -0.184836
11.685 	 3.22288 	 -0.184743
11.7 	 3.22034 	 -0.18465
11.715 	 3.21781 	 -0.184555
11.73 	 3.21527 	 -0.184459
11.745 	 3.21273 	 -0.184361
11.76 	 3.21019 	 -0.184263
11.775 	 3.20765 	 -0.184163
11.79 	 3.20511 	 -0.184062
11.805 	 3.20256 	 -0.18396
11.82 	 3.20001 	 -0.183856
11.835 	 3.19746 	 -0.183751
11.85 	 3.19491 	 -0.183645
11.865 	 3.19235 	 -0.183537
11.88 	 3.18979 	 -0.183429
11.895 	 3.18724 	 -0.183318
11.91 	 3.18468 	 -0.183207
11.925 	 3.18211 	 -0.183094
11.94 	 3.17955 	 -0.18298
11.955 	 3.17698 	 -0.182864
11.97 	 3.17441 	 -0.182747
11.985 	 3.17184 	 -0.182629
12 	 3.16927 	 -0.182509
12.015 	 3.1667 	 -0.182387
12.03 	 3.16412 	 -0.182264
12.045 	 3.16155 	 -0.18214
12.06 	 3.15897 	 -0.182014
12.075 	 3.15639 	 -0.181887
12.09 	 3.15381 	 -0.181759
12.105 	 3.15122 	 -0.181628
12.12 	 3.14864 	 -0.181496
12.135 	 3.14605 	 -0.181363
12.15 	 3.14346 	 -0.181228
12.165 	 3.14087 	 -0.181092
12.18 	 3.13828 	 -0.180954
12.195 	 3.13569 	 -0.180814
12.21 	 3.13309 	 -0.180673
12.225 	 3.13049 	 -0.18053
12.24 	 3.1279 	 -0.180386
12.255 	 3.1253 	 -0.18024
12.27 	 3.1227 	 -0.180092
12.285 	 3.12009 	 -0.179943
12.3 	 3.11749 	 -0.179791
12.315 	 3.11489 	 -0.179639
12.33 	 3.11228 	 -0.179484
12.345 	 3.10967 	 -0.179328
12.36 	 3.10706 	 -0.17917
12.375 	 3.10445 	 -0.179011
12.39 	 3.10184 	 -0.178849
12.405 	 3.09923 	 -0.178686
12.42 	 3.09661 	 -0.178521
12.435 	 3.094 	 -0.178355
12.45 	 3.09138 	 -0.178186
12.465 	 3.08876 	 -0.178016
12.48 	 3.08614 	 -0.177844
12.495 	 3.08352 	 -0.17767
12.51 	 3.0809 	 -0.177494
12.525 	 3.07828 	 -0.177317
12.54 	 3.07566 	 -0.177138
12.555 	 3.07303 	 -0.176956
12.57 	 3.07041 	 -0.176773
12.585 	 3.06778 	 -0.176588
12.6 	 3.06515 	 -0.176401
12.615 	 3.06253 	 -0.176213
12.63 	 3.0599 	 -0.176022
12.645 	 3.05727 	 -0.17583
12.66 	 3.05464 	 -0.175635
12.675 	 3.052 	 -0.175439
12.69 	 3.04937 	 -0.17524
12.705 	 3.04674 	 -0.17504
12.72 	 3.0441 	 -0.174838
12.735 	 3.04147 	 -0.174634
12.75 	 3.03883 	 -0.174428
12.765 	 3.0362 	 -0.17422
12.78 	 3.03356 	 -0.17401
12.795 	 3.03092 	 -0.173798
12.81 	 3.02828 	 -0.173583
12.825 	 3.02565 	 -0.173367
12.84 	 3.02301 	 -0.173149
12.855 	 3.02036 	 -0.173149
12.87 	 3.01773 	 -0.172707
12.885 	 3.01509 	 -0.172483
12.9 	 3.01244 	 -0.172257
12.915 	 3.0098 	 -0.172029
12.93 	 3.00716 	 -0.171799
12.945 	 3.00452 	 -0.171567
12.96 	 3.00187 	 -0.171333
12.975 	 2.99923 	 -0.171097
12.99 	 2.99659 	 -0.170858
13.005 	 2.99394 	 -0.170618
13.02 	 2.9913 	 -0.170376
13.035 	 2.98866 	 -0.170131
13.05 	 2.98601 	 -0.169885
13.065 	 2.98337 	 -0.169637
13.08 	 2.98072 	 -0.169386
13.095 	 2.97808 	 -0.169134
13.11 	 2.97543 	 -0.168879
13.125 	 2.97279 	 -0.168622
13.14 	 2.97014 	 -0.168364
13.155 	 2.9675 	 -0.168103
13.17 	 2.96485 	 -0.16784
13.185 	 2.96221 	 -0.167575
13.2 	 2.95956 	 -0.167309
13.215 	 2.95692 	 -0.16704
13.23 	 2.95426 	 -0.16704
13.245 	 2.95163 	 -0.166496
13.26 	 2.94898 	 -0.166221
13.275 	 2.94634 	 -0.165944
13.29 	 2.94369 	 -0.165665
13.305 	 2.94105 	 -0.165384
13.32 	 2.9384 	 -0.165101
13.335 	 2.93576 	 -0.164816
13.35 	 2.93312 	 -0.164529
13.365 	 2.93048 	 -0.16424
13.38 	 2.92783 	 -0.163949
13.395 	 2.92519 	 -0.163657
13.41 	 2.92255 	 -0.163362
13.425 	 2.91991 	 -0.163065
13.44 	 2.91727 	 -0.162766
13.455 	 2.91463 	 -0.162465
13.47 	 2.91199 	 -0.162163
13.485 	 2.90935 	 -0.161858
13.5 	 2.90671 	 -0.161552
13.515 	 2.90407 	 -0.161243
13.53 	 2.90144 	 -0.160933
13.545 	 2.8988 	 -0.160621
13.56 	 2.89616 	 -0.160307
13.575 	 2.89353 	 -0.159991
13.59 	 2.89089 	 -0.159673
13.605 	 2.88826 	 -0.159354
13.62 	 2.88563 	 -0.159032
13.635 	 2.883 	 -0.158709
13.65 	 2.88037 	 -0.158384
13.665 	 2.87773 	 -0.158057
13.68 	 2.87511 	 -0.157729
13.695 	 2.87248 	 -0.157399
13.71 	 2.86985 	 -0.157067
13.725 	 2.86722 	 -0.156733
13.74 	 2.8646 	 -0.156397
13.755 	 2.86197 	 -0.15606
13.77 	 2.85935 	 -0.155721
13.785 	 2.85673 	 -0.155381
13.8 	 2.85411 	 -0.155039
13.815 	 2.85149 	 -0.154695
13.83 	 2.84887 	 -0.154349
13.845 	 2.84625 	 -0.154002
13.86 	 2.84363 	 -0.153654
13.875 	 2.84102 	 -0.153304
13.89 	 2.8384 	 -0.152952
13.905 	 2.83579 	 -0.152599
13.92 	 2.83318 	 -0.152244
13.935 	 2.83057 	 -0.151888
13.95 	 2.82796 	 -0.15153
13.965 	 2.82535 	 -0.151171
13.98 	 2.82275 	 -0.150811
13.995 	 2.82014 	 -0.150449
14.01 	 2.81754 	 -0.150085
14.025 	 2.81494 	 -0.149721
14.04 	 2.81234 	 -0.149354
14.055 	 2.80974 	 -0.148987
14.07 	 2.80714 	 -0.148618
14.085 	 2.80455 	 -0.148248
14.1 	 2.80195 	 -0.147877
14.115 	 2.79936 	 -0.147504
14.13 	 2.79677 	 -0.147131
14.145 	 2.79418 	 -0.146756
14.16 	 2.79159 	 -0.14638
14.175 	 2.78901 	 -0.146002
14.19 	 2.78642 	 -0.145624
14.205 	 2.78384 	 -0.145244
14.22 	 2.78126 	 -0.144864
14.235 	 2.77868 	 -0.144482
14.25 	 2.7761 	 -0.144099
14.265 	 2.77353 	 -0.143715
14.28 	 2.77095 	 -0.143331
14.295 	 2.76838 	 -0.142945
14.31 	 2.76581 	 -0.142558
14.325 	 2.76324 	 -0.14217
14.34 	 2.76068 	 -0.141782
14.355 	 2.75812 	 -0.141392
14.37 	 2.75555 	 -0.141002
14.385 	 2.75299 	 -0.140611
14.4 	 2.75042 	 -0.140611
14.415 	 2.74788 	 -0.139826
14.43 	 2.74533 	 -0.139432
14.445 	 2.74277 	 -0.139038
14.46 	 2.74023 	 -0.138642
14.475 	 2.73768 	 -0.138247
14.49 	 2.73513 	 -0.13785
14.505 	 2.73259 	 -0.137453
14.52 	 2.73005 	 -0.137055
14.535 	 2.72751 	 -0.136657
14.55 	 2.72497 	 -0.136258
14.565 	 2.72244 	 -0.135858
14.58 	 2.71991 	 -0.135458
14.595 	 2.71738 	 -0.135057
14.61 	 2.71485 	 -0.134656
14.625 	 2.71232 	 -0.134254
14.64 	 2.7098 	 -0.133852
14.655 	 2.70728 	 -0.133449
14.67 	 2.70476 	 -0.133046
14.685 	 2.70225 	 -0.132643
14.7 	 2.69973 	 -0.132239
14.715 	 2.69722 	 -0.131835
14.73 	 2.69471 	 -0.13143
14.745 	 2.69221 	 -0.131026
14.76 	 2.6897 	 -0.130621
14.775 	 2.68718 	 -0.130621
14.79 	 2.6847 	 -0.12981
14.805 	 2.68221 	 -0.129404
14.82 	 2.67971 	 -0.128998
14.835 	 2.67722 	 -0.128592
14.85 	 2.67473 	 -0.128185
14.865 	 2.67225 	 -0.127779
14.88 	 2.66976 	 -0.127372
14.895 	 2.66728 	 -0.126965
14.91 	 2.6648 	 -0.126559
14.925 	 2.66233 	 -0.126152
14.94 	 2.65985 	 -0.125745
14.955 	 2.65738 	 -0.125338
14.97 	 2.65492 	 -0.124931
14.985 	 2.65245 	 -0.124524
15 	 2.64999 	 -0.124117
15.015 	 2.64753 	 -0.12371
15.03 	 2.64507 	 -0.123304
15.045 	 2.64262 	 -0.122897
15.06 	 2.64017 	 -0.12249
15.075 	 2.63772 	 -0.122084
15.09 	 2.63527 	 -0.121678
15.105 	 2.63283 	 -0.121271
15.12 	 2.63039 	 -0.120866
15.135 	 2.62795 	 -0.12046
15.15 	 2.6255 	 -0.12046
15.165 	 2.62308 	 -0.119649
15.18 	 2.62065 	 -0.119244
15.195 	 2.61823 	 -0.118839
15.21 	 2.6158 	 -0.118435
15.225 	 2.61338 	 -0.118031
15.24 	 2.61097 	 -0.117627
15.255 	 2.60855 	 -0.117223
15.27 	 2.60614 	 -0.11682
15.285 	 2.60373 	 -0.116417
15.3 	 2.60133 	 -0.116015
15.315 	 2.59892 	 -0.115613
15.33 	 2.59652 	 -0.115211
15.345 	 2.59413 	 -0.11481
15.36 	 2.59173 	 -0.114409
15.375 	 2.58934 	 -0.114009
15.39 	 2.58695 	 -0.113609
15.405 	 2.58457 	 -0.113209
15.42 	 2.58218 	 -0.11281
15.435 	 2.57981 	 -0.112412
15.45 	 2.57743 	 -0.112014
15.465 	 2.57506 	 -0.111617
15.48 	 2.57269 	 -0.11122
15.495 	 2.57032 	 -0.110824
15.51 	 2.56796 	 -0.110428
15.525 	 2.56559 	 -0.110033
15.54 	 2.56324 	 -0.109638
15.555 	 2.56088 	 -0.109244
15.57 	 2.55853 	 -0.108851
15.585 	 2.55618 	 -0.108458
15.6 	 2.55384 	 -0.108066
15.615 	 2.55149 	 -0.107675
15.63 	 2.54916 	 -0.107284
15.645 	 2.54682 	 -0.106894
15.66 	 2.54449 	 -0.106505
15.675 	 2.54216 	 -0.106116
15.69 	 2.53983 	 -0.105728
15.705 	 2.53751 	 -0.105341
15.72 	 2.53519 	 -0.104954
15.735 	 2.53287 	 -0.104568
15.75 	 2.53055 	 -0.104183
15.765 	 2.52824 	 -0.103799
15.78 	 2.52594 	 -0.103415
15.795 	 2.52363 	 -0.103032
15.81 	 2.52133 	 -0.10265
15.825 	 2.51903 	 -0.102269
15.84 	 2.51674 	 -0.101888
15.855 	 2.51445 	 -0.101508
15.87 	 2.51216 	 -0.10113
15.885 	 2.50987 	 -0.100751
15.9 	 2.50759 	 -0.100374
15.915 	 2.50531 	 -0.0999977
15.93 	 2.50303 	 -0.099622
15.945 	 2.50076 	 -0.0992472
15.96 	 2.49849 	 -0.0988733
15.975 	 2.49623 	 -0.0985002
15.99 	 2.49396 	 -0.0981279
16.005 	 2.4917 	 -0.0977565
16.02 	 2.48945 	 -0.097386
16.035 	 2.48719 	 -0.0970164
16.05 	 2.48494 	 -0.0966476
16.065 	 2.4827 	 -0.0962798
16.08 	 2.48045 	 -0.0959128
16.095 	 2.47821 	 -0.0955467
16.11 	 2.47598 	 -0.0951816
16.125 	 2.47374 	 -0.0948173
16.14 	 2.47151 	 -0.094454
16.155 	 2.46929 	 -0.0940915
16.17 	 2.46706 	 -0.09373
16.185 	 2.46484 	 -0.0933695
16.2 	 2.46262 	 -0.0930098
16.215 	 2.46041 	 -0.0926511
16.23 	 2.4582 	 -0.0922933
16.245 	 2.45599 	 -0.0919365
16.26 	 2.45379 	 -0.0915806
16.275 	 2.45159 	 -0.0912257
16.29 	 2.44939 	 -0.0908717
16.305 	 2.44719 	 -0.0905187
16.32 	 2.445 	 -0.0901667
16.335 	 2.44281 	 -0.0898156
16.35 	 2.44063 	 -0.0894654
16.365 	 2.43845 	 -0.0891163
16.38 	 2.43627 	 -0.0887681
16.395 	 2.4341 	 -0.0884209
16.41 	 2.43192 	 -0.0880747
16.425 	 2.42976 	 -0.0877294
16.44 	 2.42759 	 -0.0873852
16.455 	 2.42543 	 -0.0870419
16.47 	 2.42327 	 -0.0866996
16.485 	 2.42111 	 -0.0863583
16.5 	 2.41896 	 -0.086018
16.515 	 2.41681 	 -0.0856787
16.53 	 2.41467 	 -0.0853404
16.545 	 2.41253 	 -0.0850031
16.56 	 2.41039 	 -0.0846668
16.575 	 2.40825 	 -0.0843315
16.59 	 2.40612 	 -0.0839971
16.605 	 2.40399 	 -0.0836638
16.62 	 2.40186 	 -0.0833315
16.635 	 2.39974 	 -0.0830002
16.65 	 2.39762 	 -0.0826699
16.665 	 2.3955 	 -0.0823406
16.68 	 2.39339 	 -0.0820123
16.695 	 2.39128 	 -0.0816851
16.71 	 2.38918 	 -0.0813588
16.725 	 2.38707 	 -0.0810336
16.74 	 2.38497 	 -0.0807093
16.755 	 2.38288 	 -0.0803861
16.77 	 2.38078 	 -0.0800639
16.785 	 2.37869 	 -0.0797427
16.8 	 2.3766 	 -0.0794225
16.815 	 2.37452 	 -0.0791033
16.83 	 2.37244 	 -0.0787852
16.845 	 2.37036 	 -0.078468
16.86 	 2.36829 	 -0.0781519
16.875 	 2.36622 	 -0.0778368
16.89 	 2.36415 	 -0.0775226
16.905 	 2.36209 	 -0.0772095
16.92 	 2.36002 	 -0.0768975
16.935 	 2.35797 	 -0.0765864
16.95 	 2.35591 	 -0.0762763
16.965 	 2.35386 	 -0.0759673
16.98 	 2.35181 	 -0.0756593
16.995 	 2.34977 	 -0.0753522
17.01 	 2.34772 	 -0.0750462
17.025 	 2.34569 	 -0.0747412
17.04 	 2.34365 	 -0.0744372
17.055 	 2.34162 	 -0.0741342
17.07 	 2.33959 	 -0.0738322
17.085 	 2.33756 	 -0.0735313
17.1 	 2.33554 	 -0.0732313
17.115 	 2.33352 	 -0.0729323
17.13 	 2.3315 	 -0.0726344
17.145 	 2.32949 	 -0.0723374
17.16 	 2.32748 	 -0.0720415
17.175 	 2.32547 	 -0.0717465
17.19 	 2.32347 	 -0.0714526
17.205 	 2.32147 	 -0.0711596
17.22 	 2.31947 	 -0.0708677
17.235 	 2.31747 	 -0.0705767
17.25 	 2.31548 	 -0.0702868
17.265 	 2.3135 	 -0.0699978
17.28 	 2.31151 	 -0.0697098
17.295 	 2.30953 	 -0.0694228
17.31 	 2.30755 	 -0.0691368
17.325 	 2.30557 	 -0.0688518
17.34 	 2.3036 	 -0.0685678
17.355 	 2.30163 	 -0.0682848
17.37 	 2.29967 	 -0.0680027
17.385 	 2.2977 	 -0.0677217
17.4 	 2.29574 	 -0.0674416
17.415 	 2.29378 	 -0.0671625
17.43 	 2.29183 	 -0.0668843
17.445 	 2.28988 	 -0.0666072
17.46 	 2.28793 	 -0.066331
17.475 	 2.28599 	 -0.0660558
17.49 	 2.28405 	 -0.0657815
17.505 	 2.28211 	 -0.0655083
17.52 	 2.28017 	 -0.065236
17.535 	 2.27824 	 -0.0649646
17.55 	 2.27631 	 -0.0646942
17.565 	 2.27438 	 -0.0644248
17.58 	 2.27246 	 -0.0641564
17.595 	 2.27054 	 -0.0638889
17.61 	 2.26862 	 -0.0636223
17.625 	 2.26671 	 -0.0633568
17.64 	 2.2648 	 -0.0630921
17.655 	 2.26289 	 -0.0630921
17.67 	 2.26098 	 -0.0625657
17.685 	 2.25908 	 -0.0623039
17.7 	 2.25718 	 -0.0620431
17.715 	 2.25529 	 -0.0617831
17.73 	 2.25339 	 -0.0615242
17.745 	 2.2515 	 -0.0612662
17.76 	 2.24962 	 -0.0610091
17.775 	 2.24773 	 -0.0607529
17.79 	 2.24585 	 -0.0604977
17.805 	 2.24397 	 -0.0602434
17.82 	 2.2421 	 -0.05999
17.835 	 2.24023 	 -0.0597375
17.85 	 2.23836 	 -0.059486
17.865 	 2.23649 	 -0.0592354
17.88 	 2.23463 	 -0.0589857
17.895 	 2.23277 	 -0.0587369
17.91 	 2.23091 	 -0.0584891
17.925 	 2.22905 	 -0.0582421
17.94 	 2.2272 	 -0.0579961
17.955 	 2.22535 	 -0.057751
17.97 	 2.22351 	 -0.0575067
17.985 	 2.22167 	 -0.0572634
18 	 2.21983 	 -0.057021
18.015 	 2.21799 	 -0.0567795
18.03 	 2.21615 	 -0.0567795
18.045 	 2.21432 	 -0.0562991
18.06 	 2.2125 	 -0.0560602
18.075 	 2.21067 	 -0.0558223
18.09 	 2.20885 	 -0.0555852
18.105 	 2.20703 	 -0.055349
18.12 	 2.20521 	 -0.0551137
18.135 	 2.2034 	 -0.0548793
18.15 	 2.20159 	 -0.0546457
18.165 	 2.19978 	 -0.0544131
18.18 	 2.19797 	 -0.0541813
18.195 	 2.19617 	 -0.0539503
18.21 	 2.19437 	 -0.0537203
18.225 	 2.19257 	 -0.053491
18.24 	 2.19078 	 -0.0532627
18.255 	 2.18899 	 -0.0530352
18.27 	 2.1872 	 -0.0528086
18.285 	 2.18541 	 -0.0525828
18.3 	 2.18363 	 -0.0523579
18.315 	 2.18185 	 -0.0521339
18.33 	 2.18007 	 -0.0519106
18.345 	 2.1783 	 -0.0516883
18.36 	 2.17653 	 -0.0514667
18.375 	 2.17476 	 -0.0512461
18.39 	 2.17299 	 -0.0510262
18.405 	 2.17123 	 -0.0510262
18.42 	 2.16947 	 -0.050589
18.435 	 2.16771 	 -0.0503717
18.45 	 2.16596 	 -0.0501552
18.465 	 2.1642 	 -0.0499395
18.48 	 2.16245 	 -0.0497246
18.495 	 2.16071 	 -0.0495106
18.51 	 2.15896 	 -0.0492973
18.525 	 2.15722 	 -0.0490849
18.54 	 2.15548 	 -0.0488733
18.555 	 2.15375 	 -0.0486626
18.57 	 2.15201 	 -0.0484526
18.585 	 2.15028 	 -0.0482434
18.6 	 2.14856 	 -0.0480351
18.615 	 2.14683 	 -0.0478275
18.63 	 2.14511 	 -0.0476208
18.645 	 2.14339 	 -0.0474148
18.66 	 2.14167 	 -0.0472096
18.675 	 2.13996 	 -0.0470053
18.69 	 2.13825 	 -0.0468017
18.705 	 2.13654 	 -0.0465989
18.72 	 2.13483 	 -0.0463969
18.735 	 2.13313 	 -0.0461956
18.75 	 2.13142 	 -0.0459952
18.765 	 2.12973 	 -0.0457955
18.78 	 2.12803 	 -0.0457955
18.795 	 2.12634 	 -0.0453985
18.81 	 2.12465 	 -0.0452012
18.825 	 2.12296 	 -0.0450046
18.84 	 2.12127 	 -0.0448088
18.855 	 2.11959 	 -0.0446137
18.87 	 2.11791 	 -0.0444195
18.885 	 2.11623 	 -0.0442259
18.9 	 2.11456 	 -0.0440332
18.915 	 2.11289 	 -0.0438411
18.93 	 2.11122 	 -0.0436499
18.945 	 2.10955 	 -0.0434594
18.96 	 2.10788 	 -0.0432696
18.975 	 2.10622 	 -0.0430806
18.99 	 2.10456 	 -0.0428923
19.005 	 2.10291 	 -0.0427048
19.02 	 2.10125 	 -0.042518
19.035 	 2.0996 	 -0.0423319
19.05 	 2.09795 	 -0.0421466
19.065 	 2.0963 	 -0.041962
19.08 	 2.09466 	 -0.0417781
19.095 	 2.09302 	 -0.0415949
19.11 	 2.09138 	 -0.0414125
19.125 	 2.08974 	 -0.0412308
19.14 	 2.08811 	 -0.0410498
19.155 	 2.08648 	 -0.0410498
19.17 	 2.08485 	 -0.04069
19.185 	 2.08322 	 -0.0405112
19.2 	 2.0816 	 -0.040333
19.215 	 2.07998 	 -0.0401556
19.23 	 2.07836 	 -0.0399789
19.245 	 2.07674 	 -0.0398029
19.26 	 2.07513 	 -0.0396276
19.275 	 2.07351 	 -0.039453
19.29 	 2.0719 	 -0.039279
19.305 	 2.0703 	 -0.0391058
19.32 	 2.06869 	 -0.0389333
19.335 	 2.06709 	 -0.0387614
19.35 	 2.06549 	 -0.0385903
19.365 	 2.0639 	 -0.0384198
19.38 	 2.0623 	 -0.03825
19.395 	 2.06071 	 -0.0380809
19.41 	 2.05912 	 -0.0379125
19.425 	 2.05753 	 -0.0377447
19.44 	 2.05595 	 -0.0375776
19.455 	 2.05436 	 -0.0374112
19.47 	 2.05278 	 -0.0372455
19.485 	 2.05121 	 -0.0370804
19.5 	 2.04963 	 -0.036916
19.515 	 2.04806 	 -0.0367522
19.53 	 2.04649 	 -0.0365891
19.545 	 2.04492 	 -0.0364267
19.56 	 2.04335 	 -0.0362649
19.575 	 2.04179 	 -0.0361038
19.59 	 2.04023 	 -0.0359433
19.605 	 2.03867 	 -0.0357835
19.62 	 2.03711 	 -0.0356243
19.635 	 2.03556 	 -0.0354658
19.65 	 2.03401 	 -0.0353079
19.665 	 2.03246 	 -0.0351506
19.68 	 2.03091 	 -0.034994
19.695 	 2.02937 	 -0.034838
19.71 	 2.02782 	 -0.0346827
19.725 	 2.02628 	 -0.034528
19.74 	 2.02475 	 -0.0343739
19.755 	 2.02321 	 -0.0342204
19.77 	 2.02168 	 -0.0340676
19.785 	 2.02015 	 -0.0339154
19.8 	 2.01862 	 -0.0337638
19.815 	 2.01709 	 -0.0336128
19.83 	 2.01557 	 -0.0334625
19.845 	 2.01405 	 -0.0333127
19.86 	 2.01253 	 -0.0331636
19.875 	 2.01101 	 -0.0330151
19.89 	 2.00949 	 -0.0328672
19.905 	 2.00798 	 -0.0327199
19.92 	 2.00647 	 -0.0325732
19.935 	 2.00496 	 -0.0324271
19.95 	 2.00346 	 -0.0322816
19.965 	 2.00195 	 -0.0321367
19.98 	 2.00045 	 -0.0319924
