0 	 1.36639 	 -0.186531
0.015 	 1.36638 	 -0.186531
0.03 	 1.36637 	 -0.186531
0.045 	 1.36634 	 -0.18653
0.06 	 1.36632 	 -0.18653
0.075 	 1.3663 	 -0.18653
0.09 	 1.36627 	 -0.18653
0.105 	 1.36624 	 -0.186529
0.12 	 1.36621 	 -0.186529
0.135 	 1.36617 	 -0.186529
0.15 	 1.36613 	 -0.186528
0.165 	 1.36611 	 -0.186528
0.18 	 1.36604 	 -0.186528
0.195 	 1.36599 	 -0.186528
0.21 	 1.36594 	 -0.186527
0.225 	 1.36591 	 -0.186527
0.24 	 1.36582 	 -0.186527
0.255 	 1.36576 	 -0.186526
0.27 	 1.36569 	 -0.186526
0.285 	 1.36563 	 -0.186525
0.3 	 1.36555 	 -0.186525
0.315 	 1.36548 	 -0.186525
0.33 	 1.36543 	 -0.186525
0.345 	 1.36532 	 -0.186524
0.36 	 1.36524 	 -0.186524
0.375 	 1.36515 	 -0.186523
0.39 	 1.36506 	 -0.186523
0.405 	 1.36497 	 -0.186523
0.42 	 1.36487 	 -0.186522
0.435 	 1.36477 	 -0.186522
0.45 	 1.3647 	 -0.186522
0.465 	 1.36457 	 -0.186521
0.48 	 1.36446 	 -0.18652
0.495 	 1.36435 	 -0.18652
0.51 	 1.36423 	 -0.18652
0.525 	 1.36412 	 -0.186519
0.54 	 1.364 	 -0.186519
0.555 	 1.36387 	 -0.186518
0.57 	 1.36375 	 -0.186518
0.585 	 1.36362 	 -0.186517
0.6 	 1.36348 	 -0.186517
0.615 	 1.36335 	 -0.186516
0.63 	 1.36321 	 -0.186516
0.645 	 1.36307 	 -0.186515
0.66 	 1.36296 	 -0.186515
0.675 	 1.36278 	 -0.186514
0.69 	 1.36263 	 -0.186514
0.705 	 1.36247 	 -0.186513
0.72 	 1.36232 	 -0.186513
0.735 	 1.36216 	 -0.186512
0.75 	 1.36199 	 -0.186512
0.765 	 1.36183 	 -0.186511
0.78 	 1.36166 	 -0.186511
0.795 	 1.36149 	 -0.18651
0.81 	 1.36131 	 -0.186509
0.825 	 1.36113 	 -0.186509
0.84 	 1.36095 	 -0.186508
0.855 	 1.36077 	 -0.186508
0.87 	 1.36058 	 -0.186507
0.885 	 1.36039 	 -0.186506
0.9 	 1.36023 	 -0.186506
0.915 	 1.36 	 -0.186505
0.93 	 1.3598 	 -0.186504
0.945 	 1.3596 	 -0.186504
0.96 	 1.35939 	 -0.186503
0.975 	 1.35919 	 -0.186502
0.99 	 1.35897 	 -0.186502
1.005 	 1.35876 	 -0.186501
1.02 	 1.35854 	 -0.1865
1.035 	 1.35832 	 -0.186499
1.05 	 1.3581 	 -0.186499
1.065 	 1.35787 	 -0.186498
1.08 	 1.35764 	 -0.186497
1.095 	 1.35741 	 -0.186496
1.11 	 1.35717 	 -0.186496
1.125 	 1.35693 	 -0.186495
1.14 	 1.35669 	 -0.186494
1.155 	 1.35645 	 -0.186493
1.17 	 1.3562 	 -0.186492
1.185 	 1.35595 	 -0.186491
1.2 	 1.35569 	 -0.186491
1.215 	 1.35544 	 -0.18649
1.23 	 1.35518 	 -0.186489
1.245 	 1.35491 	 -0.186488
1.26 	 1.35465 	 -0.186487
1.275 	 1.35438 	 -0.186486
1.29 	 1.35411 	 -0.186485
1.305 	 1.35383 	 -0.186484
1.32 	 1.35358 	 -0.186484
1.335 	 1.35327 	 -0.186482
1.35 	 1.35299 	 -0.186481
1.365 	 1.3527 	 -0.18648
1.38 	 1.35241 	 -0.186479
1.395 	 1.35211 	 -0.186478
1.41 	 1.35182 	 -0.186477
1.425 	 1.35152 	 -0.186476
1.44 	 1.35121 	 -0.186475
1.455 	 1.35091 	 -0.186474
1.47 	 1.3506 	 -0.186473
1.485 	 1.35029 	 -0.186471
1.5 	 1.34997 	 -0.18647
1.515 	 1.34966 	 -0.186469
1.53 	 1.34933 	 -0.186468
1.545 	 1.34901 	 -0.186467
1.56 	 1.34868 	 -0.186465
1.575 	 1.34835 	 -0.186464
1.59 	 1.34802 	 -0.186463
1.605 	 1.34768 	 -0.186461
1.62 	 1.34734 	 -0.18646
1.635 	 1.347 	 -0.186459
1.65 	 1.34666 	 -0.186457
1.665 	 1.34631 	 -0.186456
1.68 	 1.34596 	 -0.186455
1.695 	 1.3456 	 -0.186453
1.71 	 1.34525 	 -0.186452
1.725 	 1.34489 	 -0.18645
1.74 	 1.34452 	 -0.186449
1.755 	 1.34416 	 -0.186447
1.77 	 1.34379 	 -0.186446
1.785 	 1.34341 	 -0.186444
1.8 	 1.34307 	 -0.186444
1.815 	 1.34266 	 -0.186441
1.83 	 1.34228 	 -0.186439
1.845 	 1.34189 	 -0.186438
1.86 	 1.34151 	 -0.186436
1.875 	 1.34111 	 -0.186434
1.89 	 1.34072 	 -0.186433
1.905 	 1.34032 	 -0.186431
1.92 	 1.33992 	 -0.186429
1.935 	 1.33952 	 -0.186427
1.95 	 1.33911 	 -0.186426
1.965 	 1.33871 	 -0.186424
1.98 	 1.33829 	 -0.186422
1.995 	 1.33788 	 -0.18642
2.01 	 1.33746 	 -0.186418
2.025 	 1.33704 	 -0.186416
2.04 	 1.33662 	 -0.186414
2.055 	 1.33619 	 -0.186412
2.07 	 1.33576 	 -0.18641
2.085 	 1.33532 	 -0.186408
2.1 	 1.33489 	 -0.186406
2.115 	 1.33445 	 -0.186403
2.13 	 1.33401 	 -0.186401
2.145 	 1.33356 	 -0.186399
2.16 	 1.33311 	 -0.186397
2.175 	 1.33266 	 -0.186394
2.19 	 1.33221 	 -0.186392
2.205 	 1.33175 	 -0.18639
2.22 	 1.33129 	 -0.186387
2.235 	 1.33083 	 -0.186385
2.25 	 1.33036 	 -0.186382
2.265 	 1.32989 	 -0.18638
2.28 	 1.32942 	 -0.186377
2.295 	 1.32894 	 -0.186375
2.31 	 1.32846 	 -0.186372
2.325 	 1.32798 	 -0.18637
2.34 	 1.3275 	 -0.186367
2.355 	 1.32701 	 -0.186364
2.37 	 1.32652 	 -0.186361
2.385 	 1.32602 	 -0.186358
2.4 	 1.32553 	 -0.186356
2.415 	 1.32503 	 -0.186353
2.43 	 1.32452 	 -0.18635
2.445 	 1.32402 	 -0.186347
2.46 	 1.32351 	 -0.186344
2.475 	 1.323 	 -0.186341
2.49 	 1.32248 	 -0.186337
2.505 	 1.32197 	 -0.186334
2.52 	 1.32144 	 -0.186331
2.535 	 1.32092 	 -0.186328
2.55 	 1.32039 	 -0.186324
2.565 	 1.31986 	 -0.186321
2.58 	 1.31933 	 -0.186318
2.595 	 1.31879 	 -0.186314
2.61 	 1.31825 	 -0.186311
2.625 	 1.31771 	 -0.186307
2.64 	 1.3172 	 -0.186307
2.655 	 1.31662 	 -0.1863
2.67 	 1.31607 	 -0.186296
2.685 	 1.31551 	 -0.186292
2.7 	 1.31496 	 -0.186288
2.715 	 1.3144 	 -0.186284
2.73 	 1.31383 	 -0.18628
2.745 	 1.31327 	 -0.186276
2.76 	 1.3127 	 -0.186272
2.775 	 1.31213 	 -0.186268
2.79 	 1.31155 	 -0.186264
2.805 	 1.31097 	 -0.186259
2.82 	 1.31039 	 -0.186255
2.835 	 1.30981 	 -0.186251
2.85 	 1.30922 	 -0.186246
2.865 	 1.30863 	 -0.186242
2.88 	 1.30804 	 -0.186237
2.895 	 1.30744 	 -0.186232
2.91 	 1.30684 	 -0.186228
2.925 	 1.30624 	 -0.186223
2.94 	 1.30563 	 -0.186218
2.955 	 1.30502 	 -0.186213
2.97 	 1.30441 	 -0.186208
2.985 	 1.3038 	 -0.186203
3 	 1.30318 	 -0.186197
3.015 	 1.30256 	 -0.186192
3.03 	 1.30194 	 -0.186187
3.045 	 1.30131 	 -0.186181
3.06 	 1.30068 	 -0.186176
3.075 	 1.30005 	 -0.18617
3.09 	 1.29941 	 -0.186165
3.105 	 1.29878 	 -0.186159
3.12 	 1.29813 	 -0.186153
3.135 	 1.29749 	 -0.186147
3.15 	 1.29684 	 -0.186141
3.165 	 1.29619 	 -0.186135
3.18 	 1.29554 	 -0.186129
3.195 	 1.29488 	 -0.186122
3.21 	 1.29422 	 -0.186116
3.225 	 1.29356 	 -0.186109
3.24 	 1.2929 	 -0.186103
3.255 	 1.29223 	 -0.186096
3.27 	 1.29156 	 -0.186089
3.285 	 1.29088 	 -0.186082
3.3 	 1.2902 	 -0.186075
3.315 	 1.28952 	 -0.186068
3.33 	 1.28884 	 -0.186061
3.345 	 1.28815 	 -0.186054
3.36 	 1.28747 	 -0.186046
3.375 	 1.28677 	 -0.186039
3.39 	 1.28608 	 -0.186031
3.405 	 1.28538 	 -0.186023
3.42 	 1.28468 	 -0.186015
3.435 	 1.28397 	 -0.186007
3.45 	 1.28327 	 -0.185999
3.465 	 1.28256 	 -0.185991
3.48 	 1.28184 	 -0.185982
3.495 	 1.28113 	 -0.185974
3.51 	 1.28041 	 -0.185965
3.525 	 1.27969 	 -0.185957
3.54 	 1.27896 	 -0.185948
3.555 	 1.27824 	 -0.185939
3.57 	 1.2775 	 -0.18593
3.585 	 1.27677 	 -0.18592
3.6 	 1.27606 	 -0.18592
3.615 	 1.27529 	 -0.185901
3.63 	 1.27455 	 -0.185892
3.645 	 1.27381 	 -0.185882
3.66 	 1.27306 	 -0.185872
3.675 	 1.27231 	 -0.185862
3.69 	 1.27155 	 -0.185851
3.705 	 1.27079 	 -0.185841
3.72 	 1.27003 	 -0.18583
3.735 	 1.26927 	 -0.185819
3.75 	 1.2685 	 -0.185809
3.765 	 1.26773 	 -0.185797
3.78 	 1.26696 	 -0.185786
3.795 	 1.26619 	 -0.185775
3.81 	 1.26541 	 -0.185763
3.825 	 1.26463 	 -0.185751
3.84 	 1.26384 	 -0.18574
3.855 	 1.26306 	 -0.185727
3.87 	 1.26227 	 -0.185715
3.885 	 1.26147 	 -0.185703
3.9 	 1.26068 	 -0.18569
3.915 	 1.25988 	 -0.185677
3.93 	 1.25908 	 -0.185664
3.945 	 1.25827 	 -0.185651
3.96 	 1.25747 	 -0.185637
3.975 	 1.25666 	 -0.185624
3.99 	 1.25584 	 -0.18561
4.005 	 1.25503 	 -0.185596
4.02 	 1.25421 	 -0.185582
4.035 	 1.25339 	 -0.185567
4.05 	 1.25256 	 -0.185553
4.065 	 1.25173 	 -0.185538
4.08 	 1.2509 	 -0.185523
4.095 	 1.25007 	 -0.185507
4.11 	 1.24923 	 -0.185492
4.125 	 1.24839 	 -0.185476
4.14 	 1.24755 	 -0.18546
4.155 	 1.24671 	 -0.185444
4.17 	 1.24586 	 -0.185427
4.185 	 1.24501 	 -0.185411
4.2 	 1.24415 	 -0.185394
4.215 	 1.2433 	 -0.185377
4.23 	 1.24244 	 -0.185359
4.245 	 1.24157 	 -0.185341
4.26 	 1.24071 	 -0.185323
4.275 	 1.23984 	 -0.185305
4.29 	 1.23897 	 -0.185287
4.305 	 1.23809 	 -0.185268
4.32 	 1.23722 	 -0.185249
4.335 	 1.23634 	 -0.18523
4.35 	 1.23545 	 -0.18521
4.365 	 1.23457 	 -0.18519
4.38 	 1.23368 	 -0.18517
4.395 	 1.23279 	 -0.185149
4.41 	 1.2319 	 -0.185129
4.425 	 1.231 	 -0.185108
4.44 	 1.2301 	 -0.185086
4.455 	 1.2292 	 -0.185064
4.47 	 1.22829 	 -0.185042
4.485 	 1.22738 	 -0.18502
4.5 	 1.22647 	 -0.184997
4.515 	 1.22556 	 -0.184974
4.53 	 1.22464 	 -0.184951
4.545 	 1.22372 	 -0.184927
4.56 	 1.2228 	 -0.184903
4.575 	 1.22187 	 -0.184879
4.59 	 1.22095 	 -0.184854
4.605 	 1.22001 	 -0.184829
4.62 	 1.21908 	 -0.184804
4.635 	 1.21814 	 -0.184778
4.65 	 1.2172 	 -0.184752
4.665 	 1.21626 	 -0.184725
4.68 	 1.21532 	 -0.184698
4.695 	 1.2144 	 -0.184698
4.71 	 1.21342 	 -0.184643
4.725 	 1.21247 	 -0.184615
4.74 	 1.21151 	 -0.184587
4.755 	 1.21055 	 -0.184558
4.77 	 1.20959 	 -0.184528
4.785 	 1.20863 	 -0.184499
4.8 	 1.20766 	 -0.184469
4.815 	 1.20669 	 -0.184438
4.83 	 1.20572 	 -0.184407
4.845 	 1.20474 	 -0.184375
4.86 	 1.20376 	 -0.184343
4.875 	 1.20278 	 -0.184311
4.89 	 1.2018 	 -0.184278
4.905 	 1.20081 	 -0.184245
4.92 	 1.19982 	 -0.184211
4.935 	 1.19883 	 -0.184177
4.95 	 1.19784 	 -0.184142
4.965 	 1.19684 	 -0.184106
4.98 	 1.19584 	 -0.184071
4.995 	 1.19484 	 -0.184034
5.01 	 1.19383 	 -0.183998
5.025 	 1.19283 	 -0.18396
5.04 	 1.19181 	 -0.183922
5.055 	 1.1908 	 -0.183884
5.07 	 1.18979 	 -0.183845
5.085 	 1.18877 	 -0.183806
5.1 	 1.18775 	 -0.183765
5.115 	 1.18672 	 -0.183725
5.13 	 1.1857 	 -0.183684
5.145 	 1.18467 	 -0.183642
5.16 	 1.18364 	 -0.1836
5.175 	 1.1826 	 -0.183557
5.19 	 1.18156 	 -0.183513
5.205 	 1.18052 	 -0.183469
5.22 	 1.17948 	 -0.183424
5.235 	 1.17844 	 -0.183379
5.25 	 1.17739 	 -0.183333
5.265 	 1.17634 	 -0.183286
5.28 	 1.17531 	 -0.183286
5.295 	 1.17423 	 -0.183191
5.31 	 1.17317 	 -0.183142
5.325 	 1.17211 	 -0.183093
5.34 	 1.17105 	 -0.183043
5.355 	 1.16999 	 -0.182992
5.37 	 1.16892 	 -0.182941
5.385 	 1.16785 	 -0.182889
5.4 	 1.16677 	 -0.182836
5.415 	 1.1657 	 -0.182782
5.43 	 1.16462 	 -0.182728
5.445 	 1.16354 	 -0.182673
5.46 	 1.16246 	 -0.182617
5.475 	 1.16137 	 -0.182561
5.49 	 1.16028 	 -0.182503
5.505 	 1.15919 	 -0.182445
5.52 	 1.1581 	 -0.182386
5.535 	 1.15701 	 -0.182327
5.55 	 1.15591 	 -0.182266
5.565 	 1.15481 	 -0.182205
5.58 	 1.1537 	 -0.182143
5.595 	 1.1526 	 -0.18208
5.61 	 1.15149 	 -0.182016
5.625 	 1.15038 	 -0.181951
5.64 	 1.14927 	 -0.181886
5.655 	 1.14818 	 -0.181886
5.67 	 1.14704 	 -0.181752
5.685 	 1.14592 	 -0.181684
5.7 	 1.1448 	 -0.181615
5.715 	 1.14367 	 -0.181545
5.73 	 1.14255 	 -0.181474
5.745 	 1.14142 	 -0.181402
5.76 	 1.14029 	 -0.181329
5.775 	 1.13915 	 -0.181255
5.79 	 1.13802 	 -0.18118
5.805 	 1.13688 	 -0.181104
5.82 	 1.13574 	 -0.181027
5.835 	 1.1346 	 -0.18095
5.85 	 1.13345 	 -0.180871
5.865 	 1.1323 	 -0.180791
5.88 	 1.13116 	 -0.18071
5.895 	 1.13 	 -0.180628
5.91 	 1.12885 	 -0.180545
5.925 	 1.12769 	 -0.180461
5.94 	 1.12654 	 -0.180376
5.955 	 1.12538 	 -0.18029
5.97 	 1.12421 	 -0.180202
5.985 	 1.12305 	 -0.180114
6 	 1.12188 	 -0.180024
6.015 	 1.12071 	 -0.179933
6.03 	 1.11954 	 -0.179841
6.045 	 1.11837 	 -0.179748
6.06 	 1.11719 	 -0.179654
6.075 	 1.11602 	 -0.179559
6.09 	 1.11484 	 -0.179462
6.105 	 1.11366 	 -0.179364
6.12 	 1.11247 	 -0.179265
6.135 	 1.11129 	 -0.179165
6.15 	 1.1101 	 -0.179063
6.165 	 1.10891 	 -0.17896
6.18 	 1.10772 	 -0.178856
6.195 	 1.10653 	 -0.178751
6.21 	 1.10533 	 -0.178644
6.225 	 1.10413 	 -0.178536
6.24 	 1.10293 	 -0.178426
6.255 	 1.10173 	 -0.178316
6.27 	 1.10053 	 -0.178204
6.285 	 1.09933 	 -0.17809
6.3 	 1.09812 	 -0.177975
6.315 	 1.09691 	 -0.177859
6.33 	 1.0957 	 -0.177742
6.345 	 1.09449 	 -0.177623
6.36 	 1.09327 	 -0.177502
6.375 	 1.09206 	 -0.177381
6.39 	 1.09084 	 -0.177257
6.405 	 1.08962 	 -0.177133
6.42 	 1.0884 	 -0.177006
6.435 	 1.08718 	 -0.176879
6.45 	 1.08595 	 -0.176749
6.465 	 1.08472 	 -0.176619
6.48 	 1.0835 	 -0.176486
6.495 	 1.08227 	 -0.176353
6.51 	 1.08104 	 -0.176217
6.525 	 1.0798 	 -0.176081
6.54 	 1.07857 	 -0.175942
6.555 	 1.07733 	 -0.175802
6.57 	 1.07609 	 -0.175661
6.585 	 1.07485 	 -0.175517
6.6 	 1.07361 	 -0.175373
6.615 	 1.07239 	 -0.175373
6.63 	 1.07113 	 -0.175078
6.645 	 1.06988 	 -0.174928
6.66 	 1.06863 	 -0.174777
6.675 	 1.06739 	 -0.174624
6.69 	 1.06614 	 -0.174469
6.705 	 1.06488 	 -0.174313
6.72 	 1.06363 	 -0.174155
6.735 	 1.06238 	 -0.173995
6.75 	 1.06112 	 -0.173833
6.765 	 1.05986 	 -0.17367
6.78 	 1.05861 	 -0.173505
6.795 	 1.05735 	 -0.173338
6.81 	 1.05609 	 -0.17317
6.825 	 1.05482 	 -0.173
6.84 	 1.05356 	 -0.172827
6.855 	 1.0523 	 -0.172654
6.87 	 1.05103 	 -0.172478
6.885 	 1.04976 	 -0.1723
6.9 	 1.04849 	 -0.172121
6.915 	 1.04722 	 -0.17194
6.93 	 1.04595 	 -0.171757
6.945 	 1.04468 	 -0.171572
6.96 	 1.04341 	 -0.171385
6.975 	 1.04214 	 -0.171197
6.99 	 1.04086 	 -0.171006
7.005 	 1.03958 	 -0.170814
7.02 	 1.03831 	 -0.17062
7.035 	 1.03703 	 -0.170424
7.05 	 1.03575 	 -0.170226
7.065 	 1.03447 	 -0.170026
7.08 	 1.03319 	 -0.169824
7.095 	 1.03191 	 -0.16962
7.11 	 1.03062 	 -0.169415
7.125 	 1.02934 	 -0.169207
7.14 	 1.02806 	 -0.168997
7.155 	 1.02677 	 -0.168786
7.17 	 1.02549 	 -0.168572
7.185 	 1.0242 	 -0.168357
7.2 	 1.02292 	 -0.168357
7.215 	 1.02162 	 -0.16792
7.23 	 1.02033 	 -0.167699
7.245 	 1.01904 	 -0.167476
7.26 	 1.01775 	 -0.167251
7.275 	 1.01646 	 -0.167023
7.29 	 1.01517 	 -0.166794
7.305 	 1.01388 	 -0.166563
7.32 	 1.01258 	 -0.16633
7.335 	 1.01129 	 -0.166095
7.35 	 1.01 	 -0.165858
7.365 	 1.0087 	 -0.165619
7.38 	 1.00741 	 -0.165378
7.395 	 1.00611 	 -0.165134
7.41 	 1.00481 	 -0.164889
7.425 	 1.00352 	 -0.164642
7.44 	 1.00222 	 -0.164393
7.455 	 1.00092 	 -0.164142
7.47 	 0.999625 	 -0.163889
7.485 	 0.998327 	 -0.163634
7.5 	 0.997028 	 -0.163377
7.515 	 0.995729 	 -0.163118
7.53 	 0.99443 	 -0.162857
7.545 	 0.993131 	 -0.162594
7.56 	 0.991831 	 -0.162329
7.575 	 0.990535 	 -0.162329
7.59 	 0.989232 	 -0.161793
7.605 	 0.987931 	 -0.161523
7.62 	 0.986631 	 -0.16125
7.635 	 0.985331 	 -0.160975
7.65 	 0.98403 	 -0.160698
7.665 	 0.982729 	 -0.16042
7.68 	 0.981429 	 -0.160139
7.695 	 0.980128 	 -0.159857
7.71 	 0.978827 	 -0.159572
7.725 	 0.977527 	 -0.159286
7.74 	 0.976226 	 -0.158998
7.755 	 0.974925 	 -0.158708
7.77 	 0.973625 	 -0.158415
7.785 	 0.972324 	 -0.158122
7.8 	 0.971024 	 -0.157826
7.815 	 0.969724 	 -0.157528
7.83 	 0.968424 	 -0.157228
7.845 	 0.967124 	 -0.156927
7.86 	 0.965824 	 -0.156624
7.875 	 0.964525 	 -0.156319
7.89 	 0.963225 	 -0.156012
7.905 	 0.961927 	 -0.155703
7.92 	 0.960628 	 -0.155393
7.935 	 0.95933 	 -0.155081
7.95 	 0.958032 	 -0.154767
7.965 	 0.956734 	 -0.154451
7.98 	 0.955437 	 -0.154133
7.995 	 0.95414 	 -0.153814
8.01 	 0.952844 	 -0.153493
8.025 	 0.951548 	 -0.15317
8.04 	 0.950253 	 -0.152846
8.055 	 0.948958 	 -0.15252
8.07 	 0.947664 	 -0.152192
8.085 	 0.94637 	 -0.151863
8.1 	 0.945076 	 -0.151532
8.115 	 0.943784 	 -0.1512
8.13 	 0.942492 	 -0.150865
8.145 	 0.9412 	 -0.15053
8.16 	 0.939909 	 -0.150192
8.175 	 0.938619 	 -0.149853
8.19 	 0.93733 	 -0.149513
8.205 	 0.936041 	 -0.149171
8.22 	 0.934753 	 -0.148828
8.235 	 0.933466 	 -0.148483
8.25 	 0.932179 	 -0.148137
8.265 	 0.930893 	 -0.147789
8.28 	 0.929608 	 -0.14744
8.295 	 0.928324 	 -0.147089
8.31 	 0.927041 	 -0.146737
8.325 	 0.925759 	 -0.146384
8.34 	 0.924477 	 -0.146029
8.355 	 0.923197 	 -0.145673
8.37 	 0.921917 	 -0.145316
8.385 	 0.920638 	 -0.144957
8.4 	 0.91936 	 -0.144597
8.415 	 0.918084 	 -0.144236
8.43 	 0.916808 	 -0.143874
8.445 	 0.915533 	 -0.14351
8.46 	 0.914259 	 -0.143145
8.475 	 0.912987 	 -0.14278
8.49 	 0.911715 	 -0.142413
8.505 	 0.910445 	 -0.142044
8.52 	 0.909175 	 -0.141675
8.535 	 0.907907 	 -0.141305
8.55 	 0.90664 	 -0.140933
8.565 	 0.905374 	 -0.140561
8.58 	 0.904109 	 -0.140187
8.595 	 0.902846 	 -0.139813
8.61 	 0.901584 	 -0.139438
8.625 	 0.900323 	 -0.139061
8.64 	 0.899063 	 -0.138684
8.655 	 0.897804 	 -0.138306
8.67 	 0.896547 	 -0.137927
8.685 	 0.895291 	 -0.137547
8.7 	 0.894036 	 -0.137166
8.715 	 0.892783 	 -0.136784
8.73 	 0.891531 	 -0.136402
8.745 	 0.890281 	 -0.136019
8.76 	 0.889032 	 -0.135635
8.775 	 0.887784 	 -0.13525
8.79 	 0.886537 	 -0.134865
8.805 	 0.885292 	 -0.134479
8.82 	 0.884049 	 -0.134092
8.835 	 0.882807 	 -0.133705
8.85 	 0.881566 	 -0.133317
8.865 	 0.880327 	 -0.132929
8.88 	 0.87909 	 -0.132539
8.895 	 0.877854 	 -0.13215
8.91 	 0.876619 	 -0.13176
8.925 	 0.875386 	 -0.131369
8.94 	 0.874155 	 -0.130978
8.955 	 0.872925 	 -0.130586
8.97 	 0.871697 	 -0.130194
8.985 	 0.870471 	 -0.129802
9 	 0.869246 	 -0.129409
9.015 	 0.868015 	 -0.129409
9.03 	 0.866801 	 -0.128622
9.045 	 0.865581 	 -0.128228
9.06 	 0.864362 	 -0.127833
9.075 	 0.863146 	 -0.127439
9.09 	 0.861931 	 -0.127044
9.105 	 0.860717 	 -0.126649
9.12 	 0.859506 	 -0.126254
9.135 	 0.858296 	 -0.125858
9.15 	 0.857088 	 -0.125462
9.165 	 0.855881 	 -0.125066
9.18 	 0.854677 	 -0.12467
9.195 	 0.853474 	 -0.124274
9.21 	 0.852273 	 -0.123878
9.225 	 0.851074 	 -0.123482
9.24 	 0.849876 	 -0.123085
9.255 	 0.848681 	 -0.122689
9.27 	 0.847487 	 -0.122292
9.285 	 0.846295 	 -0.121895
9.3 	 0.845105 	 -0.121499
9.315 	 0.843917 	 -0.121102
9.33 	 0.842731 	 -0.120706
9.345 	 0.841546 	 -0.12031
9.36 	 0.840364 	 -0.119913
9.375 	 0.839183 	 -0.119517
9.39 	 0.837997 	 -0.119517
9.405 	 0.836827 	 -0.118725
9.42 	 0.835652 	 -0.118329
9.435 	 0.834479 	 -0.117933
9.45 	 0.833308 	 -0.117538
9.465 	 0.832139 	 -0.117142
9.48 	 0.830972 	 -0.116747
9.495 	 0.829807 	 -0.116353
9.51 	 0.828644 	 -0.115958
9.525 	 0.827483 	 -0.115564
9.54 	 0.826323 	 -0.11517
9.555 	 0.825166 	 -0.114776
9.57 	 0.824011 	 -0.114382
9.585 	 0.822858 	 -0.113989
9.6 	 0.821706 	 -0.113596
9.615 	 0.820557 	 -0.113204
9.63 	 0.81941 	 -0.112812
9.645 	 0.818265 	 -0.11242
9.66 	 0.817122 	 -0.112029
9.675 	 0.815981 	 -0.111638
9.69 	 0.814842 	 -0.111248
9.705 	 0.813705 	 -0.110858
9.72 	 0.81257 	 -0.110468
9.735 	 0.811437 	 -0.110079
9.75 	 0.810307 	 -0.109691
9.765 	 0.809178 	 -0.109303
9.78 	 0.808051 	 -0.108915
9.795 	 0.806927 	 -0.108528
9.81 	 0.805805 	 -0.108141
9.825 	 0.804684 	 -0.107755
9.84 	 0.803566 	 -0.10737
9.855 	 0.80245 	 -0.106985
9.87 	 0.801336 	 -0.106601
9.885 	 0.800224 	 -0.106217
9.9 	 0.799115 	 -0.105834
9.915 	 0.798007 	 -0.105452
9.93 	 0.796902 	 -0.10507
9.945 	 0.795798 	 -0.104689
9.96 	 0.794697 	 -0.104308
9.975 	 0.793598 	 -0.103928
9.99 	 0.792501 	 -0.103549
10.005 	 0.791407 	 -0.10317
10.02 	 0.790314 	 -0.102792
10.035 	 0.789224 	 -0.102415
10.05 	 0.788135 	 -0.102039
10.065 	 0.787049 	 -0.101663
10.08 	 0.785965 	 -0.101288
10.095 	 0.784884 	 -0.100913
10.11 	 0.783804 	 -0.10054
10.125 	 0.782727 	 -0.100167
10.14 	 0.781651 	 -0.0997949
10.155 	 0.780578 	 -0.0994236
10.17 	 0.779507 	 -0.099053
10.185 	 0.778438 	 -0.0986832
10.2 	 0.777372 	 -0.0983142
10.215 	 0.776307 	 -0.097946
10.23 	 0.775245 	 -0.0975785
10.245 	 0.774185 	 -0.0972119
10.26 	 0.773127 	 -0.0968461
10.275 	 0.772071 	 -0.0964811
10.29 	 0.771018 	 -0.0961169
10.305 	 0.769967 	 -0.0957536
10.32 	 0.768917 	 -0.0953911
10.335 	 0.76787 	 -0.0950294
10.35 	 0.766826 	 -0.0946686
10.365 	 0.765783 	 -0.0943087
10.38 	 0.764743 	 -0.0939496
10.395 	 0.763704 	 -0.0935914
10.41 	 0.762668 	 -0.093234
10.425 	 0.761634 	 -0.0928775
10.44 	 0.760603 	 -0.0925219
10.455 	 0.759573 	 -0.0921672
10.47 	 0.758546 	 -0.0918134
10.485 	 0.757521 	 -0.0914605
10.5 	 0.756498 	 -0.0911085
10.515 	 0.755477 	 -0.0907573
10.53 	 0.754458 	 -0.0904071
10.545 	 0.753442 	 -0.0900578
10.56 	 0.752424 	 -0.0900578
10.575 	 0.751416 	 -0.089362
10.59 	 0.750406 	 -0.0890154
10.605 	 0.749398 	 -0.0886698
10.62 	 0.748393 	 -0.0883251
10.635 	 0.747389 	 -0.0879814
10.65 	 0.746388 	 -0.0876385
10.665 	 0.745389 	 -0.0872967
10.68 	 0.744392 	 -0.0869557
10.695 	 0.743398 	 -0.0866158
10.71 	 0.742405 	 -0.0862767
10.725 	 0.741415 	 -0.0859386
10.74 	 0.740427 	 -0.0856015
10.755 	 0.739441 	 -0.0852653
10.77 	 0.738457 	 -0.0849301
10.785 	 0.737475 	 -0.0845958
10.8 	 0.736496 	 -0.0842625
10.815 	 0.735518 	 -0.0839302
10.83 	 0.734543 	 -0.0835988
10.845 	 0.73357 	 -0.0832684
10.86 	 0.732599 	 -0.082939
10.875 	 0.73163 	 -0.0826106
10.89 	 0.730664 	 -0.0822831
10.905 	 0.729699 	 -0.0819566
10.92 	 0.728737 	 -0.081631
10.935 	 0.727774 	 -0.081631
10.95 	 0.726819 	 -0.0809829
10.965 	 0.725863 	 -0.0806603
10.98 	 0.724909 	 -0.0803387
10.995 	 0.723957 	 -0.0800181
11.01 	 0.723008 	 -0.0796984
11.025 	 0.72206 	 -0.0793797
11.04 	 0.721115 	 -0.0790621
11.055 	 0.720172 	 -0.0787454
11.07 	 0.719231 	 -0.0784296
11.085 	 0.718292 	 -0.0781149
11.1 	 0.717355 	 -0.0778012
11.115 	 0.71642 	 -0.0774884
11.13 	 0.715487 	 -0.0771766
11.145 	 0.714557 	 -0.0768659
11.16 	 0.713628 	 -0.0765561
11.175 	 0.712702 	 -0.0762473
11.19 	 0.711778 	 -0.0759394
11.205 	 0.710855 	 -0.0756326
11.22 	 0.709935 	 -0.0753268
11.235 	 0.709017 	 -0.0750219
11.25 	 0.708101 	 -0.074718
11.265 	 0.707187 	 -0.0744151
11.28 	 0.706275 	 -0.0741132
11.295 	 0.705365 	 -0.0738123
11.31 	 0.704455 	 -0.0738123
11.325 	 0.703552 	 -0.0732135
11.34 	 0.702648 	 -0.0729155
11.355 	 0.701747 	 -0.0726185
11.37 	 0.700847 	 -0.0723225
11.385 	 0.69995 	 -0.0720275
11.4 	 0.699054 	 -0.0717335
11.415 	 0.698161 	 -0.0714404
11.43 	 0.697269 	 -0.0711484
11.445 	 0.69638 	 -0.0708573
11.46 	 0.695492 	 -0.0705672
11.475 	 0.694607 	 -0.0702781
11.49 	 0.693724 	 -0.0699899
11.505 	 0.692842 	 -0.0697027
11.52 	 0.691963 	 -0.0694165
11.535 	 0.691085 	 -0.0691313
11.55 	 0.69021 	 -0.068847
11.565 	 0.689337 	 -0.0685637
11.58 	 0.688465 	 -0.0682814
11.595 	 0.687596 	 -0.0680001
11.61 	 0.686728 	 -0.0677197
11.625 	 0.685863 	 -0.0674403
11.64 	 0.684999 	 -0.0671618
11.655 	 0.684138 	 -0.0668843
11.67 	 0.683278 	 -0.0666078
11.685 	 0.682421 	 -0.0663322
11.7 	 0.681565 	 -0.0660576
11.715 	 0.680711 	 -0.065784
11.73 	 0.67986 	 -0.0655113
11.745 	 0.67901 	 -0.0652395
11.76 	 0.678162 	 -0.0649687
11.775 	 0.677316 	 -0.0646989
11.79 	 0.676472 	 -0.06443
11.805 	 0.67563 	 -0.0641621
11.82 	 0.67479 	 -0.0638951
11.835 	 0.673951 	 -0.063629
11.85 	 0.673115 	 -0.0633639
11.865 	 0.67228 	 -0.0630998
11.88 	 0.671448 	 -0.0628365
11.895 	 0.670617 	 -0.0625742
11.91 	 0.669788 	 -0.0623129
11.925 	 0.668961 	 -0.0620525
11.94 	 0.668136 	 -0.061793
11.955 	 0.667313 	 -0.0615344
11.97 	 0.666492 	 -0.0612768
11.985 	 0.665673 	 -0.0610201
12 	 0.664855 	 -0.0607643
12.015 	 0.664039 	 -0.0605094
12.03 	 0.663225 	 -0.0602555
12.045 	 0.662413 	 -0.0600025
12.06 	 0.661603 	 -0.0597504
12.075 	 0.660795 	 -0.0594992
12.09 	 0.659989 	 -0.0592489
12.105 	 0.659184 	 -0.0589995
12.12 	 0.658381 	 -0.058751
12.135 	 0.65758 	 -0.0585035
12.15 	 0.656781 	 -0.0582568
12.165 	 0.655984 	 -0.0580111
12.18 	 0.655188 	 -0.0577662
12.195 	 0.654394 	 -0.0575223
12.21 	 0.653602 	 -0.0572792
12.225 	 0.652812 	 -0.057037
12.24 	 0.652024 	 -0.0567958
12.255 	 0.651237 	 -0.0565554
12.27 	 0.650452 	 -0.0563159
12.285 	 0.649669 	 -0.0560773
12.3 	 0.648888 	 -0.0558395
12.315 	 0.648109 	 -0.0556027
12.33 	 0.647331 	 -0.0553667
12.345 	 0.646555 	 -0.0551316
12.36 	 0.645781 	 -0.0548974
12.375 	 0.645008 	 -0.054664
12.39 	 0.644237 	 -0.0544315
12.405 	 0.643468 	 -0.0541999
12.42 	 0.642701 	 -0.0539691
12.435 	 0.641936 	 -0.0537392
12.45 	 0.641172 	 -0.0535102
12.465 	 0.64041 	 -0.053282
12.48 	 0.639649 	 -0.0530547
12.495 	 0.638891 	 -0.0528282
12.51 	 0.638134 	 -0.0526026
12.525 	 0.637378 	 -0.0523778
12.54 	 0.636625 	 -0.0521539
12.555 	 0.635873 	 -0.0519308
12.57 	 0.635123 	 -0.0517086
12.585 	 0.634374 	 -0.0514872
12.6 	 0.633628 	 -0.0512666
12.615 	 0.632882 	 -0.0510469
12.63 	 0.632139 	 -0.050828
12.645 	 0.631397 	 -0.0506099
12.66 	 0.630657 	 -0.0503927
12.675 	 0.629918 	 -0.0501763
12.69 	 0.629182 	 -0.0499607
12.705 	 0.628446 	 -0.0497459
12.72 	 0.627713 	 -0.049532
12.735 	 0.626981 	 -0.0493188
12.75 	 0.62625 	 -0.0491065
12.765 	 0.625522 	 -0.048895
12.78 	 0.624795 	 -0.0486843
12.795 	 0.624069 	 -0.0484744
12.81 	 0.623345 	 -0.0482653
12.825 	 0.622623 	 -0.048057
12.84 	 0.621903 	 -0.0478495
12.855 	 0.621183 	 -0.0478495
12.87 	 0.620466 	 -0.0474369
12.885 	 0.61975 	 -0.0472318
12.9 	 0.619036 	 -0.0470274
12.915 	 0.618323 	 -0.0468239
12.93 	 0.617612 	 -0.0466212
12.945 	 0.616903 	 -0.0464192
12.96 	 0.616195 	 -0.046218
12.975 	 0.615489 	 -0.0460176
12.99 	 0.614784 	 -0.045818
13.005 	 0.61408 	 -0.0456191
13.02 	 0.613379 	 -0.045421
13.035 	 0.612679 	 -0.0452237
13.05 	 0.61198 	 -0.0450272
13.065 	 0.611283 	 -0.0448314
13.08 	 0.610587 	 -0.0446363
13.095 	 0.609893 	 -0.0444421
13.11 	 0.609201 	 -0.0442486
13.125 	 0.60851 	 -0.0440558
13.14 	 0.60782 	 -0.0438638
13.155 	 0.607132 	 -0.0436725
13.17 	 0.606446 	 -0.043482
13.185 	 0.605761 	 -0.0432923
13.2 	 0.605078 	 -0.0431033
13.215 	 0.604396 	 -0.042915
13.23 	 0.603715 	 -0.042915
13.245 	 0.603036 	 -0.0425406
13.26 	 0.602359 	 -0.0423546
13.275 	 0.601683 	 -0.0421692
13.29 	 0.601008 	 -0.0419846
13.305 	 0.600335 	 -0.0418007
13.32 	 0.599663 	 -0.0416176
13.335 	 0.598993 	 -0.0414352
13.35 	 0.598325 	 -0.0412534
13.365 	 0.597657 	 -0.0410724
13.38 	 0.596991 	 -0.0408922
13.395 	 0.596327 	 -0.0407126
13.41 	 0.595664 	 -0.0405337
13.425 	 0.595003 	 -0.0403556
13.44 	 0.594343 	 -0.0401781
13.455 	 0.593684 	 -0.0400014
13.47 	 0.593027 	 -0.0398254
13.485 	 0.592371 	 -0.03965
13.5 	 0.591717 	 -0.0394754
13.515 	 0.591064 	 -0.0393014
13.53 	 0.590412 	 -0.0391282
13.545 	 0.589762 	 -0.0389556
13.56 	 0.589113 	 -0.0387837
13.575 	 0.588466 	 -0.0386126
13.59 	 0.58782 	 -0.038442
13.605 	 0.587175 	 -0.0382722
13.62 	 0.586532 	 -0.0381031
13.635 	 0.58589 	 -0.0379346
13.65 	 0.585249 	 -0.0377668
13.665 	 0.58461 	 -0.0375997
13.68 	 0.583973 	 -0.0374332
13.695 	 0.583336 	 -0.0372674
13.71 	 0.582701 	 -0.0371023
13.725 	 0.582068 	 -0.0369379
13.74 	 0.581435 	 -0.0367741
13.755 	 0.580804 	 -0.0366109
13.77 	 0.580175 	 -0.0364485
13.785 	 0.579546 	 -0.0362866
13.8 	 0.578919 	 -0.0361255
13.815 	 0.578294 	 -0.035965
13.83 	 0.577669 	 -0.0358051
13.845 	 0.577046 	 -0.0356459
13.86 	 0.576425 	 -0.0354873
13.875 	 0.575804 	 -0.0353293
13.89 	 0.575185 	 -0.035172
13.905 	 0.574567 	 -0.0350154
13.92 	 0.573951 	 -0.0348593
13.935 	 0.573336 	 -0.0347039
13.95 	 0.572722 	 -0.0345492
13.965 	 0.572109 	 -0.034395
13.98 	 0.571498 	 -0.0342415
13.995 	 0.570888 	 -0.0340886
14.01 	 0.570279 	 -0.0339364
14.025 	 0.569672 	 -0.0337847
14.04 	 0.569066 	 -0.0336337
14.055 	 0.568461 	 -0.0334833
14.07 	 0.567857 	 -0.0333335
14.085 	 0.567255 	 -0.0331843
14.1 	 0.566654 	 -0.0330358
14.115 	 0.566054 	 -0.0328878
14.13 	 0.565455 	 -0.0327404
14.145 	 0.564858 	 -0.0325937
14.16 	 0.564262 	 -0.0324475
14.175 	 0.563667 	 -0.032302
14.19 	 0.563073 	 -0.032157
14.205 	 0.562481 	 -0.0320126
14.22 	 0.561889 	 -0.0318689
14.235 	 0.561299 	 -0.0317257
14.25 	 0.560711 	 -0.0315831
14.265 	 0.560123 	 -0.0314411
14.28 	 0.559537 	 -0.0312997
14.295 	 0.558952 	 -0.0311588
14.31 	 0.558368 	 -0.0310186
14.325 	 0.557785 	 -0.0308789
14.34 	 0.557204 	 -0.0307398
14.355 	 0.556623 	 -0.0306013
14.37 	 0.556044 	 -0.0304633
14.385 	 0.555466 	 -0.030326
14.4 	 0.554889 	 -0.030326
14.415 	 0.554314 	 -0.0300529
14.43 	 0.55374 	 -0.0299172
14.445 	 0.553166 	 -0.0297821
14.46 	 0.552594 	 -0.0296475
14.475 	 0.552023 	 -0.0295135
14.49 	 0.551454 	 -0.0293801
14.505 	 0.550885 	 -0.0292472
14.52 	 0.550318 	 -0.0291149
14.535 	 0.549751 	 -0.0289831
14.55 	 0.549186 	 -0.0288519
14.565 	 0.548622 	 -0.0287212
14.58 	 0.54806 	 -0.028591
14.595 	 0.547498 	 -0.0284614
14.61 	 0.546937 	 -0.0283324
14.625 	 0.546378 	 -0.0282038
14.64 	 0.54582 	 -0.0280759
14.655 	 0.545263 	 -0.0279484
14.67 	 0.544707 	 -0.0278215
14.685 	 0.544152 	 -0.0276951
14.7 	 0.543598 	 -0.0275693
14.715 	 0.543045 	 -0.0274439
14.73 	 0.542494 	 -0.0273191
14.745 	 0.541943 	 -0.0271949
14.76 	 0.541394 	 -0.0270711
14.775 	 0.540846 	 -0.0270711
14.79 	 0.540299 	 -0.0268252
14.805 	 0.539753 	 -0.026703
14.82 	 0.539208 	 -0.0265813
14.835 	 0.538664 	 -0.0264601
14.85 	 0.538121 	 -0.0263395
14.865 	 0.53758 	 -0.0262193
14.88 	 0.537039 	 -0.0260997
14.895 	 0.5365 	 -0.0259805
14.91 	 0.535961 	 -0.0258619
14.925 	 0.535424 	 -0.0257438
14.94 	 0.534887 	 -0.0256261
14.955 	 0.534352 	 -0.025509
14.97 	 0.533818 	 -0.0253924
14.985 	 0.533285 	 -0.0252762
15 	 0.532753 	 -0.0251606
15.015 	 0.532222 	 -0.0250454
15.03 	 0.531692 	 -0.0249307
15.045 	 0.531163 	 -0.0248165
15.06 	 0.530635 	 -0.0247028
15.075 	 0.530108 	 -0.0245896
15.09 	 0.529582 	 -0.0244769
15.105 	 0.529058 	 -0.0243646
15.12 	 0.528534 	 -0.0242529
15.135 	 0.528011 	 -0.0241416
15.15 	 0.52749 	 -0.0241416
15.165 	 0.526969 	 -0.0239204
15.18 	 0.526449 	 -0.0238105
15.195 	 0.525931 	 -0.0237011
15.21 	 0.525413 	 -0.0235921
15.225 	 0.524897 	 -0.0234837
15.24 	 0.524381 	 -0.0233756
15.255 	 0.523866 	 -0.0232681
15.27 	 0.523353 	 -0.023161
15.285 	 0.52284 	 -0.0230544
15.3 	 0.522329 	 -0.0229482
15.315 	 0.521818 	 -0.0228425
15.33 	 0.521309 	 -0.0227372
15.345 	 0.5208 	 -0.0226324
15.36 	 0.520292 	 -0.022528
15.375 	 0.519786 	 -0.0224241
15.39 	 0.51928 	 -0.0223207
15.405 	 0.518775 	 -0.0222176
15.42 	 0.518272 	 -0.0221151
15.435 	 0.517769 	 -0.0220129
15.45 	 0.517267 	 -0.0219112
15.465 	 0.516766 	 -0.02181
15.48 	 0.516267 	 -0.0217092
15.495 	 0.515768 	 -0.0216088
15.51 	 0.51527 	 -0.0215088
15.525 	 0.514773 	 -0.0214093
15.54 	 0.514277 	 -0.0213102
15.555 	 0.513782 	 -0.0212116
15.57 	 0.513288 	 -0.0211133
15.585 	 0.512794 	 -0.0210155
15.6 	 0.512302 	 -0.0209182
15.615 	 0.511811 	 -0.0208212
15.63 	 0.511321 	 -0.0207247
15.645 	 0.510831 	 -0.0206285
15.66 	 0.510343 	 -0.0205328
15.675 	 0.509855 	 -0.0204376
15.69 	 0.509369 	 -0.0203427
15.705 	 0.508883 	 -0.0202482
15.72 	 0.508398 	 -0.0201542
15.735 	 0.507914 	 -0.0200606
15.75 	 0.507431 	 -0.0199673
15.765 	 0.506949 	 -0.0198745
15.78 	 0.506468 	 -0.0197821
15.795 	 0.505988 	 -0.0196901
15.81 	 0.505509 	 -0.0195985
15.825 	 0.50503 	 -0.0195073
15.84 	 0.504553 	 -0.0194164
15.855 	 0.504076 	 -0.019326
15.87 	 0.5036 	 -0.019236
15.885 	 0.503126 	 -0.0191464
15.9 	 0.502652 	 -0.0190571
15.915 	 0.502179 	 -0.0189683
15.93 	 0.501707 	 -0.0188799
15.945 	 0.501235 	 -0.0187918
15.96 	 0.500765 	 -0.0187041
15.975 	 0.500295 	 -0.0186168
15.99 	 0.499827 	 -0.0185299
16.005 	 0.499359 	 -0.0184434
16.02 	 0.498892 	 -0.0183572
16.035 	 0.498426 	 -0.0182715
16.05 	 0.497961 	 -0.0181861
16.065 	 0.497497 	 -0.0181011
16.08 	 0.497033 	 -0.0180164
16.095 	 0.496571 	 -0.0179322
16.11 	 0.496109 	 -0.0178483
16.125 	 0.495648 	 -0.0177647
16.14 	 0.495188 	 -0.0176816
16.155 	 0.494729 	 -0.0175988
16.17 	 0.494271 	 -0.0175164
16.185 	 0.493813 	 -0.0174343
16.2 	 0.493357 	 -0.0173526
16.215 	 0.492901 	 -0.0172713
16.23 	 0.492446 	 -0.0171903
16.245 	 0.491992 	 -0.0171097
16.26 	 0.491539 	 -0.0170295
16.275 	 0.491086 	 -0.0169496
16.29 	 0.490635 	 -0.01687
16.305 	 0.490184 	 -0.0167908
16.32 	 0.489734 	 -0.016712
16.335 	 0.489285 	 -0.0166335
16.35 	 0.488837 	 -0.0165553
16.365 	 0.488389 	 -0.0164775
16.38 	 0.487942 	 -0.0164001
16.395 	 0.487497 	 -0.016323
16.41 	 0.487052 	 -0.0162462
16.425 	 0.486607 	 -0.0161698
16.44 	 0.486164 	 -0.0160937
16.455 	 0.485721 	 -0.016018
16.47 	 0.485279 	 -0.0159426
16.485 	 0.484838 	 -0.0158675
16.5 	 0.484398 	 -0.0157928
16.515 	 0.483959 	 -0.0157184
16.53 	 0.48352 	 -0.0156443
16.545 	 0.483082 	 -0.0155706
16.56 	 0.482645 	 -0.0154972
16.575 	 0.482209 	 -0.0154241
16.59 	 0.481774 	 -0.0153514
16.605 	 0.481339 	 -0.015279
16.62 	 0.480905 	 -0.0152069
16.635 	 0.480472 	 -0.0151351
16.65 	 0.48004 	 -0.0150636
16.665 	 0.479608 	 -0.0149925
16.68 	 0.479177 	 -0.0149217
16.695 	 0.478747 	 -0.0148512
16.71 	 0.478318 	 -0.014781
16.725 	 0.47789 	 -0.0147112
16.74 	 0.477462 	 -0.0146416
16.755 	 0.477035 	 -0.0145724
16.77 	 0.476609 	 -0.0145035
16.785 	 0.476183 	 -0.0144348
16.8 	 0.475759 	 -0.0143665
16.815 	 0.475335 	 -0.0142985
16.83 	 0.474912 	 -0.0142308
16.845 	 0.474489 	 -0.0141635
16.86 	 0.474067 	 -0.0140964
16.875 	 0.473647 	 -0.0140296
16.89 	 0.473226 	 -0.0139631
16.905 	 0.472807 	 -0.013897
16.92 	 0.472388 	 -0.0138311
16.935 	 0.47197 	 -0.0137655
16.95 	 0.471553 	 -0.0137002
16.965 	 0.471137 	 -0.0136352
16.98 	 0.470721 	 -0.0135705
16.995 	 0.470306 	 -0.0135061
17.01 	 0.469892 	 -0.013442
17.025 	 0.469478 	 -0.0133782
17.04 	 0.469065 	 -0.0133147
17.055 	 0.468653 	 -0.0132514
17.07 	 0.468242 	 -0.0131885
17.085 	 0.467831 	 -0.0131258
17.1 	 0.467421 	 -0.0130634
17.115 	 0.467012 	 -0.0130013
17.13 	 0.466603 	 -0.0129395
17.145 	 0.466196 	 -0.012878
17.16 	 0.465789 	 -0.0128167
17.175 	 0.465382 	 -0.0127557
17.19 	 0.464977 	 -0.012695
17.205 	 0.464572 	 -0.0126346
17.22 	 0.464167 	 -0.0125745
17.235 	 0.463764 	 -0.0125146
17.25 	 0.463361 	 -0.012455
17.265 	 0.462959 	 -0.0123957
17.28 	 0.462557 	 -0.0123366
17.295 	 0.462157 	 -0.0122778
17.31 	 0.461756 	 -0.0122193
17.325 	 0.461357 	 -0.012161
17.34 	 0.460958 	 -0.0121031
17.355 	 0.46056 	 -0.0120453
17.37 	 0.460163 	 -0.0119879
17.385 	 0.459766 	 -0.0119307
17.4 	 0.459371 	 -0.0118737
17.415 	 0.458975 	 -0.0118171
17.43 	 0.458581 	 -0.0117607
17.445 	 0.458187 	 -0.0117045
17.46 	 0.457794 	 -0.0116486
17.475 	 0.457401 	 -0.011593
17.49 	 0.457009 	 -0.0115376
17.505 	 0.456618 	 -0.0114824
17.52 	 0.456227 	 -0.0114276
17.535 	 0.455837 	 -0.0113729
17.55 	 0.455448 	 -0.0113186
17.565 	 0.45506 	 -0.0112644
17.58 	 0.454672 	 -0.0112105
17.595 	 0.454284 	 -0.0111569
17.61 	 0.453898 	 -0.0111035
17.625 	 0.453512 	 -0.0110504
17.64 	 0.453127 	 -0.0109975
17.655 	 0.452742 	 -0.0109975
17.67 	 0.452358 	 -0.0108924
17.685 	 0.451975 	 -0.0108403
17.7 	 0.451592 	 -0.0107883
17.715 	 0.45121 	 -0.0107367
17.73 	 0.450829 	 -0.0106852
17.745 	 0.450448 	 -0.010634
17.76 	 0.450068 	 -0.010583
17.775 	 0.449689 	 -0.0105323
17.79 	 0.44931 	 -0.0104818
17.805 	 0.448932 	 -0.0104315
17.82 	 0.448554 	 -0.0103815
17.835 	 0.448177 	 -0.0103317
17.85 	 0.447801 	 -0.0102821
17.865 	 0.447425 	 -0.0102327
17.88 	 0.44705 	 -0.0101836
17.895 	 0.446676 	 -0.0101347
17.91 	 0.446302 	 -0.0100861
17.925 	 0.445929 	 -0.0100376
17.94 	 0.445556 	 -0.0099894
17.955 	 0.445185 	 -0.0099414
17.97 	 0.444813 	 -0.00989363
17.985 	 0.444443 	 -0.00984608
18 	 0.444073 	 -0.00979875
18.015 	 0.443703 	 -0.00975164
18.03 	 0.443334 	 -0.00975164
18.045 	 0.442966 	 -0.00965808
18.06 	 0.442599 	 -0.00961163
18.075 	 0.442232 	 -0.00956539
18.09 	 0.441865 	 -0.00951936
18.105 	 0.4415 	 -0.00947355
18.12 	 0.441134 	 -0.00942795
18.135 	 0.44077 	 -0.00938257
18.15 	 0.440406 	 -0.00933739
18.165 	 0.440043 	 -0.00929243
18.18 	 0.43968 	 -0.00924767
18.195 	 0.439318 	 -0.00920313
18.21 	 0.438956 	 -0.00915879
18.225 	 0.438595 	 -0.00911465
18.24 	 0.438235 	 -0.00907073
18.255 	 0.437875 	 -0.00902701
18.27 	 0.437516 	 -0.00898349
18.285 	 0.437157 	 -0.00894017
18.3 	 0.436799 	 -0.00889706
18.315 	 0.436442 	 -0.00885415
18.33 	 0.436085 	 -0.00881144
18.345 	 0.435729 	 -0.00876893
18.36 	 0.435373 	 -0.00872662
18.375 	 0.435018 	 -0.0086845
18.39 	 0.434663 	 -0.00864258
18.405 	 0.434309 	 -0.00864258
18.42 	 0.433956 	 -0.00855934
18.435 	 0.433603 	 -0.008518
18.45 	 0.433251 	 -0.00847687
18.465 	 0.432899 	 -0.00843592
18.48 	 0.432548 	 -0.00839517
18.495 	 0.432198 	 -0.0083546
18.51 	 0.431848 	 -0.00831423
18.525 	 0.431499 	 -0.00827405
18.54 	 0.43115 	 -0.00823405
18.555 	 0.430802 	 -0.00819424
18.57 	 0.430454 	 -0.00815462
18.585 	 0.430107 	 -0.00811519
18.6 	 0.42976 	 -0.00807594
18.615 	 0.429414 	 -0.00803687
18.63 	 0.429069 	 -0.00799799
18.645 	 0.428724 	 -0.00795929
18.66 	 0.428379 	 -0.00792077
18.675 	 0.428036 	 -0.00788244
18.69 	 0.427692 	 -0.00784428
18.705 	 0.42735 	 -0.0078063
18.72 	 0.427008 	 -0.0077685
18.735 	 0.426666 	 -0.00773088
18.75 	 0.426325 	 -0.00769344
18.765 	 0.425984 	 -0.00765617
18.78 	 0.425644 	 -0.00765617
18.795 	 0.425305 	 -0.00758217
18.81 	 0.424966 	 -0.00754542
18.825 	 0.424628 	 -0.00750885
18.84 	 0.42429 	 -0.00747246
18.855 	 0.423953 	 -0.00743623
18.87 	 0.423616 	 -0.00740018
18.885 	 0.42328 	 -0.00736429
18.9 	 0.422944 	 -0.00732858
18.915 	 0.422609 	 -0.00729303
18.93 	 0.422274 	 -0.00725765
18.945 	 0.42194 	 -0.00722244
18.96 	 0.421607 	 -0.00718739
18.975 	 0.421274 	 -0.00715252
18.99 	 0.420941 	 -0.0071178
19.005 	 0.420609 	 -0.00708325
19.02 	 0.420278 	 -0.00704886
19.035 	 0.419947 	 -0.00701464
19.05 	 0.419617 	 -0.00698058
19.065 	 0.419287 	 -0.00694667
19.08 	 0.418957 	 -0.00691293
19.095 	 0.418629 	 -0.00687935
19.11 	 0.4183 	 -0.00684593
19.125 	 0.417972 	 -0.00681266
19.14 	 0.417645 	 -0.00677956
19.155 	 0.417318 	 -0.00677956
19.17 	 0.416992 	 -0.00671382
19.185 	 0.416666 	 -0.00668118
19.2 	 0.416341 	 -0.00664869
19.215 	 0.416016 	 -0.00661637
19.23 	 0.415692 	 -0.00658419
19.245 	 0.415368 	 -0.00655217
19.26 	 0.415045 	 -0.0065203
19.275 	 0.414722 	 -0.00648858
19.29 	 0.4144 	 -0.00645701
19.305 	 0.414078 	 -0.00642559
19.32 	 0.413757 	 -0.00639432
19.335 	 0.413436 	 -0.0063632
19.35 	 0.413116 	 -0.00633222
19.365 	 0.412796 	 -0.0063014
19.38 	 0.412477 	 -0.00627072
19.395 	 0.412158 	 -0.00624018
19.41 	 0.41184 	 -0.0062098
19.425 	 0.411522 	 -0.00617955
19.44 	 0.411205 	 -0.00614945
19.455 	 0.410888 	 -0.0061195
19.47 	 0.410572 	 -0.00608968
19.485 	 0.410256 	 -0.00606001
19.5 	 0.409941 	 -0.00603048
19.515 	 0.409626 	 -0.00600109
19.53 	 0.409312 	 -0.00597184
19.545 	 0.408998 	 -0.00594273
19.56 	 0.408684 	 -0.00591376
19.575 	 0.408371 	 -0.00588492
19.59 	 0.408059 	 -0.00585623
19.605 	 0.407747 	 -0.00582767
19.62 	 0.407435 	 -0.00579925
19.635 	 0.407124 	 -0.00577096
19.65 	 0.406814 	 -0.00574281
19.665 	 0.406504 	 -0.00571479
19.68 	 0.406194 	 -0.00568691
19.695 	 0.405885 	 -0.00565915
19.71 	 0.405576 	 -0.00563154
19.725 	 0.405268 	 -0.00560405
19.74 	 0.404961 	 -0.0055767
19.755 	 0.404653 	 -0.00554947
19.77 	 0.404347 	 -0.00552238
19.785 	 0.40404 	 -0.00549541
19.8 	 0.403734 	 -0.00546858
19.815 	 0.403429 	 -0.00544187
19.83 	 0.403124 	 -0.00541529
19.845 	 0.40282 	 -0.00538884
19.86 	 0.402516 	 -0.00536251
19.875 	 0.402212 	 -0.00533631
19.89 	 0.401909 	 -0.00531024
19.905 	 0.401606 	 -0.00528429
19.92 	 0.401304 	 -0.00525847
19.935 	 0.401002 	 -0.00523277
19.95 	 0.400701 	 -0.00520719
19.965 	 0.4004 	 -0.00518173
19.98 	 0.4001 	 -0.0051564
