0 	 1.48108 	 -0.176578
0.015 	 1.48107 	 -0.176581
0.03 	 1.48106 	 -0.176586
0.045 	 1.48104 	 -0.176593
0.06 	 1.48103 	 -0.176602
0.075 	 1.48101 	 -0.176614
0.09 	 1.48098 	 -0.176627
0.105 	 1.48096 	 -0.176643
0.12 	 1.48093 	 -0.17666
0.135 	 1.4809 	 -0.17668
0.15 	 1.48086 	 -0.176701
0.165 	 1.48085 	 -0.176701
0.18 	 1.48079 	 -0.176751
0.195 	 1.48075 	 -0.176779
0.21 	 1.4807 	 -0.176808
0.225 	 1.48068 	 -0.176808
0.24 	 1.48061 	 -0.176874
0.255 	 1.48056 	 -0.17691
0.27 	 1.4805 	 -0.176948
0.285 	 1.48045 	 -0.176988
0.3 	 1.48039 	 -0.177029
0.315 	 1.48033 	 -0.177073
0.33 	 1.48029 	 -0.177073
0.345 	 1.48019 	 -0.177167
0.36 	 1.48013 	 -0.177217
0.375 	 1.48005 	 -0.177268
0.39 	 1.47998 	 -0.177322
0.405 	 1.4799 	 -0.177377
0.42 	 1.47982 	 -0.177435
0.435 	 1.47974 	 -0.177494
0.45 	 1.47968 	 -0.177494
0.465 	 1.47957 	 -0.177619
0.48 	 1.47948 	 -0.177684
0.495 	 1.47938 	 -0.17775
0.51 	 1.47929 	 -0.177819
0.525 	 1.47919 	 -0.17789
0.54 	 1.47909 	 -0.177962
0.555 	 1.47898 	 -0.178036
0.57 	 1.47888 	 -0.178112
0.585 	 1.47877 	 -0.17819
0.6 	 1.47866 	 -0.17827
0.615 	 1.47854 	 -0.178351
0.63 	 1.47842 	 -0.178434
0.645 	 1.4783 	 -0.178519
0.66 	 1.47821 	 -0.178519
0.675 	 1.47806 	 -0.178693
0.69 	 1.47793 	 -0.178783
0.705 	 1.4778 	 -0.178875
0.72 	 1.47766 	 -0.178968
0.735 	 1.47753 	 -0.179062
0.75 	 1.47739 	 -0.179159
0.765 	 1.47725 	 -0.179257
0.78 	 1.4771 	 -0.179356
0.795 	 1.47695 	 -0.179458
0.81 	 1.4768 	 -0.17956
0.825 	 1.47665 	 -0.179664
0.84 	 1.47649 	 -0.17977
0.855 	 1.47633 	 -0.179877
0.87 	 1.47617 	 -0.179986
0.885 	 1.47601 	 -0.180096
0.9 	 1.47587 	 -0.180096
0.915 	 1.47567 	 -0.180321
0.93 	 1.4755 	 -0.180435
0.945 	 1.47532 	 -0.180551
0.96 	 1.47514 	 -0.180668
0.975 	 1.47496 	 -0.180786
0.99 	 1.47477 	 -0.180906
1.005 	 1.47459 	 -0.181027
1.02 	 1.47439 	 -0.181149
1.035 	 1.4742 	 -0.181273
1.05 	 1.474 	 -0.181398
1.065 	 1.4738 	 -0.181524
1.08 	 1.4736 	 -0.181651
1.095 	 1.47339 	 -0.18178
1.11 	 1.47318 	 -0.181909
1.125 	 1.47297 	 -0.18204
1.14 	 1.47276 	 -0.182172
1.155 	 1.47254 	 -0.182305
1.17 	 1.47232 	 -0.182439
1.185 	 1.47209 	 -0.182574
1.2 	 1.47186 	 -0.18271
1.215 	 1.47163 	 -0.182847
1.23 	 1.4714 	 -0.182985
1.245 	 1.47116 	 -0.183125
1.26 	 1.47092 	 -0.183265
1.275 	 1.47068 	 -0.183406
1.29 	 1.47043 	 -0.183548
1.305 	 1.47018 	 -0.18369
1.32 	 1.46996 	 -0.18369
1.335 	 1.46967 	 -0.183979
1.35 	 1.46941 	 -0.184124
1.365 	 1.46914 	 -0.18427
1.38 	 1.46888 	 -0.184417
1.395 	 1.46861 	 -0.184565
1.41 	 1.46833 	 -0.184713
1.425 	 1.46806 	 -0.184863
1.44 	 1.46778 	 -0.185012
1.455 	 1.46749 	 -0.185163
1.47 	 1.46721 	 -0.185314
1.485 	 1.46692 	 -0.185466
1.5 	 1.46662 	 -0.185619
1.515 	 1.46632 	 -0.185772
1.53 	 1.46602 	 -0.185925
1.545 	 1.46572 	 -0.186079
1.56 	 1.46541 	 -0.186234
1.575 	 1.4651 	 -0.186389
1.59 	 1.46479 	 -0.186545
1.605 	 1.46447 	 -0.186701
1.62 	 1.46415 	 -0.186858
1.635 	 1.46382 	 -0.187015
1.65 	 1.46349 	 -0.187172
1.665 	 1.46316 	 -0.18733
1.68 	 1.46282 	 -0.187488
1.695 	 1.46248 	 -0.187647
1.71 	 1.46214 	 -0.187806
1.725 	 1.46179 	 -0.187965
1.74 	 1.46144 	 -0.188124
1.755 	 1.46109 	 -0.188284
1.77 	 1.46073 	 -0.188444
1.785 	 1.46037 	 -0.188604
1.8 	 1.46004 	 -0.188604
1.815 	 1.45963 	 -0.188925
1.83 	 1.45926 	 -0.189086
1.845 	 1.45888 	 -0.189246
1.86 	 1.4585 	 -0.189407
1.875 	 1.45812 	 -0.189568
1.89 	 1.45773 	 -0.189729
1.905 	 1.45734 	 -0.189891
1.92 	 1.45694 	 -0.190052
1.935 	 1.45654 	 -0.190213
1.95 	 1.45613 	 -0.190374
1.965 	 1.45573 	 -0.190535
1.98 	 1.45531 	 -0.190697
1.995 	 1.4549 	 -0.190858
2.01 	 1.45448 	 -0.191019
2.025 	 1.45405 	 -0.19118
2.04 	 1.45363 	 -0.19134
2.055 	 1.4532 	 -0.191501
2.07 	 1.45276 	 -0.191662
2.085 	 1.45232 	 -0.191822
2.1 	 1.45188 	 -0.191982
2.115 	 1.45143 	 -0.192142
2.13 	 1.45097 	 -0.192302
2.145 	 1.45052 	 -0.192461
2.16 	 1.45006 	 -0.19262
2.175 	 1.44959 	 -0.192779
2.19 	 1.44912 	 -0.192938
2.205 	 1.44865 	 -0.193096
2.22 	 1.44817 	 -0.193254
2.235 	 1.44769 	 -0.193411
2.25 	 1.44721 	 -0.193569
2.265 	 1.44672 	 -0.193725
2.28 	 1.44622 	 -0.193882
2.295 	 1.44572 	 -0.194038
2.31 	 1.44522 	 -0.194193
2.325 	 1.44471 	 -0.194348
2.34 	 1.4442 	 -0.194503
2.355 	 1.44369 	 -0.194657
2.37 	 1.44317 	 -0.194811
2.385 	 1.44264 	 -0.194964
2.4 	 1.44211 	 -0.195116
2.415 	 1.44158 	 -0.195268
2.43 	 1.44104 	 -0.195419
2.445 	 1.4405 	 -0.19557
2.46 	 1.43995 	 -0.19572
2.475 	 1.4394 	 -0.19587
2.49 	 1.43885 	 -0.196019
2.505 	 1.43829 	 -0.196167
2.52 	 1.43772 	 -0.196314
2.535 	 1.43716 	 -0.196461
2.55 	 1.43658 	 -0.196607
2.565 	 1.436 	 -0.196753
2.58 	 1.43542 	 -0.196897
2.595 	 1.43483 	 -0.197041
2.61 	 1.43424 	 -0.197184
2.625 	 1.43365 	 -0.197327
2.64 	 1.43309 	 -0.197327
2.655 	 1.43244 	 -0.197609
2.67 	 1.43183 	 -0.197749
2.685 	 1.43122 	 -0.197888
2.7 	 1.4306 	 -0.198026
2.715 	 1.42997 	 -0.198163
2.73 	 1.42934 	 -0.1983
2.745 	 1.42871 	 -0.198435
2.76 	 1.42807 	 -0.19857
2.775 	 1.42743 	 -0.198704
2.79 	 1.42678 	 -0.198836
2.805 	 1.42613 	 -0.198968
2.82 	 1.42547 	 -0.199099
2.835 	 1.42481 	 -0.199229
2.85 	 1.42414 	 -0.199358
2.865 	 1.42347 	 -0.199485
2.88 	 1.4228 	 -0.199612
2.895 	 1.42211 	 -0.199738
2.91 	 1.42143 	 -0.199862
2.925 	 1.42074 	 -0.199986
2.94 	 1.42004 	 -0.200109
2.955 	 1.41934 	 -0.20023
2.97 	 1.41864 	 -0.20035
2.985 	 1.41793 	 -0.200469
3 	 1.41721 	 -0.200587
3.015 	 1.41649 	 -0.200704
3.03 	 1.41577 	 -0.20082
3.045 	 1.41504 	 -0.200935
3.06 	 1.4143 	 -0.201048
3.075 	 1.41356 	 -0.20116
3.09 	 1.41282 	 -0.201271
3.105 	 1.41207 	 -0.201381
3.12 	 1.41132 	 -0.201489
3.135 	 1.41056 	 -0.201597
3.15 	 1.40979 	 -0.201703
3.165 	 1.40902 	 -0.201807
3.18 	 1.40825 	 -0.201911
3.195 	 1.40747 	 -0.202013
3.21 	 1.40668 	 -0.202114
3.225 	 1.4059 	 -0.202213
3.24 	 1.4051 	 -0.202312
3.255 	 1.4043 	 -0.202408
3.27 	 1.4035 	 -0.202504
3.285 	 1.40269 	 -0.202598
3.3 	 1.40187 	 -0.202691
3.315 	 1.40106 	 -0.202782
3.33 	 1.40023 	 -0.202872
3.345 	 1.3994 	 -0.202961
3.36 	 1.39857 	 -0.203048
3.375 	 1.39773 	 -0.203134
3.39 	 1.39688 	 -0.203218
3.405 	 1.39603 	 -0.203301
3.42 	 1.39518 	 -0.203382
3.435 	 1.39432 	 -0.203462
3.45 	 1.39346 	 -0.203541
3.465 	 1.39259 	 -0.203618
3.48 	 1.39171 	 -0.203693
3.495 	 1.39083 	 -0.203767
3.51 	 1.38995 	 -0.20384
3.525 	 1.38906 	 -0.20391
3.54 	 1.38816 	 -0.20398
3.555 	 1.38726 	 -0.204048
3.57 	 1.38636 	 -0.204114
3.585 	 1.38545 	 -0.204179
3.6 	 1.38458 	 -0.204179
3.615 	 1.38361 	 -0.204303
3.63 	 1.38268 	 -0.204363
3.645 	 1.38175 	 -0.204422
3.66 	 1.38082 	 -0.204478
3.675 	 1.37988 	 -0.204534
3.69 	 1.37893 	 -0.204587
3.705 	 1.37798 	 -0.204639
3.72 	 1.37702 	 -0.204689
3.735 	 1.37606 	 -0.204738
3.75 	 1.3751 	 -0.204784
3.765 	 1.37412 	 -0.20483
3.78 	 1.37315 	 -0.204873
3.795 	 1.37217 	 -0.204915
3.81 	 1.37118 	 -0.204955
3.825 	 1.37019 	 -0.204994
3.84 	 1.36919 	 -0.20503
3.855 	 1.36819 	 -0.205065
3.87 	 1.36718 	 -0.205099
3.885 	 1.36617 	 -0.20513
3.9 	 1.36515 	 -0.20516
3.915 	 1.36413 	 -0.205188
3.93 	 1.36311 	 -0.205214
3.945 	 1.36207 	 -0.205239
3.96 	 1.36104 	 -0.205261
3.975 	 1.36 	 -0.205282
3.99 	 1.35895 	 -0.205301
4.005 	 1.3579 	 -0.205319
4.02 	 1.35684 	 -0.205334
4.035 	 1.35578 	 -0.205348
4.05 	 1.35471 	 -0.20536
4.065 	 1.35364 	 -0.20537
4.08 	 1.35256 	 -0.205378
4.095 	 1.35148 	 -0.205385
4.11 	 1.35039 	 -0.205389
4.125 	 1.3493 	 -0.205392
4.14 	 1.34821 	 -0.205393
4.155 	 1.34711 	 -0.205392
4.17 	 1.346 	 -0.205389
4.185 	 1.34489 	 -0.205384
4.2 	 1.34377 	 -0.205378
4.215 	 1.34265 	 -0.205369
4.23 	 1.34153 	 -0.205359
4.245 	 1.3404 	 -0.205346
4.26 	 1.33926 	 -0.205332
4.275 	 1.33812 	 -0.205316
4.29 	 1.33697 	 -0.205298
4.305 	 1.33582 	 -0.205278
4.32 	 1.33467 	 -0.205256
4.335 	 1.33351 	 -0.205232
4.35 	 1.33235 	 -0.205206
4.365 	 1.33118 	 -0.205179
4.38 	 1.33 	 -0.205149
4.395 	 1.32883 	 -0.205117
4.41 	 1.32764 	 -0.205084
4.425 	 1.32646 	 -0.205048
4.44 	 1.32526 	 -0.205011
4.455 	 1.32407 	 -0.204971
4.47 	 1.32286 	 -0.20493
4.485 	 1.32166 	 -0.204886
4.5 	 1.32045 	 -0.204841
4.515 	 1.31923 	 -0.204793
4.53 	 1.31801 	 -0.204744
4.545 	 1.31679 	 -0.204692
4.56 	 1.31556 	 -0.204639
4.575 	 1.31433 	 -0.204584
4.59 	 1.31309 	 -0.204526
4.605 	 1.31184 	 -0.204467
4.62 	 1.3106 	 -0.204405
4.635 	 1.30935 	 -0.204342
4.65 	 1.30809 	 -0.204276
4.665 	 1.30683 	 -0.204208
4.68 	 1.30557 	 -0.204139
4.695 	 1.30434 	 -0.204139
4.71 	 1.30302 	 -0.203994
4.725 	 1.30175 	 -0.203918
4.74 	 1.30046 	 -0.20384
4.755 	 1.29918 	 -0.20376
4.77 	 1.29789 	 -0.203678
4.785 	 1.29659 	 -0.203594
4.8 	 1.29529 	 -0.203508
4.815 	 1.29399 	 -0.20342
4.83 	 1.29268 	 -0.20333
4.845 	 1.29137 	 -0.203238
4.86 	 1.29006 	 -0.203144
4.875 	 1.28874 	 -0.203048
4.89 	 1.28741 	 -0.202949
4.905 	 1.28609 	 -0.202849
4.92 	 1.28475 	 -0.202746
4.935 	 1.28342 	 -0.202642
4.95 	 1.28208 	 -0.202535
4.965 	 1.28073 	 -0.202426
4.98 	 1.27939 	 -0.202316
4.995 	 1.27804 	 -0.202203
5.01 	 1.27668 	 -0.202088
5.025 	 1.27532 	 -0.201971
5.04 	 1.27396 	 -0.201851
5.055 	 1.27259 	 -0.20173
5.07 	 1.27122 	 -0.201607
5.085 	 1.26985 	 -0.201482
5.1 	 1.26847 	 -0.201354
5.115 	 1.26709 	 -0.201225
5.13 	 1.2657 	 -0.201093
5.145 	 1.26431 	 -0.200959
5.16 	 1.26292 	 -0.200823
5.175 	 1.26152 	 -0.200685
5.19 	 1.26012 	 -0.200545
5.205 	 1.25872 	 -0.200403
5.22 	 1.25731 	 -0.200259
5.235 	 1.2559 	 -0.200113
5.25 	 1.25449 	 -0.199964
5.265 	 1.25307 	 -0.199814
5.28 	 1.25168 	 -0.199814
5.295 	 1.25022 	 -0.199507
5.31 	 1.2488 	 -0.19935
5.325 	 1.24737 	 -0.199191
5.34 	 1.24593 	 -0.19903
5.355 	 1.2445 	 -0.198868
5.37 	 1.24306 	 -0.198702
5.385 	 1.24161 	 -0.198535
5.4 	 1.24017 	 -0.198366
5.415 	 1.23872 	 -0.198195
5.43 	 1.23726 	 -0.198022
5.445 	 1.23581 	 -0.197846
5.46 	 1.23435 	 -0.197669
5.475 	 1.23289 	 -0.197489
5.49 	 1.23142 	 -0.197307
5.505 	 1.22995 	 -0.197124
5.52 	 1.22848 	 -0.196938
5.535 	 1.22701 	 -0.19675
5.55 	 1.22553 	 -0.19656
5.565 	 1.22405 	 -0.196368
5.58 	 1.22257 	 -0.196174
5.595 	 1.22109 	 -0.195978
5.61 	 1.2196 	 -0.19578
5.625 	 1.21811 	 -0.19558
5.64 	 1.21662 	 -0.195378
5.655 	 1.21515 	 -0.195378
5.67 	 1.21363 	 -0.194968
5.685 	 1.21212 	 -0.194759
5.7 	 1.21062 	 -0.194549
5.715 	 1.20912 	 -0.194337
5.73 	 1.20761 	 -0.194122
5.745 	 1.2061 	 -0.193906
5.76 	 1.20459 	 -0.193688
5.775 	 1.20307 	 -0.193467
5.79 	 1.20156 	 -0.193245
5.805 	 1.20004 	 -0.193021
5.82 	 1.19851 	 -0.192794
5.835 	 1.19699 	 -0.192566
5.85 	 1.19546 	 -0.192336
5.865 	 1.19394 	 -0.192103
5.88 	 1.19241 	 -0.191869
5.895 	 1.19087 	 -0.191633
5.91 	 1.18934 	 -0.191394
5.925 	 1.1878 	 -0.191154
5.94 	 1.18627 	 -0.190912
5.955 	 1.18473 	 -0.190668
5.97 	 1.18318 	 -0.190422
5.985 	 1.18164 	 -0.190174
6 	 1.1801 	 -0.189924
6.015 	 1.17855 	 -0.189672
6.03 	 1.177 	 -0.189418
6.045 	 1.17545 	 -0.189163
6.06 	 1.1739 	 -0.188905
6.075 	 1.17234 	 -0.188645
6.09 	 1.17079 	 -0.188384
6.105 	 1.16923 	 -0.188121
6.12 	 1.16767 	 -0.187855
6.135 	 1.16611 	 -0.187588
6.15 	 1.16455 	 -0.187319
6.165 	 1.16299 	 -0.187049
6.18 	 1.16142 	 -0.186776
6.195 	 1.15986 	 -0.186501
6.21 	 1.15829 	 -0.186225
6.225 	 1.15672 	 -0.185947
6.24 	 1.15515 	 -0.185667
6.255 	 1.15358 	 -0.185385
6.27 	 1.15201 	 -0.185101
6.285 	 1.15044 	 -0.184816
6.3 	 1.14886 	 -0.184528
6.315 	 1.14729 	 -0.184239
6.33 	 1.14571 	 -0.183948
6.345 	 1.14413 	 -0.183656
6.36 	 1.14256 	 -0.183361
6.375 	 1.14098 	 -0.183065
6.39 	 1.1394 	 -0.182767
6.405 	 1.13782 	 -0.182467
6.42 	 1.13624 	 -0.182166
6.435 	 1.13465 	 -0.181863
6.45 	 1.13307 	 -0.181558
6.465 	 1.13149 	 -0.181251
6.48 	 1.1299 	 -0.180943
6.495 	 1.12832 	 -0.180633
6.51 	 1.12673 	 -0.180321
6.525 	 1.12514 	 -0.180008
6.54 	 1.12356 	 -0.179693
6.555 	 1.12197 	 -0.179376
6.57 	 1.12038 	 -0.179058
6.585 	 1.11879 	 -0.178738
6.6 	 1.11721 	 -0.178416
6.615 	 1.11562 	 -0.178416
6.63 	 1.11403 	 -0.177768
6.645 	 1.11244 	 -0.177441
6.66 	 1.11085 	 -0.177113
6.675 	 1.10926 	 -0.176784
6.69 	 1.10767 	 -0.176453
6.705 	 1.10608 	 -0.17612
6.72 	 1.10449 	 -0.175785
6.735 	 1.1029 	 -0.17545
6.75 	 1.10131 	 -0.175112
6.765 	 1.09971 	 -0.174773
6.78 	 1.09812 	 -0.174433
6.795 	 1.09653 	 -0.174091
6.81 	 1.09494 	 -0.173748
6.825 	 1.09335 	 -0.173403
6.84 	 1.09176 	 -0.173056
6.855 	 1.09017 	 -0.172708
6.87 	 1.08858 	 -0.172359
6.885 	 1.08699 	 -0.172009
6.9 	 1.0854 	 -0.171656
6.915 	 1.08381 	 -0.171303
6.93 	 1.08222 	 -0.170948
6.945 	 1.08064 	 -0.170592
6.96 	 1.07905 	 -0.170234
6.975 	 1.07746 	 -0.169875
6.99 	 1.07587 	 -0.169515
7.005 	 1.07429 	 -0.169153
7.02 	 1.0727 	 -0.16879
7.035 	 1.07111 	 -0.168426
7.05 	 1.06953 	 -0.16806
7.065 	 1.06794 	 -0.167693
7.08 	 1.06636 	 -0.167325
7.095 	 1.06478 	 -0.166955
7.11 	 1.0632 	 -0.166585
7.125 	 1.06161 	 -0.166213
7.14 	 1.06003 	 -0.165839
7.155 	 1.05845 	 -0.165465
7.17 	 1.05687 	 -0.165089
7.185 	 1.05529 	 -0.164713
7.2 	 1.05371 	 -0.164713
7.215 	 1.05214 	 -0.163955
7.23 	 1.05056 	 -0.163575
7.245 	 1.04899 	 -0.163194
7.26 	 1.04742 	 -0.162811
7.275 	 1.04584 	 -0.162428
7.29 	 1.04427 	 -0.162043
7.305 	 1.0427 	 -0.161657
7.32 	 1.04113 	 -0.16127
7.335 	 1.03956 	 -0.160882
7.35 	 1.03799 	 -0.160493
7.365 	 1.03643 	 -0.160103
7.38 	 1.03486 	 -0.159712
7.395 	 1.0333 	 -0.15932
7.41 	 1.03174 	 -0.158927
7.425 	 1.03017 	 -0.158533
7.44 	 1.02861 	 -0.158138
7.455 	 1.02706 	 -0.157742
7.47 	 1.0255 	 -0.157346
7.485 	 1.02394 	 -0.156948
7.5 	 1.02239 	 -0.15655
7.515 	 1.02084 	 -0.15615
7.53 	 1.01928 	 -0.15575
7.545 	 1.01773 	 -0.155349
7.56 	 1.01619 	 -0.154947
7.575 	 1.01463 	 -0.154947
7.59 	 1.01309 	 -0.15414
7.605 	 1.01155 	 -0.153736
7.62 	 1.01001 	 -0.153331
7.635 	 1.00847 	 -0.152925
7.65 	 1.00693 	 -0.152518
7.665 	 1.00539 	 -0.152111
7.68 	 1.00385 	 -0.151703
7.695 	 1.00232 	 -0.151294
7.71 	 1.00079 	 -0.150885
7.725 	 0.999256 	 -0.150475
7.74 	 0.997728 	 -0.150064
7.755 	 0.996201 	 -0.149653
7.77 	 0.994675 	 -0.149241
7.785 	 0.993152 	 -0.148829
7.8 	 0.99163 	 -0.148416
7.815 	 0.990111 	 -0.148002
7.83 	 0.988593 	 -0.147588
7.845 	 0.987077 	 -0.147173
7.86 	 0.985563 	 -0.146758
7.875 	 0.984051 	 -0.146343
7.89 	 0.982541 	 -0.145927
7.905 	 0.981034 	 -0.14551
7.92 	 0.979528 	 -0.145093
7.935 	 0.978024 	 -0.144676
7.95 	 0.976522 	 -0.144258
7.965 	 0.975022 	 -0.14384
7.98 	 0.973524 	 -0.143421
7.995 	 0.972028 	 -0.143003
8.01 	 0.970535 	 -0.142583
8.025 	 0.969043 	 -0.142164
8.04 	 0.967554 	 -0.141744
8.055 	 0.966067 	 -0.141324
8.07 	 0.964582 	 -0.140904
8.085 	 0.963099 	 -0.140484
8.1 	 0.961619 	 -0.140063
8.115 	 0.960141 	 -0.139642
8.13 	 0.958665 	 -0.139221
8.145 	 0.957191 	 -0.1388
8.16 	 0.955719 	 -0.138378
8.175 	 0.95425 	 -0.137957
8.19 	 0.952783 	 -0.137535
8.205 	 0.951318 	 -0.137114
8.22 	 0.949856 	 -0.136692
8.235 	 0.948396 	 -0.13627
8.25 	 0.946938 	 -0.135848
8.265 	 0.945483 	 -0.135426
8.28 	 0.94403 	 -0.135004
8.295 	 0.94258 	 -0.134582
8.31 	 0.941132 	 -0.13416
8.325 	 0.939686 	 -0.133738
8.34 	 0.938243 	 -0.133317
8.355 	 0.936802 	 -0.132895
8.37 	 0.935364 	 -0.132473
8.385 	 0.933928 	 -0.132051
8.4 	 0.932495 	 -0.13163
8.415 	 0.931064 	 -0.131208
8.43 	 0.929636 	 -0.130787
8.445 	 0.92821 	 -0.130366
8.46 	 0.926786 	 -0.129945
8.475 	 0.925366 	 -0.129524
8.49 	 0.923947 	 -0.129103
8.505 	 0.922532 	 -0.128682
8.52 	 0.921118 	 -0.128262
8.535 	 0.919708 	 -0.127842
8.55 	 0.9183 	 -0.127422
8.565 	 0.916894 	 -0.127002
8.58 	 0.915492 	 -0.126583
8.595 	 0.914091 	 -0.126164
8.61 	 0.912694 	 -0.125745
8.625 	 0.911299 	 -0.125326
8.64 	 0.909907 	 -0.124908
8.655 	 0.908517 	 -0.12449
8.67 	 0.90713 	 -0.124072
8.685 	 0.905745 	 -0.123655
8.7 	 0.904364 	 -0.123238
8.715 	 0.902985 	 -0.122821
8.73 	 0.901608 	 -0.122405
8.745 	 0.900235 	 -0.121989
8.76 	 0.898864 	 -0.121574
8.775 	 0.897495 	 -0.121158
8.79 	 0.89613 	 -0.120744
8.805 	 0.894767 	 -0.12033
8.82 	 0.893407 	 -0.119916
8.835 	 0.892049 	 -0.119502
8.85 	 0.890694 	 -0.119089
8.865 	 0.889342 	 -0.118677
8.88 	 0.887993 	 -0.118265
8.895 	 0.886647 	 -0.117853
8.91 	 0.885303 	 -0.117442
8.925 	 0.883962 	 -0.117032
8.94 	 0.882623 	 -0.116622
8.955 	 0.881288 	 -0.116212
8.97 	 0.879955 	 -0.115803
8.985 	 0.878625 	 -0.115395
9 	 0.877298 	 -0.114987
9.015 	 0.875967 	 -0.114987
9.03 	 0.874652 	 -0.114172
9.045 	 0.873333 	 -0.113766
9.06 	 0.872017 	 -0.11336
9.075 	 0.870704 	 -0.112955
9.09 	 0.869393 	 -0.112551
9.105 	 0.868085 	 -0.112147
9.12 	 0.86678 	 -0.111744
9.135 	 0.865478 	 -0.111341
9.15 	 0.864179 	 -0.110939
9.165 	 0.862882 	 -0.110538
9.18 	 0.861589 	 -0.110137
9.195 	 0.860298 	 -0.109737
9.21 	 0.85901 	 -0.109337
9.225 	 0.857724 	 -0.108939
9.24 	 0.856442 	 -0.108541
9.255 	 0.855162 	 -0.108143
9.27 	 0.853885 	 -0.107746
9.285 	 0.852611 	 -0.10735
9.3 	 0.85134 	 -0.106955
9.315 	 0.850072 	 -0.106561
9.33 	 0.848806 	 -0.106167
9.345 	 0.847543 	 -0.105773
9.36 	 0.846283 	 -0.105381
9.375 	 0.845026 	 -0.104989
9.39 	 0.843766 	 -0.104989
9.405 	 0.84252 	 -0.104208
9.42 	 0.841272 	 -0.103819
9.435 	 0.840026 	 -0.10343
9.45 	 0.838783 	 -0.103042
9.465 	 0.837542 	 -0.102655
9.48 	 0.836305 	 -0.102268
9.495 	 0.83507 	 -0.101883
9.51 	 0.833838 	 -0.101498
9.525 	 0.832609 	 -0.101114
9.54 	 0.831383 	 -0.100731
9.555 	 0.83016 	 -0.100348
9.57 	 0.828939 	 -0.0999666
9.585 	 0.827722 	 -0.0995858
9.6 	 0.826507 	 -0.0992058
9.615 	 0.825295 	 -0.0988267
9.63 	 0.824085 	 -0.0984483
9.645 	 0.822879 	 -0.0980708
9.66 	 0.821675 	 -0.0976942
9.675 	 0.820474 	 -0.0973184
9.69 	 0.819276 	 -0.0969434
9.705 	 0.818081 	 -0.0965693
9.72 	 0.816888 	 -0.096196
9.735 	 0.815698 	 -0.0958236
9.75 	 0.814511 	 -0.095452
9.765 	 0.813327 	 -0.0950814
9.78 	 0.812146 	 -0.0947116
9.795 	 0.810967 	 -0.0943426
9.81 	 0.809791 	 -0.0939746
9.825 	 0.808618 	 -0.0936074
9.84 	 0.807448 	 -0.0932412
9.855 	 0.80628 	 -0.0928758
9.87 	 0.805115 	 -0.0925113
9.885 	 0.803953 	 -0.0921477
9.9 	 0.802794 	 -0.091785
9.915 	 0.801638 	 -0.0914232
9.93 	 0.800484 	 -0.0910623
9.945 	 0.799333 	 -0.0907023
9.96 	 0.798184 	 -0.0903433
9.975 	 0.797039 	 -0.0899851
9.99 	 0.795896 	 -0.0896279
10.005 	 0.794756 	 -0.0892716
10.02 	 0.793619 	 -0.0889162
10.035 	 0.792484 	 -0.0885617
10.05 	 0.791352 	 -0.0882082
10.065 	 0.790223 	 -0.0878556
10.08 	 0.789097 	 -0.0875039
10.095 	 0.787973 	 -0.0871532
10.11 	 0.786852 	 -0.0868034
10.125 	 0.785733 	 -0.0864545
10.14 	 0.784618 	 -0.0861066
10.155 	 0.783505 	 -0.0857596
10.17 	 0.782395 	 -0.0854136
10.185 	 0.781287 	 -0.0850685
10.2 	 0.780182 	 -0.0847244
10.215 	 0.77908 	 -0.0843812
10.23 	 0.77798 	 -0.084039
10.245 	 0.776883 	 -0.0836977
10.26 	 0.775789 	 -0.0833574
10.275 	 0.774697 	 -0.0830181
10.29 	 0.773609 	 -0.0826797
10.305 	 0.772522 	 -0.0823422
10.32 	 0.771439 	 -0.0820058
10.335 	 0.770358 	 -0.0816703
10.35 	 0.769279 	 -0.0813357
10.365 	 0.768203 	 -0.0810021
10.38 	 0.76713 	 -0.0806695
10.395 	 0.76606 	 -0.0803379
10.41 	 0.764992 	 -0.0800072
10.425 	 0.763926 	 -0.0796775
10.44 	 0.762864 	 -0.0793487
10.455 	 0.761803 	 -0.079021
10.47 	 0.760746 	 -0.0786942
10.485 	 0.759691 	 -0.0783683
10.5 	 0.758639 	 -0.0780435
10.515 	 0.757589 	 -0.0777196
10.53 	 0.756542 	 -0.0773967
10.545 	 0.755497 	 -0.0770748
10.56 	 0.754452 	 -0.0770748
10.575 	 0.753415 	 -0.0764338
10.59 	 0.752378 	 -0.0761148
10.605 	 0.751344 	 -0.0757968
10.62 	 0.750312 	 -0.0754797
10.635 	 0.749282 	 -0.0751636
10.65 	 0.748255 	 -0.0748485
10.665 	 0.747231 	 -0.0745344
10.68 	 0.746209 	 -0.0742213
10.695 	 0.745189 	 -0.0739091
10.71 	 0.744173 	 -0.0735979
10.725 	 0.743158 	 -0.0732877
10.74 	 0.742146 	 -0.0729784
10.755 	 0.741137 	 -0.0726702
10.77 	 0.74013 	 -0.0723629
10.785 	 0.739125 	 -0.0720566
10.8 	 0.738123 	 -0.0717513
10.815 	 0.737124 	 -0.0714469
10.83 	 0.736127 	 -0.0711435
10.845 	 0.735132 	 -0.0708411
10.86 	 0.73414 	 -0.0705397
10.875 	 0.73315 	 -0.0702392
10.89 	 0.732162 	 -0.0699397
10.905 	 0.731177 	 -0.0696412
10.92 	 0.730195 	 -0.0693437
10.935 	 0.729213 	 -0.0693437
10.95 	 0.728237 	 -0.0687515
10.965 	 0.727262 	 -0.0684569
10.98 	 0.726289 	 -0.0681633
10.995 	 0.725318 	 -0.0678706
11.01 	 0.72435 	 -0.0675789
11.025 	 0.723384 	 -0.0672881
11.04 	 0.722421 	 -0.0669984
11.055 	 0.721459 	 -0.0667095
11.07 	 0.720501 	 -0.0664217
11.085 	 0.719544 	 -0.0661348
11.1 	 0.71859 	 -0.0658489
11.115 	 0.717639 	 -0.065564
11.13 	 0.716689 	 -0.06528
11.145 	 0.715742 	 -0.0649969
11.16 	 0.714797 	 -0.0647149
11.175 	 0.713855 	 -0.0644338
11.19 	 0.712915 	 -0.0641536
11.205 	 0.711977 	 -0.0638744
11.22 	 0.711041 	 -0.0635962
11.235 	 0.710108 	 -0.0633189
11.25 	 0.709177 	 -0.0630426
11.265 	 0.708248 	 -0.0627672
11.28 	 0.707322 	 -0.0624928
11.295 	 0.706397 	 -0.0622194
11.31 	 0.705474 	 -0.0622194
11.325 	 0.704556 	 -0.0616753
11.34 	 0.703638 	 -0.0614046
11.355 	 0.702723 	 -0.061135
11.37 	 0.70181 	 -0.0608662
11.385 	 0.700899 	 -0.0605984
11.4 	 0.699991 	 -0.0603316
11.415 	 0.699084 	 -0.0600657
11.43 	 0.69818 	 -0.0598007
11.445 	 0.697278 	 -0.0595367
11.46 	 0.696378 	 -0.0592736
11.475 	 0.695481 	 -0.0590114
11.49 	 0.694585 	 -0.0587502
11.505 	 0.693692 	 -0.0584899
11.52 	 0.692801 	 -0.0582305
11.535 	 0.691912 	 -0.0579721
11.55 	 0.691025 	 -0.0577146
11.565 	 0.690141 	 -0.057458
11.58 	 0.689258 	 -0.0572023
11.595 	 0.688378 	 -0.0569476
11.61 	 0.6875 	 -0.0566938
11.625 	 0.686623 	 -0.0564409
11.64 	 0.685749 	 -0.0561889
11.655 	 0.684878 	 -0.0559378
11.67 	 0.684008 	 -0.0556877
11.685 	 0.68314 	 -0.0554384
11.7 	 0.682274 	 -0.0551901
11.715 	 0.681411 	 -0.0549427
11.73 	 0.68055 	 -0.0546962
11.745 	 0.67969 	 -0.0544506
11.76 	 0.678833 	 -0.0542059
11.775 	 0.677978 	 -0.0539621
11.79 	 0.677124 	 -0.0537192
11.805 	 0.676273 	 -0.0534772
11.82 	 0.675424 	 -0.0532361
11.835 	 0.674577 	 -0.0529959
11.85 	 0.673732 	 -0.0527566
11.865 	 0.672889 	 -0.0525182
11.88 	 0.672048 	 -0.0522806
11.895 	 0.671209 	 -0.052044
11.91 	 0.670372 	 -0.0518082
11.925 	 0.669537 	 -0.0515734
11.94 	 0.668704 	 -0.0513394
11.955 	 0.667873 	 -0.0511063
11.97 	 0.667044 	 -0.050874
11.985 	 0.666217 	 -0.0506427
12 	 0.665392 	 -0.0504122
12.015 	 0.664569 	 -0.0501826
12.03 	 0.663748 	 -0.0499539
12.045 	 0.662928 	 -0.049726
12.06 	 0.662111 	 -0.049499
12.075 	 0.661296 	 -0.0492729
12.09 	 0.660482 	 -0.0490477
12.105 	 0.659671 	 -0.0488233
12.12 	 0.658861 	 -0.0485997
12.135 	 0.658054 	 -0.048377
12.15 	 0.657248 	 -0.0481552
12.165 	 0.656444 	 -0.0479342
12.18 	 0.655642 	 -0.0477141
12.195 	 0.654842 	 -0.0474948
12.21 	 0.654044 	 -0.0472764
12.225 	 0.653248 	 -0.0470588
12.24 	 0.652453 	 -0.0468421
12.255 	 0.651661 	 -0.0466262
12.27 	 0.65087 	 -0.0464112
12.285 	 0.650081 	 -0.0461969
12.3 	 0.649294 	 -0.0459836
12.315 	 0.648509 	 -0.045771
12.33 	 0.647726 	 -0.0455593
12.345 	 0.646944 	 -0.0453484
12.36 	 0.646165 	 -0.0451384
12.375 	 0.645387 	 -0.0449291
12.39 	 0.644611 	 -0.0447207
12.405 	 0.643837 	 -0.0445131
12.42 	 0.643064 	 -0.0443064
12.435 	 0.642294 	 -0.0441004
12.45 	 0.641525 	 -0.0438953
12.465 	 0.640758 	 -0.043691
12.48 	 0.639993 	 -0.0434875
12.495 	 0.639229 	 -0.0432848
12.51 	 0.638467 	 -0.0430829
12.525 	 0.637707 	 -0.0428818
12.54 	 0.636949 	 -0.0426815
12.555 	 0.636193 	 -0.042482
12.57 	 0.635438 	 -0.0422833
12.585 	 0.634685 	 -0.0420854
12.6 	 0.633934 	 -0.0418883
12.615 	 0.633185 	 -0.041692
12.63 	 0.632437 	 -0.0414965
12.645 	 0.631691 	 -0.0413018
12.66 	 0.630947 	 -0.0411078
12.675 	 0.630204 	 -0.0409147
12.69 	 0.629463 	 -0.0407223
12.705 	 0.628724 	 -0.0405307
12.72 	 0.627987 	 -0.0403399
12.735 	 0.627251 	 -0.0401498
12.75 	 0.626517 	 -0.0399606
12.765 	 0.625785 	 -0.0397721
12.78 	 0.625054 	 -0.0395843
12.795 	 0.624325 	 -0.0393974
12.81 	 0.623597 	 -0.0392112
12.825 	 0.622872 	 -0.0390257
12.84 	 0.622148 	 -0.038841
12.855 	 0.621425 	 -0.038841
12.87 	 0.620704 	 -0.0384739
12.885 	 0.619985 	 -0.0382915
12.9 	 0.619268 	 -0.0381099
12.915 	 0.618552 	 -0.0379289
12.93 	 0.617838 	 -0.0377488
12.945 	 0.617125 	 -0.0375694
12.96 	 0.616414 	 -0.0373907
12.975 	 0.615704 	 -0.0372127
12.99 	 0.614997 	 -0.0370355
13.005 	 0.61429 	 -0.0368591
13.02 	 0.613586 	 -0.0366833
13.035 	 0.612883 	 -0.0365083
13.05 	 0.612181 	 -0.0363341
13.065 	 0.611481 	 -0.0361605
13.08 	 0.610783 	 -0.0359877
13.095 	 0.610086 	 -0.0358156
13.11 	 0.609391 	 -0.0356442
13.125 	 0.608697 	 -0.0354736
13.14 	 0.608005 	 -0.0353036
13.155 	 0.607315 	 -0.0351344
13.17 	 0.606626 	 -0.0349659
13.185 	 0.605938 	 -0.0347981
13.2 	 0.605252 	 -0.034631
13.215 	 0.604568 	 -0.0344646
13.23 	 0.603885 	 -0.0344646
13.245 	 0.603204 	 -0.0341339
13.26 	 0.602524 	 -0.0339696
13.275 	 0.601845 	 -0.033806
13.29 	 0.601169 	 -0.0336431
13.305 	 0.600493 	 -0.0334809
13.32 	 0.599819 	 -0.0333194
13.335 	 0.599147 	 -0.0331586
13.35 	 0.598476 	 -0.0329984
13.365 	 0.597807 	 -0.032839
13.38 	 0.597139 	 -0.0326802
13.395 	 0.596472 	 -0.0325221
13.41 	 0.595807 	 -0.0323647
13.425 	 0.595144 	 -0.0322079
13.44 	 0.594482 	 -0.0320519
13.455 	 0.593821 	 -0.0318965
13.47 	 0.593162 	 -0.0317417
13.485 	 0.592504 	 -0.0315877
13.5 	 0.591848 	 -0.0314343
13.515 	 0.591193 	 -0.0312815
13.53 	 0.59054 	 -0.0311295
13.545 	 0.589888 	 -0.030978
13.56 	 0.589237 	 -0.0308273
13.575 	 0.588588 	 -0.0306772
13.59 	 0.587941 	 -0.0305277
13.605 	 0.587294 	 -0.0303789
13.62 	 0.586649 	 -0.0302307
13.635 	 0.586006 	 -0.0300832
13.65 	 0.585364 	 -0.0299363
13.665 	 0.584723 	 -0.0297901
13.68 	 0.584084 	 -0.0296445
13.695 	 0.583446 	 -0.0294995
13.71 	 0.582809 	 -0.0293552
13.725 	 0.582174 	 -0.0292115
13.74 	 0.58154 	 -0.0290684
13.755 	 0.580908 	 -0.028926
13.77 	 0.580277 	 -0.0287841
13.785 	 0.579647 	 -0.028643
13.8 	 0.579018 	 -0.0285024
13.815 	 0.578391 	 -0.0283624
13.83 	 0.577766 	 -0.0282231
13.845 	 0.577141 	 -0.0280844
13.86 	 0.576518 	 -0.0279463
13.875 	 0.575897 	 -0.0278088
13.89 	 0.575276 	 -0.0276719
13.905 	 0.574657 	 -0.0275356
13.92 	 0.574039 	 -0.0273999
13.935 	 0.573423 	 -0.0272648
13.95 	 0.572808 	 -0.0271303
13.965 	 0.572194 	 -0.0269964
13.98 	 0.571582 	 -0.0268632
13.995 	 0.57097 	 -0.0267305
14.01 	 0.570361 	 -0.0265984
14.025 	 0.569752 	 -0.0264668
14.04 	 0.569145 	 -0.0263359
14.055 	 0.568539 	 -0.0262056
14.07 	 0.567934 	 -0.0260758
14.085 	 0.56733 	 -0.0259466
14.1 	 0.566728 	 -0.025818
14.115 	 0.566127 	 -0.02569
14.13 	 0.565528 	 -0.0255626
14.145 	 0.564929 	 -0.0254357
14.16 	 0.564332 	 -0.0253094
14.175 	 0.563736 	 -0.0251836
14.19 	 0.563142 	 -0.0250585
14.205 	 0.562548 	 -0.0249339
14.22 	 0.561956 	 -0.0248098
14.235 	 0.561365 	 -0.0246863
14.25 	 0.560775 	 -0.0245634
14.265 	 0.560187 	 -0.024441
14.28 	 0.5596 	 -0.0243192
14.295 	 0.559014 	 -0.0241979
14.31 	 0.558429 	 -0.0240772
14.325 	 0.557845 	 -0.023957
14.34 	 0.557263 	 -0.0238374
14.355 	 0.556682 	 -0.0237183
14.37 	 0.556102 	 -0.0235998
14.385 	 0.555523 	 -0.0234818
14.4 	 0.554945 	 -0.0234818
14.415 	 0.554369 	 -0.0232474
14.43 	 0.553794 	 -0.023131
14.445 	 0.55322 	 -0.0230151
14.46 	 0.552647 	 -0.0228998
14.475 	 0.552075 	 -0.022785
14.49 	 0.551505 	 -0.0226707
14.505 	 0.550936 	 -0.0225569
14.52 	 0.550368 	 -0.0224437
14.535 	 0.549801 	 -0.0223309
14.55 	 0.549235 	 -0.0222187
14.565 	 0.54867 	 -0.022107
14.58 	 0.548107 	 -0.0219959
14.595 	 0.547544 	 -0.0218852
14.61 	 0.546983 	 -0.021775
14.625 	 0.546423 	 -0.0216654
14.64 	 0.545864 	 -0.0215562
14.655 	 0.545307 	 -0.0214476
14.67 	 0.54475 	 -0.0213394
14.685 	 0.544194 	 -0.0212318
14.7 	 0.54364 	 -0.0211247
14.715 	 0.543087 	 -0.021018
14.73 	 0.542535 	 -0.0209118
14.745 	 0.541984 	 -0.0208062
14.76 	 0.541434 	 -0.020701
14.775 	 0.540885 	 -0.020701
14.79 	 0.540337 	 -0.0204921
14.805 	 0.539791 	 -0.0203884
14.82 	 0.539245 	 -0.0202851
14.835 	 0.538701 	 -0.0201824
14.85 	 0.538158 	 -0.0200801
14.865 	 0.537615 	 -0.0199783
14.88 	 0.537074 	 -0.0198769
14.895 	 0.536534 	 -0.0197761
14.91 	 0.535995 	 -0.0196757
14.925 	 0.535458 	 -0.0195757
14.94 	 0.534921 	 -0.0194763
14.955 	 0.534385 	 -0.0193773
14.97 	 0.53385 	 -0.0192787
14.985 	 0.533317 	 -0.0191807
15 	 0.532784 	 -0.019083
15.015 	 0.532253 	 -0.0189859
15.03 	 0.531722 	 -0.0188892
15.045 	 0.531193 	 -0.0187929
15.06 	 0.530665 	 -0.0186971
15.075 	 0.530137 	 -0.0186018
15.09 	 0.529611 	 -0.0185068
15.105 	 0.529086 	 -0.0184124
15.12 	 0.528562 	 -0.0183184
15.135 	 0.528039 	 -0.0182248
15.15 	 0.527517 	 -0.0182248
15.165 	 0.526996 	 -0.0180389
15.18 	 0.526476 	 -0.0179467
15.195 	 0.525957 	 -0.0178548
15.21 	 0.525439 	 -0.0177634
15.225 	 0.524922 	 -0.0176725
15.24 	 0.524406 	 -0.0175819
15.255 	 0.523891 	 -0.0174918
15.27 	 0.523377 	 -0.0174021
15.285 	 0.522864 	 -0.0173129
15.3 	 0.522352 	 -0.017224
15.315 	 0.521841 	 -0.0171356
15.33 	 0.521331 	 -0.0170476
15.345 	 0.520822 	 -0.01696
15.36 	 0.520314 	 -0.0168728
15.375 	 0.519807 	 -0.016786
15.39 	 0.519301 	 -0.0166997
15.405 	 0.518797 	 -0.0166137
15.42 	 0.518292 	 -0.0165282
15.435 	 0.517789 	 -0.0164431
15.45 	 0.517287 	 -0.0163583
15.465 	 0.516786 	 -0.016274
15.48 	 0.516286 	 -0.0161901
15.495 	 0.515787 	 -0.0161065
15.51 	 0.515289 	 -0.0160234
15.525 	 0.514792 	 -0.0159406
15.54 	 0.514295 	 -0.0158583
15.555 	 0.5138 	 -0.0157763
15.57 	 0.513306 	 -0.0156948
15.585 	 0.512812 	 -0.0156136
15.6 	 0.51232 	 -0.0155328
15.615 	 0.511828 	 -0.0154524
15.63 	 0.511338 	 -0.0153723
15.645 	 0.510848 	 -0.0152927
15.66 	 0.510359 	 -0.0152134
15.675 	 0.509871 	 -0.0151345
15.69 	 0.509385 	 -0.015056
15.705 	 0.508899 	 -0.0149778
15.72 	 0.508414 	 -0.0149001
15.735 	 0.50793 	 -0.0148227
15.75 	 0.507446 	 -0.0147456
15.765 	 0.506964 	 -0.014669
15.78 	 0.506483 	 -0.0145927
15.795 	 0.506002 	 -0.0145167
15.81 	 0.505523 	 -0.0144411
15.825 	 0.505044 	 -0.0143659
15.84 	 0.504567 	 -0.0142911
15.855 	 0.50409 	 -0.0142166
15.87 	 0.503614 	 -0.0141424
15.885 	 0.503139 	 -0.0140686
15.9 	 0.502665 	 -0.0139952
15.915 	 0.502191 	 -0.0139221
15.93 	 0.501719 	 -0.0138493
15.945 	 0.501248 	 -0.0137769
15.96 	 0.500777 	 -0.0137049
15.975 	 0.500307 	 -0.0136332
15.99 	 0.499839 	 -0.0135618
16.005 	 0.499371 	 -0.0134908
16.02 	 0.498904 	 -0.0134201
16.035 	 0.498437 	 -0.0133498
16.05 	 0.497972 	 -0.0132797
16.065 	 0.497508 	 -0.0132101
16.08 	 0.497044 	 -0.0131407
16.095 	 0.496581 	 -0.0130717
16.11 	 0.49612 	 -0.013003
16.125 	 0.495659 	 -0.0129347
16.14 	 0.495198 	 -0.0128666
16.155 	 0.494739 	 -0.0127989
16.17 	 0.494281 	 -0.0127315
16.185 	 0.493823 	 -0.0126645
16.2 	 0.493366 	 -0.0125977
16.215 	 0.49291 	 -0.0125313
16.23 	 0.492455 	 -0.0124652
16.245 	 0.492001 	 -0.0123994
16.26 	 0.491548 	 -0.0123339
16.275 	 0.491095 	 -0.0122688
16.29 	 0.490643 	 -0.0122039
16.305 	 0.490193 	 -0.0121394
16.32 	 0.489742 	 -0.0120751
16.335 	 0.489293 	 -0.0120112
16.35 	 0.488845 	 -0.0119476
16.365 	 0.488397 	 -0.0118843
16.38 	 0.48795 	 -0.0118212
16.395 	 0.487504 	 -0.0117585
16.41 	 0.487059 	 -0.0116961
16.425 	 0.486615 	 -0.011634
16.44 	 0.486171 	 -0.0115721
16.455 	 0.485729 	 -0.0115106
16.47 	 0.485287 	 -0.0114494
16.485 	 0.484846 	 -0.0113884
16.5 	 0.484405 	 -0.0113277
16.515 	 0.483966 	 -0.0112674
16.53 	 0.483527 	 -0.0112073
16.545 	 0.483089 	 -0.0111475
16.56 	 0.482652 	 -0.011088
16.575 	 0.482216 	 -0.0110287
16.59 	 0.48178 	 -0.0109698
16.605 	 0.481345 	 -0.0109111
16.62 	 0.480911 	 -0.0108527
16.635 	 0.480478 	 -0.0107946
16.65 	 0.480046 	 -0.0107367
16.665 	 0.479614 	 -0.0106792
16.68 	 0.479183 	 -0.0106219
16.695 	 0.478753 	 -0.0105648
16.71 	 0.478324 	 -0.0105081
16.725 	 0.477895 	 -0.0104516
16.74 	 0.477467 	 -0.0103954
16.755 	 0.47704 	 -0.0103394
16.77 	 0.476614 	 -0.0102837
16.785 	 0.476189 	 -0.0102283
16.8 	 0.475764 	 -0.0101731
16.815 	 0.47534 	 -0.0101182
16.83 	 0.474917 	 -0.0100636
16.845 	 0.474494 	 -0.0100092
16.86 	 0.474072 	 -0.00995502
16.875 	 0.473651 	 -0.00990114
16.89 	 0.473231 	 -0.00984751
16.905 	 0.472812 	 -0.00979413
16.92 	 0.472393 	 -0.009741
16.935 	 0.471975 	 -0.00968812
16.95 	 0.471557 	 -0.00963548
16.965 	 0.471141 	 -0.0095831
16.98 	 0.470725 	 -0.00953096
16.995 	 0.47031 	 -0.00947906
17.01 	 0.469896 	 -0.0094274
17.025 	 0.469482 	 -0.00937599
17.04 	 0.469069 	 -0.00932481
17.055 	 0.468657 	 -0.00927388
17.07 	 0.468246 	 -0.00922318
17.085 	 0.467835 	 -0.00917271
17.1 	 0.467425 	 -0.00912248
17.115 	 0.467016 	 -0.00907249
17.13 	 0.466607 	 -0.00902272
17.145 	 0.466199 	 -0.00897319
17.16 	 0.465792 	 -0.00892388
17.175 	 0.465386 	 -0.00887481
17.19 	 0.46498 	 -0.00882596
17.205 	 0.464575 	 -0.00877733
17.22 	 0.464171 	 -0.00872893
17.235 	 0.463767 	 -0.00868075
17.25 	 0.463364 	 -0.0086328
17.265 	 0.462962 	 -0.00858506
17.28 	 0.46256 	 -0.00853755
17.295 	 0.46216 	 -0.00849025
17.31 	 0.461759 	 -0.00844316
17.325 	 0.46136 	 -0.0083963
17.34 	 0.460961 	 -0.00834964
17.355 	 0.460563 	 -0.0083032
17.37 	 0.460166 	 -0.00825698
17.385 	 0.459769 	 -0.00821096
17.4 	 0.459373 	 -0.00816515
17.415 	 0.458978 	 -0.00811955
17.43 	 0.458583 	 -0.00807416
17.445 	 0.458189 	 -0.00802897
17.46 	 0.457796 	 -0.00798398
17.475 	 0.457403 	 -0.0079392
17.49 	 0.457011 	 -0.00789463
17.505 	 0.45662 	 -0.00785025
17.52 	 0.45623 	 -0.00780607
17.535 	 0.45584 	 -0.00776209
17.55 	 0.45545 	 -0.00771831
17.565 	 0.455062 	 -0.00767472
17.58 	 0.454674 	 -0.00763133
17.595 	 0.454287 	 -0.00758813
17.61 	 0.4539 	 -0.00754513
17.625 	 0.453514 	 -0.00750232
17.64 	 0.453129 	 -0.00745969
17.655 	 0.452744 	 -0.00745969
17.67 	 0.45236 	 -0.00737501
17.685 	 0.451977 	 -0.00733296
17.7 	 0.451594 	 -0.00729108
17.715 	 0.451212 	 -0.0072494
17.73 	 0.450831 	 -0.00720789
17.745 	 0.45045 	 -0.00716657
17.76 	 0.45007 	 -0.00712543
17.775 	 0.44969 	 -0.00708447
17.79 	 0.449311 	 -0.00704369
17.805 	 0.448933 	 -0.00700309
17.82 	 0.448556 	 -0.00696266
17.835 	 0.448179 	 -0.00692241
17.85 	 0.447802 	 -0.00688233
17.865 	 0.447427 	 -0.00684243
17.88 	 0.447052 	 -0.0068027
17.895 	 0.446677 	 -0.00676315
17.91 	 0.446304 	 -0.00672376
17.925 	 0.44593 	 -0.00668455
17.94 	 0.445558 	 -0.0066455
17.955 	 0.445186 	 -0.00660662
17.97 	 0.444815 	 -0.0065679
17.985 	 0.444444 	 -0.00652935
18 	 0.444074 	 -0.00649097
18.015 	 0.443705 	 -0.00645275
18.03 	 0.443336 	 -0.00645275
18.045 	 0.442968 	 -0.0063768
18.06 	 0.4426 	 -0.00633906
18.075 	 0.442233 	 -0.00630148
18.09 	 0.441867 	 -0.00626407
18.105 	 0.441501 	 -0.00622681
18.12 	 0.441136 	 -0.0061897
18.135 	 0.440771 	 -0.00615275
18.15 	 0.440407 	 -0.00611596
18.165 	 0.440044 	 -0.00607932
18.18 	 0.439681 	 -0.00604284
18.195 	 0.439319 	 -0.0060065
18.21 	 0.438957 	 -0.00597032
18.225 	 0.438596 	 -0.00593429
18.24 	 0.438236 	 -0.0058984
18.255 	 0.437876 	 -0.00586267
18.27 	 0.437517 	 -0.00582708
18.285 	 0.437158 	 -0.00579164
18.3 	 0.4368 	 -0.00575635
18.315 	 0.436443 	 -0.0057212
18.33 	 0.436086 	 -0.0056862
18.345 	 0.43573 	 -0.00565134
18.36 	 0.435374 	 -0.00561662
18.375 	 0.435019 	 -0.00558204
18.39 	 0.434664 	 -0.00554761
18.405 	 0.43431 	 -0.00554761
18.42 	 0.433957 	 -0.00547916
18.435 	 0.433604 	 -0.00544514
18.45 	 0.433252 	 -0.00541127
18.465 	 0.4329 	 -0.00537753
18.48 	 0.432549 	 -0.00534393
18.495 	 0.432199 	 -0.00531046
18.51 	 0.431849 	 -0.00527713
18.525 	 0.431499 	 -0.00524394
18.54 	 0.43115 	 -0.00521088
18.555 	 0.430802 	 -0.00517795
18.57 	 0.430454 	 -0.00514516
18.585 	 0.430107 	 -0.0051125
18.6 	 0.429761 	 -0.00507997
18.615 	 0.429415 	 -0.00504757
18.63 	 0.429069 	 -0.00501531
18.645 	 0.428724 	 -0.00498317
18.66 	 0.42838 	 -0.00495117
18.675 	 0.428036 	 -0.0049193
18.69 	 0.427693 	 -0.00488756
18.705 	 0.42735 	 -0.00485594
18.72 	 0.427008 	 -0.00482446
18.735 	 0.426667 	 -0.0047931
18.75 	 0.426325 	 -0.00476187
18.765 	 0.425985 	 -0.00473077
18.78 	 0.425645 	 -0.00473077
18.795 	 0.425306 	 -0.00466896
18.81 	 0.424967 	 -0.00463824
18.825 	 0.424628 	 -0.00460765
18.84 	 0.424291 	 -0.00457719
18.855 	 0.423953 	 -0.00454686
18.87 	 0.423617 	 -0.00451665
18.885 	 0.42328 	 -0.00448658
18.9 	 0.422945 	 -0.00445663
18.915 	 0.422609 	 -0.0044268
18.93 	 0.422275 	 -0.00439711
18.945 	 0.421941 	 -0.00436755
18.96 	 0.421607 	 -0.00433811
18.975 	 0.421274 	 -0.0043088
18.99 	 0.420942 	 -0.00427962
19.005 	 0.42061 	 -0.00425058
19.02 	 0.420278 	 -0.00422166
19.035 	 0.419947 	 -0.00419287
19.05 	 0.419617 	 -0.00416422
19.065 	 0.419287 	 -0.0041357
19.08 	 0.418958 	 -0.00410731
19.095 	 0.418629 	 -0.00407905
19.11 	 0.418301 	 -0.00405093
19.125 	 0.417973 	 -0.00402295
19.14 	 0.417645 	 -0.0039951
19.155 	 0.417319 	 -0.0039951
19.17 	 0.416992 	 -0.00393983
19.185 	 0.416667 	 -0.0039124
19.2 	 0.416341 	 -0.00388512
19.215 	 0.416017 	 -0.00385797
19.23 	 0.415692 	 -0.00383098
19.245 	 0.415369 	 -0.00380413
19.26 	 0.415045 	 -0.00377743
19.275 	 0.414723 	 -0.00375089
19.29 	 0.4144 	 -0.00372449
19.305 	 0.414079 	 -0.00369826
19.32 	 0.413757 	 -0.00367218
19.335 	 0.413437 	 -0.00364626
19.35 	 0.413116 	 -0.0036205
19.365 	 0.412797 	 -0.00359491
19.38 	 0.412477 	 -0.00356949
19.395 	 0.412159 	 -0.00354424
19.41 	 0.41184 	 -0.00351916
19.425 	 0.411523 	 -0.00349426
19.44 	 0.411205 	 -0.00346955
19.455 	 0.410888 	 -0.00344502
19.47 	 0.410572 	 -0.00342068
19.485 	 0.410256 	 -0.00339653
19.5 	 0.409941 	 -0.00337258
19.515 	 0.409626 	 -0.00334883
19.53 	 0.409312 	 -0.00332529
19.545 	 0.408998 	 -0.00330196
19.56 	 0.408684 	 -0.00327884
19.575 	 0.408372 	 -0.00325595
19.59 	 0.408059 	 -0.00323328
19.605 	 0.407747 	 -0.00321085
19.62 	 0.407436 	 -0.00318865
19.635 	 0.407125 	 -0.0031667
19.65 	 0.406814 	 -0.003145
19.665 	 0.406504 	 -0.00312355
19.68 	 0.406194 	 -0.00310237
19.695 	 0.405885 	 -0.00308146
19.71 	 0.405577 	 -0.00306082
19.725 	 0.405268 	 -0.00304048
19.74 	 0.404961 	 -0.00302042
19.755 	 0.404653 	 -0.00300066
19.77 	 0.404347 	 -0.00298122
19.785 	 0.40404 	 -0.00296208
19.8 	 0.403734 	 -0.00294328
19.815 	 0.403429 	 -0.00292481
19.83 	 0.403124 	 -0.00290667
19.845 	 0.40282 	 -0.0028889
19.86 	 0.402516 	 -0.00287148
19.875 	 0.402212 	 -0.00285443
19.89 	 0.401909 	 -0.00283776
19.905 	 0.401606 	 -0.00282148
19.92 	 0.401304 	 -0.00280559
19.935 	 0.401002 	 -0.00279012
19.95 	 0.400701 	 -0.00277506
19.965 	 0.4004 	 -0.00276043
19.98 	 0.4001 	 -0.00274624
