0 	 0.353845
0.01 	 0.353845
0.02 	 0.353916
0.03 	 0.353774
0.04 	 0.353986
0.05 	 0.353704
0.06 	 0.354056
0.07 	 0.353634
0.08 	 0.354125
0.09 	 0.353566
0.1 	 0.354193
0.11 	 0.353499
0.12 	 0.354259
0.13 	 0.353434
0.14 	 0.354323
0.15 	 0.35337
0.16 	 0.354385
0.17 	 0.353309
0.18 	 0.354445
0.19 	 0.353251
0.2 	 0.354502
0.21 	 0.353195
0.22 	 0.354556
0.23 	 0.353142
0.24 	 0.354607
0.25 	 0.353093
0.26 	 0.354654
0.27 	 0.353047
0.28 	 0.354698
0.29 	 0.354698
0.3 	 0.354739
0.31 	 0.352965
0.32 	 0.354776
0.33 	 0.35293
0.34 	 0.354809
0.35 	 0.352899
0.36 	 0.354838
0.37 	 0.352872
0.38 	 0.354863
0.39 	 0.352848
0.4 	 0.354884
0.41 	 0.352829
0.42 	 0.354902
0.43 	 0.352813
0.44 	 0.354915
0.45 	 0.352801
0.46 	 0.354925
0.47 	 0.352793
0.48 	 0.354931
0.49 	 0.352789
0.5 	 0.354934
0.51 	 0.352788
0.52 	 0.354933
0.53 	 0.35279
0.54 	 0.354929
0.55 	 0.352796
0.56 	 0.354922
0.57 	 0.352805
0.58 	 0.352805
0.59 	 0.354911
0.6 	 0.354898
0.61 	 0.352831
0.62 	 0.354883
0.63 	 0.352849
0.64 	 0.354864
0.65 	 0.352868
0.66 	 0.354844
0.67 	 0.35289
0.68 	 0.354822
0.69 	 0.352913
0.7 	 0.354797
0.71 	 0.352938
0.72 	 0.354772
0.73 	 0.352965
0.74 	 0.354744
0.75 	 0.352993
0.76 	 0.354716
0.77 	 0.353022
0.78 	 0.354687
0.79 	 0.353052
0.8 	 0.354656
0.81 	 0.353082
0.82 	 0.354626
0.83 	 0.353114
0.84 	 0.354594
0.85 	 0.353145
0.86 	 0.354563
0.87 	 0.353177
0.88 	 0.354532
0.89 	 0.353208
0.9 	 0.3545
0.91 	 0.35324
0.92 	 0.354469
0.93 	 0.353271
0.94 	 0.354438
0.95 	 0.353302
0.96 	 0.354407
0.97 	 0.353332
0.98 	 0.354378
0.99 	 0.353362
1 	 0.354348
1.01 	 0.353391
1.02 	 0.35432
1.03 	 0.353419
1.04 	 0.354292
1.05 	 0.353446
1.06 	 0.354265
1.07 	 0.353473
1.08 	 0.354239
1.09 	 0.353498
1.1 	 0.354215
1.11 	 0.353522
1.12 	 0.354191
1.13 	 0.353546
1.14 	 0.354168
1.15 	 0.353568
1.16 	 0.353568
1.17 	 0.354146
1.18 	 0.353589
1.19 	 0.354125
1.2 	 0.354106
1.21 	 0.353629
1.22 	 0.354087
1.23 	 0.353647
1.24 	 0.354069
1.25 	 0.353664
1.26 	 0.354053
1.27 	 0.35368
1.28 	 0.354037
1.29 	 0.353695
1.3 	 0.354023
1.31 	 0.353709
1.32 	 0.354009
1.33 	 0.353723
1.34 	 0.353996
1.35 	 0.353735
1.36 	 0.353984
1.37 	 0.353746
1.38 	 0.353973
1.39 	 0.353757
1.4 	 0.353963
1.41 	 0.353767
1.42 	 0.353954
1.43 	 0.353776
1.44 	 0.353945
1.45 	 0.353784
1.46 	 0.353937
1.47 	 0.353792
1.48 	 0.35393
1.49 	 0.353799
1.5 	 0.353923
1.51 	 0.353805
1.52 	 0.353917
1.53 	 0.353811
1.54 	 0.353911
1.55 	 0.353816
1.56 	 0.353906
1.57 	 0.353821
1.58 	 0.353902
1.59 	 0.353826
1.6 	 0.353897
1.61 	 0.35383
1.62 	 0.353894
1.63 	 0.353833
1.64 	 0.35389
1.65 	 0.353837
1.66 	 0.353887
1.67 	 0.35384
1.68 	 0.353884
1.69 	 0.353842
1.7 	 0.353882
1.71 	 0.353845
1.72 	 0.353879
1.73 	 0.353847
1.74 	 0.353877
1.75 	 0.353849
1.76 	 0.353876
1.77 	 0.35385
1.78 	 0.353874
1.79 	 0.353852
1.8 	 0.353873
1.81 	 0.353853
1.82 	 0.353871
1.83 	 0.353854
1.84 	 0.35387
1.85 	 0.353855
1.86 	 0.353869
1.87 	 0.353856
1.88 	 0.353868
1.89 	 0.353857
1.9 	 0.353868
1.91 	 0.353858
1.92 	 0.353867
1.93 	 0.353858
1.94 	 0.353866
1.95 	 0.353859
1.96 	 0.353866
1.97 	 0.35386
1.98 	 0.353865
1.99 	 0.35386
2 	 0.353865
2.01 	 0.35386
2.02 	 0.353865
2.03 	 0.353861
2.04 	 0.353864
2.05 	 0.353864
2.06 	 0.353864
2.07 	 0.353864
2.08 	 0.353864
2.09 	 0.353864
2.1 	 0.353864
2.11 	 0.353864
2.12 	 0.353864
2.13 	 0.353864
2.14 	 0.353863
2.15 	 0.353862
2.16 	 0.353863
2.17 	 0.353862
2.18 	 0.353863
2.19 	 0.353862
2.2 	 0.353863
2.21 	 0.353862
2.22 	 0.353863
2.23 	 0.353862
2.24 	 0.353863
2.25 	 0.353862
2.26 	 0.353863
2.27 	 0.353862
2.28 	 0.353863
2.29 	 0.353862
2.3 	 0.353863
2.31 	 0.353862
2.32 	 0.353862
2.33 	 0.353862
2.34 	 0.353862
2.35 	 0.353862
2.36 	 0.353862
2.37 	 0.353862
2.38 	 0.353862
2.39 	 0.353863
2.4 	 0.353863
2.41 	 0.353863
2.42 	 0.353863
2.43 	 0.353863
2.44 	 0.353863
2.45 	 0.353863
2.46 	 0.353863
2.47 	 0.353863
2.48 	 0.353863
2.49 	 0.353863
2.5 	 0.353863
2.51 	 0.353863
2.52 	 0.353863
2.53 	 0.353863
2.54 	 0.353863
2.55 	 0.353863
2.56 	 0.353863
2.57 	 0.353863
2.58 	 0.353863
2.59 	 0.353863
2.6 	 0.353863
2.61 	 0.353863
2.62 	 0.353863
2.63 	 0.353863
2.64 	 0.353862
2.65 	 0.353863
2.66 	 0.353862
2.67 	 0.353863
2.68 	 0.353862
2.69 	 0.353863
2.7 	 0.353862
2.71 	 0.353863
2.72 	 0.353862
2.73 	 0.353863
2.74 	 0.353862
2.75 	 0.353863
2.76 	 0.353862
2.77 	 0.353863
2.78 	 0.353862
2.79 	 0.353863
2.8 	 0.353862
2.81 	 0.353863
2.82 	 0.353862
2.83 	 0.353863
2.84 	 0.353862
2.85 	 0.353863
2.86 	 0.353862
2.87 	 0.353863
2.88 	 0.353862
2.89 	 0.353864
2.9 	 0.353862
2.91 	 0.353864
2.92 	 0.353861
2.93 	 0.353864
2.94 	 0.353861
2.95 	 0.353864
2.96 	 0.353861
2.97 	 0.353864
2.98 	 0.353861
2.99 	 0.353865
3 	 0.35386
3.01 	 0.353865
3.02 	 0.35386
3.03 	 0.353865
3.04 	 0.35386
3.05 	 0.353866
3.06 	 0.353859
3.07 	 0.353866
3.08 	 0.353859
3.09 	 0.353867
3.1 	 0.353858
3.11 	 0.353868
3.12 	 0.353857
3.13 	 0.353868
3.14 	 0.353857
3.15 	 0.353869
3.16 	 0.353856
3.17 	 0.35387
3.18 	 0.353855
3.19 	 0.353871
3.2 	 0.353853
3.21 	 0.353872
3.22 	 0.353852
3.23 	 0.353874
3.24 	 0.353851
3.25 	 0.353875
3.26 	 0.353849
3.27 	 0.353877
3.28 	 0.353847
3.29 	 0.353879
3.3 	 0.353845
3.31 	 0.353881
3.32 	 0.353843
3.33 	 0.353884
3.34 	 0.35384
3.35 	 0.353886
3.36 	 0.353837
3.37 	 0.353889
3.38 	 0.353834
3.39 	 0.353893
3.4 	 0.353831
3.41 	 0.353896
3.42 	 0.353827
3.43 	 0.353901
3.44 	 0.353822
3.45 	 0.353905
3.46 	 0.353818
3.47 	 0.35391
3.48 	 0.353812
3.49 	 0.353916
3.5 	 0.353807
3.51 	 0.353922
3.52 	 0.3538
3.53 	 0.353928
3.54 	 0.353794
3.55 	 0.353935
3.56 	 0.353786
3.57 	 0.353943
3.58 	 0.353778
3.59 	 0.353952
3.6 	 0.353769
3.61 	 0.353961
3.62 	 0.353759
3.63 	 0.353971
3.64 	 0.353749
3.65 	 0.353982
3.66 	 0.353738
3.67 	 0.353993
3.68 	 0.353726
3.69 	 0.354006
3.7 	 0.353713
3.71 	 0.354019
3.72 	 0.353699
3.73 	 0.354033
3.74 	 0.353684
3.75 	 0.354049
3.76 	 0.353668
3.77 	 0.354065
3.78 	 0.353651
3.79 	 0.354082
3.8 	 0.353634
3.81 	 0.354101
3.82 	 0.353615
3.83 	 0.35412
3.84 	 0.353595
3.85 	 0.354141
3.86 	 0.353574
3.87 	 0.354162
3.88 	 0.353551
3.89 	 0.354185
3.9 	 0.353528
3.91 	 0.354208
3.92 	 0.353504
3.93 	 0.354233
3.94 	 0.353479
3.95 	 0.354259
3.96 	 0.353453
3.97 	 0.354285
3.98 	 0.353426
3.99 	 0.354313
4 	 0.353398
4.01 	 0.353398
4.02 	 0.353369
4.03 	 0.35437
4.04 	 0.353339
4.05 	 0.3544
4.06 	 0.353309
4.07 	 0.35443
4.08 	 0.353279
4.09 	 0.354461
4.1 	 0.354461
4.11 	 0.354492
4.12 	 0.353216
4.13 	 0.354524
4.14 	 0.354524
4.15 	 0.354555
4.16 	 0.353153
4.17 	 0.354587
4.18 	 0.354587
4.19 	 0.354618
4.2 	 0.35309
4.21 	 0.354649
4.22 	 0.354649
4.23 	 0.354679
4.24 	 0.353029
4.25 	 0.354709
4.26 	 0.354709
4.27 	 0.354737
4.28 	 0.352972
4.29 	 0.354765
4.3 	 0.352945
4.31 	 0.354791
4.32 	 0.352919
4.33 	 0.354816
4.34 	 0.352895
4.35 	 0.354839
4.36 	 0.352873
4.37 	 0.354859
4.38 	 0.352853
4.39 	 0.352853
4.4 	 0.352836
4.41 	 0.354895
4.42 	 0.35282
4.43 	 0.35282
4.44 	 0.352808
4.45 	 0.354919
4.46 	 0.352798
4.47 	 0.352798
4.48 	 0.352792
4.49 	 0.354932
4.5 	 0.352788
4.51 	 0.352788
4.52 	 0.352788
4.53 	 0.354932
4.54 	 0.352792
4.55 	 0.354927
4.56 	 0.352799
4.57 	 0.354918
4.58 	 0.35281
4.59 	 0.354906
4.6 	 0.352824
4.61 	 0.354889
4.62 	 0.352843
4.63 	 0.354869
4.64 	 0.354869
4.65 	 0.354844
4.66 	 0.352892
4.67 	 0.354816
4.68 	 0.354816
4.69 	 0.354784
4.7 	 0.352956
4.71 	 0.354748
4.72 	 0.354748
4.73 	 0.354709
4.74 	 0.353036
4.75 	 0.354665
4.76 	 0.354665
4.77 	 0.354619
4.78 	 0.35313
4.79 	 0.354569
4.8 	 0.353181
4.81 	 0.354515
4.82 	 0.353236
4.83 	 0.354459
4.84 	 0.353294
4.85 	 0.3544
4.86 	 0.353355
4.87 	 0.354339
4.88 	 0.353418
4.89 	 0.353418
4.9 	 0.353482
4.91 	 0.354209
4.92 	 0.353549
4.93 	 0.353549
4.94 	 0.353617
4.95 	 0.354073
4.96 	 0.353686
4.97 	 0.353686
4.98 	 0.353757
4.99 	 0.353933
5 	 0.353827
5.01 	 0.353827
5.02 	 0.353898
5.03 	 0.353792
5.04 	 0.353969
5.05 	 0.353721
5.06 	 0.354039
5.07 	 0.353652
5.08 	 0.354108
5.09 	 0.353583
5.1 	 0.354176
5.11 	 0.353516
5.12 	 0.354242
5.13 	 0.35345
5.14 	 0.354307
5.15 	 0.353386
5.16 	 0.35437
5.17 	 0.353324
5.18 	 0.35443
5.19 	 0.353265
5.2 	 0.354488
5.21 	 0.353209
5.22 	 0.354542
5.23 	 0.353155
5.24 	 0.354594
5.25 	 0.353105
5.26 	 0.354643
5.27 	 0.353058
5.28 	 0.354688
5.29 	 0.353014
5.3 	 0.354729
5.31 	 0.352975
5.32 	 0.354767
5.33 	 0.352939
5.34 	 0.354801
5.35 	 0.352906
5.36 	 0.354831
5.37 	 0.352878
5.38 	 0.354857
5.39 	 0.352854
5.4 	 0.354879
5.41 	 0.352833
5.42 	 0.354898
5.43 	 0.352817
5.44 	 0.354912
5.45 	 0.352804
5.46 	 0.354923
5.47 	 0.352795
5.48 	 0.35493
5.49 	 0.352789
5.5 	 0.354934
5.51 	 0.352788
5.52 	 0.354934
5.53 	 0.352789
5.54 	 0.35493
5.55 	 0.352794
5.56 	 0.354924
5.57 	 0.352803
5.58 	 0.354914
5.59 	 0.352814
5.6 	 0.354902
5.61 	 0.352828
5.62 	 0.354887
5.63 	 0.352844
5.64 	 0.354869
5.65 	 0.352863
5.66 	 0.354849
5.67 	 0.352884
5.68 	 0.354827
5.69 	 0.352907
5.7 	 0.354804
5.71 	 0.352932
5.72 	 0.354778
5.73 	 0.352958
5.74 	 0.354751
5.75 	 0.352986
5.76 	 0.354723
5.77 	 0.353014
5.78 	 0.354694
5.79 	 0.353044
5.8 	 0.354664
5.81 	 0.353075
5.82 	 0.354633
5.83 	 0.353106
5.84 	 0.354602
5.85 	 0.353137
5.86 	 0.354571
5.87 	 0.353169
5.88 	 0.354539
5.89 	 0.3532
5.9 	 0.354508
5.91 	 0.353232
5.92 	 0.354477
5.93 	 0.353263
5.94 	 0.354446
5.95 	 0.353294
5.96 	 0.354415
5.97 	 0.353324
5.98 	 0.354385
5.99 	 0.353354
6 	 0.354356
6.01 	 0.353383
6.02 	 0.354327
6.03 	 0.353412
6.04 	 0.354299
6.05 	 0.353439
6.06 	 0.354272
6.07 	 0.353466
6.08 	 0.354246
6.09 	 0.353492
6.1 	 0.354221
6.11 	 0.353516
6.12 	 0.354197
6.13 	 0.35354
6.14 	 0.354173
6.15 	 0.353563
6.16 	 0.354151
6.17 	 0.353584
6.18 	 0.35413
6.19 	 0.353605
6.2 	 0.35411
6.21 	 0.353624
6.22 	 0.354091
6.23 	 0.353643
6.24 	 0.354074
6.25 	 0.35366
6.26 	 0.354057
6.27 	 0.353676
6.28 	 0.354041
6.29 	 0.353692
6.3 	 0.354026
6.31 	 0.353706
6.32 	 0.354012
6.33 	 0.353719
6.34 	 0.353999
6.35 	 0.353732
6.36 	 0.353987
6.37 	 0.353744
6.38 	 0.353976
6.39 	 0.353754
6.4 	 0.353966
6.41 	 0.353764
6.42 	 0.353956
6.43 	 0.353774
6.44 	 0.353947
6.45 	 0.353782
6.46 	 0.353939
6.47 	 0.35379
6.48 	 0.353932
6.49 	 0.353797
6.5 	 0.353925
6.51 	 0.353804
6.52 	 0.353918
6.53 	 0.35381
6.54 	 0.353913
6.55 	 0.353815
6.56 	 0.353907
6.57 	 0.35382
6.58 	 0.353903
6.59 	 0.353825
6.6 	 0.353898
6.61 	 0.353829
6.62 	 0.353894
6.63 	 0.353832
6.64 	 0.353891
6.65 	 0.353836
6.66 	 0.353888
6.67 	 0.353839
6.68 	 0.353885
6.69 	 0.353842
6.7 	 0.353882
6.71 	 0.353844
6.72 	 0.35388
6.73 	 0.353846
6.74 	 0.353878
6.75 	 0.353848
6.76 	 0.353876
6.77 	 0.35385
6.78 	 0.353874
6.79 	 0.353851
6.8 	 0.353873
6.81 	 0.353853
6.82 	 0.353872
6.83 	 0.353854
6.84 	 0.353871
6.85 	 0.353855
6.86 	 0.35387
6.87 	 0.353856
6.88 	 0.353869
6.89 	 0.353857
6.9 	 0.353868
6.91 	 0.353858
6.92 	 0.353867
6.93 	 0.353858
6.94 	 0.353867
6.95 	 0.353859
6.96 	 0.353866
6.97 	 0.353859
6.98 	 0.353866
6.99 	 0.35386
7 	 0.353865
7.01 	 0.35386
7.02 	 0.353865
7.03 	 0.353861
7.04 	 0.353864
7.05 	 0.353861
7.06 	 0.353864
7.07 	 0.353861
7.08 	 0.353864
7.09 	 0.353861
7.1 	 0.353864
7.11 	 0.353861
7.12 	 0.353864
7.13 	 0.353862
7.14 	 0.353863
7.15 	 0.353862
7.16 	 0.353863
7.17 	 0.353862
7.18 	 0.353863
7.19 	 0.353862
7.2 	 0.353863
7.21 	 0.353862
7.22 	 0.353863
7.23 	 0.353862
7.24 	 0.353863
7.25 	 0.353862
7.26 	 0.353863
7.27 	 0.353862
7.28 	 0.353863
7.29 	 0.353862
7.3 	 0.353863
7.31 	 0.353862
7.32 	 0.353863
7.33 	 0.353862
7.34 	 0.353863
7.35 	 0.353862
7.36 	 0.353863
7.37 	 0.353862
7.38 	 0.353863
7.39 	 0.353862
7.4 	 0.353863
7.41 	 0.353863
7.42 	 0.353863
7.43 	 0.353863
7.44 	 0.353863
7.45 	 0.353863
7.46 	 0.353863
7.47 	 0.353863
7.48 	 0.353863
7.49 	 0.353863
7.5 	 0.353863
7.51 	 0.353863
7.52 	 0.353863
7.53 	 0.353863
7.54 	 0.353863
7.55 	 0.353863
7.56 	 0.353863
7.57 	 0.353863
7.58 	 0.353863
7.59 	 0.353863
7.6 	 0.353863
7.61 	 0.353863
7.62 	 0.353863
7.63 	 0.353863
7.64 	 0.353862
7.65 	 0.353863
7.66 	 0.353862
7.67 	 0.353863
7.68 	 0.353862
7.69 	 0.353863
7.7 	 0.353862
7.71 	 0.353863
7.72 	 0.353862
7.73 	 0.353863
7.74 	 0.353862
7.75 	 0.353863
7.76 	 0.353862
7.77 	 0.353863
7.78 	 0.353862
7.79 	 0.353863
7.8 	 0.353862
7.81 	 0.353863
7.82 	 0.353862
7.83 	 0.353863
7.84 	 0.353862
7.85 	 0.353863
7.86 	 0.353862
7.87 	 0.353863
7.88 	 0.353862
7.89 	 0.353863
7.9 	 0.353862
7.91 	 0.353864
7.92 	 0.353861
7.93 	 0.353864
7.94 	 0.353861
7.95 	 0.353864
7.96 	 0.353861
7.97 	 0.353864
7.98 	 0.353861
7.99 	 0.353865
8 	 0.35386
8.01 	 0.353865
8.02 	 0.353865
8.03 	 0.35386
8.04 	 0.35386
8.05 	 0.353866
8.06 	 0.353859
8.07 	 0.353866
8.08 	 0.353859
8.09 	 0.353867
8.1 	 0.353858
8.11 	 0.353858
8.12 	 0.353857
8.13 	 0.353868
8.14 	 0.353857
8.15 	 0.353869
8.16 	 0.353856
8.17 	 0.35387
8.18 	 0.353855
8.19 	 0.353855
8.2 	 0.353871
8.21 	 0.353872
8.22 	 0.353852
8.23 	 0.353873
8.24 	 0.353851
8.25 	 0.353875
8.26 	 0.353849
8.27 	 0.353849
8.28 	 0.353877
8.29 	 0.353878
8.3 	 0.353846
8.31 	 0.353881
8.32 	 0.353843
8.33 	 0.353883
8.34 	 0.353841
8.35 	 0.353886
8.36 	 0.353886
8.37 	 0.353889
8.38 	 0.353835
8.39 	 0.353892
8.4 	 0.353832
8.41 	 0.353895
8.42 	 0.353828
8.43 	 0.353899
8.44 	 0.353899
8.45 	 0.353824
8.46 	 0.353819
8.47 	 0.353909
8.48 	 0.353814
8.49 	 0.353914
8.5 	 0.353808
8.51 	 0.35392
8.52 	 0.35392
8.53 	 0.353802
8.54 	 0.353795
8.55 	 0.353933
8.56 	 0.353788
8.57 	 0.353941
8.58 	 0.35378
8.59 	 0.353949
8.6 	 0.353771
8.61 	 0.353771
8.62 	 0.353762
8.63 	 0.353968
8.64 	 0.353752
8.65 	 0.353979
8.66 	 0.353741
8.67 	 0.35399
8.68 	 0.353729
8.69 	 0.353729
8.7 	 0.353716
8.71 	 0.354016
8.72 	 0.353702
8.73 	 0.35403
8.74 	 0.353688
8.75 	 0.354045
8.76 	 0.353672
8.77 	 0.353672
8.78 	 0.354061
8.79 	 0.354078
8.8 	 0.353638
8.81 	 0.354096
8.82 	 0.353619
8.83 	 0.354115
8.84 	 0.3536
8.85 	 0.354135
8.86 	 0.354135
8.87 	 0.354157
8.88 	 0.353557
8.89 	 0.354179
8.9 	 0.353534
8.91 	 0.354202
8.92 	 0.35351
8.93 	 0.354227
8.94 	 0.354227
8.95 	 0.354252
8.96 	 0.353459
8.97 	 0.354279
8.98 	 0.353433
8.99 	 0.354306
9 	 0.353405
9.01 	 0.354334
9.02 	 0.354334
9.03 	 0.353376
9.04 	 0.353347
9.05 	 0.354392
9.06 	 0.353317
9.07 	 0.354423
9.08 	 0.353286
9.09 	 0.354453
9.1 	 0.353255
9.11 	 0.353255
9.12 	 0.353224
9.13 	 0.354516
9.14 	 0.353192
9.15 	 0.354547
9.16 	 0.353161
9.17 	 0.354579
9.18 	 0.353129
9.19 	 0.353129
9.2 	 0.353098
9.21 	 0.354641
9.22 	 0.353067
9.23 	 0.354672
9.24 	 0.353037
9.25 	 0.354701
9.26 	 0.353007
9.27 	 0.353007
9.28 	 0.35473
9.29 	 0.354758
9.3 	 0.352951
9.31 	 0.354785
9.32 	 0.352925
9.33 	 0.35481
9.34 	 0.352901
9.35 	 0.354833
9.36 	 0.354833
9.37 	 0.354854
9.38 	 0.352858
9.39 	 0.354874
9.4 	 0.35284
9.41 	 0.354891
9.42 	 0.352824
9.43 	 0.354905
9.44 	 0.354905
9.45 	 0.354917
9.46 	 0.3528
9.47 	 0.354926
9.48 	 0.352793
9.49 	 0.354932
9.5 	 0.352789
9.51 	 0.354934
9.52 	 0.354934
9.53 	 0.352788
9.54 	 0.35279
9.55 	 0.354929
9.56 	 0.352797
9.57 	 0.354921
9.58 	 0.352807
9.59 	 0.354909
9.6 	 0.35282
9.61 	 0.35282
9.62 	 0.352838
9.63 	 0.354874
9.64 	 0.352859
9.65 	 0.354851
9.66 	 0.352885
9.67 	 0.354824
9.68 	 0.352914
9.69 	 0.352914
9.7 	 0.352947
9.71 	 0.354758
9.72 	 0.352984
9.73 	 0.354719
9.74 	 0.353025
9.75 	 0.354677
9.76 	 0.353069
9.77 	 0.353069
9.78 	 0.354631
9.79 	 0.354581
9.8 	 0.353168
9.81 	 0.354529
9.82 	 0.353222
9.83 	 0.354473
9.84 	 0.35328
9.85 	 0.354415
9.86 	 0.354415
9.87 	 0.354354
9.88 	 0.353402
9.89 	 0.354291
9.9 	 0.353466
9.91 	 0.354226
9.92 	 0.353532
9.93 	 0.354159
9.94 	 0.354159
9.95 	 0.354091
9.96 	 0.353669
9.97 	 0.354021
9.98 	 0.353739
9.99 	 0.353951
10 	 0.35381
10.01 	 0.35388
10.02 	 0.35388
10.03 	 0.35388
10.04 	 0.353951
10.05 	 0.353739
10.06 	 0.354021
10.07 	 0.353669
10.08 	 0.354091
10.09 	 0.3536
10.1 	 0.354159
10.11 	 0.354159
10.12 	 0.354226
10.13 	 0.353466
10.14 	 0.354291
10.15 	 0.353402
10.16 	 0.354354
10.17 	 0.353339
10.18 	 0.354415
10.19 	 0.354415
10.2 	 0.354473
10.21 	 0.353222
10.22 	 0.354529
10.23 	 0.353168
10.24 	 0.354581
10.25 	 0.353117
10.26 	 0.354631
10.27 	 0.353069
10.28 	 0.354677
10.29 	 0.353025
10.3 	 0.354719
10.31 	 0.352984
10.32 	 0.354758
10.33 	 0.352947
10.34 	 0.354793
10.35 	 0.352914
10.36 	 0.354824
10.37 	 0.352885
10.38 	 0.354851
10.39 	 0.352859
10.4 	 0.354874
10.41 	 0.352838
10.42 	 0.354894
10.43 	 0.35282
10.44 	 0.354909
10.45 	 0.352807
10.46 	 0.354921
10.47 	 0.352797
10.48 	 0.354929
10.49 	 0.35279
10.5 	 0.354933
10.51 	 0.352788
10.52 	 0.354934
10.53 	 0.352789
10.54 	 0.354932
10.55 	 0.352793
10.56 	 0.354926
10.57 	 0.3528
10.58 	 0.354917
10.59 	 0.352811
10.6 	 0.354905
10.61 	 0.352824
10.62 	 0.354891
10.63 	 0.35284
10.64 	 0.354874
10.65 	 0.352858
10.66 	 0.354854
10.67 	 0.352878
10.68 	 0.354833
10.69 	 0.352901
10.7 	 0.35481
10.71 	 0.352925
10.72 	 0.354785
10.73 	 0.352951
10.74 	 0.354758
10.75 	 0.352979
10.76 	 0.35473
10.77 	 0.353007
10.78 	 0.354701
10.79 	 0.353037
10.8 	 0.354672
10.81 	 0.353067
10.82 	 0.354641
10.83 	 0.353098
10.84 	 0.35461
10.85 	 0.353129
10.86 	 0.354579
10.87 	 0.353161
10.88 	 0.354547
10.89 	 0.353192
10.9 	 0.354516
10.91 	 0.353224
10.92 	 0.354484
10.93 	 0.353255
10.94 	 0.354453
10.95 	 0.353286
10.96 	 0.354423
10.97 	 0.353317
10.98 	 0.354392
10.99 	 0.353347
11 	 0.354363
11.01 	 0.353376
11.02 	 0.354334
11.03 	 0.353405
11.04 	 0.354306
11.05 	 0.353433
11.06 	 0.354279
11.07 	 0.353459
11.08 	 0.354252
11.09 	 0.353485
11.1 	 0.354227
11.11 	 0.35351
11.12 	 0.354202
11.13 	 0.353534
11.14 	 0.354179
11.15 	 0.353557
11.16 	 0.354157
11.17 	 0.353579
11.18 	 0.354135
11.19 	 0.3536
11.2 	 0.354115
11.21 	 0.353619
11.22 	 0.354096
11.23 	 0.353638
11.24 	 0.354078
11.25 	 0.353656
11.26 	 0.354061
11.27 	 0.353672
11.28 	 0.354045
11.29 	 0.353688
11.3 	 0.35403
11.31 	 0.353702
11.32 	 0.354016
11.33 	 0.353716
11.34 	 0.354003
11.35 	 0.353729
11.36 	 0.35399
11.37 	 0.353741
11.38 	 0.353979
11.39 	 0.353752
11.4 	 0.353968
11.41 	 0.353762
11.42 	 0.353958
11.43 	 0.353771
11.44 	 0.353949
11.45 	 0.35378
11.46 	 0.353941
11.47 	 0.353788
11.48 	 0.353933
11.49 	 0.353795
11.5 	 0.353926
11.51 	 0.353802
11.52 	 0.35392
11.53 	 0.353808
11.54 	 0.353914
11.55 	 0.353814
11.56 	 0.353909
11.57 	 0.353819
11.58 	 0.353904
11.59 	 0.353824
11.6 	 0.353899
11.61 	 0.353828
11.62 	 0.353895
11.63 	 0.353832
11.64 	 0.353892
11.65 	 0.353835
11.66 	 0.353889
11.67 	 0.353838
11.68 	 0.353886
11.69 	 0.353841
11.7 	 0.353883
11.71 	 0.353843
11.72 	 0.353881
11.73 	 0.353846
11.74 	 0.353878
11.75 	 0.353848
11.76 	 0.353877
11.77 	 0.353849
11.78 	 0.353875
11.79 	 0.353851
11.8 	 0.353873
11.81 	 0.353852
11.82 	 0.353872
11.83 	 0.353854
11.84 	 0.353871
11.85 	 0.353855
11.86 	 0.35387
11.87 	 0.353856
11.88 	 0.353869
11.89 	 0.353857
11.9 	 0.353868
11.91 	 0.353857
11.92 	 0.353867
11.93 	 0.353858
11.94 	 0.353867
11.95 	 0.353859
11.96 	 0.353866
11.97 	 0.353859
11.98 	 0.353866
11.99 	 0.35386
12 	 0.353865
12.01 	 0.35386
12.02 	 0.353865
12.03 	 0.35386
12.04 	 0.353865
12.05 	 0.353861
12.06 	 0.353864
12.07 	 0.353861
12.08 	 0.353864
12.09 	 0.353861
12.1 	 0.353864
12.11 	 0.353861
12.12 	 0.353864
12.13 	 0.353862
12.14 	 0.353863
12.15 	 0.353862
12.16 	 0.353863
12.17 	 0.353862
12.18 	 0.353863
12.19 	 0.353862
12.2 	 0.353863
12.21 	 0.353862
12.22 	 0.353863
12.23 	 0.353862
12.24 	 0.353863
12.25 	 0.353862
12.26 	 0.353863
12.27 	 0.353862
12.28 	 0.353863
12.29 	 0.353862
12.3 	 0.353863
12.31 	 0.353862
12.32 	 0.353863
12.33 	 0.353862
12.34 	 0.353863
12.35 	 0.353862
12.36 	 0.353863
12.37 	 0.353862
12.38 	 0.353863
12.39 	 0.353862
12.4 	 0.353863
12.41 	 0.353863
12.42 	 0.353863
12.43 	 0.353863
12.44 	 0.353863
12.45 	 0.353863
12.46 	 0.353863
12.47 	 0.353863
12.48 	 0.353863
12.49 	 0.353863
12.5 	 0.353863
12.51 	 0.353863
12.52 	 0.353863
12.53 	 0.353863
12.54 	 0.353863
12.55 	 0.353863
12.56 	 0.353863
12.57 	 0.353863
12.58 	 0.353863
12.59 	 0.353863
12.6 	 0.353863
12.61 	 0.353863
12.62 	 0.353863
12.63 	 0.353863
12.64 	 0.353862
12.65 	 0.353863
12.66 	 0.353862
12.67 	 0.353863
12.68 	 0.353862
12.69 	 0.353863
12.7 	 0.353862
12.71 	 0.353863
12.72 	 0.353862
12.73 	 0.353863
12.74 	 0.353862
12.75 	 0.353863
12.76 	 0.353862
12.77 	 0.353863
12.78 	 0.353862
12.79 	 0.353863
12.8 	 0.353862
12.81 	 0.353863
12.82 	 0.353862
12.83 	 0.353863
12.84 	 0.353862
12.85 	 0.353863
12.86 	 0.353862
12.87 	 0.353863
12.88 	 0.353862
12.89 	 0.353863
12.9 	 0.353862
12.91 	 0.353864
12.92 	 0.353861
12.93 	 0.353864
12.94 	 0.353861
12.95 	 0.353864
12.96 	 0.353861
12.97 	 0.353864
12.98 	 0.353861
12.99 	 0.353864
13 	 0.353861
13.01 	 0.353865
13.02 	 0.35386
13.03 	 0.353865
13.04 	 0.35386
13.05 	 0.353866
13.06 	 0.353859
13.07 	 0.353866
13.08 	 0.353859
13.09 	 0.353867
13.1 	 0.353858
13.11 	 0.353867
13.12 	 0.353858
13.13 	 0.353868
13.14 	 0.353857
13.15 	 0.353869
13.16 	 0.353856
13.17 	 0.35387
13.18 	 0.353855
13.19 	 0.353871
13.2 	 0.353854
13.21 	 0.353872
13.22 	 0.353853
13.23 	 0.353873
13.24 	 0.353851
13.25 	 0.353874
13.26 	 0.35385
13.27 	 0.353876
13.28 	 0.353848
13.29 	 0.353878
13.3 	 0.353846
13.31 	 0.35388
13.32 	 0.353844
13.33 	 0.353882
13.34 	 0.353842
13.35 	 0.353885
13.36 	 0.353839
13.37 	 0.353888
13.38 	 0.353836
13.39 	 0.353891
13.4 	 0.353832
13.41 	 0.353894
13.42 	 0.353829
13.43 	 0.353898
13.44 	 0.353825
13.45 	 0.353903
13.46 	 0.35382
13.47 	 0.353907
13.48 	 0.353815
13.49 	 0.353913
13.5 	 0.35381
13.51 	 0.353918
13.52 	 0.353804
13.53 	 0.353925
13.54 	 0.353797
13.55 	 0.353932
13.56 	 0.35379
13.57 	 0.353939
13.58 	 0.353782
13.59 	 0.353947
13.6 	 0.353774
13.61 	 0.353956
13.62 	 0.353764
13.63 	 0.353966
13.64 	 0.353754
13.65 	 0.353976
13.66 	 0.353744
13.67 	 0.353987
13.68 	 0.353732
13.69 	 0.353999
13.7 	 0.353719
13.71 	 0.354012
13.72 	 0.353706
13.73 	 0.354026
13.74 	 0.353692
13.75 	 0.354041
13.76 	 0.353676
13.77 	 0.354057
13.78 	 0.35366
13.79 	 0.354074
13.8 	 0.353643
13.81 	 0.354091
13.82 	 0.353624
13.83 	 0.35411
13.84 	 0.353605
13.85 	 0.35413
13.86 	 0.353584
13.87 	 0.354151
13.88 	 0.353563
13.89 	 0.354173
13.9 	 0.35354
13.91 	 0.354197
13.92 	 0.353516
13.93 	 0.354221
13.94 	 0.353492
13.95 	 0.354246
13.96 	 0.353466
13.97 	 0.354272
13.98 	 0.353439
13.99 	 0.354299
14 	 0.353412
14.01 	 0.354327
14.02 	 0.353383
14.03 	 0.354356
14.04 	 0.353354
14.05 	 0.354385
14.06 	 0.353324
14.07 	 0.354415
14.08 	 0.353294
14.09 	 0.354446
14.1 	 0.353263
14.11 	 0.354477
14.12 	 0.353232
14.13 	 0.354508
14.14 	 0.3532
14.15 	 0.354539
14.16 	 0.353169
14.17 	 0.354571
14.18 	 0.353137
14.19 	 0.354602
14.2 	 0.353106
14.21 	 0.354633
14.22 	 0.353075
14.23 	 0.354664
14.24 	 0.353044
14.25 	 0.354694
14.26 	 0.353014
14.27 	 0.354723
14.28 	 0.352986
14.29 	 0.354751
14.3 	 0.352958
14.31 	 0.354778
14.32 	 0.352932
14.33 	 0.354804
14.34 	 0.352907
14.35 	 0.354827
14.36 	 0.352884
14.37 	 0.354849
14.38 	 0.352863
14.39 	 0.354869
14.4 	 0.352844
14.41 	 0.354887
14.42 	 0.352828
14.43 	 0.354902
14.44 	 0.352814
14.45 	 0.354914
14.46 	 0.352803
14.47 	 0.354924
14.48 	 0.352794
14.49 	 0.35493
14.5 	 0.352789
14.51 	 0.354934
14.52 	 0.352788
14.53 	 0.354934
14.54 	 0.352789
14.55 	 0.35493
14.56 	 0.352795
14.57 	 0.354923
14.58 	 0.352804
14.59 	 0.354912
14.6 	 0.352817
14.61 	 0.354898
14.62 	 0.352833
14.63 	 0.354879
14.64 	 0.352854
14.65 	 0.354857
14.66 	 0.352878
14.67 	 0.354831
14.68 	 0.352906
14.69 	 0.354801
14.7 	 0.352939
14.71 	 0.354767
14.72 	 0.352975
14.73 	 0.354729
14.74 	 0.353014
14.75 	 0.354688
14.76 	 0.353058
14.77 	 0.354643
14.78 	 0.353105
14.79 	 0.354594
14.8 	 0.353155
14.81 	 0.354542
14.82 	 0.353209
14.83 	 0.354488
14.84 	 0.353265
14.85 	 0.35443
14.86 	 0.353324
14.87 	 0.35437
14.88 	 0.353386
14.89 	 0.354307
14.9 	 0.35345
14.91 	 0.354242
14.92 	 0.353516
14.93 	 0.354176
14.94 	 0.353583
14.95 	 0.354108
14.96 	 0.353652
14.97 	 0.354039
14.98 	 0.353721
14.99 	 0.353969
15 	 0.353792
15.01 	 0.353898
15.02 	 0.353863
15.03 	 0.353827
15.04 	 0.353933
15.05 	 0.353757
15.06 	 0.354004
15.07 	 0.353686
15.08 	 0.354073
15.09 	 0.353617
15.1 	 0.354142
15.11 	 0.353549
15.12 	 0.354209
15.13 	 0.353482
15.14 	 0.354275
15.15 	 0.353418
15.16 	 0.354339
15.17 	 0.353355
15.18 	 0.3544
15.19 	 0.353294
15.2 	 0.354459
15.21 	 0.353236
15.22 	 0.354515
15.23 	 0.353181
15.24 	 0.354569
15.25 	 0.35313
15.26 	 0.354619
15.27 	 0.353081
15.28 	 0.354665
15.29 	 0.353036
15.3 	 0.354709
15.31 	 0.352994
15.32 	 0.354748
15.33 	 0.352956
15.34 	 0.354784
15.35 	 0.352922
15.36 	 0.354816
15.37 	 0.352892
15.38 	 0.354844
15.39 	 0.352865
15.4 	 0.354869
15.41 	 0.352843
15.42 	 0.354889
15.43 	 0.352824
15.44 	 0.354906
15.45 	 0.35281
15.46 	 0.354918
15.47 	 0.352799
15.48 	 0.354927
15.49 	 0.352792
15.5 	 0.354932
15.51 	 0.352788
15.52 	 0.354934
15.53 	 0.352788
15.54 	 0.354932
15.55 	 0.352792
15.56 	 0.354928
15.57 	 0.352798
15.58 	 0.354919
15.59 	 0.352808
15.6 	 0.354908
15.61 	 0.35282
15.62 	 0.354895
15.63 	 0.352836
15.64 	 0.354878
15.65 	 0.352853
15.66 	 0.354859
15.67 	 0.352873
15.68 	 0.354839
15.69 	 0.352895
15.7 	 0.354816
15.71 	 0.352919
15.72 	 0.354791
15.73 	 0.352945
15.74 	 0.354765
15.75 	 0.352972
15.76 	 0.354737
15.77 	 0.353
15.78 	 0.354709
15.79 	 0.353029
15.8 	 0.354679
15.81 	 0.353059
15.82 	 0.354649
15.83 	 0.35309
15.84 	 0.354618
15.85 	 0.353121
15.86 	 0.354587
15.87 	 0.353153
15.88 	 0.354555
15.89 	 0.353184
15.9 	 0.354524
15.91 	 0.353216
15.92 	 0.354492
15.93 	 0.353248
15.94 	 0.354461
15.95 	 0.353279
15.96 	 0.35443
15.97 	 0.353309
15.98 	 0.3544
15.99 	 0.353339
16 	 0.35437
16.01 	 0.353369
16.02 	 0.354341
16.03 	 0.353398
16.04 	 0.353398
16.05 	 0.353426
16.06 	 0.353426
16.07 	 0.353453
16.08 	 0.354259
16.09 	 0.353479
16.1 	 0.354233
16.11 	 0.353504
16.12 	 0.354208
16.13 	 0.354208
16.14 	 0.354185
16.15 	 0.354185
16.16 	 0.354162
16.17 	 0.353574
16.18 	 0.354141
16.19 	 0.353595
16.2 	 0.35412
16.21 	 0.353615
16.22 	 0.353615
16.23 	 0.353634
16.24 	 0.354082
16.25 	 0.353651
16.26 	 0.354065
16.27 	 0.353668
16.28 	 0.354049
16.29 	 0.354049
16.3 	 0.354033
16.31 	 0.354033
16.32 	 0.354019
16.33 	 0.353713
16.34 	 0.354006
16.35 	 0.353726
16.36 	 0.353993
16.37 	 0.353738
16.38 	 0.353738
16.39 	 0.353749
16.4 	 0.353749
16.41 	 0.353759
16.42 	 0.353961
16.43 	 0.353769
16.44 	 0.353952
16.45 	 0.353778
16.46 	 0.353943
16.47 	 0.353943
16.48 	 0.353935
16.49 	 0.353794
16.5 	 0.353928
16.51 	 0.3538
16.52 	 0.353922
16.53 	 0.353807
16.54 	 0.353807
16.55 	 0.353812
16.56 	 0.353812
16.57 	 0.353818
16.58 	 0.353905
16.59 	 0.353822
16.6 	 0.353901
16.61 	 0.353827
16.62 	 0.353896
16.63 	 0.353896
16.64 	 0.353893
16.65 	 0.353893
16.66 	 0.353889
16.67 	 0.353837
16.68 	 0.353886
16.69 	 0.35384
16.7 	 0.353884
16.71 	 0.353843
16.72 	 0.353843
16.73 	 0.353845
16.74 	 0.353879
16.75 	 0.353847
16.76 	 0.353877
16.77 	 0.353849
16.78 	 0.353875
16.79 	 0.353875
16.8 	 0.353874
16.81 	 0.353874
16.82 	 0.353872
16.83 	 0.353853
16.84 	 0.353871
16.85 	 0.353855
16.86 	 0.35387
16.87 	 0.353856
16.88 	 0.353856
16.89 	 0.353857
16.9 	 0.353857
16.91 	 0.353857
16.92 	 0.353868
16.93 	 0.353858
16.94 	 0.353867
16.95 	 0.353859
16.96 	 0.353866
16.97 	 0.353866
16.98 	 0.353866
16.99 	 0.35386
17 	 0.353865
17.01 	 0.35386
17.02 	 0.353865
17.03 	 0.35386
17.04 	 0.35386
17.05 	 0.353861
17.06 	 0.353861
17.07 	 0.353861
17.08 	 0.353864
17.09 	 0.353861
17.1 	 0.353864
17.11 	 0.353861
17.12 	 0.353864
17.13 	 0.353864
17.14 	 0.353864
17.15 	 0.353862
17.16 	 0.353863
17.17 	 0.353862
17.18 	 0.353863
17.19 	 0.353862
17.2 	 0.353863
17.21 	 0.353862
17.22 	 0.353862
17.23 	 0.353862
17.24 	 0.353863
17.25 	 0.353862
17.26 	 0.353863
17.27 	 0.353862
17.28 	 0.353863
17.29 	 0.353863
17.3 	 0.353863
17.31 	 0.353863
17.32 	 0.353863
17.33 	 0.353862
17.34 	 0.353863
17.35 	 0.353862
17.36 	 0.353863
17.37 	 0.353862
17.38 	 0.353862
17.39 	 0.353862
17.4 	 0.353863
17.41 	 0.353863
17.42 	 0.353863
17.43 	 0.353863
17.44 	 0.353863
17.45 	 0.353863
17.46 	 0.353863
17.47 	 0.353863
17.48 	 0.353863
17.49 	 0.353863
17.5 	 0.353863
17.51 	 0.353863
17.52 	 0.353863
17.53 	 0.353863
17.54 	 0.353863
17.55 	 0.353863
17.56 	 0.353863
17.57 	 0.353863
17.58 	 0.353863
17.59 	 0.353863
17.6 	 0.353863
17.61 	 0.353863
17.62 	 0.353863
17.63 	 0.353863
17.64 	 0.353863
17.65 	 0.353863
17.66 	 0.353862
17.67 	 0.353863
17.68 	 0.353862
17.69 	 0.353863
17.7 	 0.353862
17.71 	 0.353863
17.72 	 0.353863
17.73 	 0.353863
17.74 	 0.353862
17.75 	 0.353863
17.76 	 0.353862
17.77 	 0.353863
17.78 	 0.353862
17.79 	 0.353862
17.8 	 0.353862
17.81 	 0.353862
17.82 	 0.353862
17.83 	 0.353863
17.84 	 0.353862
17.85 	 0.353863
17.86 	 0.353862
17.87 	 0.353863
17.88 	 0.353863
17.89 	 0.353863
17.9 	 0.353862
17.91 	 0.353864
17.92 	 0.353862
17.93 	 0.353864
17.94 	 0.353861
17.95 	 0.353864
17.96 	 0.353861
17.97 	 0.353861
17.98 	 0.353861
17.99 	 0.353864
18 	 0.353861
18.01 	 0.353865
18.02 	 0.35386
18.03 	 0.353865
18.04 	 0.353865
18.05 	 0.353865
18.06 	 0.353865
18.07 	 0.353866
18.08 	 0.353859
18.09 	 0.353866
18.1 	 0.353858
18.11 	 0.353867
18.12 	 0.353858
18.13 	 0.353858
18.14 	 0.353857
18.15 	 0.353868
18.16 	 0.353856
18.17 	 0.353869
18.18 	 0.353855
18.19 	 0.35387
18.2 	 0.353854
18.21 	 0.353871
18.22 	 0.353871
18.23 	 0.353873
18.24 	 0.353852
18.25 	 0.353874
18.26 	 0.35385
18.27 	 0.353876
18.28 	 0.353849
18.29 	 0.353849
18.3 	 0.353847
18.31 	 0.353847
18.32 	 0.353845
18.33 	 0.353882
18.34 	 0.353842
18.35 	 0.353884
18.36 	 0.35384
18.37 	 0.353887
18.38 	 0.353887
18.39 	 0.35389
18.4 	 0.353833
18.41 	 0.353894
18.42 	 0.35383
18.43 	 0.353897
18.44 	 0.353826
18.45 	 0.353902
18.46 	 0.353821
18.47 	 0.353821
18.48 	 0.353816
18.49 	 0.353911
18.5 	 0.353811
18.51 	 0.353917
18.52 	 0.353805
18.53 	 0.353923
18.54 	 0.353923
18.55 	 0.35393
18.56 	 0.35393
18.57 	 0.353937
18.58 	 0.353784
18.59 	 0.353945
18.6 	 0.353776
18.61 	 0.353954
18.62 	 0.353767
18.63 	 0.353767
18.64 	 0.353757
18.65 	 0.353973
18.66 	 0.353746
18.67 	 0.353984
18.68 	 0.353735
18.69 	 0.353996
18.7 	 0.353723
18.71 	 0.354009
18.72 	 0.354009
18.73 	 0.354023
18.74 	 0.353695
18.75 	 0.354037
18.76 	 0.35368
18.77 	 0.354053
18.78 	 0.353664
18.79 	 0.353664
18.8 	 0.353647
18.81 	 0.353647
18.82 	 0.353629
18.83 	 0.354106
18.84 	 0.35361
18.85 	 0.354125
18.86 	 0.353589
18.87 	 0.354146
18.88 	 0.354146
18.89 	 0.354168
18.9 	 0.353546
18.91 	 0.354191
18.92 	 0.353522
18.93 	 0.354215
18.94 	 0.353498
18.95 	 0.354239
18.96 	 0.353473
18.97 	 0.353473
18.98 	 0.353446
18.99 	 0.354292
19 	 0.353419
19.01 	 0.35432
19.02 	 0.353391
19.03 	 0.354348
19.04 	 0.354348
19.05 	 0.354378
19.06 	 0.354378
19.07 	 0.354407
19.08 	 0.353302
19.09 	 0.354438
19.1 	 0.353271
19.11 	 0.354469
19.12 	 0.35324
19.13 	 0.35324
19.14 	 0.353208
19.15 	 0.354532
19.16 	 0.353177
19.17 	 0.354563
19.18 	 0.353145
19.19 	 0.354594
19.2 	 0.353114
19.21 	 0.354626
19.22 	 0.354626
19.23 	 0.354656
19.24 	 0.353052
19.25 	 0.354687
19.26 	 0.353022
19.27 	 0.354716
19.28 	 0.352993
19.29 	 0.352993
19.3 	 0.352965
19.31 	 0.352965
19.32 	 0.352938
19.33 	 0.354797
19.34 	 0.352913
19.35 	 0.354822
19.36 	 0.35289
19.37 	 0.354844
19.38 	 0.354844
19.39 	 0.354864
19.4 	 0.352849
19.41 	 0.354883
19.42 	 0.352831
19.43 	 0.354898
19.44 	 0.352817
19.45 	 0.354911
19.46 	 0.352805
19.47 	 0.352805
19.48 	 0.352796
19.49 	 0.354929
19.5 	 0.35279
19.51 	 0.354933
19.52 	 0.352788
19.53 	 0.354934
19.54 	 0.354934
19.55 	 0.354931
19.56 	 0.354931
19.57 	 0.354925
19.58 	 0.352801
19.59 	 0.354915
19.6 	 0.352813
19.61 	 0.354902
19.62 	 0.352829
19.63 	 0.352829
19.64 	 0.352848
19.65 	 0.354863
19.66 	 0.352872
19.67 	 0.354838
19.68 	 0.352899
19.69 	 0.354809
19.7 	 0.35293
19.71 	 0.354776
19.72 	 0.354776
19.73 	 0.354739
19.74 	 0.353004
19.75 	 0.354698
19.76 	 0.353047
19.77 	 0.354654
19.78 	 0.353093
19.79 	 0.353093
19.8 	 0.353142
19.81 	 0.353142
19.82 	 0.353195
19.83 	 0.354502
19.84 	 0.353251
19.85 	 0.354445
19.86 	 0.353309
19.87 	 0.354385
19.88 	 0.354385
19.89 	 0.354323
19.9 	 0.353434
19.91 	 0.354259
19.92 	 0.353499
19.93 	 0.354193
19.94 	 0.353566
19.95 	 0.354125
19.96 	 0.353634
19.97 	 0.353634
19.98 	 0.353704
19.99 	 0.353986
20 	 0.353774
