0 	 0.433727
0.1 	 0.433727
0.2 	 0.477203
0.3 	 0.477203
0.4 	 0.517036
0.5 	 0.517036
0.6 	 0.554013
0.7 	 0.554013
0.8 	 0.588672
0.9 	 0.588672
1 	 0.621401
1.1 	 0.637135
1.2 	 0.65249
1.3 	 0.667491
1.4 	 0.682163
1.5 	 0.696526
1.6 	 0.710599
1.7 	 0.724398
1.8 	 0.737939
1.9 	 0.751237
2 	 0.764303
2.1 	 0.777149
2.2 	 0.789786
2.3 	 0.802225
2.4 	 0.814473
2.5 	 0.82654
2.6 	 0.838433
2.7 	 0.85016
2.8 	 0.861727
2.9 	 0.873142
3 	 0.884408
3.1 	 0.895533
3.2 	 0.906522
3.3 	 0.917379
3.4 	 0.928109
3.5 	 0.938716
3.6 	 0.949205
3.7 	 0.959579
3.8 	 0.969842
3.9 	 0.979998
4 	 0.99005
4.1 	 1
4.2 	 1.00985
4.3 	 1.00985
4.4 	 1.04834
4.5 	 1.0763
4.6 	 1.08546
4.7 	 1.11249
4.8 	 1.12135
4.9 	 1.14753
5 	 1.15613
5.1 	 1.18154
5.2 	 1.20642
5.3 	 1.2146
5.4 	 1.23881
5.5 	 1.24678
5.6 	 1.27038
5.7 	 1.27815
5.8 	 1.30118
5.9 	 1.30877
6 	 1.33127
6.1 	 1.33869
6.2 	 1.34606
6.3 	 1.3534
6.4 	 1.36069
6.5 	 1.36795
6.6 	 1.37517
6.7 	 1.38235
6.8 	 1.38949
6.9 	 1.3966
7 	 1.40367
7.1 	 1.41071
7.2 	 1.41771
7.3 	 1.42468
7.4 	 1.43161
7.5 	 1.43851
7.6 	 1.44538
7.7 	 1.45221
7.8 	 1.45901
7.9 	 1.46578
8 	 1.47252
8.1 	 1.47252
8.2 	 1.48591
8.3 	 1.49256
8.4 	 1.49917
8.5 	 1.50576
8.6 	 1.50576
8.7 	 1.51886
8.8 	 1.52536
8.9 	 1.53184
9 	 1.53829
9.1 	 1.53829
9.2 	 1.55111
9.3 	 1.56382
9.4 	 1.56382
9.5 	 1.57644
9.6 	 1.57644
9.7 	 1.58895
9.8 	 1.58895
9.9 	 1.60136
10 	 1.60136
10.1 	 1.61368
10.2 	 1.61368
10.3 	 1.60136
10.4 	 1.60136
10.5 	 1.58895
10.6 	 1.58895
10.7 	 1.57644
10.8 	 1.57644
10.9 	 1.56382
11 	 1.56382
11.1 	 1.55111
11.2 	 1.54471
11.3 	 1.53829
11.4 	 1.53184
11.5 	 1.52536
11.6 	 1.51886
11.7 	 1.51233
11.8 	 1.50576
11.9 	 1.49917
12 	 1.49256
12.1 	 1.48591
12.2 	 1.47923
12.3 	 1.47252
12.4 	 1.46578
12.5 	 1.45901
12.6 	 1.45221
12.7 	 1.44538
12.8 	 1.43851
12.9 	 1.43161
13 	 1.42468
13.1 	 1.41771
13.2 	 1.41071
13.3 	 1.40367
13.4 	 1.3966
13.5 	 1.38949
13.6 	 1.38235
13.7 	 1.37517
13.8 	 1.36795
13.9 	 1.36069
14 	 1.3534
14.1 	 1.34606
14.2 	 1.33869
14.3 	 1.33127
14.4 	 1.30877
14.5 	 1.30118
14.6 	 1.27815
14.7 	 1.27038
14.8 	 1.24678
14.9 	 1.23881
15 	 1.2146
15.1 	 1.20642
15.2 	 1.18154
15.3 	 1.15613
15.4 	 1.14753
15.5 	 1.12135
15.6 	 1.11249
15.7 	 1.08546
15.8 	 1.0763
15.9 	 1.04834
16 	 1.03885
16.1 	 1.00985
16.2 	 1.00985
16.3 	 0.99005
16.4 	 0.979998
16.5 	 0.969842
16.6 	 0.959579
16.7 	 0.959579
16.8 	 0.938716
16.9 	 0.928109
17 	 0.917379
17.1 	 0.906522
17.2 	 0.906522
17.3 	 0.884408
17.4 	 0.873142
17.5 	 0.861727
17.6 	 0.85016
17.7 	 0.85016
17.8 	 0.82654
17.9 	 0.814473
18 	 0.802225
18.1 	 0.789786
18.2 	 0.789786
18.3 	 0.764303
18.4 	 0.751237
18.5 	 0.737939
18.6 	 0.724398
18.7 	 0.724398
18.8 	 0.696526
18.9 	 0.682163
19 	 0.667491
19.1 	 0.65249
19.2 	 0.637135
19.3 	 0.621401
19.4 	 0.588672
19.5 	 0.588672
19.6 	 0.554013
19.7 	 0.554013
19.8 	 0.517036
19.9 	 0.517036
20 	 0.477203
