0.05 	 0.433727
0.1 	 0.444994
0.15 	 0.427982
0.2 	 0.443601
0.25 	 0.433013
0.3 	 0.440364
0.35 	 0.431984
0.4 	 0.443983
0.45 	 0.429419
0.5 	 0.443161
0.55 	 0.432497
0.6 	 0.441053
0.65 	 0.431767
0.7 	 0.443658
0.75 	 0.429903
0.8 	 0.442901
0.85 	 0.432616
0.9 	 0.440604
0.95 	 0.433158
1 	 0.441016
1.05 	 0.433977
1.1 	 0.437768
1.15 	 0.438556
1.2 	 0.43454
1.25 	 0.438585
1.3 	 0.437152
1.35 	 0.435744
1.4 	 0.438095
1.45 	 0.436897
1.5 	 0.436392
1.55 	 0.437538
1.6 	 0.43706
1.65 	 0.436617
1.7 	 0.437171
1.75 	 0.437295
1.8 	 0.436634
1.85 	 0.436976
1.9 	 0.43749
1.95 	 0.436572
2 	 0.436895
2.05 	 0.437624
2.1 	 0.436492
2.15 	 0.436492
2.2 	 0.437706
2.25 	 0.436417
2.3 	 0.436893
2.35 	 0.437748
2.4 	 0.436358
2.45 	 0.436924
2.5 	 0.437765
2.55 	 0.436313
2.6 	 0.436959
2.65 	 0.437763
2.7 	 0.436283
2.75 	 0.436994
2.8 	 0.437751
2.85 	 0.436264
2.9 	 0.437027
2.95 	 0.437733
3 	 0.436254
3.05 	 0.437055
3.1 	 0.437711
3.15 	 0.436251
3.2 	 0.43708
3.25 	 0.437687
3.3 	 0.436252
3.35 	 0.437101
3.4 	 0.437663
3.45 	 0.436258
3.5 	 0.437117
3.55 	 0.437643
3.6 	 0.43626
3.65 	 0.437144
3.7 	 0.437595
3.75 	 0.436319
3.8 	 0.437062
3.85 	 0.437744
3.9 	 0.436031
3.95 	 0.437575
4 	 0.436903
4.05 	 0.436903
4.1 	 0.43563
4.15 	 0.439721
4.2 	 0.433335
4.25 	 0.441015
4.3 	 0.441015
4.35 	 0.44207
4.4 	 0.430541
4.45 	 0.444595
4.5 	 0.42891
4.55 	 0.42891
4.6 	 0.430807
4.65 	 0.442217
4.7 	 0.432063
4.75 	 0.441874
4.8 	 0.432325
4.85 	 0.441094
4.9 	 0.43338
4.95 	 0.440601
5 	 0.433041
5.05 	 0.440909
5.1 	 0.434246
5.15 	 0.437375
5.2 	 0.439531
5.25 	 0.432035
5.3 	 0.443324
5.35 	 0.429964
5.4 	 0.444344
5.45 	 0.429058
5.5 	 0.445136
5.55 	 0.428997
5.6 	 0.443936
5.65 	 0.431244
5.7 	 0.44171
5.75 	 0.432779
5.8 	 0.440962
5.85 	 0.433277
5.9 	 0.440476
5.95 	 0.433376
6 	 0.441319
6.05 	 0.431753
6.1 	 0.442371
6.15 	 0.432872
6.2 	 0.438547
6.25 	 0.438268
6.3 	 0.434015
6.35 	 0.440012
6.4 	 0.435209
6.45 	 0.437422
6.5 	 0.437286
6.55 	 0.436846
6.6 	 0.436761
6.65 	 0.437417
6.7 	 0.436852
6.75 	 0.436725
6.8 	 0.437656
6.85 	 0.436168
6.9 	 0.437889
6.95 	 0.4363
7 	 0.437197
7.05 	 0.437671
7.1 	 0.435542
7.15 	 0.438648
7.2 	 0.436127
7.25 	 0.436522
7.3 	 0.438631
7.35 	 0.435219
7.4 	 0.437906
7.45 	 0.437397
7.5 	 0.435786
7.55 	 0.438208
7.6 	 0.436423
7.65 	 0.436955
7.7 	 0.437385
7.75 	 0.43655
7.8 	 0.437544
7.85 	 0.436395
7.9 	 0.437445
7.95 	 0.437182
8 	 0.436063
8.05 	 0.43827
8.1 	 0.43827
8.15 	 0.436505
8.2 	 0.438481
8.25 	 0.435596
8.3 	 0.437293
8.35 	 0.437293
8.4 	 0.435397
8.45 	 0.437936
8.5 	 0.437404
8.55 	 0.435708
8.6 	 0.435708
8.65 	 0.436897
8.7 	 0.436135
8.75 	 0.438109
8.8 	 0.436451
8.85 	 0.436451
8.9 	 0.437356
8.95 	 0.437102
9 	 0.436206
9.05 	 0.438317
9.1 	 0.438317
9.15 	 0.438581
9.2 	 0.43507
9.25 	 0.439652
9.3 	 0.43348
9.35 	 0.43348
9.4 	 0.432177
9.45 	 0.442271
9.5 	 0.431093
9.55 	 0.443493
9.6 	 0.429883
9.65 	 0.444224
9.7 	 0.42987
9.75 	 0.443523
9.8 	 0.431116
9.85 	 0.442046
9.9 	 0.432698
9.95 	 0.440597
10 	 0.433968
10.05 	 0.439488
10.1 	 0.435204
10.15 	 0.437886
10.2 	 0.437194
10.25 	 0.435871
10.3 	 0.438847
10.35 	 0.434496
10.4 	 0.440585
10.45 	 0.431575
10.5 	 0.444613
10.55 	 0.427327
10.6 	 0.447164
10.65 	 0.427354
10.7 	 0.444949
10.75 	 0.430351
10.8 	 0.442806
10.85 	 0.431592
10.9 	 0.441514
10.95 	 0.434046
11 	 0.438231
11.05 	 0.436602
11.1 	 0.438135
11.15 	 0.434105
11.2 	 0.441353
11.25 	 0.432617
11.3 	 0.439836
11.35 	 0.436208
11.4 	 0.436501
11.45 	 0.43771
11.5 	 0.436546
11.55 	 0.437802
11.6 	 0.435014
11.65 	 0.440281
11.7 	 0.433499
11.75 	 0.439104
11.8 	 0.437266
11.85 	 0.434774
11.9 	 0.439828
11.95 	 0.4349
12 	 0.437952
12.05 	 0.436809
12.1 	 0.437028
12.15 	 0.437109
12.2 	 0.436388
12.25 	 0.438404
12.3 	 0.435248
12.35 	 0.438169
12.4 	 0.437224
12.45 	 0.435488
12.5 	 0.438874
12.55 	 0.435949
12.6 	 0.436709
12.65 	 0.438281
12.7 	 0.435709
12.75 	 0.437521
12.8 	 0.437467
12.85 	 0.436
12.9 	 0.437924
12.95 	 0.436657
13 	 0.436671
13.05 	 0.437858
13.1 	 0.436021
13.15 	 0.437676
13.2 	 0.437037
13.25 	 0.436195
13.3 	 0.438277
13.35 	 0.435938
13.4 	 0.437253
13.45 	 0.437785
13.5 	 0.435603
13.55 	 0.438287
13.6 	 0.436506
13.65 	 0.436546
13.7 	 0.438113
13.75 	 0.435861
13.8 	 0.437629
13.85 	 0.437244
13.9 	 0.435892
13.95 	 0.438721
14 	 0.435222
14.05 	 0.438263
14.1 	 0.436614
14.15 	 0.436796
14.2 	 0.436966
14.25 	 0.438365
14.3 	 0.433734
14.35 	 0.441835
14.4 	 0.431584
14.45 	 0.441847
14.5 	 0.432975
14.55 	 0.440796
14.6 	 0.432295
14.65 	 0.443268
14.7 	 0.429192
14.75 	 0.445182
14.8 	 0.429274
14.85 	 0.443428
14.9 	 0.431707
14.95 	 0.441404
15 	 0.433154
15.05 	 0.440277
15.1 	 0.434419
15.15 	 0.438755
15.2 	 0.436182
15.25 	 0.436797
15.3 	 0.438421
15.35 	 0.434309
15.4 	 0.440777
15.45 	 0.432554
15.5 	 0.441637
15.55 	 0.432165
15.6 	 0.442393
15.65 	 0.430305
15.7 	 0.445132
15.75 	 0.427541
15.8 	 0.446467
15.85 	 0.428243
15.9 	 0.444099
15.95 	 0.431383
16 	 0.441385
16.05 	 0.433454
16.1 	 0.439725
16.15 	 0.435276
16.2 	 0.435276
16.25 	 0.437178
16.3 	 0.436665
16.35 	 0.436795
16.4 	 0.438229
16.45 	 0.438229
16.5 	 0.439415
16.55 	 0.435181
16.6 	 0.437536
16.65 	 0.438006
16.7 	 0.438006
16.75 	 0.439765
16.8 	 0.434332
16.85 	 0.439173
16.9 	 0.435474
16.95 	 0.435474
17 	 0.436942
17.05 	 0.436126
17.1 	 0.438849
17.15 	 0.434533
17.2 	 0.434533
17.25 	 0.435343
17.3 	 0.437493
17.35 	 0.437636
17.4 	 0.435698
17.45 	 0.435698
17.5 	 0.43567
17.55 	 0.438052
17.6 	 0.436319
17.65 	 0.437262
17.7 	 0.437262
17.75 	 0.436274
17.8 	 0.438041
17.85 	 0.43593
17.9 	 0.437903
17.95 	 0.437903
18 	 0.437056
18.05 	 0.437581
18.1 	 0.435844
18.15 	 0.438431
18.2 	 0.438431
18.25 	 0.437156
18.3 	 0.437909
18.35 	 0.435569
18.4 	 0.438127
18.45 	 0.438127
18.5 	 0.436371
18.55 	 0.437834
18.6 	 0.436633
18.65 	 0.436849
18.7 	 0.436849
18.75 	 0.437268
18.8 	 0.436272
18.85 	 0.437663
18.9 	 0.437005
18.95 	 0.437005
19 	 0.437388
19.05 	 0.437704
19.1 	 0.435078
19.15 	 0.439376
19.2 	 0.435272
19.25 	 0.437708
19.3 	 0.436574
19.35 	 0.438581
19.4 	 0.433365
19.45 	 0.442314
19.5 	 0.431282
19.55 	 0.441753
19.6 	 0.433326
19.65 	 0.440575
19.7 	 0.432139
19.75 	 0.443665
19.8 	 0.428937
19.85 	 0.444967
19.9 	 0.429929
19.95 	 0.442714
20 	 0.432192
