0 	 0.352265
0.1 	 0.352265
0.2 	 0.359172
0.3 	 0.346053
0.4 	 0.363733
0.5 	 0.343175
0.6 	 0.364587
0.7 	 0.344023
0.8 	 0.362542
0.9 	 0.346959
1 	 0.359463
1.1 	 0.350027
1.2 	 0.356853
1.3 	 0.352181
1.4 	 0.355247
1.5 	 0.353333
1.6 	 0.354478
1.7 	 0.353824
1.8 	 0.354182
1.9 	 0.353995
2 	 0.354089
2.1 	 0.354044
2.2 	 0.354064
2.3 	 0.354055
2.4 	 0.354059
2.5 	 0.354058
2.6 	 0.354058
2.7 	 0.354058
2.8 	 0.354056
2.9 	 0.354062
3 	 0.354048
3.1 	 0.354079
3.2 	 0.354014
3.3 	 0.354147
3.4 	 0.353887
3.5 	 0.354373
3.6 	 0.353502
3.7 	 0.354991
3.8 	 0.352552
3.9 	 0.356356
4 	 0.350668
4.1 	 0.358729
4.2 	 0.347774
4.3 	 0.347774
4.4 	 0.344646
4.5 	 0.364281
4.6 	 0.343078
4.7 	 0.364295
4.8 	 0.34496
4.9 	 0.360625
5 	 0.350517
5.1 	 0.354058
5.2 	 0.357563
5.3 	 0.347366
5.4 	 0.362928
5.5 	 0.343516
5.6 	 0.364707
5.7 	 0.343531
5.8 	 0.363226
5.9 	 0.346147
6 	 0.360232
6.1 	 0.349325
6.2 	 0.357416
6.3 	 0.351745
6.4 	 0.355557
6.5 	 0.353122
6.6 	 0.354612
6.7 	 0.353743
6.8 	 0.354229
6.9 	 0.353969
7 	 0.354102
7.1 	 0.354037
7.2 	 0.354067
7.3 	 0.354054
7.4 	 0.35406
7.5 	 0.354057
7.6 	 0.354058
7.7 	 0.354058
7.8 	 0.354057
7.9 	 0.354061
8 	 0.354051
8.1 	 0.354051
8.2 	 0.354027
8.3 	 0.354121
8.4 	 0.353934
8.5 	 0.354291
8.6 	 0.354291
8.7 	 0.354781
8.8 	 0.352864
8.9 	 0.355925
9 	 0.351241
9.1 	 0.351241
9.2 	 0.348569
9.3 	 0.361017
9.4 	 0.345365
9.5 	 0.363816
9.6 	 0.343206
9.7 	 0.364616
9.8 	 0.344111
9.9 	 0.361886
10 	 0.348868
10.1 	 0.355842
10.2 	 0.355842
10.3 	 0.348868
10.4 	 0.361886
10.5 	 0.344111
10.6 	 0.364616
10.7 	 0.343206
10.8 	 0.363816
10.9 	 0.345365
11 	 0.361017
11.1 	 0.348569
11.2 	 0.358043
11.3 	 0.351241
11.4 	 0.355925
11.5 	 0.352864
11.6 	 0.354781
11.7 	 0.353637
11.8 	 0.354291
11.9 	 0.353934
12 	 0.354121
12.1 	 0.354027
12.2 	 0.354072
12.3 	 0.354051
12.4 	 0.354061
12.5 	 0.354057
12.6 	 0.354058
12.7 	 0.354058
12.8 	 0.354057
12.9 	 0.35406
13 	 0.354054
13.1 	 0.354067
13.2 	 0.354037
13.3 	 0.354102
13.4 	 0.353969
13.5 	 0.354229
13.6 	 0.353743
13.7 	 0.354612
13.8 	 0.353122
13.9 	 0.355557
14 	 0.351745
14.1 	 0.357416
14.2 	 0.349325
14.3 	 0.360232
14.4 	 0.346147
14.5 	 0.363226
14.6 	 0.343531
14.7 	 0.364707
14.8 	 0.343516
14.9 	 0.362928
15 	 0.347366
15.1 	 0.357563
15.2 	 0.354058
15.3 	 0.350517
15.4 	 0.360625
15.5 	 0.34496
15.6 	 0.364295
15.7 	 0.343078
15.8 	 0.364281
15.9 	 0.344646
16 	 0.361796
16.1 	 0.347774
16.2 	 0.347774
16.3 	 0.350668
16.4 	 0.356356
16.5 	 0.352552
16.6 	 0.354991
16.7 	 0.354991
16.8 	 0.354373
16.9 	 0.353887
17 	 0.354147
17.1 	 0.354014
17.2 	 0.354014
17.3 	 0.354048
17.4 	 0.354062
17.5 	 0.354056
17.6 	 0.354058
17.7 	 0.354058
17.8 	 0.354058
17.9 	 0.354059
18 	 0.354055
18.1 	 0.354064
18.2 	 0.354064
18.3 	 0.354089
18.4 	 0.353995
18.5 	 0.354182
18.6 	 0.353824
18.7 	 0.353824
18.8 	 0.353333
18.9 	 0.355247
19 	 0.352181
19.1 	 0.356853
19.2 	 0.350027
19.3 	 0.359463
19.4 	 0.346959
19.5 	 0.362542
19.6 	 0.344023
19.7 	 0.364587
19.8 	 0.343175
19.9 	 0.363733
20 	 0.346053
