0.005 	 0.445871
0.01 	 0.44699
0.015 	 0.445311
0.02 	 0.44685
0.025 	 0.445801
0.03 	 0.446527
0.035 	 0.445701
0.04 	 0.446889
0.045 	 0.44545
0.05 	 0.446806
0.055 	 0.445751
0.06 	 0.446596
0.065 	 0.445679
0.07 	 0.446857
0.075 	 0.445493
0.08 	 0.446793
0.085 	 0.445729
0.09 	 0.446626
0.095 	 0.44567
0.1 	 0.446841
0.105 	 0.445516
0.11 	 0.446787
0.115 	 0.445716
0.12 	 0.446643
0.125 	 0.445665
0.13 	 0.44683
0.135 	 0.44553
0.14 	 0.446783
0.145 	 0.446783
0.15 	 0.446655
0.155 	 0.445662
0.16 	 0.446823
0.165 	 0.44554
0.17 	 0.44678
0.175 	 0.445701
0.18 	 0.446664
0.185 	 0.445659
0.19 	 0.446817
0.195 	 0.445548
0.2 	 0.446777
0.205 	 0.445696
0.21 	 0.446671
0.215 	 0.445657
0.22 	 0.446813
0.225 	 0.445554
0.23 	 0.446776
0.235 	 0.445692
0.24 	 0.446676
0.245 	 0.445656
0.25 	 0.446809
0.255 	 0.445559
0.26 	 0.446774
0.265 	 0.445688
0.27 	 0.446681
0.275 	 0.445654
0.28 	 0.446806
0.285 	 0.445563
0.29 	 0.445563
0.295 	 0.446773
0.3 	 0.446685
0.305 	 0.445653
0.31 	 0.446804
0.315 	 0.445567
0.32 	 0.446772
0.325 	 0.445683
0.33 	 0.446688
0.335 	 0.445652
0.34 	 0.446801
0.345 	 0.44557
0.35 	 0.446771
0.355 	 0.445681
0.36 	 0.446691
0.365 	 0.445652
0.37 	 0.446799
0.375 	 0.445572
0.38 	 0.446771
0.385 	 0.445679
0.39 	 0.446693
0.395 	 0.445651
0.4 	 0.446798
0.405 	 0.445575
0.41 	 0.44677
0.415 	 0.445677
0.42 	 0.446695
0.425 	 0.44565
0.43 	 0.446796
0.435 	 0.445577
0.44 	 0.446769
0.445 	 0.445676
0.45 	 0.446697
0.455 	 0.44565
0.46 	 0.446795
0.465 	 0.445579
0.47 	 0.446769
0.475 	 0.445675
0.48 	 0.446699
0.485 	 0.445649
0.49 	 0.446793
0.495 	 0.44558
0.5 	 0.446768
0.505 	 0.445673
0.51 	 0.446701
0.515 	 0.445649
0.52 	 0.446792
0.525 	 0.445582
0.53 	 0.446768
0.535 	 0.445672
0.54 	 0.446702
0.545 	 0.445648
0.55 	 0.446791
0.555 	 0.445583
0.56 	 0.446768
0.565 	 0.445671
0.57 	 0.446704
0.575 	 0.445648
0.58 	 0.445648
0.585 	 0.44679
0.59 	 0.445585
0.595 	 0.446767
0.6 	 0.446705
0.605 	 0.445648
0.61 	 0.446789
0.615 	 0.445586
0.62 	 0.446767
0.625 	 0.44567
0.63 	 0.446706
0.635 	 0.445647
0.64 	 0.446789
0.645 	 0.445587
0.65 	 0.446767
0.655 	 0.445669
0.66 	 0.446707
0.665 	 0.445647
0.67 	 0.446788
0.675 	 0.445588
0.68 	 0.446766
0.685 	 0.445668
0.69 	 0.446708
0.695 	 0.445647
0.7 	 0.446787
0.705 	 0.445589
0.71 	 0.446766
0.715 	 0.445667
0.72 	 0.446709
0.725 	 0.445647
0.73 	 0.446786
0.735 	 0.44559
0.74 	 0.446766
0.745 	 0.445667
0.75 	 0.44671
0.755 	 0.445646
0.76 	 0.446786
0.765 	 0.445591
0.77 	 0.446766
0.775 	 0.445666
0.78 	 0.446711
0.785 	 0.445646
0.79 	 0.446785
0.795 	 0.445592
0.8 	 0.446765
0.805 	 0.445665
0.81 	 0.446712
0.815 	 0.445646
0.82 	 0.446784
0.825 	 0.445593
0.83 	 0.446765
0.835 	 0.445665
0.84 	 0.446713
0.845 	 0.445646
0.85 	 0.446784
0.855 	 0.445593
0.86 	 0.446765
0.865 	 0.445664
0.87 	 0.446713
0.875 	 0.445645
0.88 	 0.446783
0.885 	 0.445594
0.89 	 0.446765
0.895 	 0.445664
0.9 	 0.446714
0.905 	 0.445645
0.91 	 0.446783
0.915 	 0.445595
0.92 	 0.446764
0.925 	 0.445664
0.93 	 0.446714
0.935 	 0.445647
0.94 	 0.44678
0.945 	 0.4456
0.95 	 0.446757
0.955 	 0.445674
0.96 	 0.446699
0.965 	 0.445669
0.97 	 0.446747
0.975 	 0.445645
0.98 	 0.446696
0.985 	 0.445756
0.99 	 0.44659
0.995 	 0.44581
1 	 0.44657
1.005 	 0.445864
1.01 	 0.446435
1.015 	 0.446058
1.02 	 0.446252
1.025 	 0.446252
1.03 	 0.446186
1.035 	 0.446186
1.04 	 0.446077
1.045 	 0.446077
1.05 	 0.446009
1.055 	 0.446009
1.06 	 0.446128
1.065 	 0.446128
1.07 	 0.446209
1.075 	 0.44617
1.08 	 0.446245
1.085 	 0.446101
1.09 	 0.446319
1.095 	 0.446084
1.1 	 0.446239
1.105 	 0.446231
1.11 	 0.446109
1.115 	 0.44628
1.12 	 0.446138
1.125 	 0.446226
1.13 	 0.446169
1.135 	 0.446215
1.14 	 0.446201
1.145 	 0.446138
1.15 	 0.44629
1.155 	 0.446108
1.16 	 0.446108
1.165 	 0.446239
1.17 	 0.446239
1.175 	 0.446266
1.18 	 0.446266
1.185 	 0.446187
1.19 	 0.446187
1.195 	 0.44618
1.2 	 0.446215
1.205 	 0.446154
1.21 	 0.446246
1.215 	 0.446167
1.22 	 0.446167
1.225 	 0.44627
1.23 	 0.446116
1.235 	 0.446224
1.24 	 0.446231
1.245 	 0.446123
1.25 	 0.446251
1.255 	 0.446183
1.26 	 0.446171
1.265 	 0.446224
1.27 	 0.446178
1.275 	 0.446203
1.28 	 0.446179
1.285 	 0.446215
1.29 	 0.446191
1.295 	 0.446162
1.3 	 0.446252
1.305 	 0.446152
1.31 	 0.446185
1.315 	 0.446256
1.32 	 0.446125
1.325 	 0.446221
1.33 	 0.446228
1.335 	 0.446131
1.34 	 0.44624
1.345 	 0.446195
1.35 	 0.44616
1.355 	 0.446229
1.36 	 0.446183
1.365 	 0.446189
1.37 	 0.4462
1.375 	 0.446197
1.38 	 0.446196
1.385 	 0.446176
1.39 	 0.446225
1.395 	 0.44618
1.4 	 0.446172
1.405 	 0.446246
1.41 	 0.446154
1.415 	 0.446188
1.42 	 0.446248
1.425 	 0.446136
1.43 	 0.446212
1.435 	 0.446232
1.44 	 0.446134
1.445 	 0.446229
1.45 	 0.44621
1.455 	 0.446148
1.46 	 0.446231
1.465 	 0.446193
1.47 	 0.446169
1.475 	 0.446219
1.48 	 0.44619
1.485 	 0.446186
1.49 	 0.446199
1.495 	 0.4462
1.5 	 0.44619
1.505 	 0.446183
1.51 	 0.446217
1.515 	 0.446183
1.52 	 0.446177
1.525 	 0.446233
1.53 	 0.446167
1.535 	 0.446182
1.54 	 0.446241
1.545 	 0.446152
1.55 	 0.446195
1.555 	 0.446239
1.56 	 0.446142
1.565 	 0.44621
1.57 	 0.446229
1.575 	 0.446141
1.58 	 0.446222
1.585 	 0.446214
1.59 	 0.446149
1.595 	 0.446226
1.6 	 0.446202
1.605 	 0.446161
1.61 	 0.446222
1.615 	 0.446195
1.62 	 0.446174
1.625 	 0.446212
1.63 	 0.446195
1.635 	 0.446183
1.64 	 0.446199
1.645 	 0.446202
1.65 	 0.446186
1.655 	 0.446189
1.66 	 0.446213
1.665 	 0.446183
1.67 	 0.446183
1.675 	 0.446224
1.68 	 0.446175
1.685 	 0.446182
1.69 	 0.446232
1.695 	 0.446165
1.7 	 0.446188
1.705 	 0.446235
1.71 	 0.446155
1.715 	 0.446196
1.72 	 0.446234
1.725 	 0.446149
1.73 	 0.446206
1.735 	 0.446228
1.74 	 0.446147
1.745 	 0.446214
1.75 	 0.44622
1.755 	 0.446149
1.76 	 0.446219
1.765 	 0.446211
1.77 	 0.446155
1.775 	 0.44622
1.78 	 0.446203
1.785 	 0.446163
1.79 	 0.446218
1.795 	 0.446199
1.8 	 0.446171
1.805 	 0.446212
1.81 	 0.446198
1.815 	 0.446178
1.82 	 0.446205
1.825 	 0.4462
1.83 	 0.446182
1.835 	 0.446197
1.84 	 0.446205
1.845 	 0.446183
1.85 	 0.446191
1.855 	 0.446212
1.86 	 0.446182
1.865 	 0.446187
1.87 	 0.446218
1.875 	 0.446177
1.88 	 0.446186
1.885 	 0.446224
1.89 	 0.446172
1.895 	 0.446187
1.9 	 0.446228
1.905 	 0.446165
1.91 	 0.446191
1.915 	 0.44623
1.92 	 0.44616
1.925 	 0.446196
1.93 	 0.446229
1.935 	 0.446155
1.94 	 0.446202
1.945 	 0.446227
1.95 	 0.446153
1.955 	 0.446207
1.96 	 0.446222
1.965 	 0.446153
1.97 	 0.446212
1.975 	 0.446217
1.98 	 0.446154
1.985 	 0.446215
1.99 	 0.446212
1.995 	 0.446158
2 	 0.446216
2.005 	 0.446216
2.01 	 0.446162
2.015 	 0.446215
2.02 	 0.446203
2.025 	 0.446167
2.03 	 0.446213
2.035 	 0.446201
2.04 	 0.446172
2.045 	 0.44621
2.05 	 0.44621
2.055 	 0.446176
2.06 	 0.446206
2.065 	 0.446201
2.07 	 0.446201
2.075 	 0.446201
2.08 	 0.446203
2.085 	 0.446181
2.09 	 0.446181
2.095 	 0.446206
2.1 	 0.446181
2.105 	 0.446193
2.11 	 0.446193
2.115 	 0.446181
2.12 	 0.446191
2.125 	 0.446214
2.13 	 0.446214
2.135 	 0.446189
2.14 	 0.446218
2.145 	 0.446176
2.15 	 0.446189
2.155 	 0.446221
2.16 	 0.446172
2.165 	 0.44619
2.17 	 0.446223
2.175 	 0.446169
2.18 	 0.446192
2.185 	 0.446225
2.19 	 0.446165
2.195 	 0.446165
2.2 	 0.446225
2.205 	 0.446162
2.21 	 0.446197
2.215 	 0.446197
2.22 	 0.44616
2.225 	 0.446201
2.23 	 0.446223
2.235 	 0.446223
2.24 	 0.446204
2.245 	 0.446221
2.25 	 0.446158
2.255 	 0.446158
2.26 	 0.446218
2.265 	 0.446158
2.27 	 0.446209
2.275 	 0.446215
2.28 	 0.446159
2.285 	 0.446211
2.29 	 0.446212
2.295 	 0.446161
2.3 	 0.446212
2.305 	 0.446209
2.31 	 0.446163
2.315 	 0.446212
2.32 	 0.446212
2.325 	 0.446166
2.33 	 0.446212
2.335 	 0.446205
2.34 	 0.446205
2.345 	 0.446211
2.35 	 0.446203
2.355 	 0.446171
2.36 	 0.446171
2.365 	 0.446202
2.37 	 0.446174
2.375 	 0.446207
2.38 	 0.446207
2.385 	 0.446176
2.39 	 0.446205
2.395 	 0.446203
2.4 	 0.446178
2.405 	 0.446202
2.41 	 0.446203
2.415 	 0.446179
2.42 	 0.4462
2.425 	 0.446205
2.43 	 0.44618
2.435 	 0.446197
2.44 	 0.446207
2.445 	 0.446207
2.45 	 0.446195
2.455 	 0.446209
2.46 	 0.44618
2.465 	 0.44618
2.47 	 0.446211
2.475 	 0.446179
2.48 	 0.446193
2.485 	 0.446193
2.49 	 0.446178
2.495 	 0.446192
2.5 	 0.446215
2.505 	 0.446215
2.51 	 0.446192
2.515 	 0.446217
2.52 	 0.446175
2.525 	 0.446192
2.53 	 0.446218
2.535 	 0.446173
2.54 	 0.446192
2.545 	 0.446219
2.55 	 0.446171
2.555 	 0.446193
2.56 	 0.44622
2.565 	 0.446169
2.57 	 0.446194
2.575 	 0.446221
2.58 	 0.446168
2.585 	 0.446196
2.59 	 0.446221
2.595 	 0.446166
2.6 	 0.446197
2.605 	 0.44622
2.61 	 0.446165
2.615 	 0.446199
2.62 	 0.44622
2.625 	 0.446164
2.63 	 0.446201
2.635 	 0.446219
2.64 	 0.446163
2.645 	 0.446203
2.65 	 0.446218
2.655 	 0.446163
2.66 	 0.446204
2.665 	 0.446216
2.67 	 0.446163
2.675 	 0.446205
2.68 	 0.446215
2.685 	 0.446163
2.69 	 0.446207
2.695 	 0.446213
2.7 	 0.446164
2.705 	 0.446208
2.71 	 0.446212
2.715 	 0.446165
2.72 	 0.446208
2.725 	 0.44621
2.73 	 0.446166
2.735 	 0.446209
2.74 	 0.446209
2.745 	 0.446167
2.75 	 0.446209
2.755 	 0.446207
2.76 	 0.446168
2.765 	 0.446209
2.77 	 0.446206
2.775 	 0.44617
2.78 	 0.446208
2.785 	 0.446205
2.79 	 0.446171
2.795 	 0.446208
2.8 	 0.446204
2.805 	 0.446172
2.81 	 0.446207
2.815 	 0.446204
2.82 	 0.446174
2.825 	 0.446206
2.83 	 0.446203
2.835 	 0.446175
2.84 	 0.446205
2.845 	 0.446203
2.85 	 0.446176
2.855 	 0.446204
2.86 	 0.446203
2.865 	 0.446177
2.87 	 0.446202
2.875 	 0.446204
2.88 	 0.446178
2.885 	 0.446201
2.89 	 0.446204
2.895 	 0.446179
2.9 	 0.4462
2.905 	 0.446205
2.91 	 0.446179
2.915 	 0.446199
2.92 	 0.446206
2.925 	 0.44618
2.93 	 0.446198
2.935 	 0.446207
2.94 	 0.44618
2.945 	 0.446197
2.95 	 0.446208
2.955 	 0.44618
2.96 	 0.446196
2.965 	 0.446209
2.97 	 0.446179
2.975 	 0.446195
2.98 	 0.44621
2.985 	 0.446179
2.99 	 0.446195
2.995 	 0.446211
3 	 0.446179
3.005 	 0.446194
3.01 	 0.446212
3.015 	 0.446178
3.02 	 0.446194
3.025 	 0.446213
3.03 	 0.446177
3.035 	 0.446194
3.04 	 0.446213
3.045 	 0.446176
3.05 	 0.446194
3.055 	 0.446214
3.06 	 0.446176
3.065 	 0.446194
3.07 	 0.446215
3.075 	 0.446175
3.08 	 0.446194
3.085 	 0.446215
3.09 	 0.446174
3.095 	 0.446194
3.1 	 0.446216
3.105 	 0.446173
3.11 	 0.446195
3.115 	 0.446216
3.12 	 0.446172
3.125 	 0.446195
3.13 	 0.446216
3.135 	 0.446171
3.14 	 0.446196
3.145 	 0.446217
3.15 	 0.446171
3.155 	 0.446197
3.16 	 0.446217
3.165 	 0.44617
3.17 	 0.446198
3.175 	 0.446216
3.18 	 0.446169
3.185 	 0.446198
3.19 	 0.446216
3.195 	 0.446169
3.2 	 0.446199
3.205 	 0.446216
3.21 	 0.446168
3.215 	 0.4462
3.22 	 0.446215
3.225 	 0.446168
3.23 	 0.446201
3.235 	 0.446215
3.24 	 0.446168
3.245 	 0.446201
3.25 	 0.446214
3.255 	 0.446168
3.26 	 0.446202
3.265 	 0.446214
3.27 	 0.446168
3.275 	 0.446203
3.28 	 0.446213
3.285 	 0.446168
3.29 	 0.446203
3.295 	 0.446212
3.3 	 0.446168
3.305 	 0.446204
3.31 	 0.446212
3.315 	 0.446168
3.32 	 0.446204
3.325 	 0.446211
3.33 	 0.446168
3.335 	 0.446205
3.34 	 0.44621
3.345 	 0.446169
3.35 	 0.446205
3.355 	 0.446209
3.36 	 0.446169
3.365 	 0.446205
3.37 	 0.446209
3.375 	 0.44617
3.38 	 0.446206
3.385 	 0.446208
3.39 	 0.44617
3.395 	 0.446206
3.4 	 0.446207
3.405 	 0.446171
3.41 	 0.446206
3.415 	 0.446207
3.42 	 0.446171
3.425 	 0.446206
3.43 	 0.446206
3.435 	 0.446172
3.44 	 0.446206
3.445 	 0.446206
3.45 	 0.446173
3.455 	 0.446205
3.46 	 0.446205
3.465 	 0.446173
3.47 	 0.446205
3.475 	 0.446205
3.48 	 0.446174
3.485 	 0.446205
3.49 	 0.446205
3.495 	 0.446175
3.5 	 0.446204
3.505 	 0.446204
3.51 	 0.446175
3.515 	 0.446204
3.52 	 0.446204
3.525 	 0.446176
3.53 	 0.446204
3.535 	 0.446204
3.54 	 0.446176
3.545 	 0.446203
3.55 	 0.446204
3.555 	 0.446177
3.56 	 0.446203
3.565 	 0.446204
3.57 	 0.446177
3.575 	 0.446202
3.58 	 0.446204
3.585 	 0.446178
3.59 	 0.446202
3.595 	 0.446204
3.6 	 0.446178
3.605 	 0.446201
3.61 	 0.446204
3.615 	 0.446179
3.62 	 0.4462
3.625 	 0.446204
3.63 	 0.446179
3.635 	 0.4462
3.64 	 0.446205
3.645 	 0.446179
3.65 	 0.446199
3.655 	 0.446205
3.66 	 0.44618
3.665 	 0.446199
3.67 	 0.446205
3.675 	 0.44618
3.68 	 0.446198
3.685 	 0.446206
3.69 	 0.44618
3.695 	 0.446198
3.7 	 0.446206
3.705 	 0.44618
3.71 	 0.446198
3.715 	 0.446206
3.72 	 0.44618
3.725 	 0.446197
3.73 	 0.446207
3.735 	 0.44618
3.74 	 0.446197
3.745 	 0.446207
3.75 	 0.44618
3.755 	 0.446196
3.76 	 0.446208
3.765 	 0.44618
3.77 	 0.446196
3.775 	 0.446208
3.78 	 0.44618
3.785 	 0.446196
3.79 	 0.446209
3.795 	 0.446179
3.8 	 0.446196
3.805 	 0.446209
3.81 	 0.446179
3.815 	 0.446195
3.82 	 0.446209
3.825 	 0.446179
3.83 	 0.446195
3.835 	 0.44621
3.84 	 0.446179
3.845 	 0.446195
3.85 	 0.44621
3.855 	 0.446178
3.86 	 0.446195
3.865 	 0.446211
3.87 	 0.446178
3.875 	 0.446195
3.88 	 0.446211
3.885 	 0.446178
3.89 	 0.446195
3.895 	 0.446212
3.9 	 0.446177
3.905 	 0.446196
3.91 	 0.44621
3.915 	 0.446179
3.92 	 0.446192
3.925 	 0.446215
3.93 	 0.446172
3.935 	 0.446202
3.94 	 0.446203
3.945 	 0.446187
3.95 	 0.446181
3.955 	 0.44623
3.96 	 0.446153
3.965 	 0.446224
3.97 	 0.446176
3.975 	 0.446221
3.98 	 0.44614
3.985 	 0.446281
3.99 	 0.446092
3.995 	 0.446297
4 	 0.446091
4.005 	 0.44632
4.01 	 0.44632
4.015 	 0.446025
4.02 	 0.445941
4.025 	 0.446466
4.03 	 0.445904
4.035 	 0.446524
4.04 	 0.445804
4.045 	 0.44665
4.05 	 0.445692
4.055 	 0.445692
4.06 	 0.445644
4.065 	 0.446781
4.07 	 0.445554
4.075 	 0.446884
4.08 	 0.445479
4.085 	 0.446907
4.09 	 0.445496
4.095 	 0.445496
4.1 	 0.446887
4.105 	 0.446898
4.11 	 0.445512
4.115 	 0.446828
4.12 	 0.445616
4.125 	 0.446734
4.13 	 0.445671
4.135 	 0.445671
4.14 	 0.446709
4.145 	 0.446655
4.15 	 0.445763
4.155 	 0.446624
4.16 	 0.445736
4.165 	 0.446695
4.17 	 0.445662
4.175 	 0.446741
4.18 	 0.446741
4.185 	 0.446775
4.19 	 0.445572
4.195 	 0.446855
4.2 	 0.445522
4.205 	 0.446846
4.21 	 0.445578
4.215 	 0.446783
4.22 	 0.446783
4.225 	 0.445617
4.23 	 0.445647
4.235 	 0.446702
4.24 	 0.445724
4.245 	 0.446653
4.25 	 0.445714
4.255 	 0.446713
4.26 	 0.446713
4.265 	 0.445646
4.27 	 0.445627
4.275 	 0.446779
4.28 	 0.445577
4.285 	 0.44684
4.29 	 0.445546
4.295 	 0.446812
4.3 	 0.445622
4.305 	 0.445622
4.31 	 0.445668
4.315 	 0.44672
4.32 	 0.445674
4.325 	 0.446697
4.33 	 0.445704
4.335 	 0.446695
4.34 	 0.445654
4.345 	 0.445654
4.35 	 0.445573
4.355 	 0.446817
4.36 	 0.445588
4.365 	 0.446786
4.37 	 0.445605
4.375 	 0.44678
4.38 	 0.445626
4.385 	 0.445626
4.39 	 0.446725
4.395 	 0.446676
4.4 	 0.445692
4.405 	 0.446736
4.41 	 0.44562
4.415 	 0.446781
4.42 	 0.445608
4.425 	 0.446785
4.43 	 0.446785
4.435 	 0.446808
4.44 	 0.445593
4.445 	 0.446758
4.45 	 0.445675
4.455 	 0.446688
4.46 	 0.445694
4.465 	 0.446721
4.47 	 0.446721
4.475 	 0.446758
4.48 	 0.445626
4.485 	 0.446773
4.49 	 0.445594
4.495 	 0.446811
4.5 	 0.445583
4.505 	 0.446771
4.51 	 0.446771
4.515 	 0.445661
4.52 	 0.445689
4.525 	 0.44672
4.53 	 0.445647
4.535 	 0.446752
4.54 	 0.445631
4.545 	 0.446769
4.55 	 0.445598
4.555 	 0.445598
4.56 	 0.445586
4.565 	 0.446769
4.57 	 0.445661
4.575 	 0.4467
4.58 	 0.445687
4.585 	 0.446724
4.59 	 0.44564
4.595 	 0.44564
4.6 	 0.445624
4.605 	 0.446773
4.61 	 0.4456
4.615 	 0.446799
4.62 	 0.445599
4.625 	 0.446756
4.63 	 0.445671
4.635 	 0.445671
4.64 	 0.446697
4.645 	 0.446736
4.65 	 0.445625
4.655 	 0.446777
4.66 	 0.445611
4.665 	 0.446777
4.67 	 0.445607
4.675 	 0.446782
4.68 	 0.446782
4.685 	 0.446736
4.69 	 0.445682
4.695 	 0.446699
4.7 	 0.445667
4.705 	 0.446759
4.71 	 0.4456
4.715 	 0.446795
4.72 	 0.446795
4.725 	 0.446768
4.73 	 0.44563
4.735 	 0.446753
4.74 	 0.445648
4.745 	 0.446723
4.75 	 0.445677
4.755 	 0.446721
4.76 	 0.446721
4.765 	 0.445636
4.77 	 0.445583
4.775 	 0.446795
4.78 	 0.445623
4.785 	 0.446738
4.79 	 0.445662
4.795 	 0.446729
4.8 	 0.445654
4.805 	 0.445654
4.81 	 0.445646
4.815 	 0.446758
4.82 	 0.445607
4.825 	 0.446798
4.83 	 0.445596
4.835 	 0.446763
4.84 	 0.445662
4.845 	 0.445662
4.85 	 0.445674
4.855 	 0.44674
4.86 	 0.445624
4.865 	 0.446776
4.87 	 0.445613
4.875 	 0.446772
4.88 	 0.445618
4.885 	 0.445618
4.89 	 0.446764
4.895 	 0.446724
4.9 	 0.445681
4.905 	 0.446714
4.91 	 0.445646
4.915 	 0.446775
4.92 	 0.445599
4.925 	 0.446776
4.93 	 0.446776
4.935 	 0.446715
4.94 	 0.445689
4.945 	 0.446696
4.95 	 0.445695
4.955 	 0.446688
4.96 	 0.445707
4.965 	 0.44668
4.97 	 0.44668
4.975 	 0.446667
4.98 	 0.44576
4.985 	 0.446568
4.99 	 0.445886
4.995 	 0.446455
5 	 0.445959
5.005 	 0.446412
5.01 	 0.446412
5.015 	 0.446008
5.02 	 0.446143
5.025 	 0.44616
5.03 	 0.446314
5.035 	 0.445992
5.04 	 0.446486
5.045 	 0.445813
5.05 	 0.446656
5.055 	 0.446656
5.06 	 0.446767
5.065 	 0.445571
5.07 	 0.446884
5.075 	 0.445422
5.08 	 0.44704
5.085 	 0.445303
5.09 	 0.447089
5.095 	 0.447089
5.1 	 0.447025
5.105 	 0.445398
5.11 	 0.446954
5.115 	 0.445477
5.12 	 0.446857
5.125 	 0.445587
5.13 	 0.446751
5.135 	 0.445683
5.14 	 0.446656
5.145 	 0.445791
5.15 	 0.446539
5.155 	 0.445887
5.16 	 0.446506
5.165 	 0.445837
5.17 	 0.446619
5.175 	 0.445707
5.18 	 0.446726
5.185 	 0.44563
5.19 	 0.446792
5.195 	 0.445554
5.2 	 0.446877
5.205 	 0.445481
5.21 	 0.446918
5.215 	 0.445474
5.22 	 0.446901
5.225 	 0.445512
5.23 	 0.446831
5.235 	 0.445627
5.24 	 0.44668
5.245 	 0.445774
5.25 	 0.446588
5.255 	 0.445788
5.26 	 0.446637
5.265 	 0.445718
5.27 	 0.446692
5.275 	 0.445679
5.28 	 0.446738
5.285 	 0.445606
5.29 	 0.446832
5.295 	 0.445519
5.3 	 0.446885
5.305 	 0.445507
5.31 	 0.446864
5.315 	 0.445553
5.32 	 0.446788
5.325 	 0.445665
5.33 	 0.446656
5.335 	 0.445778
5.34 	 0.446608
5.345 	 0.445743
5.35 	 0.446699
5.355 	 0.445647
5.36 	 0.446765
5.365 	 0.445611
5.37 	 0.446796
5.375 	 0.445562
5.38 	 0.446854
5.385 	 0.445526
5.39 	 0.44684
5.395 	 0.44559
5.4 	 0.446752
5.405 	 0.445679
5.41 	 0.446674
5.415 	 0.445743
5.42 	 0.446633
5.425 	 0.445739
5.43 	 0.446701
5.435 	 0.445615
5.44 	 0.446836
5.445 	 0.445526
5.45 	 0.446849
5.455 	 0.445573
5.46 	 0.446786
5.465 	 0.445617
5.47 	 0.446762
5.475 	 0.445647
5.48 	 0.446708
5.485 	 0.445715
5.49 	 0.446661
5.495 	 0.445712
5.5 	 0.446714
5.505 	 0.445632
5.51 	 0.446793
5.515 	 0.445565
5.52 	 0.446846
5.525 	 0.445535
5.53 	 0.446832
5.535 	 0.44561
5.54 	 0.446709
5.545 	 0.445733
5.55 	 0.446644
5.555 	 0.445714
5.56 	 0.446725
5.565 	 0.445622
5.57 	 0.446783
5.575 	 0.445602
5.58 	 0.446792
5.585 	 0.445583
5.59 	 0.446815
5.595 	 0.445583
5.6 	 0.446772
5.605 	 0.44566
5.61 	 0.446694
5.615 	 0.445707
5.62 	 0.446687
5.625 	 0.445684
5.63 	 0.446729
5.635 	 0.445624
5.64 	 0.446809
5.645 	 0.445541
5.65 	 0.446855
5.655 	 0.445569
5.66 	 0.446752
5.665 	 0.445701
5.67 	 0.446658
5.675 	 0.445715
5.68 	 0.446716
5.685 	 0.445634
5.69 	 0.446775
5.695 	 0.445608
5.7 	 0.446786
5.705 	 0.445592
5.71 	 0.446804
5.715 	 0.445595
5.72 	 0.446763
5.725 	 0.445663
5.73 	 0.4467
5.735 	 0.445693
5.74 	 0.446708
5.745 	 0.445662
5.75 	 0.446747
5.755 	 0.445615
5.76 	 0.446807
5.765 	 0.445555
5.77 	 0.446832
5.775 	 0.445598
5.78 	 0.446725
5.785 	 0.445721
5.79 	 0.446653
5.795 	 0.4457
5.8 	 0.446748
5.805 	 0.445591
5.81 	 0.446815
5.815 	 0.445583
5.82 	 0.446786
5.825 	 0.445617
5.83 	 0.446759
5.835 	 0.445647
5.84 	 0.446719
5.845 	 0.445685
5.85 	 0.446707
5.855 	 0.445657
5.86 	 0.446764
5.865 	 0.445602
5.87 	 0.446792
5.875 	 0.445601
5.88 	 0.446782
5.885 	 0.445613
5.89 	 0.446758
5.895 	 0.445665
5.9 	 0.446686
5.905 	 0.445717
5.91 	 0.446698
5.915 	 0.44563
5.92 	 0.446817
5.925 	 0.445551
5.93 	 0.446808
5.935 	 0.445641
5.94 	 0.446691
5.945 	 0.445725
5.95 	 0.446668
5.955 	 0.445703
5.96 	 0.446701
5.965 	 0.445677
5.97 	 0.446718
5.975 	 0.445669
5.98 	 0.446706
5.985 	 0.445718
5.99 	 0.446618
5.995 	 0.445823
6 	 0.446534
6.005 	 0.445866
6.01 	 0.446519
6.015 	 0.445885
6.02 	 0.446474
6.025 	 0.445948
6.03 	 0.446414
6.035 	 0.445998
6.04 	 0.446353
6.045 	 0.446102
6.05 	 0.446202
6.055 	 0.446262
6.06 	 0.446092
6.065 	 0.446286
6.07 	 0.446136
6.075 	 0.446236
6.08 	 0.446133
6.085 	 0.446308
6.09 	 0.446027
6.095 	 0.446395
6.1 	 0.445993
6.105 	 0.446373
6.11 	 0.446054
6.115 	 0.446286
6.12 	 0.446158
6.125 	 0.446181
6.13 	 0.44624
6.135 	 0.446146
6.14 	 0.446229
6.145 	 0.44617
6.15 	 0.446234
6.155 	 0.446116
6.16 	 0.446313
6.165 	 0.446059
6.17 	 0.446317
6.175 	 0.446102
6.18 	 0.446258
6.185 	 0.446151
6.19 	 0.446216
6.195 	 0.446213
6.2 	 0.446122
6.205 	 0.446312
6.21 	 0.446066
6.215 	 0.446293
6.22 	 0.446145
6.225 	 0.446208
6.23 	 0.446185
6.235 	 0.446224
6.24 	 0.446145
6.245 	 0.44624
6.25 	 0.44618
6.255 	 0.446164
6.26 	 0.446269
6.265 	 0.446088
6.27 	 0.446316
6.275 	 0.446081
6.28 	 0.446273
6.285 	 0.446176
6.29 	 0.446149
6.295 	 0.446281
6.3 	 0.446108
6.305 	 0.446248
6.31 	 0.446178
6.315 	 0.4462
6.32 	 0.44617
6.325 	 0.446248
6.33 	 0.446132
6.335 	 0.446232
6.34 	 0.446201
6.345 	 0.446148
6.35 	 0.446259
6.355 	 0.44613
6.36 	 0.446257
6.365 	 0.446131
6.37 	 0.446253
6.375 	 0.446161
6.38 	 0.446181
6.385 	 0.446261
6.39 	 0.446097
6.395 	 0.446286
6.4 	 0.446138
6.405 	 0.44621
6.41 	 0.446207
6.415 	 0.446171
6.42 	 0.446218
6.425 	 0.446172
6.43 	 0.446216
6.435 	 0.446175
6.44 	 0.446215
6.445 	 0.446166
6.45 	 0.446237
6.455 	 0.446144
6.46 	 0.446229
6.465 	 0.446209
6.47 	 0.446118
6.475 	 0.446313
6.48 	 0.446085
6.485 	 0.446245
6.49 	 0.446221
6.495 	 0.446114
6.5 	 0.446281
6.505 	 0.446139
6.51 	 0.446213
6.515 	 0.446195
6.52 	 0.446195
6.525 	 0.446189
6.53 	 0.446195
6.535 	 0.44621
6.54 	 0.446165
6.545 	 0.446228
6.55 	 0.446166
6.555 	 0.446218
6.56 	 0.446173
6.565 	 0.44621
6.57 	 0.446197
6.575 	 0.446162
6.58 	 0.446255
6.585 	 0.446126
6.59 	 0.446244
6.595 	 0.446181
6.6 	 0.446171
6.605 	 0.446242
6.61 	 0.446136
6.615 	 0.446253
6.62 	 0.446146
6.625 	 0.446218
6.63 	 0.446212
6.635 	 0.446135
6.64 	 0.446273
6.645 	 0.446135
6.65 	 0.446206
6.655 	 0.446228
6.66 	 0.446147
6.665 	 0.446218
6.67 	 0.446207
6.675 	 0.446167
6.68 	 0.446201
6.685 	 0.446229
6.69 	 0.446133
6.695 	 0.446245
6.7 	 0.44619
6.705 	 0.446147
6.71 	 0.446272
6.715 	 0.446123
6.72 	 0.446234
6.725 	 0.446198
6.73 	 0.446155
6.735 	 0.446257
6.74 	 0.446128
6.745 	 0.446244
6.75 	 0.446182
6.755 	 0.446166
6.76 	 0.446251
6.765 	 0.446138
6.77 	 0.446226
6.775 	 0.446194
6.78 	 0.446178
6.785 	 0.44621
6.79 	 0.446188
6.795 	 0.4462
6.8 	 0.446177
6.805 	 0.446224
6.81 	 0.446169
6.815 	 0.446199
6.82 	 0.446215
6.825 	 0.446162
6.83 	 0.44622
6.835 	 0.446183
6.84 	 0.4462
6.845 	 0.446184
6.85 	 0.446208
6.855 	 0.446196
6.86 	 0.44616
6.865 	 0.446257
6.87 	 0.446134
6.875 	 0.446213
6.88 	 0.446235
6.885 	 0.446112
6.89 	 0.446275
6.895 	 0.446157
6.9 	 0.446175
6.905 	 0.446254
6.91 	 0.446129
6.915 	 0.446239
6.92 	 0.446183
6.925 	 0.446177
6.93 	 0.44623
6.935 	 0.446157
6.94 	 0.44622
6.945 	 0.446191
6.95 	 0.44618
6.955 	 0.446214
6.96 	 0.446188
6.965 	 0.446184
6.97 	 0.44621
6.975 	 0.446197
6.98 	 0.446164
6.985 	 0.44624
6.99 	 0.446167
6.995 	 0.446177
7 	 0.446255
7.005 	 0.446125
7.01 	 0.446232
7.015 	 0.446211
7.02 	 0.446138
7.025 	 0.446257
7.03 	 0.446157
7.035 	 0.446197
7.04 	 0.446215
7.045 	 0.446165
7.05 	 0.446225
7.055 	 0.446165
7.06 	 0.446219
7.065 	 0.446187
7.07 	 0.446173
7.075 	 0.446242
7.08 	 0.446144
7.085 	 0.446221
7.09 	 0.446207
7.095 	 0.446153
7.1 	 0.44624
7.105 	 0.446169
7.11 	 0.446193
7.115 	 0.446213
7.12 	 0.446175
7.125 	 0.446208
7.13 	 0.446188
7.135 	 0.446199
7.14 	 0.446192
7.145 	 0.446194
7.15 	 0.446198
7.155 	 0.446189
7.16 	 0.446202
7.165 	 0.446183
7.17 	 0.446212
7.175 	 0.446176
7.18 	 0.446198
7.185 	 0.44622
7.19 	 0.446143
7.195 	 0.446246
7.2 	 0.44618
7.205 	 0.446154
7.21 	 0.446274
7.215 	 0.446123
7.22 	 0.446212
7.225 	 0.446243
7.23 	 0.446111
7.235 	 0.446261
7.24 	 0.446182
7.245 	 0.446155
7.25 	 0.446254
7.255 	 0.446152
7.26 	 0.446204
7.265 	 0.446211
7.27 	 0.446171
7.275 	 0.446213
7.28 	 0.446184
7.285 	 0.446201
7.29 	 0.446191
7.295 	 0.446192
7.3 	 0.446205
7.305 	 0.44618
7.31 	 0.446206
7.315 	 0.44619
7.32 	 0.446194
7.325 	 0.446196
7.33 	 0.446191
7.335 	 0.446205
7.34 	 0.446176
7.345 	 0.446214
7.35 	 0.446189
7.355 	 0.446177
7.36 	 0.44623
7.365 	 0.446162
7.37 	 0.446205
7.375 	 0.446213
7.38 	 0.44616
7.385 	 0.446225
7.39 	 0.44618
7.395 	 0.446191
7.4 	 0.446209
7.405 	 0.446174
7.41 	 0.446221
7.415 	 0.446169
7.42 	 0.446207
7.425 	 0.446211
7.43 	 0.446149
7.435 	 0.446249
7.44 	 0.446166
7.445 	 0.446173
7.45 	 0.446258
7.455 	 0.446128
7.46 	 0.446221
7.465 	 0.446225
7.47 	 0.446131
7.475 	 0.446249
7.48 	 0.446183
7.485 	 0.446164
7.49 	 0.44624
7.495 	 0.446166
7.5 	 0.446193
7.505 	 0.446215
7.51 	 0.446176
7.515 	 0.446199
7.52 	 0.446201
7.525 	 0.446188
7.53 	 0.446193
7.535 	 0.446204
7.54 	 0.446184
7.545 	 0.446198
7.55 	 0.446203
7.555 	 0.446177
7.56 	 0.446216
7.565 	 0.446182
7.57 	 0.446187
7.575 	 0.446224
7.58 	 0.446155
7.585 	 0.44622
7.59 	 0.446204
7.595 	 0.446149
7.6 	 0.446251
7.605 	 0.446164
7.61 	 0.446176
7.615 	 0.446252
7.62 	 0.446136
7.625 	 0.446217
7.63 	 0.44622
7.635 	 0.446142
7.64 	 0.446239
7.645 	 0.446183
7.65 	 0.446176
7.655 	 0.446225
7.66 	 0.446172
7.665 	 0.446205
7.67 	 0.446192
7.675 	 0.446192
7.68 	 0.446205
7.685 	 0.446173
7.69 	 0.44622
7.695 	 0.446181
7.7 	 0.446182
7.705 	 0.44623
7.71 	 0.446158
7.715 	 0.446208
7.72 	 0.446214
7.725 	 0.446156
7.73 	 0.446225
7.735 	 0.446191
7.74 	 0.446174
7.745 	 0.446221
7.75 	 0.446181
7.755 	 0.446191
7.76 	 0.446205
7.765 	 0.446189
7.77 	 0.446193
7.775 	 0.446197
7.78 	 0.446198
7.785 	 0.446185
7.79 	 0.446203
7.795 	 0.446195
7.8 	 0.446184
7.805 	 0.446211
7.81 	 0.446182
7.815 	 0.446198
7.82 	 0.446204
7.825 	 0.446174
7.83 	 0.44622
7.835 	 0.446178
7.84 	 0.446189
7.845 	 0.446227
7.85 	 0.44615
7.855 	 0.446223
7.86 	 0.446207
7.865 	 0.446143
7.87 	 0.446255
7.875 	 0.446168
7.88 	 0.446165
7.885 	 0.446263
7.89 	 0.446134
7.895 	 0.446205
7.9 	 0.44624
7.905 	 0.446126
7.91 	 0.446238
7.915 	 0.446203
7.92 	 0.446147
7.925 	 0.446244
7.93 	 0.446176
7.935 	 0.446178
7.94 	 0.446227
7.945 	 0.446171
7.95 	 0.446198
7.955 	 0.446204
7.96 	 0.446185
7.965 	 0.446199
7.97 	 0.446192
7.975 	 0.4462
7.98 	 0.446188
7.985 	 0.446196
7.99 	 0.446202
7.995 	 0.446181
8 	 0.446205
8.005 	 0.446194
8.01 	 0.446187
8.015 	 0.446205
8.02 	 0.446205
8.025 	 0.446199
8.03 	 0.446199
8.035 	 0.446191
8.04 	 0.446205
8.045 	 0.446179
8.05 	 0.446207
8.055 	 0.446196
8.06 	 0.446176
8.065 	 0.446176
8.07 	 0.446179
8.075 	 0.446179
8.08 	 0.446222
8.085 	 0.446166
8.09 	 0.446206
8.095 	 0.446207
8.1 	 0.446169
8.105 	 0.446216
8.11 	 0.446216
8.115 	 0.446188
8.12 	 0.446208
8.125 	 0.44618
8.13 	 0.446208
8.135 	 0.446185
8.14 	 0.446192
8.145 	 0.446192
8.15 	 0.446163
8.155 	 0.446163
8.16 	 0.446199
8.165 	 0.446157
8.17 	 0.446244
8.175 	 0.446169
8.18 	 0.446173
8.185 	 0.446251
8.19 	 0.446251
8.195 	 0.446203
8.2 	 0.446203
8.205 	 0.446133
8.21 	 0.446231
8.215 	 0.446208
8.22 	 0.446145
8.225 	 0.446242
8.23 	 0.446182
8.235 	 0.446182
8.24 	 0.446235
8.245 	 0.44617
8.25 	 0.446191
8.255 	 0.446217
8.26 	 0.446173
8.265 	 0.446201
8.27 	 0.446201
8.275 	 0.446184
8.28 	 0.446184
8.285 	 0.446195
8.29 	 0.446192
8.295 	 0.446196
8.3 	 0.446196
8.305 	 0.446192
8.31 	 0.446196
8.315 	 0.446196
8.32 	 0.446188
8.325 	 0.446188
8.33 	 0.446189
8.335 	 0.446189
8.34 	 0.446211
8.345 	 0.446175
8.35 	 0.446201
8.355 	 0.446211
8.36 	 0.446211
8.365 	 0.446221
8.37 	 0.446197
8.375 	 0.446159
8.38 	 0.446239
8.385 	 0.446174
8.39 	 0.446172
8.395 	 0.446172
8.4 	 0.446153
8.405 	 0.446153
8.41 	 0.446234
8.415 	 0.446144
8.42 	 0.446219
8.425 	 0.446212
8.43 	 0.446152
8.435 	 0.44623
8.44 	 0.44623
8.445 	 0.446173
8.45 	 0.446173
8.455 	 0.446178
8.46 	 0.446194
8.465 	 0.446204
8.47 	 0.446183
8.475 	 0.446205
8.48 	 0.446185
8.485 	 0.446185
8.49 	 0.446199
8.495 	 0.446175
8.5 	 0.446219
8.505 	 0.446182
8.51 	 0.446181
8.515 	 0.446228
8.52 	 0.446228
8.525 	 0.446198
8.53 	 0.446198
8.535 	 0.446155
8.54 	 0.446216
8.545 	 0.446206
8.55 	 0.44616
8.555 	 0.446226
8.56 	 0.446188
8.565 	 0.446188
8.57 	 0.446223
8.575 	 0.446178
8.58 	 0.446191
8.585 	 0.446211
8.59 	 0.446178
8.595 	 0.446202
8.6 	 0.446197
8.605 	 0.446187
8.61 	 0.446187
8.615 	 0.446188
8.62 	 0.446197
8.625 	 0.446197
8.63 	 0.446187
8.635 	 0.446202
8.64 	 0.446192
8.645 	 0.446192
8.65 	 0.446201
8.655 	 0.446201
8.66 	 0.446193
8.665 	 0.446197
8.67 	 0.446197
8.675 	 0.446188
8.68 	 0.446197
8.685 	 0.446204
8.69 	 0.446204
8.695 	 0.446205
8.7 	 0.446205
8.705 	 0.446166
8.71 	 0.44622
8.715 	 0.446196
8.72 	 0.44616
8.725 	 0.446238
8.73 	 0.446178
8.735 	 0.446178
8.74 	 0.446249
8.745 	 0.446155
8.75 	 0.446185
8.755 	 0.446247
8.76 	 0.446138
8.765 	 0.44621
8.77 	 0.44621
8.775 	 0.446133
8.78 	 0.446133
8.785 	 0.446207
8.79 	 0.446144
8.795 	 0.446243
8.8 	 0.446183
8.805 	 0.446165
8.81 	 0.446239
8.815 	 0.446239
8.82 	 0.446188
8.825 	 0.446224
8.83 	 0.446166
8.835 	 0.446206
8.84 	 0.446203
8.845 	 0.446176
8.85 	 0.446211
8.855 	 0.446187
8.86 	 0.446187
8.865 	 0.446206
8.87 	 0.446178
8.875 	 0.446208
8.88 	 0.446192
8.885 	 0.446184
8.89 	 0.446211
8.895 	 0.446211
8.9 	 0.446188
8.905 	 0.446188
8.91 	 0.446172
8.915 	 0.446206
8.92 	 0.446196
8.925 	 0.44619
8.93 	 0.446192
8.935 	 0.44621
8.94 	 0.44621
8.945 	 0.44622
8.95 	 0.446169
8.955 	 0.446224
8.96 	 0.446157
8.965 	 0.446239
8.97 	 0.446149
8.975 	 0.44624
8.98 	 0.44614
8.985 	 0.44614
8.99 	 0.44609
8.995 	 0.446318
9 	 0.446067
9.005 	 0.446319
9.01 	 0.446064
9.015 	 0.446352
9.02 	 0.446352
9.025 	 0.44644
9.03 	 0.44644
9.035 	 0.446476
9.04 	 0.445903
9.045 	 0.446512
9.05 	 0.445833
9.055 	 0.446605
9.06 	 0.445744
9.065 	 0.445744
9.07 	 0.445693
9.075 	 0.446727
9.08 	 0.445623
9.085 	 0.4468
9.09 	 0.445567
9.095 	 0.446833
9.1 	 0.445538
9.105 	 0.44688
9.11 	 0.44688
9.115 	 0.446932
9.12 	 0.445467
9.125 	 0.446888
9.13 	 0.445529
9.135 	 0.446856
9.14 	 0.445512
9.145 	 0.445512
9.15 	 0.445515
9.155 	 0.445515
9.16 	 0.445643
9.165 	 0.4467
9.17 	 0.445692
9.175 	 0.446719
9.18 	 0.445657
9.185 	 0.44671
9.19 	 0.44671
9.195 	 0.446614
9.2 	 0.445788
9.205 	 0.446629
9.21 	 0.445711
9.215 	 0.446717
9.22 	 0.445659
9.225 	 0.446723
9.23 	 0.445671
9.235 	 0.445671
9.24 	 0.445623
9.245 	 0.44681
9.25 	 0.445543
9.255 	 0.44686
9.26 	 0.445535
9.265 	 0.446832
9.27 	 0.446832
9.275 	 0.446797
9.28 	 0.446797
9.285 	 0.446799
9.29 	 0.445598
9.295 	 0.446762
9.3 	 0.445668
9.305 	 0.446682
9.31 	 0.445724
9.315 	 0.445724
9.32 	 0.445694
9.325 	 0.446709
9.33 	 0.44568
9.335 	 0.446701
9.34 	 0.445682
9.345 	 0.446734
9.35 	 0.445615
9.355 	 0.446806
9.36 	 0.446806
9.365 	 0.446809
9.37 	 0.445586
9.375 	 0.446807
9.38 	 0.44557
9.385 	 0.446818
9.39 	 0.445596
9.395 	 0.445596
9.4 	 0.445674
9.405 	 0.445674
9.41 	 0.445672
9.415 	 0.446728
9.42 	 0.445668
9.425 	 0.446695
9.43 	 0.445713
9.435 	 0.446687
9.44 	 0.446687
9.445 	 0.446785
9.45 	 0.445573
9.455 	 0.44681
9.46 	 0.445602
9.465 	 0.446772
9.47 	 0.445607
9.475 	 0.446804
9.48 	 0.445573
9.485 	 0.445573
9.49 	 0.445632
9.495 	 0.446715
9.5 	 0.445696
9.505 	 0.446694
9.51 	 0.44568
9.515 	 0.44672
9.52 	 0.44672
9.525 	 0.446732
9.53 	 0.446732
9.535 	 0.446758
9.54 	 0.445615
9.545 	 0.446785
9.55 	 0.445593
9.555 	 0.446804
9.56 	 0.445579
9.565 	 0.445579
9.57 	 0.445614
9.575 	 0.446738
9.58 	 0.44568
9.585 	 0.446701
9.59 	 0.445673
9.595 	 0.446735
9.6 	 0.445647
9.605 	 0.446731
9.61 	 0.446731
9.615 	 0.446724
9.62 	 0.445634
9.625 	 0.446796
9.63 	 0.445563
9.635 	 0.446824
9.64 	 0.445592
9.645 	 0.445592
9.65 	 0.44565
9.655 	 0.44565
9.66 	 0.445649
9.665 	 0.446742
9.67 	 0.445654
9.675 	 0.446721
9.68 	 0.445678
9.685 	 0.446713
9.69 	 0.446713
9.695 	 0.44676
9.7 	 0.445597
9.705 	 0.446811
9.71 	 0.445576
9.715 	 0.446792
9.72 	 0.445626
9.725 	 0.446739
9.73 	 0.445654
9.735 	 0.445654
9.74 	 0.445636
9.745 	 0.446744
9.75 	 0.445669
9.755 	 0.446698
9.76 	 0.445686
9.765 	 0.446739
9.77 	 0.446739
9.775 	 0.446818
9.78 	 0.446818
9.785 	 0.44678
9.79 	 0.445638
9.795 	 0.446744
9.8 	 0.44563
9.805 	 0.446769
9.81 	 0.445632
9.815 	 0.445632
9.82 	 0.445692
9.825 	 0.446697
9.83 	 0.445659
9.835 	 0.446769
9.84 	 0.445598
9.845 	 0.446785
9.85 	 0.44562
9.855 	 0.446763
9.86 	 0.446763
9.865 	 0.446785
9.87 	 0.445613
9.875 	 0.446741
9.88 	 0.445685
9.885 	 0.446689
9.89 	 0.445681
9.895 	 0.445681
9.9 	 0.445625
9.905 	 0.445625
9.91 	 0.445649
9.915 	 0.44673
9.92 	 0.445645
9.925 	 0.446769
9.93 	 0.445611
9.935 	 0.446752
9.94 	 0.446752
9.945 	 0.44665
9.95 	 0.44576
9.955 	 0.446641
9.96 	 0.445725
9.965 	 0.446672
9.97 	 0.445733
9.975 	 0.446622
9.98 	 0.445796
9.985 	 0.445796
9.99 	 0.445819
9.995 	 0.446552
10 	 0.445876
10.005 	 0.446451
10.01 	 0.446011
10.015 	 0.446311
10.02 	 0.446311
10.025 	 0.44623
10.03 	 0.44623
10.035 	 0.446177
10.04 	 0.446261
10.045 	 0.446058
10.05 	 0.446413
10.055 	 0.445898
10.06 	 0.446557
10.065 	 0.446557
10.07 	 0.44667
10.075 	 0.445644
10.08 	 0.446832
10.085 	 0.445474
10.09 	 0.446966
10.095 	 0.445407
10.1 	 0.446973
10.105 	 0.445416
10.11 	 0.445416
10.115 	 0.44535
10.12 	 0.447074
10.125 	 0.445306
10.13 	 0.447056
10.135 	 0.445371
10.14 	 0.446983
10.145 	 0.446983
10.15 	 0.446933
10.155 	 0.446933
10.16 	 0.446812
10.165 	 0.44566
10.17 	 0.446659
10.175 	 0.445774
10.18 	 0.446592
10.185 	 0.445809
10.19 	 0.445809
10.195 	 0.445829
10.2 	 0.446559
10.205 	 0.445821
10.21 	 0.44658
10.215 	 0.445799
10.22 	 0.446604
10.225 	 0.445757
10.23 	 0.44668
10.235 	 0.44668
10.24 	 0.446798
10.245 	 0.445548
10.25 	 0.44687
10.255 	 0.445489
10.26 	 0.446935
10.265 	 0.445421
10.27 	 0.446973
10.275 	 0.44545
10.28 	 0.446871
10.285 	 0.445585
10.29 	 0.44676
10.295 	 0.445643
10.3 	 0.446739
10.305 	 0.445672
10.31 	 0.446671
10.315 	 0.445766
10.32 	 0.446597
10.325 	 0.445784
10.33 	 0.446631
10.335 	 0.445736
10.34 	 0.446659
10.345 	 0.445728
10.35 	 0.446683
10.355 	 0.445652
10.36 	 0.446809
10.365 	 0.445514
10.37 	 0.446909
10.375 	 0.445476
10.38 	 0.446898
10.385 	 0.445507
10.39 	 0.446861
10.395 	 0.445559
10.4 	 0.446781
10.405 	 0.445663
10.41 	 0.446681
10.415 	 0.445729
10.42 	 0.446657
10.425 	 0.445729
10.43 	 0.446658
10.435 	 0.445736
10.44 	 0.446659
10.445 	 0.445705
10.45 	 0.446723
10.455 	 0.445625
10.46 	 0.446793
10.465 	 0.445576
10.47 	 0.446831
10.475 	 0.445531
10.48 	 0.446882
10.485 	 0.445498
10.49 	 0.446867
10.495 	 0.445574
10.5 	 0.446748
10.505 	 0.445698
10.51 	 0.446654
10.515 	 0.445748
10.52 	 0.446643
10.525 	 0.445735
10.53 	 0.446669
10.535 	 0.445698
10.54 	 0.446722
10.545 	 0.445626
10.55 	 0.446804
10.555 	 0.445549
10.56 	 0.446855
10.565 	 0.445539
10.57 	 0.446826
10.575 	 0.445589
10.58 	 0.446782
10.585 	 0.445611
10.59 	 0.446774
10.595 	 0.445634
10.6 	 0.446711
10.605 	 0.445733
10.61 	 0.446619
10.615 	 0.445764
10.62 	 0.446673
10.625 	 0.445652
10.63 	 0.446784
10.635 	 0.445587
10.64 	 0.446803
10.645 	 0.445573
10.65 	 0.446846
10.655 	 0.445512
10.66 	 0.446871
10.665 	 0.445573
10.67 	 0.446727
10.675 	 0.445736
10.68 	 0.44663
10.685 	 0.44573
10.69 	 0.446706
10.695 	 0.445656
10.7 	 0.446728
10.705 	 0.445675
10.71 	 0.446724
10.715 	 0.445619
10.72 	 0.446826
10.725 	 0.445529
10.73 	 0.446849
10.735 	 0.445579
10.74 	 0.446771
10.745 	 0.445634
10.75 	 0.446755
10.755 	 0.44564
10.76 	 0.446721
10.765 	 0.44571
10.77 	 0.446648
10.775 	 0.445736
10.78 	 0.446693
10.785 	 0.44564
10.79 	 0.446797
10.795 	 0.445561
10.8 	 0.446842
10.805 	 0.445543
10.81 	 0.446836
10.815 	 0.445579
10.82 	 0.446764
10.825 	 0.445675
10.83 	 0.446677
10.835 	 0.445723
10.84 	 0.446676
10.845 	 0.445691
10.85 	 0.446719
10.855 	 0.445647
10.86 	 0.446768
10.865 	 0.445589
10.87 	 0.446825
10.875 	 0.445558
10.88 	 0.44681
10.885 	 0.445611
10.89 	 0.446747
10.895 	 0.445657
10.9 	 0.446726
10.905 	 0.445671
10.91 	 0.446698
10.915 	 0.445712
10.92 	 0.446669
10.925 	 0.445702
10.93 	 0.446725
10.935 	 0.44562
10.94 	 0.446798
10.945 	 0.445585
10.95 	 0.446789
10.955 	 0.445627
10.96 	 0.446725
10.965 	 0.445706
10.97 	 0.446638
10.975 	 0.445791
10.98 	 0.446573
10.985 	 0.445819
10.99 	 0.446585
10.995 	 0.445779
11 	 0.446632
11.005 	 0.445744
11.01 	 0.446641
11.015 	 0.445775
11.02 	 0.446564
11.025 	 0.445893
11.03 	 0.446425
11.035 	 0.44602
11.04 	 0.446334
11.045 	 0.446072
11.05 	 0.446304
11.055 	 0.446105
11.06 	 0.44626
11.065 	 0.446148
11.07 	 0.446233
11.075 	 0.446157
11.08 	 0.446221
11.085 	 0.446201
11.09 	 0.446134
11.095 	 0.446312
11.1 	 0.446034
11.105 	 0.446378
11.11 	 0.446002
11.115 	 0.446392
11.12 	 0.445997
11.125 	 0.446379
11.13 	 0.446045
11.135 	 0.44629
11.14 	 0.446154
11.145 	 0.4462
11.15 	 0.446196
11.155 	 0.446208
11.16 	 0.446161
11.165 	 0.446241
11.17 	 0.446149
11.175 	 0.446224
11.18 	 0.446197
11.185 	 0.446145
11.19 	 0.446302
11.195 	 0.446037
11.2 	 0.446377
11.205 	 0.44602
11.21 	 0.446335
11.215 	 0.446097
11.22 	 0.446255
11.225 	 0.446165
11.23 	 0.446189
11.235 	 0.446239
11.24 	 0.446119
11.245 	 0.446275
11.25 	 0.446138
11.255 	 0.446216
11.26 	 0.446191
11.265 	 0.446215
11.27 	 0.446134
11.275 	 0.446287
11.28 	 0.446103
11.285 	 0.446258
11.29 	 0.44616
11.295 	 0.446226
11.3 	 0.446144
11.305 	 0.446254
11.31 	 0.446167
11.315 	 0.446148
11.32 	 0.446322
11.325 	 0.446025
11.33 	 0.446348
11.335 	 0.446098
11.34 	 0.446235
11.345 	 0.446184
11.35 	 0.446198
11.355 	 0.446203
11.36 	 0.446155
11.365 	 0.446273
11.37 	 0.4461
11.375 	 0.446262
11.38 	 0.446184
11.385 	 0.446158
11.39 	 0.446234
11.395 	 0.4462
11.4 	 0.446129
11.405 	 0.446296
11.41 	 0.446104
11.415 	 0.446238
11.42 	 0.446205
11.425 	 0.446145
11.43 	 0.446265
11.435 	 0.446112
11.44 	 0.446289
11.445 	 0.446095
11.45 	 0.446282
11.455 	 0.446145
11.46 	 0.44619
11.465 	 0.446251
11.47 	 0.446107
11.475 	 0.446286
11.48 	 0.44612
11.485 	 0.446242
11.49 	 0.446171
11.495 	 0.446202
11.5 	 0.446197
11.505 	 0.446186
11.51 	 0.446209
11.515 	 0.446175
11.52 	 0.446217
11.525 	 0.446174
11.53 	 0.446208
11.535 	 0.446188
11.54 	 0.446202
11.545 	 0.446174
11.55 	 0.446237
11.555 	 0.446136
11.56 	 0.446249
11.565 	 0.446171
11.57 	 0.44617
11.575 	 0.446265
11.58 	 0.446096
11.585 	 0.446295
11.59 	 0.446114
11.595 	 0.446241
11.6 	 0.44619
11.605 	 0.446153
11.61 	 0.446278
11.615 	 0.446088
11.62 	 0.446294
11.625 	 0.446134
11.63 	 0.446202
11.635 	 0.446232
11.64 	 0.446137
11.645 	 0.446245
11.65 	 0.446164
11.655 	 0.446207
11.66 	 0.446193
11.665 	 0.446191
11.67 	 0.446202
11.675 	 0.44619
11.68 	 0.446186
11.685 	 0.446224
11.69 	 0.446151
11.695 	 0.446228
11.7 	 0.446197
11.705 	 0.446146
11.71 	 0.446272
11.715 	 0.446121
11.72 	 0.446238
11.725 	 0.446185
11.73 	 0.446184
11.735 	 0.446213
11.74 	 0.446166
11.745 	 0.446247
11.75 	 0.446114
11.755 	 0.446281
11.76 	 0.446141
11.765 	 0.446185
11.77 	 0.446264
11.775 	 0.446099
11.78 	 0.446272
11.785 	 0.446155
11.79 	 0.446202
11.795 	 0.446199
11.8 	 0.446187
11.805 	 0.446214
11.81 	 0.446151
11.815 	 0.446257
11.82 	 0.446142
11.825 	 0.446205
11.83 	 0.446232
11.835 	 0.446136
11.84 	 0.446232
11.845 	 0.446205
11.85 	 0.446146
11.855 	 0.446245
11.86 	 0.44618
11.865 	 0.446163
11.87 	 0.446255
11.875 	 0.446134
11.88 	 0.446234
11.885 	 0.446181
11.89 	 0.446182
11.895 	 0.446232
11.9 	 0.446132
11.905 	 0.446271
11.91 	 0.446126
11.915 	 0.446226
11.92 	 0.446216
11.925 	 0.446126
11.93 	 0.446285
11.935 	 0.446115
11.94 	 0.446241
11.945 	 0.446189
11.95 	 0.446164
11.955 	 0.446251
11.96 	 0.446129
11.965 	 0.446251
11.97 	 0.446164
11.975 	 0.44619
11.98 	 0.446226
11.985 	 0.446156
11.99 	 0.446221
11.995 	 0.446184
12 	 0.446197
12.005 	 0.446188
12.01 	 0.446206
12.015 	 0.446189
12.02 	 0.446184
12.025 	 0.446218
12.03 	 0.446175
12.035 	 0.446193
12.04 	 0.446215
12.045 	 0.446176
12.05 	 0.446187
12.055 	 0.446234
12.06 	 0.446144
12.065 	 0.446223
12.07 	 0.446211
12.075 	 0.446139
12.08 	 0.446261
12.085 	 0.446147
12.09 	 0.44621
12.095 	 0.446206
12.1 	 0.446168
12.105 	 0.446233
12.11 	 0.446143
12.115 	 0.446255
12.12 	 0.446145
12.125 	 0.446205
12.13 	 0.446241
12.135 	 0.446102
12.14 	 0.446294
12.145 	 0.446134
12.15 	 0.44619
12.155 	 0.446258
12.16 	 0.446108
12.165 	 0.446265
12.17 	 0.446165
12.175 	 0.446183
12.18 	 0.446231
12.185 	 0.446154
12.19 	 0.446224
12.195 	 0.446181
12.2 	 0.446195
12.205 	 0.446202
12.21 	 0.446184
12.215 	 0.446206
12.22 	 0.446186
12.225 	 0.446197
12.23 	 0.446202
12.235 	 0.446179
12.24 	 0.446208
12.245 	 0.446197
12.25 	 0.446169
12.255 	 0.446236
12.26 	 0.44616
12.265 	 0.446198
12.27 	 0.446233
12.275 	 0.44613
12.28 	 0.446253
12.285 	 0.446174
12.29 	 0.446171
12.295 	 0.446245
12.3 	 0.446146
12.305 	 0.446224
12.31 	 0.446183
12.315 	 0.4462
12.32 	 0.446192
12.325 	 0.446182
12.33 	 0.446235
12.335 	 0.446129
12.34 	 0.446255
12.345 	 0.446175
12.35 	 0.446154
12.355 	 0.446278
12.36 	 0.446113
12.365 	 0.446234
12.37 	 0.446209
12.375 	 0.446147
12.38 	 0.446245
12.385 	 0.446159
12.39 	 0.446215
12.395 	 0.446183
12.4 	 0.446195
12.405 	 0.446214
12.41 	 0.446151
12.415 	 0.446246
12.42 	 0.446165
12.425 	 0.44618
12.43 	 0.446245
12.435 	 0.446141
12.44 	 0.446214
12.445 	 0.446219
12.45 	 0.446148
12.455 	 0.446227
12.46 	 0.446198
12.465 	 0.446163
12.47 	 0.44623
12.475 	 0.446176
12.48 	 0.446192
12.485 	 0.446211
12.49 	 0.446172
12.495 	 0.446223
12.5 	 0.446164
12.505 	 0.446216
12.51 	 0.446203
12.515 	 0.446146
12.52 	 0.446267
12.525 	 0.446136
12.53 	 0.446202
12.535 	 0.446247
12.54 	 0.446111
12.545 	 0.446263
12.55 	 0.446174
12.555 	 0.446168
12.56 	 0.446243
12.565 	 0.446151
12.57 	 0.446225
12.575 	 0.446174
12.58 	 0.446208
12.585 	 0.446198
12.59 	 0.446161
12.595 	 0.446254
12.6 	 0.446135
12.605 	 0.446219
12.61 	 0.446224
12.615 	 0.446128
12.62 	 0.446258
12.625 	 0.446169
12.63 	 0.446176
12.635 	 0.446234
12.64 	 0.446163
12.645 	 0.446204
12.65 	 0.446198
12.655 	 0.446195
12.66 	 0.446186
12.665 	 0.4462
12.67 	 0.446207
12.675 	 0.446165
12.68 	 0.446223
12.685 	 0.44619
12.69 	 0.446169
12.695 	 0.446232
12.7 	 0.446173
12.705 	 0.446183
12.71 	 0.44623
12.715 	 0.446163
12.72 	 0.446198
12.725 	 0.446224
12.73 	 0.446152
12.735 	 0.446223
12.74 	 0.446199
12.745 	 0.446159
12.75 	 0.446241
12.755 	 0.44616
12.76 	 0.4462
12.765 	 0.446218
12.77 	 0.446153
12.775 	 0.446237
12.78 	 0.446167
12.785 	 0.446199
12.79 	 0.446216
12.795 	 0.446154
12.8 	 0.446243
12.805 	 0.446155
12.81 	 0.446208
12.815 	 0.446219
12.82 	 0.446136
12.825 	 0.446265
12.83 	 0.446145
12.835 	 0.446194
12.84 	 0.44625
12.845 	 0.44611
12.85 	 0.446263
12.855 	 0.446179
12.86 	 0.446151
12.865 	 0.446268
12.87 	 0.446134
12.875 	 0.446213
12.88 	 0.446218
12.885 	 0.446154
12.89 	 0.446227
12.895 	 0.446181
12.9 	 0.446196
12.905 	 0.446196
12.91 	 0.446192
12.915 	 0.446206
12.92 	 0.446171
12.925 	 0.44622
12.93 	 0.446185
12.935 	 0.446177
12.94 	 0.44623
12.945 	 0.446167
12.95 	 0.446194
12.955 	 0.446222
12.96 	 0.446163
12.965 	 0.446205
12.97 	 0.446213
12.975 	 0.446163
12.98 	 0.446214
12.985 	 0.446202
12.99 	 0.446167
12.995 	 0.446221
13 	 0.446185
13.005 	 0.446186
13.01 	 0.446211
13.015 	 0.44618
13.02 	 0.446205
13.025 	 0.446186
13.03 	 0.446201
13.035 	 0.446197
13.04 	 0.446177
13.045 	 0.446225
13.05 	 0.446166
13.055 	 0.446203
13.06 	 0.446214
13.065 	 0.446154
13.07 	 0.446236
13.075 	 0.446172
13.08 	 0.446189
13.085 	 0.446226
13.09 	 0.446148
13.095 	 0.446238
13.1 	 0.446172
13.105 	 0.446182
13.11 	 0.446243
13.115 	 0.44613
13.12 	 0.446243
13.125 	 0.446191
13.13 	 0.446148
13.135 	 0.446267
13.14 	 0.446138
13.145 	 0.446206
13.15 	 0.44623
13.155 	 0.446138
13.16 	 0.44624
13.165 	 0.446178
13.17 	 0.446184
13.175 	 0.446218
13.18 	 0.446167
13.185 	 0.446222
13.19 	 0.446172
13.195 	 0.446201
13.2 	 0.446215
13.205 	 0.446149
13.21 	 0.446241
13.215 	 0.446178
13.22 	 0.446165
13.225 	 0.446253
13.23 	 0.446148
13.235 	 0.446195
13.24 	 0.44624
13.245 	 0.446139
13.25 	 0.446218
13.255 	 0.446219
13.26 	 0.446145
13.265 	 0.446229
13.27 	 0.4462
13.275 	 0.446158
13.28 	 0.446231
13.285 	 0.446184
13.29 	 0.446178
13.295 	 0.44622
13.3 	 0.44618
13.305 	 0.446195
13.31 	 0.446197
13.315 	 0.446197
13.32 	 0.446192
13.325 	 0.446183
13.33 	 0.446223
13.335 	 0.446166
13.34 	 0.446198
13.345 	 0.446227
13.35 	 0.446141
13.355 	 0.446234
13.36 	 0.446198
13.365 	 0.44615
13.37 	 0.446252
13.375 	 0.44616
13.38 	 0.44619
13.385 	 0.44623
13.39 	 0.446153
13.395 	 0.446223
13.4 	 0.446186
13.405 	 0.446187
13.41 	 0.446214
13.415 	 0.446167
13.42 	 0.446225
13.425 	 0.446174
13.43 	 0.446192
13.435 	 0.446225
13.44 	 0.446148
13.445 	 0.446233
13.45 	 0.446188
13.455 	 0.446165
13.46 	 0.446243
13.465 	 0.446153
13.47 	 0.446209
13.475 	 0.446212
13.48 	 0.446158
13.485 	 0.446233
13.49 	 0.44617
13.495 	 0.446197
13.5 	 0.446216
13.505 	 0.446157
13.51 	 0.446232
13.515 	 0.446177
13.52 	 0.446181
13.525 	 0.446234
13.53 	 0.446151
13.535 	 0.446216
13.54 	 0.446208
13.545 	 0.446155
13.55 	 0.446234
13.555 	 0.446179
13.56 	 0.446179
13.565 	 0.446228
13.57 	 0.446166
13.575 	 0.446201
13.58 	 0.44621
13.585 	 0.44617
13.59 	 0.446213
13.595 	 0.446192
13.6 	 0.446182
13.605 	 0.446214
13.61 	 0.446179
13.615 	 0.446199
13.62 	 0.446205
13.625 	 0.446174
13.63 	 0.446216
13.635 	 0.446185
13.64 	 0.446184
13.645 	 0.446221
13.65 	 0.446165
13.655 	 0.44621
13.66 	 0.446205
13.665 	 0.446161
13.67 	 0.446234
13.675 	 0.446171
13.68 	 0.446187
13.685 	 0.446232
13.69 	 0.446146
13.695 	 0.446228
13.7 	 0.446198
13.705 	 0.446154
13.71 	 0.446252
13.715 	 0.446154
13.72 	 0.446194
13.725 	 0.446237
13.73 	 0.446135
13.735 	 0.446235
13.74 	 0.446196
13.745 	 0.446156
13.75 	 0.446244
13.755 	 0.446163
13.76 	 0.446195
13.765 	 0.446217
13.77 	 0.446167
13.775 	 0.446215
13.78 	 0.446184
13.785 	 0.4462
13.79 	 0.446197
13.795 	 0.446177
13.8 	 0.446227
13.805 	 0.446161
13.81 	 0.446204
13.815 	 0.446224
13.82 	 0.446138
13.825 	 0.446242
13.83 	 0.446191
13.835 	 0.446149
13.84 	 0.446258
13.845 	 0.446158
13.85 	 0.446179
13.855 	 0.446246
13.86 	 0.446146
13.865 	 0.446207
13.87 	 0.446218
13.875 	 0.446164
13.88 	 0.446205
13.885 	 0.446208
13.89 	 0.446177
13.895 	 0.446197
13.9 	 0.446205
13.905 	 0.446193
13.91 	 0.446171
13.915 	 0.446236
13.92 	 0.446164
13.925 	 0.446192
13.93 	 0.446223
13.935 	 0.446176
13.94 	 0.446169
13.945 	 0.446264
13.95 	 0.446116
13.955 	 0.44624
13.96 	 0.446192
13.965 	 0.446183
13.97 	 0.446172
13.975 	 0.446276
13.98 	 0.446072
13.985 	 0.446313
13.99 	 0.446111
13.995 	 0.44625
14 	 0.446131
14.005 	 0.446305
14.01 	 0.446029
14.015 	 0.446394
14.02 	 0.445991
14.025 	 0.44639
14.03 	 0.445997
14.035 	 0.446414
14.04 	 0.445944
14.045 	 0.446476
14.05 	 0.445885
14.055 	 0.446537
14.06 	 0.445809
14.065 	 0.446622
14.07 	 0.44574
14.075 	 0.446652
14.08 	 0.445743
14.085 	 0.446657
14.09 	 0.445687
14.095 	 0.446774
14.1 	 0.445545
14.105 	 0.446877
14.11 	 0.44552
14.115 	 0.446837
14.12 	 0.445571
14.125 	 0.446831
14.13 	 0.445513
14.135 	 0.446925
14.14 	 0.445431
14.145 	 0.446956
14.15 	 0.445461
14.155 	 0.446885
14.16 	 0.445541
14.165 	 0.446825
14.17 	 0.445565
14.175 	 0.446834
14.18 	 0.445545
14.185 	 0.446834
14.19 	 0.445589
14.195 	 0.446745
14.2 	 0.445698
14.205 	 0.446658
14.21 	 0.445735
14.215 	 0.446668
14.22 	 0.445707
14.225 	 0.446682
14.23 	 0.445722
14.235 	 0.446647
14.24 	 0.445752
14.245 	 0.446641
14.25 	 0.445732
14.255 	 0.44668
14.26 	 0.44568
14.265 	 0.446739
14.27 	 0.44562
14.275 	 0.446788
14.28 	 0.445593
14.285 	 0.446793
14.29 	 0.445594
14.295 	 0.44681
14.3 	 0.44555
14.305 	 0.446864
14.31 	 0.445519
14.315 	 0.446849
14.32 	 0.445575
14.325 	 0.446784
14.33 	 0.445617
14.335 	 0.446772
14.34 	 0.445617
14.345 	 0.446754
14.35 	 0.445666
14.355 	 0.446691
14.36 	 0.445716
14.365 	 0.446672
14.37 	 0.445708
14.375 	 0.446689
14.38 	 0.445695
14.385 	 0.446698
14.39 	 0.445681
14.395 	 0.446725
14.4 	 0.445644
14.405 	 0.446761
14.41 	 0.445612
14.415 	 0.446792
14.42 	 0.445575
14.425 	 0.446832
14.43 	 0.445549
14.435 	 0.446829
14.44 	 0.445584
14.445 	 0.446779
14.45 	 0.445624
14.455 	 0.446765
14.46 	 0.445617
14.465 	 0.446769
14.47 	 0.445641
14.475 	 0.44671
14.48 	 0.445716
14.485 	 0.446653
14.49 	 0.445726
14.495 	 0.446695
14.5 	 0.445652
14.505 	 0.446766
14.51 	 0.445616
14.515 	 0.446758
14.52 	 0.445648
14.525 	 0.44674
14.53 	 0.445622
14.535 	 0.446811
14.54 	 0.445539
14.545 	 0.446859
14.55 	 0.445556
14.555 	 0.446784
14.56 	 0.445651
14.565 	 0.446714
14.57 	 0.445673
14.575 	 0.446731
14.58 	 0.445646
14.585 	 0.44674
14.59 	 0.445664
14.595 	 0.446704
14.6 	 0.445699
14.605 	 0.446687
14.61 	 0.445686
14.615 	 0.446737
14.62 	 0.445605
14.625 	 0.446823
14.63 	 0.445549
14.635 	 0.446822
14.64 	 0.445605
14.645 	 0.446751
14.65 	 0.445643
14.655 	 0.44677
14.66 	 0.445588
14.665 	 0.446806
14.67 	 0.445617
14.675 	 0.446713
14.68 	 0.445723
14.685 	 0.446657
14.69 	 0.445701
14.695 	 0.446734
14.7 	 0.445624
14.705 	 0.446768
14.71 	 0.445633
14.715 	 0.44675
14.72 	 0.445627
14.725 	 0.446785
14.73 	 0.445584
14.735 	 0.446809
14.74 	 0.445588
14.745 	 0.446786
14.75 	 0.445617
14.755 	 0.446755
14.76 	 0.445654
14.765 	 0.446713
14.77 	 0.445687
14.775 	 0.446706
14.78 	 0.445666
14.785 	 0.446737
14.79 	 0.445647
14.795 	 0.446737
14.8 	 0.445651
14.805 	 0.446756
14.81 	 0.445601
14.815 	 0.446815
14.82 	 0.445568
14.825 	 0.4468
14.83 	 0.44562
14.835 	 0.446745
14.84 	 0.44565
14.845 	 0.446742
14.85 	 0.445645
14.855 	 0.446733
14.86 	 0.445673
14.865 	 0.446704
14.87 	 0.445685
14.875 	 0.446716
14.88 	 0.445656
14.885 	 0.446752
14.89 	 0.445617
14.895 	 0.446789
14.9 	 0.445591
14.905 	 0.446787
14.91 	 0.445629
14.915 	 0.446725
14.92 	 0.445684
14.925 	 0.446704
14.93 	 0.445673
14.935 	 0.446716
14.94 	 0.445696
14.945 	 0.446651
14.95 	 0.445772
14.955 	 0.446612
14.96 	 0.445753
14.965 	 0.44667
14.97 	 0.445703
14.975 	 0.446672
14.98 	 0.445752
14.985 	 0.446598
14.99 	 0.445824
14.995 	 0.446534
15 	 0.445892
15.005 	 0.446454
15.01 	 0.445975
15.015 	 0.446382
15.02 	 0.446037
15.025 	 0.446309
15.03 	 0.446141
15.035 	 0.44618
15.04 	 0.446257
15.045 	 0.44612
15.05 	 0.446261
15.055 	 0.44612
15.06 	 0.446329
15.065 	 0.44595
15.07 	 0.446562
15.075 	 0.445736
15.08 	 0.446691
15.085 	 0.445689
15.09 	 0.446723
15.095 	 0.445601
15.1 	 0.446883
15.105 	 0.445418
15.11 	 0.447011
15.115 	 0.445382
15.12 	 0.446981
15.125 	 0.445417
15.13 	 0.446987
15.135 	 0.445371
15.14 	 0.44704
15.145 	 0.44534
15.15 	 0.447045
15.155 	 0.445347
15.16 	 0.447032
15.165 	 0.445379
15.17 	 0.446963
15.175 	 0.445484
15.18 	 0.446851
15.185 	 0.445573
15.19 	 0.446788
15.195 	 0.44564
15.2 	 0.44668
15.205 	 0.445791
15.21 	 0.446533
15.215 	 0.445874
15.22 	 0.446544
15.225 	 0.445801
15.23 	 0.446609
15.235 	 0.445795
15.24 	 0.446562
15.245 	 0.445838
15.25 	 0.446581
15.255 	 0.445748
15.26 	 0.446698
15.265 	 0.445663
15.27 	 0.446724
15.275 	 0.445668
15.28 	 0.446745
15.285 	 0.445585
15.29 	 0.446878
15.295 	 0.445451
15.3 	 0.446962
15.305 	 0.445433
15.31 	 0.446935
15.315 	 0.44547
15.32 	 0.446906
15.325 	 0.445499
15.33 	 0.446856
15.335 	 0.445583
15.34 	 0.446748
15.345 	 0.445693
15.35 	 0.446658
15.355 	 0.445753
15.36 	 0.446626
15.365 	 0.445763
15.37 	 0.446632
15.375 	 0.445746
15.38 	 0.446654
15.385 	 0.445727
15.39 	 0.446664
15.395 	 0.445721
15.4 	 0.446684
15.405 	 0.445671
15.41 	 0.446766
15.415 	 0.445574
15.42 	 0.446848
15.425 	 0.445529
15.43 	 0.446858
15.435 	 0.445527
15.44 	 0.446879
15.445 	 0.445485
15.45 	 0.44691
15.455 	 0.445507
15.46 	 0.446812
15.465 	 0.445663
15.47 	 0.446656
15.475 	 0.445762
15.48 	 0.446634
15.485 	 0.445735
15.49 	 0.446663
15.495 	 0.445734
15.5 	 0.446643
15.505 	 0.445738
15.51 	 0.446686
15.515 	 0.44565
15.52 	 0.446787
15.525 	 0.445572
15.53 	 0.446824
15.535 	 0.445566
15.54 	 0.446823
15.545 	 0.445562
15.55 	 0.446828
15.555 	 0.445561
15.56 	 0.446824
15.565 	 0.445566
15.57 	 0.446818
15.575 	 0.445591
15.58 	 0.446752
15.585 	 0.445698
15.59 	 0.446635
15.595 	 0.445777
15.6 	 0.446627
15.605 	 0.445724
15.61 	 0.446697
15.615 	 0.445682
15.62 	 0.446704
15.625 	 0.445672
15.63 	 0.446762
15.635 	 0.445556
15.64 	 0.446895
15.645 	 0.44547
15.65 	 0.446891
15.655 	 0.445555
15.66 	 0.446777
15.665 	 0.445644
15.67 	 0.446734
15.675 	 0.445657
15.68 	 0.446722
15.685 	 0.445684
15.69 	 0.446685
15.695 	 0.445714
15.7 	 0.446674
15.705 	 0.445703
15.71 	 0.446705
15.715 	 0.445656
15.72 	 0.446763
15.725 	 0.4456
15.73 	 0.4468
15.735 	 0.445591
15.74 	 0.446794
15.745 	 0.445585
15.75 	 0.446827
15.755 	 0.445539
15.76 	 0.446846
15.765 	 0.445581
15.77 	 0.446742
15.775 	 0.445709
15.78 	 0.446647
15.785 	 0.445739
15.79 	 0.44667
15.795 	 0.4457
15.8 	 0.446696
15.805 	 0.445685
15.81 	 0.446729
15.815 	 0.445613
15.82 	 0.446828
15.825 	 0.445523
15.83 	 0.446871
15.835 	 0.44554
15.84 	 0.44681
15.845 	 0.445617
15.85 	 0.44674
15.855 	 0.445673
15.86 	 0.446699
15.865 	 0.445697
15.87 	 0.446694
15.875 	 0.445689
15.88 	 0.446703
15.885 	 0.445685
15.89 	 0.446711
15.895 	 0.445656
15.9 	 0.446768
15.905 	 0.445587
15.91 	 0.446812
15.915 	 0.445594
15.92 	 0.446763
15.925 	 0.445643
15.93 	 0.446754
15.935 	 0.445612
15.94 	 0.446779
15.945 	 0.445648
15.95 	 0.446669
15.955 	 0.445789
15.96 	 0.446571
15.965 	 0.445794
15.97 	 0.446644
15.975 	 0.445706
15.98 	 0.44669
15.985 	 0.445714
15.99 	 0.446665
15.995 	 0.445714
16 	 0.446695
16.005 	 0.446695
16.01 	 0.446663
16.015 	 0.445795
16.02 	 0.446513
16.025 	 0.446513
16.03 	 0.446403
16.035 	 0.44601
16.04 	 0.44601
16.045 	 0.446021
16.05 	 0.446377
16.055 	 0.445999
16.06 	 0.445999
16.065 	 0.446019
16.07 	 0.446328
16.075 	 0.446108
16.08 	 0.446249
16.085 	 0.446153
16.09 	 0.446222
16.095 	 0.446222
16.1 	 0.446118
16.105 	 0.446344
16.11 	 0.445999
16.115 	 0.44639
16.12 	 0.446032
16.125 	 0.446326
16.13 	 0.446326
16.135 	 0.446349
16.14 	 0.446016
16.145 	 0.446366
16.15 	 0.446366
16.155 	 0.446261
16.16 	 0.446169
16.165 	 0.446169
16.17 	 0.446147
16.175 	 0.446275
16.18 	 0.446097
16.185 	 0.446097
16.19 	 0.446123
16.195 	 0.446237
16.2 	 0.446187
16.205 	 0.446161
16.21 	 0.446273
16.215 	 0.446074
16.22 	 0.446074
16.225 	 0.446024
16.23 	 0.44637
16.235 	 0.446025
16.24 	 0.446342
16.245 	 0.446087
16.25 	 0.446245
16.255 	 0.446245
16.26 	 0.446143
16.265 	 0.446255
16.27 	 0.446156
16.275 	 0.446156
16.28 	 0.446209
16.285 	 0.446185
16.29 	 0.446185
16.295 	 0.446238
16.3 	 0.446134
16.305 	 0.446259
16.31 	 0.446259
16.315 	 0.446263
16.32 	 0.446112
16.325 	 0.446293
16.33 	 0.44609
16.335 	 0.446286
16.34 	 0.446138
16.345 	 0.446138
16.35 	 0.446229
16.355 	 0.446128
16.36 	 0.446276
16.365 	 0.446111
16.37 	 0.446281
16.375 	 0.446099
16.38 	 0.446099
16.385 	 0.446082
16.39 	 0.446286
16.395 	 0.446151
16.4 	 0.446151
16.405 	 0.446259
16.41 	 0.446113
16.415 	 0.446113
16.42 	 0.446152
16.425 	 0.446217
16.43 	 0.446176
16.435 	 0.446176
16.44 	 0.446171
16.445 	 0.446212
16.45 	 0.446184
16.455 	 0.446211
16.46 	 0.446156
16.465 	 0.446261
16.47 	 0.446261
16.475 	 0.446261
16.48 	 0.44617
16.485 	 0.446162
16.49 	 0.446279
16.495 	 0.446076
16.5 	 0.446324
16.505 	 0.446324
16.51 	 0.446286
16.515 	 0.446143
16.52 	 0.446203
16.525 	 0.446203
16.53 	 0.44614
16.535 	 0.446265
16.54 	 0.446265
16.545 	 0.446278
16.55 	 0.446115
16.555 	 0.446255
16.56 	 0.446255
16.565 	 0.446184
16.57 	 0.446229
16.575 	 0.446164
16.58 	 0.446202
16.585 	 0.446209
16.59 	 0.446181
16.595 	 0.446181
16.6 	 0.446244
16.605 	 0.446128
16.61 	 0.446245
16.615 	 0.44618
16.62 	 0.446181
16.625 	 0.446207
16.63 	 0.446207
16.635 	 0.446145
16.64 	 0.446249
16.645 	 0.446172
16.65 	 0.446172
16.655 	 0.446275
16.66 	 0.446096
16.665 	 0.446096
16.67 	 0.44614
16.675 	 0.446225
16.68 	 0.446174
16.685 	 0.446174
16.69 	 0.446197
16.695 	 0.446154
16.7 	 0.446283
16.705 	 0.446069
16.71 	 0.446322
16.715 	 0.446107
16.72 	 0.446107
16.725 	 0.446246
16.73 	 0.4461
16.735 	 0.446293
16.74 	 0.446123
16.745 	 0.446227
16.75 	 0.446192
16.755 	 0.446192
16.76 	 0.446202
16.765 	 0.446193
16.77 	 0.446196
16.775 	 0.446196
16.78 	 0.446204
16.785 	 0.446188
16.79 	 0.446188
16.795 	 0.446203
16.8 	 0.446188
16.805 	 0.446185
16.81 	 0.446185
16.815 	 0.446137
16.82 	 0.446262
16.825 	 0.446139
16.83 	 0.446214
16.835 	 0.446227
16.84 	 0.446117
16.845 	 0.446117
16.85 	 0.446111
16.855 	 0.446239
16.86 	 0.446191
16.865 	 0.446178
16.87 	 0.446208
16.875 	 0.44619
16.88 	 0.44619
16.885 	 0.446149
16.89 	 0.446279
16.895 	 0.446096
16.9 	 0.446096
16.905 	 0.446187
16.91 	 0.446142
16.915 	 0.446142
16.92 	 0.446126
16.925 	 0.446234
16.93 	 0.446173
16.935 	 0.446173
16.94 	 0.446161
16.945 	 0.446219
16.95 	 0.446206
16.955 	 0.446139
16.96 	 0.446272
16.965 	 0.446132
16.97 	 0.446132
16.975 	 0.446214
16.98 	 0.44616
16.985 	 0.446219
16.99 	 0.446188
16.995 	 0.446191
17 	 0.446201
17.005 	 0.446201
17.01 	 0.446211
17.015 	 0.446176
17.02 	 0.446197
17.025 	 0.446197
17.03 	 0.446125
17.035 	 0.446272
17.04 	 0.446272
17.045 	 0.446182
17.05 	 0.446255
17.055 	 0.446119
17.06 	 0.446119
17.065 	 0.446152
17.07 	 0.44623
17.075 	 0.44616
17.08 	 0.446211
17.085 	 0.446226
17.09 	 0.446103
17.095 	 0.446103
17.1 	 0.446094
17.105 	 0.446225
17.11 	 0.44624
17.115 	 0.446112
17.12 	 0.446264
17.125 	 0.446162
17.13 	 0.446162
17.135 	 0.446179
17.14 	 0.446228
17.145 	 0.446163
17.15 	 0.446193
17.155 	 0.446241
17.16 	 0.446125
17.165 	 0.446125
17.17 	 0.446181
17.175 	 0.446176
17.18 	 0.446217
17.185 	 0.446217
17.19 	 0.446182
17.195 	 0.446202
17.2 	 0.446209
17.205 	 0.446161
17.21 	 0.446226
17.215 	 0.446183
17.22 	 0.446183
17.225 	 0.446207
17.23 	 0.44619
17.235 	 0.44619
17.24 	 0.446197
17.245 	 0.446202
17.25 	 0.44618
17.255 	 0.44618
17.26 	 0.446187
17.265 	 0.446207
17.27 	 0.446169
17.275 	 0.446228
17.28 	 0.446178
17.285 	 0.446169
17.29 	 0.446169
17.295 	 0.446106
17.3 	 0.446256
17.305 	 0.446188
17.31 	 0.446188
17.315 	 0.446258
17.32 	 0.446141
17.325 	 0.446231
17.33 	 0.446162
17.335 	 0.446233
17.34 	 0.446164
17.345 	 0.446164
17.35 	 0.446261
17.355 	 0.446083
17.36 	 0.446303
17.365 	 0.446142
17.37 	 0.446166
17.375 	 0.446284
17.38 	 0.446284
17.385 	 0.446262
17.39 	 0.446179
17.395 	 0.446172
17.4 	 0.446228
17.405 	 0.446169
17.41 	 0.446208
17.415 	 0.446208
17.42 	 0.446207
17.425 	 0.446179
17.43 	 0.446207
17.435 	 0.446207
17.44 	 0.446183
17.445 	 0.446215
17.45 	 0.446175
17.455 	 0.446202
17.46 	 0.446205
17.465 	 0.446173
17.47 	 0.446173
17.475 	 0.446203
17.48 	 0.446158
17.485 	 0.446242
17.49 	 0.446167
17.495 	 0.446178
17.5 	 0.446253
17.505 	 0.446253
17.51 	 0.446239
17.515 	 0.446198
17.52 	 0.446153
17.525 	 0.446242
17.53 	 0.446169
17.535 	 0.446195
17.54 	 0.446195
17.545 	 0.446205
17.55 	 0.446164
17.555 	 0.446225
17.56 	 0.446225
17.565 	 0.446153
17.57 	 0.446266
17.575 	 0.446127
17.58 	 0.446228
17.585 	 0.446208
17.59 	 0.446145
17.595 	 0.446145
17.6 	 0.44614
17.605 	 0.446228
17.61 	 0.446183
17.615 	 0.446186
17.62 	 0.446219
17.625 	 0.446158
17.63 	 0.446158
17.635 	 0.446149
17.64 	 0.44623
17.645 	 0.446181
17.65 	 0.446175
17.655 	 0.446249
17.66 	 0.44612
17.665 	 0.44612
17.67 	 0.446167
17.675 	 0.446168
17.68 	 0.446264
17.685 	 0.446264
17.69 	 0.446241
17.695 	 0.446198
17.7 	 0.446153
17.705 	 0.446243
17.71 	 0.446169
17.715 	 0.446191
17.72 	 0.446191
17.725 	 0.44618
17.73 	 0.446195
17.735 	 0.446204
17.74 	 0.446188
17.745 	 0.446192
17.75 	 0.446199
17.755 	 0.446199
17.76 	 0.446178
17.765 	 0.446211
17.77 	 0.446198
17.775 	 0.446163
17.78 	 0.446243
17.785 	 0.446154
17.79 	 0.446154
17.795 	 0.446231
17.8 	 0.446131
17.805 	 0.446256
17.81 	 0.446256
17.815 	 0.446188
17.82 	 0.446234
17.825 	 0.446141
17.83 	 0.446244
17.835 	 0.446162
17.84 	 0.446204
17.845 	 0.446204
17.85 	 0.446165
17.855 	 0.446235
17.86 	 0.446153
17.865 	 0.446227
17.87 	 0.446181
17.875 	 0.446185
17.88 	 0.446185
17.885 	 0.446151
17.89 	 0.446237
17.895 	 0.446165
17.9 	 0.446202
17.905 	 0.446209
17.91 	 0.446162
17.915 	 0.446162
17.92 	 0.446157
17.925 	 0.446218
17.93 	 0.44619
17.935 	 0.44619
17.94 	 0.446224
17.945 	 0.44616
17.95 	 0.446225
17.955 	 0.446175
17.96 	 0.446201
17.965 	 0.446203
17.97 	 0.446203
17.975 	 0.446233
17.98 	 0.446152
17.985 	 0.446223
17.99 	 0.446197
17.995 	 0.446159
18 	 0.446249
18.005 	 0.446249
18.01 	 0.446205
18.015 	 0.446221
18.02 	 0.446152
18.025 	 0.446223
18.03 	 0.446195
18.035 	 0.446172
18.04 	 0.446172
18.045 	 0.446193
18.05 	 0.446179
18.055 	 0.44621
18.06 	 0.44621
18.065 	 0.446182
18.07 	 0.446204
18.075 	 0.446201
18.08 	 0.446176
18.085 	 0.446202
18.09 	 0.446216
18.095 	 0.446216
18.1 	 0.446233
18.105 	 0.446196
18.11 	 0.446142
18.115 	 0.446272
18.12 	 0.446138
18.125 	 0.446197
18.13 	 0.446197
18.135 	 0.446118
18.14 	 0.446257
18.145 	 0.44617
18.15 	 0.446181
18.155 	 0.446232
18.16 	 0.446147
18.165 	 0.446147
18.17 	 0.446158
18.175 	 0.446208
18.18 	 0.446213
18.185 	 0.446213
18.19 	 0.446251
18.195 	 0.446152
18.2 	 0.446208
18.205 	 0.44621
18.21 	 0.446163
18.215 	 0.446231
18.22 	 0.446231
18.225 	 0.446228
18.23 	 0.446175
18.235 	 0.446184
18.24 	 0.446241
18.245 	 0.446127
18.25 	 0.446248
18.255 	 0.446248
18.26 	 0.446148
18.265 	 0.446261
18.27 	 0.446153
18.275 	 0.446188
18.28 	 0.446234
18.285 	 0.446164
18.29 	 0.446164
18.295 	 0.446229
18.3 	 0.44617
18.305 	 0.446177
18.31 	 0.446177
18.315 	 0.446142
18.32 	 0.446201
18.325 	 0.446245
18.33 	 0.446123
18.335 	 0.446237
18.34 	 0.446208
18.345 	 0.446208
18.35 	 0.446243
18.355 	 0.446184
18.36 	 0.446168
18.365 	 0.446229
18.37 	 0.446184
18.375 	 0.446175
18.38 	 0.446175
18.385 	 0.446183
18.39 	 0.446181
18.395 	 0.446221
18.4 	 0.446175
18.405 	 0.446195
18.41 	 0.446208
18.415 	 0.446208
18.42 	 0.446199
18.425 	 0.446198
18.43 	 0.446192
18.435 	 0.446192
18.44 	 0.446204
18.445 	 0.446183
18.45 	 0.446202
18.455 	 0.446199
18.46 	 0.446174
18.465 	 0.446228
18.47 	 0.446228
18.475 	 0.446207
18.48 	 0.44622
18.485 	 0.446134
18.49 	 0.446263
18.495 	 0.446158
18.5 	 0.446173
18.505 	 0.446173
18.51 	 0.446112
18.515 	 0.446243
18.52 	 0.446203
18.525 	 0.446142
18.53 	 0.446257
18.535 	 0.446152
18.54 	 0.446152
18.545 	 0.446201
18.55 	 0.44618
18.555 	 0.446216
18.56 	 0.446216
18.565 	 0.446237
18.57 	 0.446159
18.575 	 0.446199
18.58 	 0.446234
18.585 	 0.446125
18.59 	 0.446259
18.595 	 0.446259
18.6 	 0.446165
18.605 	 0.44626
18.61 	 0.44613
18.615 	 0.446227
18.62 	 0.446205
18.625 	 0.446154
18.63 	 0.446154
18.635 	 0.446165
18.64 	 0.446199
18.645 	 0.446211
18.65 	 0.446171
18.655 	 0.446211
18.66 	 0.446191
18.665 	 0.446191
18.67 	 0.446199
18.675 	 0.446197
18.68 	 0.446187
18.685 	 0.446187
18.69 	 0.446203
18.695 	 0.446177
18.7 	 0.44621
18.705 	 0.446194
18.71 	 0.446179
18.715 	 0.446214
18.72 	 0.446214
18.725 	 0.446184
18.73 	 0.446211
18.735 	 0.44619
18.74 	 0.446179
18.745 	 0.446219
18.75 	 0.446185
18.755 	 0.446185
18.76 	 0.44623
18.765 	 0.446166
18.77 	 0.446193
18.775 	 0.446224
18.78 	 0.446158
18.785 	 0.446212
18.79 	 0.446212
18.795 	 0.446173
18.8 	 0.446208
18.805 	 0.446198
18.81 	 0.446198
18.815 	 0.446194
18.82 	 0.446211
18.825 	 0.446175
18.83 	 0.446198
18.835 	 0.446215
18.84 	 0.44616
18.845 	 0.44616
18.85 	 0.446188
18.855 	 0.446179
18.86 	 0.446219
18.865 	 0.446172
18.87 	 0.446209
18.875 	 0.446189
18.88 	 0.446189
18.885 	 0.446219
18.89 	 0.446152
18.895 	 0.446241
18.9 	 0.446166
18.905 	 0.446188
18.91 	 0.446231
18.915 	 0.446231
18.92 	 0.446213
18.925 	 0.446214
18.93 	 0.446146
18.935 	 0.446146
18.94 	 0.446141
18.945 	 0.446241
18.95 	 0.446153
18.955 	 0.446227
18.96 	 0.44618
18.965 	 0.44619
18.97 	 0.44619
18.975 	 0.446228
18.98 	 0.446098
18.985 	 0.446347
18.99 	 0.446028
18.995 	 0.446324
19 	 0.446123
19.005 	 0.446123
19.01 	 0.446135
19.015 	 0.446319
19.02 	 0.446001
19.025 	 0.446426
19.03 	 0.445963
19.035 	 0.446413
19.04 	 0.446413
19.045 	 0.446439
19.05 	 0.445915
19.055 	 0.446499
19.06 	 0.446499
19.065 	 0.446519
19.07 	 0.445841
19.075 	 0.446598
19.08 	 0.445737
19.085 	 0.446685
19.09 	 0.445698
19.095 	 0.445698
19.1 	 0.445698
19.105 	 0.446723
19.11 	 0.445614
19.115 	 0.446822
19.12 	 0.445541
19.125 	 0.446851
19.13 	 0.446851
19.135 	 0.446848
19.14 	 0.445524
19.145 	 0.446888
19.15 	 0.445477
19.155 	 0.446926
19.16 	 0.445458
19.165 	 0.445458
19.17 	 0.44549
19.175 	 0.44687
19.18 	 0.445541
19.185 	 0.445541
19.19 	 0.445538
19.195 	 0.446864
19.2 	 0.445526
19.205 	 0.446831
19.21 	 0.44561
19.215 	 0.446727
19.22 	 0.446727
19.225 	 0.446697
19.23 	 0.445683
19.235 	 0.446703
19.24 	 0.445706
19.245 	 0.446656
19.25 	 0.445746
19.255 	 0.445746
19.26 	 0.445717
19.265 	 0.446679
19.27 	 0.445727
19.275 	 0.446634
19.28 	 0.445766
19.285 	 0.44665
19.29 	 0.44665
19.295 	 0.446774
19.3 	 0.445582
19.305 	 0.446799
19.31 	 0.446799
19.315 	 0.446752
19.32 	 0.445624
19.325 	 0.446804
19.33 	 0.445544
19.335 	 0.446862
19.34 	 0.445534
19.345 	 0.445534
19.35 	 0.445561
19.355 	 0.446833
19.36 	 0.44555
19.365 	 0.446822
19.37 	 0.44561
19.375 	 0.446726
19.38 	 0.446726
19.385 	 0.446695
19.39 	 0.44566
19.395 	 0.446761
19.4 	 0.445625
19.405 	 0.446724
19.41 	 0.445723
19.415 	 0.445723
19.42 	 0.445773
19.425 	 0.446655
19.43 	 0.445675
19.435 	 0.445675
19.44 	 0.445607
19.445 	 0.446776
19.45 	 0.445625
19.455 	 0.446758
19.46 	 0.445622
19.465 	 0.446783
19.47 	 0.446783
19.475 	 0.446815
19.48 	 0.445562
19.485 	 0.446832
19.49 	 0.445556
19.495 	 0.44682
19.5 	 0.445594
19.505 	 0.445594
19.51 	 0.445657
19.515 	 0.446714
19.52 	 0.445678
19.525 	 0.446718
19.53 	 0.445663
19.535 	 0.446725
19.54 	 0.446725
19.545 	 0.446694
19.55 	 0.445709
19.555 	 0.44668
19.56 	 0.44668
19.565 	 0.446741
19.57 	 0.445608
19.575 	 0.446801
19.58 	 0.445592
19.585 	 0.446776
19.59 	 0.445627
19.595 	 0.445627
19.6 	 0.445582
19.605 	 0.446841
19.61 	 0.445539
19.615 	 0.446818
19.62 	 0.445626
19.625 	 0.446716
19.63 	 0.446716
19.635 	 0.446719
19.64 	 0.445645
19.645 	 0.44675
19.65 	 0.445657
19.655 	 0.446704
19.66 	 0.445699
19.665 	 0.445699
19.67 	 0.445671
19.675 	 0.446732
19.68 	 0.445653
19.685 	 0.445653
19.69 	 0.445626
19.695 	 0.446802
19.7 	 0.445549
19.705 	 0.446847
19.71 	 0.445572
19.715 	 0.446765
19.72 	 0.446765
19.725 	 0.446731
19.73 	 0.445625
19.735 	 0.446796
19.74 	 0.445589
19.745 	 0.446764
19.75 	 0.445675
19.755 	 0.445675
19.76 	 0.445717
19.765 	 0.44669
19.77 	 0.445673
19.775 	 0.446734
19.78 	 0.445642
19.785 	 0.446759
19.79 	 0.446759
19.795 	 0.446794
19.8 	 0.445589
19.805 	 0.446791
19.81 	 0.446791
19.815 	 0.446766
19.82 	 0.445621
19.825 	 0.446776
19.83 	 0.445605
19.835 	 0.446779
19.84 	 0.445625
19.845 	 0.445625
19.85 	 0.445678
19.855 	 0.446688
19.86 	 0.445712
19.865 	 0.446683
19.87 	 0.445681
19.875 	 0.446742
19.88 	 0.446742
19.885 	 0.446781
19.89 	 0.445617
19.895 	 0.446754
19.9 	 0.445645
19.905 	 0.446747
19.91 	 0.44563
19.915 	 0.44563
19.92 	 0.445633
19.925 	 0.446737
19.93 	 0.445669
19.935 	 0.445669
19.94 	 0.4457
19.945 	 0.44666
19.95 	 0.445765
19.955 	 0.446594
19.96 	 0.445798
19.965 	 0.446618
19.97 	 0.446618
19.975 	 0.446671
19.98 	 0.445739
19.985 	 0.446599
19.99 	 0.44584
19.995 	 0.446525
20 	 0.445858
