0.005 	 0.353832
0.01 	 0.353818
0.015 	 0.353805
0.02 	 0.353792
0.025 	 0.353779
0.03 	 0.353765
0.035 	 0.353752
0.04 	 0.353739
0.045 	 0.353726
0.05 	 0.353712
0.055 	 0.353699
0.06 	 0.353686
0.065 	 0.353673
0.07 	 0.353659
0.075 	 0.353646
0.08 	 0.353633
0.085 	 0.35362
0.09 	 0.353606
0.095 	 0.353593
0.1 	 0.35358
0.105 	 0.353567
0.11 	 0.353554
0.115 	 0.35354
0.12 	 0.353527
0.125 	 0.353514
0.13 	 0.353501
0.135 	 0.353488
0.14 	 0.353474
0.145 	 0.353474
0.15 	 0.353448
0.155 	 0.353435
0.16 	 0.353422
0.165 	 0.353408
0.17 	 0.353395
0.175 	 0.353382
0.18 	 0.353369
0.185 	 0.353356
0.19 	 0.353342
0.195 	 0.353329
0.2 	 0.353316
0.205 	 0.353303
0.21 	 0.35329
0.215 	 0.353277
0.22 	 0.353263
0.225 	 0.35325
0.23 	 0.353237
0.235 	 0.353224
0.24 	 0.353211
0.245 	 0.353198
0.25 	 0.353185
0.255 	 0.353171
0.26 	 0.353158
0.265 	 0.353145
0.27 	 0.353132
0.275 	 0.353119
0.28 	 0.353106
0.285 	 0.353093
0.29 	 0.353093
0.295 	 0.353079
0.3 	 0.353053
0.305 	 0.35304
0.31 	 0.353027
0.315 	 0.353014
0.32 	 0.353001
0.325 	 0.352988
0.33 	 0.352974
0.335 	 0.352961
0.34 	 0.352948
0.345 	 0.352935
0.35 	 0.352922
0.355 	 0.352909
0.36 	 0.352896
0.365 	 0.352883
0.37 	 0.35287
0.375 	 0.352857
0.38 	 0.352844
0.385 	 0.35283
0.39 	 0.352817
0.395 	 0.352804
0.4 	 0.352791
0.405 	 0.352778
0.41 	 0.352765
0.415 	 0.352752
0.42 	 0.352739
0.425 	 0.352726
0.43 	 0.352713
0.435 	 0.3527
0.44 	 0.352687
0.445 	 0.352674
0.45 	 0.352661
0.455 	 0.352648
0.46 	 0.352635
0.465 	 0.352621
0.47 	 0.352608
0.475 	 0.352595
0.48 	 0.352582
0.485 	 0.352569
0.49 	 0.352556
0.495 	 0.352543
0.5 	 0.35253
0.505 	 0.352517
0.51 	 0.352504
0.515 	 0.352491
0.52 	 0.352478
0.525 	 0.352465
0.53 	 0.352452
0.535 	 0.352439
0.54 	 0.352426
0.545 	 0.352413
0.55 	 0.3524
0.555 	 0.352387
0.56 	 0.352374
0.565 	 0.352361
0.57 	 0.352348
0.575 	 0.352335
0.58 	 0.352335
0.585 	 0.352322
0.59 	 0.352309
0.595 	 0.352296
0.6 	 0.35227
0.605 	 0.352257
0.61 	 0.352244
0.615 	 0.352231
0.62 	 0.352218
0.625 	 0.352205
0.63 	 0.352192
0.635 	 0.352179
0.64 	 0.352167
0.645 	 0.352154
0.65 	 0.352141
0.655 	 0.352128
0.66 	 0.352115
0.665 	 0.352102
0.67 	 0.352089
0.675 	 0.352076
0.68 	 0.352063
0.685 	 0.35205
0.69 	 0.352037
0.695 	 0.352024
0.7 	 0.352011
0.705 	 0.351998
0.71 	 0.351985
0.715 	 0.351972
0.72 	 0.351959
0.725 	 0.351947
0.73 	 0.351934
0.735 	 0.351921
0.74 	 0.351908
0.745 	 0.351895
0.75 	 0.351882
0.755 	 0.351869
0.76 	 0.351856
0.765 	 0.351843
0.77 	 0.35183
0.775 	 0.351818
0.78 	 0.351805
0.785 	 0.351792
0.79 	 0.351779
0.795 	 0.351766
0.8 	 0.351753
0.805 	 0.35174
0.81 	 0.351727
0.815 	 0.351714
0.82 	 0.351702
0.825 	 0.351689
0.83 	 0.351676
0.835 	 0.351663
0.84 	 0.35165
0.845 	 0.351637
0.85 	 0.351624
0.855 	 0.351612
0.86 	 0.351599
0.865 	 0.351586
0.87 	 0.351573
0.875 	 0.35156
0.88 	 0.351547
0.885 	 0.351534
0.89 	 0.351522
0.895 	 0.351509
0.9 	 0.351496
0.905 	 0.351483
0.91 	 0.35147
0.915 	 0.351457
0.92 	 0.351445
0.925 	 0.351432
0.93 	 0.351419
0.935 	 0.351406
0.94 	 0.351393
0.945 	 0.35138
0.95 	 0.351368
0.955 	 0.351355
0.96 	 0.351342
0.965 	 0.351329
0.97 	 0.351316
0.975 	 0.351304
0.98 	 0.351291
0.985 	 0.351278
0.99 	 0.351265
0.995 	 0.351252
1 	 0.35124
1.005 	 0.351227
1.01 	 0.351214
1.015 	 0.351201
1.02 	 0.351189
1.025 	 0.351189
1.03 	 0.351163
1.035 	 0.351163
1.04 	 0.351137
1.045 	 0.351137
1.05 	 0.351112
1.055 	 0.351112
1.06 	 0.351086
1.065 	 0.351086
1.07 	 0.351061
1.075 	 0.351048
1.08 	 0.351035
1.085 	 0.351023
1.09 	 0.35101
1.095 	 0.350997
1.1 	 0.350984
1.105 	 0.350972
1.11 	 0.350959
1.115 	 0.350946
1.12 	 0.350933
1.125 	 0.350921
1.13 	 0.350908
1.135 	 0.350895
1.14 	 0.350883
1.145 	 0.35087
1.15 	 0.350857
1.155 	 0.350844
1.16 	 0.350844
1.165 	 0.350819
1.17 	 0.350819
1.175 	 0.350794
1.18 	 0.350794
1.185 	 0.350768
1.19 	 0.350768
1.195 	 0.350743
1.2 	 0.35073
1.205 	 0.350717
1.21 	 0.350705
1.215 	 0.350692
1.22 	 0.350679
1.225 	 0.350667
1.23 	 0.350654
1.235 	 0.350641
1.24 	 0.350629
1.245 	 0.350616
1.25 	 0.350603
1.255 	 0.350591
1.26 	 0.350578
1.265 	 0.350565
1.27 	 0.350553
1.275 	 0.35054
1.28 	 0.350527
1.285 	 0.350515
1.29 	 0.350502
1.295 	 0.350489
1.3 	 0.350477
1.305 	 0.350464
1.31 	 0.350451
1.315 	 0.350439
1.32 	 0.350426
1.325 	 0.350413
1.33 	 0.350401
1.335 	 0.350388
1.34 	 0.350375
1.345 	 0.350363
1.35 	 0.35035
1.355 	 0.350338
1.36 	 0.350325
1.365 	 0.350312
1.37 	 0.3503
1.375 	 0.350287
1.38 	 0.350274
1.385 	 0.350262
1.39 	 0.350249
1.395 	 0.350237
1.4 	 0.350224
1.405 	 0.350211
1.41 	 0.350199
1.415 	 0.350186
1.42 	 0.350174
1.425 	 0.350161
1.43 	 0.350148
1.435 	 0.350136
1.44 	 0.350123
1.445 	 0.350111
1.45 	 0.350098
1.455 	 0.350086
1.46 	 0.350073
1.465 	 0.35006
1.47 	 0.350048
1.475 	 0.350035
1.48 	 0.350023
1.485 	 0.35001
1.49 	 0.349998
1.495 	 0.349985
1.5 	 0.349972
1.505 	 0.34996
1.51 	 0.349947
1.515 	 0.349935
1.52 	 0.349922
1.525 	 0.34991
1.53 	 0.349897
1.535 	 0.349885
1.54 	 0.349872
1.545 	 0.349859
1.55 	 0.349847
1.555 	 0.349834
1.56 	 0.349822
1.565 	 0.349809
1.57 	 0.349797
1.575 	 0.349784
1.58 	 0.349772
1.585 	 0.349759
1.59 	 0.349747
1.595 	 0.349734
1.6 	 0.349722
1.605 	 0.349709
1.61 	 0.349697
1.615 	 0.349684
1.62 	 0.349672
1.625 	 0.349659
1.63 	 0.349647
1.635 	 0.349634
1.64 	 0.349622
1.645 	 0.349609
1.65 	 0.349597
1.655 	 0.349584
1.66 	 0.349572
1.665 	 0.349559
1.67 	 0.349547
1.675 	 0.349534
1.68 	 0.349522
1.685 	 0.349509
1.69 	 0.349497
1.695 	 0.349484
1.7 	 0.349472
1.705 	 0.349459
1.71 	 0.349447
1.715 	 0.349434
1.72 	 0.349422
1.725 	 0.34941
1.73 	 0.349397
1.735 	 0.349385
1.74 	 0.349372
1.745 	 0.34936
1.75 	 0.349347
1.755 	 0.349335
1.76 	 0.349322
1.765 	 0.34931
1.77 	 0.349297
1.775 	 0.349285
1.78 	 0.349273
1.785 	 0.34926
1.79 	 0.349248
1.795 	 0.349235
1.8 	 0.349223
1.805 	 0.34921
1.81 	 0.349198
1.815 	 0.349186
1.82 	 0.349173
1.825 	 0.349161
1.83 	 0.349148
1.835 	 0.349136
1.84 	 0.349124
1.845 	 0.349111
1.85 	 0.349099
1.855 	 0.349086
1.86 	 0.349074
1.865 	 0.349062
1.87 	 0.349049
1.875 	 0.349037
1.88 	 0.349024
1.885 	 0.349012
1.89 	 0.349
1.895 	 0.348987
1.9 	 0.348975
1.905 	 0.348962
1.91 	 0.34895
1.915 	 0.348938
1.92 	 0.348925
1.925 	 0.348913
1.93 	 0.348901
1.935 	 0.348888
1.94 	 0.348876
1.945 	 0.348863
1.95 	 0.348851
1.955 	 0.348839
1.96 	 0.348826
1.965 	 0.348814
1.97 	 0.348802
1.975 	 0.348789
1.98 	 0.348777
1.985 	 0.348765
1.99 	 0.348752
1.995 	 0.34874
2 	 0.348728
2.005 	 0.348728
2.01 	 0.348703
2.015 	 0.348691
2.02 	 0.348678
2.025 	 0.348666
2.03 	 0.348654
2.035 	 0.348641
2.04 	 0.348629
2.045 	 0.348617
2.05 	 0.348617
2.055 	 0.348592
2.06 	 0.34858
2.065 	 0.348567
2.07 	 0.348567
2.075 	 0.348543
2.08 	 0.348531
2.085 	 0.348518
2.09 	 0.348518
2.095 	 0.348494
2.1 	 0.348481
2.105 	 0.348469
2.11 	 0.348469
2.115 	 0.348444
2.12 	 0.348432
2.125 	 0.34842
2.13 	 0.34842
2.135 	 0.348395
2.14 	 0.348383
2.145 	 0.348371
2.15 	 0.348359
2.155 	 0.348346
2.16 	 0.348334
2.165 	 0.348322
2.17 	 0.348309
2.175 	 0.348297
2.18 	 0.348285
2.185 	 0.348273
2.19 	 0.34826
2.195 	 0.34826
2.2 	 0.348236
2.205 	 0.348224
2.21 	 0.348211
2.215 	 0.348211
2.22 	 0.348187
2.225 	 0.348175
2.23 	 0.348162
2.235 	 0.348162
2.24 	 0.348138
2.245 	 0.348126
2.25 	 0.348114
2.255 	 0.348114
2.26 	 0.348089
2.265 	 0.348077
2.27 	 0.348065
2.275 	 0.348052
2.28 	 0.34804
2.285 	 0.348028
2.29 	 0.348016
2.295 	 0.348004
2.3 	 0.347991
2.305 	 0.347979
2.31 	 0.347967
2.315 	 0.347955
2.32 	 0.347955
2.325 	 0.34793
2.33 	 0.347918
2.335 	 0.347906
2.34 	 0.347906
2.345 	 0.347882
2.35 	 0.347869
2.355 	 0.347857
2.36 	 0.347857
2.365 	 0.347833
2.37 	 0.347821
2.375 	 0.347808
2.38 	 0.347808
2.385 	 0.347784
2.39 	 0.347772
2.395 	 0.34776
2.4 	 0.347748
2.405 	 0.347735
2.41 	 0.347723
2.415 	 0.347711
2.42 	 0.347699
2.425 	 0.347687
2.43 	 0.347675
2.435 	 0.347663
2.44 	 0.34765
2.445 	 0.34765
2.45 	 0.347626
2.455 	 0.347614
2.46 	 0.347602
2.465 	 0.347602
2.47 	 0.347578
2.475 	 0.347565
2.48 	 0.347553
2.485 	 0.347553
2.49 	 0.347529
2.495 	 0.347517
2.5 	 0.347505
2.505 	 0.347505
2.51 	 0.34748
2.515 	 0.347468
2.52 	 0.347456
2.525 	 0.347444
2.53 	 0.347432
2.535 	 0.34742
2.54 	 0.347408
2.545 	 0.347396
2.55 	 0.347384
2.555 	 0.347372
2.56 	 0.347359
2.565 	 0.347347
2.57 	 0.347335
2.575 	 0.347323
2.58 	 0.347311
2.585 	 0.347299
2.59 	 0.347287
2.595 	 0.347275
2.6 	 0.347263
2.605 	 0.347251
2.61 	 0.347239
2.615 	 0.347226
2.62 	 0.347214
2.625 	 0.347202
2.63 	 0.34719
2.635 	 0.347178
2.64 	 0.347166
2.645 	 0.347154
2.65 	 0.347142
2.655 	 0.34713
2.66 	 0.347118
2.665 	 0.347106
2.67 	 0.347094
2.675 	 0.347082
2.68 	 0.34707
2.685 	 0.347058
2.69 	 0.347046
2.695 	 0.347034
2.7 	 0.347022
2.705 	 0.347009
2.71 	 0.346997
2.715 	 0.346985
2.72 	 0.346973
2.725 	 0.346961
2.73 	 0.346949
2.735 	 0.346937
2.74 	 0.346925
2.745 	 0.346913
2.75 	 0.346901
2.755 	 0.346889
2.76 	 0.346877
2.765 	 0.346865
2.77 	 0.346853
2.775 	 0.346841
2.78 	 0.346829
2.785 	 0.346817
2.79 	 0.346805
2.795 	 0.346793
2.8 	 0.346781
2.805 	 0.346769
2.81 	 0.346757
2.815 	 0.346745
2.82 	 0.346733
2.825 	 0.346721
2.83 	 0.346709
2.835 	 0.346697
2.84 	 0.346685
2.845 	 0.346673
2.85 	 0.346661
2.855 	 0.346649
2.86 	 0.346637
2.865 	 0.346625
2.87 	 0.346613
2.875 	 0.346601
2.88 	 0.346589
2.885 	 0.346578
2.89 	 0.346566
2.895 	 0.346554
2.9 	 0.346542
2.905 	 0.34653
2.91 	 0.346518
2.915 	 0.346506
2.92 	 0.346494
2.925 	 0.346482
2.93 	 0.34647
2.935 	 0.346458
2.94 	 0.346446
2.945 	 0.346434
2.95 	 0.346422
2.955 	 0.34641
2.96 	 0.346398
2.965 	 0.346386
2.97 	 0.346374
2.975 	 0.346363
2.98 	 0.346351
2.985 	 0.346339
2.99 	 0.346327
2.995 	 0.346315
3 	 0.346303
3.005 	 0.346291
3.01 	 0.346279
3.015 	 0.346267
3.02 	 0.346255
3.025 	 0.346243
3.03 	 0.346232
3.035 	 0.34622
3.04 	 0.346208
3.045 	 0.346196
3.05 	 0.346184
3.055 	 0.346172
3.06 	 0.34616
3.065 	 0.346148
3.07 	 0.346136
3.075 	 0.346124
3.08 	 0.346113
3.085 	 0.346101
3.09 	 0.346089
3.095 	 0.346077
3.1 	 0.346065
3.105 	 0.346053
3.11 	 0.346041
3.115 	 0.346029
3.12 	 0.346018
3.125 	 0.346006
3.13 	 0.345994
3.135 	 0.345982
3.14 	 0.34597
3.145 	 0.345958
3.15 	 0.345946
3.155 	 0.345935
3.16 	 0.345923
3.165 	 0.345911
3.17 	 0.345899
3.175 	 0.345887
3.18 	 0.345875
3.185 	 0.345864
3.19 	 0.345852
3.195 	 0.34584
3.2 	 0.345828
3.205 	 0.345816
3.21 	 0.345804
3.215 	 0.345793
3.22 	 0.345781
3.225 	 0.345769
3.23 	 0.345757
3.235 	 0.345745
3.24 	 0.345733
3.245 	 0.345722
3.25 	 0.34571
3.255 	 0.345698
3.26 	 0.345686
3.265 	 0.345674
3.27 	 0.345663
3.275 	 0.345651
3.28 	 0.345639
3.285 	 0.345627
3.29 	 0.345615
3.295 	 0.345604
3.3 	 0.345592
3.305 	 0.34558
3.31 	 0.345568
3.315 	 0.345556
3.32 	 0.345545
3.325 	 0.345533
3.33 	 0.345521
3.335 	 0.345509
3.34 	 0.345497
3.345 	 0.345486
3.35 	 0.345474
3.355 	 0.345462
3.36 	 0.34545
3.365 	 0.345439
3.37 	 0.345427
3.375 	 0.345415
3.38 	 0.345403
3.385 	 0.345392
3.39 	 0.34538
3.395 	 0.345368
3.4 	 0.345356
3.405 	 0.345345
3.41 	 0.345333
3.415 	 0.345321
3.42 	 0.345309
3.425 	 0.345298
3.43 	 0.345286
3.435 	 0.345274
3.44 	 0.345262
3.445 	 0.345251
3.45 	 0.345239
3.455 	 0.345227
3.46 	 0.345215
3.465 	 0.345204
3.47 	 0.345192
3.475 	 0.34518
3.48 	 0.345169
3.485 	 0.345157
3.49 	 0.345145
3.495 	 0.345133
3.5 	 0.345122
3.505 	 0.34511
3.51 	 0.345098
3.515 	 0.345087
3.52 	 0.345075
3.525 	 0.345063
3.53 	 0.345051
3.535 	 0.34504
3.54 	 0.345028
3.545 	 0.345016
3.55 	 0.345005
3.555 	 0.344993
3.56 	 0.344981
3.565 	 0.34497
3.57 	 0.344958
3.575 	 0.344946
3.58 	 0.344935
3.585 	 0.344923
3.59 	 0.344911
3.595 	 0.3449
3.6 	 0.344888
3.605 	 0.344876
3.61 	 0.344864
3.615 	 0.344853
3.62 	 0.344841
3.625 	 0.344829
3.63 	 0.344818
3.635 	 0.344806
3.64 	 0.344795
3.645 	 0.344783
3.65 	 0.344771
3.655 	 0.34476
3.66 	 0.344748
3.665 	 0.344736
3.67 	 0.344725
3.675 	 0.344713
3.68 	 0.344701
3.685 	 0.34469
3.69 	 0.344678
3.695 	 0.344666
3.7 	 0.344655
3.705 	 0.344643
3.71 	 0.344632
3.715 	 0.34462
3.72 	 0.344608
3.725 	 0.344597
3.73 	 0.344585
3.735 	 0.344573
3.74 	 0.344562
3.745 	 0.34455
3.75 	 0.344539
3.755 	 0.344527
3.76 	 0.344515
3.765 	 0.344504
3.77 	 0.344492
3.775 	 0.34448
3.78 	 0.344469
3.785 	 0.344457
3.79 	 0.344446
3.795 	 0.344434
3.8 	 0.344422
3.805 	 0.344411
3.81 	 0.344399
3.815 	 0.344388
3.82 	 0.344376
3.825 	 0.344365
3.83 	 0.344353
3.835 	 0.344341
3.84 	 0.34433
3.845 	 0.344318
3.85 	 0.344307
3.855 	 0.344295
3.86 	 0.344284
3.865 	 0.344272
3.87 	 0.34426
3.875 	 0.344249
3.88 	 0.344237
3.885 	 0.344226
3.89 	 0.344214
3.895 	 0.344203
3.9 	 0.344191
3.905 	 0.344179
3.91 	 0.344168
3.915 	 0.344156
3.92 	 0.344145
3.925 	 0.344133
3.93 	 0.344122
3.935 	 0.34411
3.94 	 0.344099
3.945 	 0.344087
3.95 	 0.344076
3.955 	 0.344064
3.96 	 0.344052
3.965 	 0.344041
3.97 	 0.344029
3.975 	 0.344018
3.98 	 0.344006
3.985 	 0.343995
3.99 	 0.343983
3.995 	 0.343972
4 	 0.34396
4.005 	 0.343949
4.01 	 0.343949
4.015 	 0.343937
4.02 	 0.343914
4.025 	 0.343903
4.03 	 0.343891
4.035 	 0.34388
4.04 	 0.343868
4.045 	 0.343857
4.05 	 0.343845
4.055 	 0.343845
4.06 	 0.343822
4.065 	 0.343811
4.07 	 0.343799
4.075 	 0.343788
4.08 	 0.343776
4.085 	 0.343765
4.09 	 0.343753
4.095 	 0.343753
4.1 	 0.343742
4.105 	 0.343719
4.11 	 0.343707
4.115 	 0.343696
4.12 	 0.343684
4.125 	 0.343673
4.13 	 0.343661
4.135 	 0.343661
4.14 	 0.34365
4.145 	 0.343627
4.15 	 0.343616
4.155 	 0.343604
4.16 	 0.343593
4.165 	 0.343581
4.17 	 0.34357
4.175 	 0.343558
4.18 	 0.343558
4.185 	 0.343535
4.19 	 0.343524
4.195 	 0.343513
4.2 	 0.343501
4.205 	 0.34349
4.21 	 0.343478
4.215 	 0.343467
4.22 	 0.343467
4.225 	 0.343455
4.23 	 0.343433
4.235 	 0.343421
4.24 	 0.34341
4.245 	 0.343398
4.25 	 0.343387
4.255 	 0.343375
4.26 	 0.343375
4.265 	 0.343364
4.27 	 0.343341
4.275 	 0.34333
4.28 	 0.343318
4.285 	 0.343307
4.29 	 0.343296
4.295 	 0.343284
4.3 	 0.343273
4.305 	 0.343273
4.31 	 0.34325
4.315 	 0.343239
4.32 	 0.343227
4.325 	 0.343216
4.33 	 0.343204
4.335 	 0.343193
4.34 	 0.343182
4.345 	 0.343182
4.35 	 0.343159
4.355 	 0.343147
4.36 	 0.343136
4.365 	 0.343125
4.37 	 0.343113
4.375 	 0.343102
4.38 	 0.343091
4.385 	 0.343091
4.39 	 0.343079
4.395 	 0.343056
4.4 	 0.343045
4.405 	 0.343034
4.41 	 0.343022
4.415 	 0.343011
4.42 	 0.343
4.425 	 0.342988
4.43 	 0.342988
4.435 	 0.342966
4.44 	 0.342954
4.445 	 0.342943
4.45 	 0.342932
4.455 	 0.34292
4.46 	 0.342909
4.465 	 0.342897
4.47 	 0.342897
4.475 	 0.342875
4.48 	 0.342863
4.485 	 0.342852
4.49 	 0.342841
4.495 	 0.342829
4.5 	 0.342818
4.505 	 0.342807
4.51 	 0.342807
4.515 	 0.342796
4.52 	 0.342773
4.525 	 0.342762
4.53 	 0.34275
4.535 	 0.342739
4.54 	 0.342728
4.545 	 0.342716
4.55 	 0.342705
4.555 	 0.342705
4.56 	 0.342682
4.565 	 0.342671
4.57 	 0.34266
4.575 	 0.342648
4.58 	 0.342637
4.585 	 0.342626
4.59 	 0.342615
4.595 	 0.342615
4.6 	 0.342592
4.605 	 0.342581
4.61 	 0.342569
4.615 	 0.342558
4.62 	 0.342547
4.625 	 0.342536
4.63 	 0.342524
4.635 	 0.342524
4.64 	 0.342513
4.645 	 0.34249
4.65 	 0.342479
4.655 	 0.342468
4.66 	 0.342457
4.665 	 0.342445
4.67 	 0.342434
4.675 	 0.342423
4.68 	 0.342423
4.685 	 0.3424
4.69 	 0.342389
4.695 	 0.342378
4.7 	 0.342367
4.705 	 0.342355
4.71 	 0.342344
4.715 	 0.342333
4.72 	 0.342333
4.725 	 0.34231
4.73 	 0.342299
4.735 	 0.342288
4.74 	 0.342277
4.745 	 0.342265
4.75 	 0.342254
4.755 	 0.342243
4.76 	 0.342243
4.765 	 0.342232
4.77 	 0.342209
4.775 	 0.342198
4.78 	 0.342187
4.785 	 0.342176
4.79 	 0.342164
4.795 	 0.342153
4.8 	 0.342142
4.805 	 0.342142
4.81 	 0.342119
4.815 	 0.342108
4.82 	 0.342097
4.825 	 0.342086
4.83 	 0.342075
4.835 	 0.342063
4.84 	 0.342052
4.845 	 0.342052
4.85 	 0.34203
4.855 	 0.342019
4.86 	 0.342007
4.865 	 0.341996
4.87 	 0.341985
4.875 	 0.341974
4.88 	 0.341963
4.885 	 0.341963
4.89 	 0.341952
4.895 	 0.341929
4.9 	 0.341918
4.905 	 0.341907
4.91 	 0.341896
4.915 	 0.341884
4.92 	 0.341873
4.925 	 0.341862
4.93 	 0.341862
4.935 	 0.34184
4.94 	 0.341829
4.945 	 0.341817
4.95 	 0.341806
4.955 	 0.341795
4.96 	 0.341784
4.965 	 0.341773
4.97 	 0.341773
4.975 	 0.34175
4.98 	 0.341739
4.985 	 0.341728
4.99 	 0.341717
4.995 	 0.341706
5 	 0.341695
5.005 	 0.341684
5.01 	 0.341684
5.015 	 0.341672
5.02 	 0.34165
5.025 	 0.341639
5.03 	 0.341628
5.035 	 0.341617
5.04 	 0.341606
5.045 	 0.341595
5.05 	 0.341583
5.055 	 0.341583
5.06 	 0.341561
5.065 	 0.34155
5.07 	 0.341539
5.075 	 0.341528
5.08 	 0.341517
5.085 	 0.341506
5.09 	 0.341494
5.095 	 0.341494
5.1 	 0.341472
5.105 	 0.341461
5.11 	 0.34145
5.115 	 0.341439
5.12 	 0.341428
5.125 	 0.341417
5.13 	 0.341406
5.135 	 0.341395
5.14 	 0.341383
5.145 	 0.341372
5.15 	 0.341361
5.155 	 0.34135
5.16 	 0.341339
5.165 	 0.341328
5.17 	 0.341317
5.175 	 0.341306
5.18 	 0.341295
5.185 	 0.341284
5.19 	 0.341273
5.195 	 0.341262
5.2 	 0.341251
5.205 	 0.341239
5.21 	 0.341228
5.215 	 0.341217
5.22 	 0.341206
5.225 	 0.341195
5.23 	 0.341184
5.235 	 0.341173
5.24 	 0.341162
5.245 	 0.341151
5.25 	 0.34114
5.255 	 0.341129
5.26 	 0.341118
5.265 	 0.341107
5.27 	 0.341096
5.275 	 0.341085
5.28 	 0.341074
5.285 	 0.341063
5.29 	 0.341052
5.295 	 0.341041
5.3 	 0.341029
5.305 	 0.341018
5.31 	 0.341007
5.315 	 0.340996
5.32 	 0.340985
5.325 	 0.340974
5.33 	 0.340963
5.335 	 0.340952
5.34 	 0.340941
5.345 	 0.34093
5.35 	 0.340919
5.355 	 0.340908
5.36 	 0.340897
5.365 	 0.340886
5.37 	 0.340875
5.375 	 0.340864
5.38 	 0.340853
5.385 	 0.340842
5.39 	 0.340831
5.395 	 0.34082
5.4 	 0.340809
5.405 	 0.340798
5.41 	 0.340787
5.415 	 0.340776
5.42 	 0.340765
5.425 	 0.340754
5.43 	 0.340743
5.435 	 0.340732
5.44 	 0.340721
5.445 	 0.34071
5.45 	 0.340699
5.455 	 0.340688
5.46 	 0.340677
5.465 	 0.340666
5.47 	 0.340655
5.475 	 0.340644
5.48 	 0.340633
5.485 	 0.340622
5.49 	 0.340611
5.495 	 0.3406
5.5 	 0.34059
5.505 	 0.340579
5.51 	 0.340568
5.515 	 0.340557
5.52 	 0.340546
5.525 	 0.340535
5.53 	 0.340524
5.535 	 0.340513
5.54 	 0.340502
5.545 	 0.340491
5.55 	 0.34048
5.555 	 0.340469
5.56 	 0.340458
5.565 	 0.340447
5.57 	 0.340436
5.575 	 0.340425
5.58 	 0.340414
5.585 	 0.340403
5.59 	 0.340392
5.595 	 0.340382
5.6 	 0.340371
5.605 	 0.34036
5.61 	 0.340349
5.615 	 0.340338
5.62 	 0.340327
5.625 	 0.340316
5.63 	 0.340305
5.635 	 0.340294
5.64 	 0.340283
5.645 	 0.340272
5.65 	 0.340261
5.655 	 0.340251
5.66 	 0.34024
5.665 	 0.340229
5.67 	 0.340218
5.675 	 0.340207
5.68 	 0.340196
5.685 	 0.340185
5.69 	 0.340174
5.695 	 0.340163
5.7 	 0.340152
5.705 	 0.340142
5.71 	 0.340131
5.715 	 0.34012
5.72 	 0.340109
5.725 	 0.340098
5.73 	 0.340087
5.735 	 0.340076
5.74 	 0.340065
5.745 	 0.340054
5.75 	 0.340044
5.755 	 0.340033
5.76 	 0.340022
5.765 	 0.340011
5.77 	 0.34
5.775 	 0.339989
5.78 	 0.339978
5.785 	 0.339967
5.79 	 0.339957
5.795 	 0.339946
5.8 	 0.339935
5.805 	 0.339924
5.81 	 0.339913
5.815 	 0.339902
5.82 	 0.339891
5.825 	 0.339881
5.83 	 0.33987
5.835 	 0.339859
5.84 	 0.339848
5.845 	 0.339837
5.85 	 0.339826
5.855 	 0.339816
5.86 	 0.339805
5.865 	 0.339794
5.87 	 0.339783
5.875 	 0.339772
5.88 	 0.339761
5.885 	 0.339751
5.89 	 0.33974
5.895 	 0.339729
5.9 	 0.339718
5.905 	 0.339707
5.91 	 0.339696
5.915 	 0.339686
5.92 	 0.339675
5.925 	 0.339664
5.93 	 0.339653
5.935 	 0.339642
5.94 	 0.339632
5.945 	 0.339621
5.95 	 0.33961
5.955 	 0.339599
5.96 	 0.339588
5.965 	 0.339578
5.97 	 0.339567
5.975 	 0.339556
5.98 	 0.339545
5.985 	 0.339534
5.99 	 0.339524
5.995 	 0.339513
6 	 0.339502
6.005 	 0.339491
6.01 	 0.33948
6.015 	 0.33947
6.02 	 0.339459
6.025 	 0.339448
6.03 	 0.339437
6.035 	 0.339426
6.04 	 0.339416
6.045 	 0.339405
6.05 	 0.339394
6.055 	 0.339383
6.06 	 0.339373
6.065 	 0.339362
6.07 	 0.339351
6.075 	 0.33934
6.08 	 0.33933
6.085 	 0.339319
6.09 	 0.339308
6.095 	 0.339297
6.1 	 0.339286
6.105 	 0.339276
6.11 	 0.339265
6.115 	 0.339254
6.12 	 0.339243
6.125 	 0.339233
6.13 	 0.339222
6.135 	 0.339211
6.14 	 0.339201
6.145 	 0.33919
6.15 	 0.339179
6.155 	 0.339168
6.16 	 0.339158
6.165 	 0.339147
6.17 	 0.339136
6.175 	 0.339125
6.18 	 0.339115
6.185 	 0.339104
6.19 	 0.339093
6.195 	 0.339082
6.2 	 0.339072
6.205 	 0.339061
6.21 	 0.33905
6.215 	 0.33904
6.22 	 0.339029
6.225 	 0.339018
6.23 	 0.339007
6.235 	 0.338997
6.24 	 0.338986
6.245 	 0.338975
6.25 	 0.338965
6.255 	 0.338954
6.26 	 0.338943
6.265 	 0.338932
6.27 	 0.338922
6.275 	 0.338911
6.28 	 0.3389
6.285 	 0.33889
6.29 	 0.338879
6.295 	 0.338868
6.3 	 0.338858
6.305 	 0.338847
6.31 	 0.338836
6.315 	 0.338826
6.32 	 0.338815
6.325 	 0.338804
6.33 	 0.338794
6.335 	 0.338783
6.34 	 0.338772
6.345 	 0.338762
6.35 	 0.338751
6.355 	 0.33874
6.36 	 0.33873
6.365 	 0.338719
6.37 	 0.338708
6.375 	 0.338698
6.38 	 0.338687
6.385 	 0.338676
6.39 	 0.338666
6.395 	 0.338655
6.4 	 0.338644
6.405 	 0.338634
6.41 	 0.338623
6.415 	 0.338612
6.42 	 0.338602
6.425 	 0.338591
6.43 	 0.33858
6.435 	 0.33857
6.44 	 0.338559
6.445 	 0.338548
6.45 	 0.338538
6.455 	 0.338527
6.46 	 0.338517
6.465 	 0.338506
6.47 	 0.338495
6.475 	 0.338485
6.48 	 0.338474
6.485 	 0.338463
6.49 	 0.338453
6.495 	 0.338442
6.5 	 0.338431
6.505 	 0.338421
6.51 	 0.33841
6.515 	 0.3384
6.52 	 0.338389
6.525 	 0.338378
6.53 	 0.338368
6.535 	 0.338357
6.54 	 0.338347
6.545 	 0.338336
6.55 	 0.338325
6.555 	 0.338315
6.56 	 0.338304
6.565 	 0.338294
6.57 	 0.338283
6.575 	 0.338272
6.58 	 0.338262
6.585 	 0.338251
6.59 	 0.338241
6.595 	 0.33823
6.6 	 0.338219
6.605 	 0.338209
6.61 	 0.338198
6.615 	 0.338188
6.62 	 0.338177
6.625 	 0.338167
6.63 	 0.338156
6.635 	 0.338145
6.64 	 0.338135
6.645 	 0.338124
6.65 	 0.338114
6.655 	 0.338103
6.66 	 0.338092
6.665 	 0.338082
6.67 	 0.338071
6.675 	 0.338061
6.68 	 0.33805
6.685 	 0.33804
6.69 	 0.338029
6.695 	 0.338019
6.7 	 0.338008
6.705 	 0.337997
6.71 	 0.337987
6.715 	 0.337976
6.72 	 0.337966
6.725 	 0.337955
6.73 	 0.337945
6.735 	 0.337934
6.74 	 0.337924
6.745 	 0.337913
6.75 	 0.337903
6.755 	 0.337892
6.76 	 0.337881
6.765 	 0.337871
6.77 	 0.33786
6.775 	 0.33785
6.78 	 0.337839
6.785 	 0.337829
6.79 	 0.337818
6.795 	 0.337808
6.8 	 0.337797
6.805 	 0.337787
6.81 	 0.337776
6.815 	 0.337766
6.82 	 0.337755
6.825 	 0.337745
6.83 	 0.337734
6.835 	 0.337724
6.84 	 0.337713
6.845 	 0.337703
6.85 	 0.337692
6.855 	 0.337682
6.86 	 0.337671
6.865 	 0.337661
6.87 	 0.33765
6.875 	 0.33764
6.88 	 0.337629
6.885 	 0.337619
6.89 	 0.337608
6.895 	 0.337598
6.9 	 0.337587
6.905 	 0.337577
6.91 	 0.337566
6.915 	 0.337556
6.92 	 0.337545
6.925 	 0.337535
6.93 	 0.337524
6.935 	 0.337514
6.94 	 0.337503
6.945 	 0.337493
6.95 	 0.337482
6.955 	 0.337472
6.96 	 0.337461
6.965 	 0.337451
6.97 	 0.33744
6.975 	 0.33743
6.98 	 0.33742
6.985 	 0.337409
6.99 	 0.337399
6.995 	 0.337388
7 	 0.337378
7.005 	 0.337367
7.01 	 0.337357
7.015 	 0.337346
7.02 	 0.337336
7.025 	 0.337325
7.03 	 0.337315
7.035 	 0.337305
7.04 	 0.337294
7.045 	 0.337284
7.05 	 0.337273
7.055 	 0.337263
7.06 	 0.337252
7.065 	 0.337242
7.07 	 0.337231
7.075 	 0.337221
7.08 	 0.337211
7.085 	 0.3372
7.09 	 0.33719
7.095 	 0.337179
7.1 	 0.337169
7.105 	 0.337158
7.11 	 0.337148
7.115 	 0.337138
7.12 	 0.337127
7.125 	 0.337117
7.13 	 0.337106
7.135 	 0.337096
7.14 	 0.337086
7.145 	 0.337075
7.15 	 0.337065
7.155 	 0.337054
7.16 	 0.337044
7.165 	 0.337034
7.17 	 0.337023
7.175 	 0.337013
7.18 	 0.337002
7.185 	 0.336992
7.19 	 0.336982
7.195 	 0.336971
7.2 	 0.336961
7.205 	 0.33695
7.21 	 0.33694
7.215 	 0.33693
7.22 	 0.336919
7.225 	 0.336909
7.23 	 0.336898
7.235 	 0.336888
7.24 	 0.336878
7.245 	 0.336867
7.25 	 0.336857
7.255 	 0.336847
7.26 	 0.336836
7.265 	 0.336826
7.27 	 0.336815
7.275 	 0.336805
7.28 	 0.336795
7.285 	 0.336784
7.29 	 0.336774
7.295 	 0.336764
7.3 	 0.336753
7.305 	 0.336743
7.31 	 0.336733
7.315 	 0.336722
7.32 	 0.336712
7.325 	 0.336701
7.33 	 0.336691
7.335 	 0.336681
7.34 	 0.33667
7.345 	 0.33666
7.35 	 0.33665
7.355 	 0.336639
7.36 	 0.336629
7.365 	 0.336619
7.37 	 0.336608
7.375 	 0.336598
7.38 	 0.336588
7.385 	 0.336577
7.39 	 0.336567
7.395 	 0.336557
7.4 	 0.336546
7.405 	 0.336536
7.41 	 0.336526
7.415 	 0.336515
7.42 	 0.336505
7.425 	 0.336495
7.43 	 0.336484
7.435 	 0.336474
7.44 	 0.336464
7.445 	 0.336453
7.45 	 0.336443
7.455 	 0.336433
7.46 	 0.336423
7.465 	 0.336412
7.47 	 0.336402
7.475 	 0.336392
7.48 	 0.336381
7.485 	 0.336371
7.49 	 0.336361
7.495 	 0.33635
7.5 	 0.33634
7.505 	 0.33633
7.51 	 0.33632
7.515 	 0.336309
7.52 	 0.336299
7.525 	 0.336289
7.53 	 0.336278
7.535 	 0.336268
7.54 	 0.336258
7.545 	 0.336248
7.55 	 0.336237
7.555 	 0.336227
7.56 	 0.336217
7.565 	 0.336206
7.57 	 0.336196
7.575 	 0.336186
7.58 	 0.336176
7.585 	 0.336165
7.59 	 0.336155
7.595 	 0.336145
7.6 	 0.336135
7.605 	 0.336124
7.61 	 0.336114
7.615 	 0.336104
7.62 	 0.336093
7.625 	 0.336083
7.63 	 0.336073
7.635 	 0.336063
7.64 	 0.336052
7.645 	 0.336042
7.65 	 0.336032
7.655 	 0.336022
7.66 	 0.336011
7.665 	 0.336001
7.67 	 0.335991
7.675 	 0.335981
7.68 	 0.33597
7.685 	 0.33596
7.69 	 0.33595
7.695 	 0.33594
7.7 	 0.33593
7.705 	 0.335919
7.71 	 0.335909
7.715 	 0.335899
7.72 	 0.335889
7.725 	 0.335878
7.73 	 0.335868
7.735 	 0.335858
7.74 	 0.335848
7.745 	 0.335838
7.75 	 0.335827
7.755 	 0.335817
7.76 	 0.335807
7.765 	 0.335797
7.77 	 0.335786
7.775 	 0.335776
7.78 	 0.335766
7.785 	 0.335756
7.79 	 0.335746
7.795 	 0.335735
7.8 	 0.335725
7.805 	 0.335715
7.81 	 0.335705
7.815 	 0.335695
7.82 	 0.335684
7.825 	 0.335674
7.83 	 0.335664
7.835 	 0.335654
7.84 	 0.335644
7.845 	 0.335633
7.85 	 0.335623
7.855 	 0.335613
7.86 	 0.335603
7.865 	 0.335593
7.87 	 0.335583
7.875 	 0.335572
7.88 	 0.335562
7.885 	 0.335552
7.89 	 0.335542
7.895 	 0.335532
7.9 	 0.335521
7.905 	 0.335511
7.91 	 0.335501
7.915 	 0.335491
7.92 	 0.335481
7.925 	 0.335471
7.93 	 0.33546
7.935 	 0.33545
7.94 	 0.33544
7.945 	 0.33543
7.95 	 0.33542
7.955 	 0.33541
7.96 	 0.3354
7.965 	 0.335389
7.97 	 0.335379
7.975 	 0.335369
7.98 	 0.335359
7.985 	 0.335349
7.99 	 0.335339
7.995 	 0.335328
8 	 0.335318
8.005 	 0.335308
8.01 	 0.335298
8.015 	 0.335288
8.02 	 0.335288
8.025 	 0.335268
8.03 	 0.335268
8.035 	 0.335247
8.04 	 0.335237
8.045 	 0.335227
8.05 	 0.335217
8.055 	 0.335207
8.06 	 0.335197
8.065 	 0.335197
8.07 	 0.335177
8.075 	 0.335177
8.08 	 0.335156
8.085 	 0.335146
8.09 	 0.335136
8.095 	 0.335126
8.1 	 0.335116
8.105 	 0.335106
8.11 	 0.335106
8.115 	 0.335085
8.12 	 0.335075
8.125 	 0.335065
8.13 	 0.335055
8.135 	 0.335045
8.14 	 0.335035
8.145 	 0.335035
8.15 	 0.335015
8.155 	 0.335015
8.16 	 0.334995
8.165 	 0.334985
8.17 	 0.334974
8.175 	 0.334964
8.18 	 0.334954
8.185 	 0.334944
8.19 	 0.334944
8.195 	 0.334924
8.2 	 0.334924
8.205 	 0.334904
8.21 	 0.334894
8.215 	 0.334884
8.22 	 0.334874
8.225 	 0.334864
8.23 	 0.334853
8.235 	 0.334853
8.24 	 0.334833
8.245 	 0.334823
8.25 	 0.334813
8.255 	 0.334803
8.26 	 0.334793
8.265 	 0.334783
8.27 	 0.334783
8.275 	 0.334763
8.28 	 0.334763
8.285 	 0.334743
8.29 	 0.334733
8.295 	 0.334723
8.3 	 0.334713
8.305 	 0.334703
8.31 	 0.334693
8.315 	 0.334693
8.32 	 0.334672
8.325 	 0.334672
8.33 	 0.334652
8.335 	 0.334642
8.34 	 0.334632
8.345 	 0.334622
8.35 	 0.334612
8.355 	 0.334602
8.36 	 0.334602
8.365 	 0.334582
8.37 	 0.334572
8.375 	 0.334562
8.38 	 0.334552
8.385 	 0.334542
8.39 	 0.334532
8.395 	 0.334532
8.4 	 0.334512
8.405 	 0.334512
8.41 	 0.334492
8.415 	 0.334482
8.42 	 0.334472
8.425 	 0.334462
8.43 	 0.334452
8.435 	 0.334442
8.44 	 0.334442
8.445 	 0.334422
8.45 	 0.334422
8.455 	 0.334402
8.46 	 0.334392
8.465 	 0.334382
8.47 	 0.334372
8.475 	 0.334362
8.48 	 0.334352
8.485 	 0.334352
8.49 	 0.334332
8.495 	 0.334322
8.5 	 0.334312
8.505 	 0.334302
8.51 	 0.334292
8.515 	 0.334282
8.52 	 0.334282
8.525 	 0.334262
8.53 	 0.334262
8.535 	 0.334242
8.54 	 0.334232
8.545 	 0.334222
8.55 	 0.334212
8.555 	 0.334202
8.56 	 0.334192
8.565 	 0.334192
8.57 	 0.334172
8.575 	 0.334162
8.58 	 0.334152
8.585 	 0.334142
8.59 	 0.334132
8.595 	 0.334122
8.6 	 0.334112
8.605 	 0.334102
8.61 	 0.334102
8.615 	 0.334082
8.62 	 0.334073
8.625 	 0.334063
8.63 	 0.334053
8.635 	 0.334043
8.64 	 0.334033
8.645 	 0.334033
8.65 	 0.334013
8.655 	 0.334013
8.66 	 0.333993
8.665 	 0.333983
8.67 	 0.333973
8.675 	 0.333963
8.68 	 0.333953
8.685 	 0.333943
8.69 	 0.333943
8.695 	 0.333923
8.7 	 0.333913
8.705 	 0.333904
8.71 	 0.333894
8.715 	 0.333884
8.72 	 0.333874
8.725 	 0.333864
8.73 	 0.333854
8.735 	 0.333854
8.74 	 0.333834
8.745 	 0.333824
8.75 	 0.333814
8.755 	 0.333804
8.76 	 0.333794
8.765 	 0.333785
8.77 	 0.333785
8.775 	 0.333765
8.78 	 0.333765
8.785 	 0.333745
8.79 	 0.333735
8.795 	 0.333725
8.8 	 0.333715
8.805 	 0.333705
8.81 	 0.333695
8.815 	 0.333695
8.82 	 0.333676
8.825 	 0.333666
8.83 	 0.333656
8.835 	 0.333646
8.84 	 0.333636
8.845 	 0.333626
8.85 	 0.333616
8.855 	 0.333606
8.86 	 0.333606
8.865 	 0.333587
8.87 	 0.333577
8.875 	 0.333567
8.88 	 0.333557
8.885 	 0.333547
8.89 	 0.333537
8.895 	 0.333537
8.9 	 0.333517
8.905 	 0.333517
8.91 	 0.333498
8.915 	 0.333488
8.92 	 0.333478
8.925 	 0.333468
8.93 	 0.333458
8.935 	 0.333448
8.94 	 0.333448
8.945 	 0.333429
8.95 	 0.333419
8.955 	 0.333409
8.96 	 0.333399
8.965 	 0.333389
8.97 	 0.333379
8.975 	 0.33337
8.98 	 0.33336
8.985 	 0.33336
8.99 	 0.33334
8.995 	 0.33333
9 	 0.33332
9.005 	 0.33331
9.01 	 0.333301
9.015 	 0.333291
9.02 	 0.333291
9.025 	 0.333271
9.03 	 0.333271
9.035 	 0.333251
9.04 	 0.333242
9.045 	 0.333232
9.05 	 0.333222
9.055 	 0.333212
9.06 	 0.333202
9.065 	 0.333202
9.07 	 0.333183
9.075 	 0.333173
9.08 	 0.333163
9.085 	 0.333153
9.09 	 0.333143
9.095 	 0.333134
9.1 	 0.333124
9.105 	 0.333114
9.11 	 0.333114
9.115 	 0.333094
9.12 	 0.333085
9.125 	 0.333075
9.13 	 0.333065
9.135 	 0.333055
9.14 	 0.333045
9.145 	 0.333045
9.15 	 0.333026
9.155 	 0.333026
9.16 	 0.333006
9.165 	 0.332996
9.17 	 0.332987
9.175 	 0.332977
9.18 	 0.332967
9.185 	 0.332957
9.19 	 0.332957
9.195 	 0.332938
9.2 	 0.332928
9.205 	 0.332918
9.21 	 0.332908
9.215 	 0.332898
9.22 	 0.332889
9.225 	 0.332879
9.23 	 0.332869
9.235 	 0.332869
9.24 	 0.33285
9.245 	 0.33284
9.25 	 0.33283
9.255 	 0.33282
9.26 	 0.33281
9.265 	 0.332801
9.27 	 0.332801
9.275 	 0.332781
9.28 	 0.332781
9.285 	 0.332762
9.29 	 0.332752
9.295 	 0.332742
9.3 	 0.332732
9.305 	 0.332723
9.31 	 0.332713
9.315 	 0.332713
9.32 	 0.332693
9.325 	 0.332684
9.33 	 0.332674
9.335 	 0.332664
9.34 	 0.332654
9.345 	 0.332645
9.35 	 0.332635
9.355 	 0.332625
9.36 	 0.332625
9.365 	 0.332606
9.37 	 0.332596
9.375 	 0.332586
9.38 	 0.332576
9.385 	 0.332567
9.39 	 0.332557
9.395 	 0.332557
9.4 	 0.332538
9.405 	 0.332538
9.41 	 0.332518
9.415 	 0.332508
9.42 	 0.332499
9.425 	 0.332489
9.43 	 0.332479
9.435 	 0.332469
9.44 	 0.332469
9.445 	 0.33245
9.45 	 0.33244
9.455 	 0.332431
9.46 	 0.332421
9.465 	 0.332411
9.47 	 0.332402
9.475 	 0.332392
9.48 	 0.332382
9.485 	 0.332382
9.49 	 0.332363
9.495 	 0.332353
9.5 	 0.332343
9.505 	 0.332334
9.51 	 0.332324
9.515 	 0.332314
9.52 	 0.332314
9.525 	 0.332295
9.53 	 0.332295
9.535 	 0.332275
9.54 	 0.332266
9.545 	 0.332256
9.55 	 0.332246
9.555 	 0.332237
9.56 	 0.332227
9.565 	 0.332227
9.57 	 0.332208
9.575 	 0.332198
9.58 	 0.332188
9.585 	 0.332179
9.59 	 0.332169
9.595 	 0.332159
9.6 	 0.33215
9.605 	 0.33214
9.61 	 0.33214
9.615 	 0.332121
9.62 	 0.332111
9.625 	 0.332101
9.63 	 0.332092
9.635 	 0.332082
9.64 	 0.332072
9.645 	 0.332072
9.65 	 0.332053
9.655 	 0.332053
9.66 	 0.332034
9.665 	 0.332024
9.67 	 0.332014
9.675 	 0.332005
9.68 	 0.331995
9.685 	 0.331985
9.69 	 0.331985
9.695 	 0.331966
9.7 	 0.331956
9.705 	 0.331947
9.71 	 0.331937
9.715 	 0.331928
9.72 	 0.331918
9.725 	 0.331908
9.73 	 0.331899
9.735 	 0.331899
9.74 	 0.331879
9.745 	 0.33187
9.75 	 0.33186
9.755 	 0.33185
9.76 	 0.331841
9.765 	 0.331831
9.77 	 0.331831
9.775 	 0.331812
9.78 	 0.331812
9.785 	 0.331793
9.79 	 0.331783
9.795 	 0.331774
9.8 	 0.331764
9.805 	 0.331754
9.81 	 0.331745
9.815 	 0.331745
9.82 	 0.331725
9.825 	 0.331716
9.83 	 0.331706
9.835 	 0.331697
9.84 	 0.331687
9.845 	 0.331677
9.85 	 0.331668
9.855 	 0.331658
9.86 	 0.331658
9.865 	 0.331639
9.87 	 0.331629
9.875 	 0.33162
9.88 	 0.33161
9.885 	 0.331601
9.89 	 0.331591
9.895 	 0.331591
9.9 	 0.331572
9.905 	 0.331572
9.91 	 0.331553
9.915 	 0.331543
9.92 	 0.331534
9.925 	 0.331524
9.93 	 0.331514
9.935 	 0.331505
9.94 	 0.331505
9.945 	 0.331486
9.95 	 0.331476
9.955 	 0.331467
9.96 	 0.331457
9.965 	 0.331447
9.97 	 0.331438
9.975 	 0.331428
9.98 	 0.331419
9.985 	 0.331419
9.99 	 0.3314
9.995 	 0.33139
10 	 0.33138
10.005 	 0.331371
10.01 	 0.331361
10.015 	 0.331352
10.02 	 0.331352
10.025 	 0.331333
10.03 	 0.331333
10.035 	 0.331314
10.04 	 0.331304
10.045 	 0.331294
10.05 	 0.331285
10.055 	 0.331275
10.06 	 0.331266
10.065 	 0.331266
10.07 	 0.331247
10.075 	 0.331237
10.08 	 0.331228
10.085 	 0.331218
10.09 	 0.331209
10.095 	 0.331199
10.1 	 0.33119
10.105 	 0.33118
10.11 	 0.33118
10.115 	 0.331161
10.12 	 0.331151
10.125 	 0.331142
10.13 	 0.331132
10.135 	 0.331123
10.14 	 0.331113
10.145 	 0.331113
10.15 	 0.331094
10.155 	 0.331094
10.16 	 0.331075
10.165 	 0.331066
10.17 	 0.331056
10.175 	 0.331047
10.18 	 0.331037
10.185 	 0.331028
10.19 	 0.331028
10.195 	 0.331009
10.2 	 0.330999
10.205 	 0.33099
10.21 	 0.33098
10.215 	 0.330971
10.22 	 0.330961
10.225 	 0.330952
10.23 	 0.330942
10.235 	 0.330942
10.24 	 0.330923
10.245 	 0.330914
10.25 	 0.330904
10.255 	 0.330895
10.26 	 0.330885
10.265 	 0.330876
10.27 	 0.330866
10.275 	 0.330857
10.28 	 0.330847
10.285 	 0.330838
10.29 	 0.330828
10.295 	 0.330819
10.3 	 0.330809
10.305 	 0.3308
10.31 	 0.33079
10.315 	 0.330781
10.32 	 0.330771
10.325 	 0.330762
10.33 	 0.330753
10.335 	 0.330743
10.34 	 0.330734
10.345 	 0.330724
10.35 	 0.330715
10.355 	 0.330705
10.36 	 0.330696
10.365 	 0.330686
10.37 	 0.330677
10.375 	 0.330667
10.38 	 0.330658
10.385 	 0.330648
10.39 	 0.330639
10.395 	 0.33063
10.4 	 0.33062
10.405 	 0.330611
10.41 	 0.330601
10.415 	 0.330592
10.42 	 0.330582
10.425 	 0.330573
10.43 	 0.330563
10.435 	 0.330554
10.44 	 0.330545
10.445 	 0.330535
10.45 	 0.330526
10.455 	 0.330516
10.46 	 0.330507
10.465 	 0.330497
10.47 	 0.330488
10.475 	 0.330478
10.48 	 0.330469
10.485 	 0.33046
10.49 	 0.33045
10.495 	 0.330441
10.5 	 0.330431
10.505 	 0.330422
10.51 	 0.330413
10.515 	 0.330403
10.52 	 0.330394
10.525 	 0.330384
10.53 	 0.330375
10.535 	 0.330365
10.54 	 0.330356
10.545 	 0.330347
10.55 	 0.330337
10.555 	 0.330328
10.56 	 0.330318
10.565 	 0.330309
10.57 	 0.3303
10.575 	 0.33029
10.58 	 0.330281
10.585 	 0.330271
10.59 	 0.330262
10.595 	 0.330253
10.6 	 0.330243
10.605 	 0.330234
10.61 	 0.330224
10.615 	 0.330215
10.62 	 0.330206
10.625 	 0.330196
10.63 	 0.330187
10.635 	 0.330177
10.64 	 0.330168
10.645 	 0.330159
10.65 	 0.330149
10.655 	 0.33014
10.66 	 0.330131
10.665 	 0.330121
10.67 	 0.330112
10.675 	 0.330102
10.68 	 0.330093
10.685 	 0.330084
10.69 	 0.330074
10.695 	 0.330065
10.7 	 0.330056
10.705 	 0.330046
10.71 	 0.330037
10.715 	 0.330027
10.72 	 0.330018
10.725 	 0.330009
10.73 	 0.329999
10.735 	 0.32999
10.74 	 0.329981
10.745 	 0.329971
10.75 	 0.329962
10.755 	 0.329953
10.76 	 0.329943
10.765 	 0.329934
10.77 	 0.329924
10.775 	 0.329915
10.78 	 0.329906
10.785 	 0.329896
10.79 	 0.329887
10.795 	 0.329878
10.8 	 0.329868
10.805 	 0.329859
10.81 	 0.32985
10.815 	 0.32984
10.82 	 0.329831
10.825 	 0.329822
10.83 	 0.329812
10.835 	 0.329803
10.84 	 0.329794
10.845 	 0.329784
10.85 	 0.329775
10.855 	 0.329766
10.86 	 0.329756
10.865 	 0.329747
10.87 	 0.329738
10.875 	 0.329728
10.88 	 0.329719
10.885 	 0.32971
10.89 	 0.3297
10.895 	 0.329691
10.9 	 0.329682
10.905 	 0.329672
10.91 	 0.329663
10.915 	 0.329654
10.92 	 0.329645
10.925 	 0.329635
10.93 	 0.329626
10.935 	 0.329617
10.94 	 0.329607
10.945 	 0.329598
10.95 	 0.329589
10.955 	 0.329579
10.96 	 0.32957
10.965 	 0.329561
10.97 	 0.329551
10.975 	 0.329542
10.98 	 0.329533
10.985 	 0.329524
10.99 	 0.329514
10.995 	 0.329505
11 	 0.329496
11.005 	 0.329486
11.01 	 0.329477
11.015 	 0.329468
11.02 	 0.329459
11.025 	 0.329449
11.03 	 0.32944
11.035 	 0.329431
11.04 	 0.329421
11.045 	 0.329412
11.05 	 0.329403
11.055 	 0.329394
11.06 	 0.329384
11.065 	 0.329375
11.07 	 0.329366
11.075 	 0.329357
11.08 	 0.329347
11.085 	 0.329338
11.09 	 0.329329
11.095 	 0.329319
11.1 	 0.32931
11.105 	 0.329301
11.11 	 0.329292
11.115 	 0.329282
11.12 	 0.329273
11.125 	 0.329264
11.13 	 0.329255
11.135 	 0.329245
11.14 	 0.329236
11.145 	 0.329227
11.15 	 0.329218
11.155 	 0.329208
11.16 	 0.329199
11.165 	 0.32919
11.17 	 0.329181
11.175 	 0.329171
11.18 	 0.329162
11.185 	 0.329153
11.19 	 0.329144
11.195 	 0.329134
11.2 	 0.329125
11.205 	 0.329116
11.21 	 0.329107
11.215 	 0.329097
11.22 	 0.329088
11.225 	 0.329079
11.23 	 0.32907
11.235 	 0.329061
11.24 	 0.329051
11.245 	 0.329042
11.25 	 0.329033
11.255 	 0.329024
11.26 	 0.329014
11.265 	 0.329005
11.27 	 0.328996
11.275 	 0.328987
11.28 	 0.328977
11.285 	 0.328968
11.29 	 0.328959
11.295 	 0.32895
11.3 	 0.328941
11.305 	 0.328931
11.31 	 0.328922
11.315 	 0.328913
11.32 	 0.328904
11.325 	 0.328895
11.33 	 0.328885
11.335 	 0.328876
11.34 	 0.328867
11.345 	 0.328858
11.35 	 0.328849
11.355 	 0.328839
11.36 	 0.32883
11.365 	 0.328821
11.37 	 0.328812
11.375 	 0.328803
11.38 	 0.328793
11.385 	 0.328784
11.39 	 0.328775
11.395 	 0.328766
11.4 	 0.328757
11.405 	 0.328747
11.41 	 0.328738
11.415 	 0.328729
11.42 	 0.32872
11.425 	 0.328711
11.43 	 0.328702
11.435 	 0.328692
11.44 	 0.328683
11.445 	 0.328674
11.45 	 0.328665
11.455 	 0.328656
11.46 	 0.328647
11.465 	 0.328637
11.47 	 0.328628
11.475 	 0.328619
11.48 	 0.32861
11.485 	 0.328601
11.49 	 0.328591
11.495 	 0.328582
11.5 	 0.328573
11.505 	 0.328564
11.51 	 0.328555
11.515 	 0.328546
11.52 	 0.328537
11.525 	 0.328527
11.53 	 0.328518
11.535 	 0.328509
11.54 	 0.3285
11.545 	 0.328491
11.55 	 0.328482
11.555 	 0.328472
11.56 	 0.328463
11.565 	 0.328454
11.57 	 0.328445
11.575 	 0.328436
11.58 	 0.328427
11.585 	 0.328418
11.59 	 0.328408
11.595 	 0.328399
11.6 	 0.32839
11.605 	 0.328381
11.61 	 0.328372
11.615 	 0.328363
11.62 	 0.328354
11.625 	 0.328345
11.63 	 0.328335
11.635 	 0.328326
11.64 	 0.328317
11.645 	 0.328308
11.65 	 0.328299
11.655 	 0.32829
11.66 	 0.328281
11.665 	 0.328272
11.67 	 0.328262
11.675 	 0.328253
11.68 	 0.328244
11.685 	 0.328235
11.69 	 0.328226
11.695 	 0.328217
11.7 	 0.328208
11.705 	 0.328199
11.71 	 0.32819
11.715 	 0.32818
11.72 	 0.328171
11.725 	 0.328162
11.73 	 0.328153
11.735 	 0.328144
11.74 	 0.328135
11.745 	 0.328126
11.75 	 0.328117
11.755 	 0.328108
11.76 	 0.328099
11.765 	 0.328089
11.77 	 0.32808
11.775 	 0.328071
11.78 	 0.328062
11.785 	 0.328053
11.79 	 0.328044
11.795 	 0.328035
11.8 	 0.328026
11.805 	 0.328017
11.81 	 0.328008
11.815 	 0.327999
11.82 	 0.327989
11.825 	 0.32798
11.83 	 0.327971
11.835 	 0.327962
11.84 	 0.327953
11.845 	 0.327944
11.85 	 0.327935
11.855 	 0.327926
11.86 	 0.327917
11.865 	 0.327908
11.87 	 0.327899
11.875 	 0.32789
11.88 	 0.327881
11.885 	 0.327872
11.89 	 0.327862
11.895 	 0.327853
11.9 	 0.327844
11.905 	 0.327835
11.91 	 0.327826
11.915 	 0.327817
11.92 	 0.327808
11.925 	 0.327799
11.93 	 0.32779
11.935 	 0.327781
11.94 	 0.327772
11.945 	 0.327763
11.95 	 0.327754
11.955 	 0.327745
11.96 	 0.327736
11.965 	 0.327727
11.97 	 0.327718
11.975 	 0.327709
11.98 	 0.3277
11.985 	 0.327691
11.99 	 0.327681
11.995 	 0.327672
12 	 0.327663
12.005 	 0.327654
12.01 	 0.327645
12.015 	 0.327636
12.02 	 0.327627
12.025 	 0.327618
12.03 	 0.327609
12.035 	 0.3276
12.04 	 0.327591
12.045 	 0.327582
12.05 	 0.327573
12.055 	 0.327564
12.06 	 0.327555
12.065 	 0.327546
12.07 	 0.327537
12.075 	 0.327528
12.08 	 0.327519
12.085 	 0.32751
12.09 	 0.327501
12.095 	 0.327492
12.1 	 0.327483
12.105 	 0.327474
12.11 	 0.327465
12.115 	 0.327456
12.12 	 0.327447
12.125 	 0.327438
12.13 	 0.327429
12.135 	 0.32742
12.14 	 0.327411
12.145 	 0.327402
12.15 	 0.327393
12.155 	 0.327384
12.16 	 0.327375
12.165 	 0.327366
12.17 	 0.327357
12.175 	 0.327348
12.18 	 0.327339
12.185 	 0.32733
12.19 	 0.327321
12.195 	 0.327312
12.2 	 0.327303
12.205 	 0.327294
12.21 	 0.327285
12.215 	 0.327276
12.22 	 0.327267
12.225 	 0.327258
12.23 	 0.327249
12.235 	 0.32724
12.24 	 0.327231
12.245 	 0.327222
12.25 	 0.327213
12.255 	 0.327204
12.26 	 0.327195
12.265 	 0.327186
12.27 	 0.327177
12.275 	 0.327168
12.28 	 0.327159
12.285 	 0.32715
12.29 	 0.327141
12.295 	 0.327133
12.3 	 0.327124
12.305 	 0.327115
12.31 	 0.327106
12.315 	 0.327097
12.32 	 0.327088
12.325 	 0.327079
12.33 	 0.32707
12.335 	 0.327061
12.34 	 0.327052
12.345 	 0.327043
12.35 	 0.327034
12.355 	 0.327025
12.36 	 0.327016
12.365 	 0.327007
12.37 	 0.326998
12.375 	 0.326989
12.38 	 0.32698
12.385 	 0.326971
12.39 	 0.326962
12.395 	 0.326954
12.4 	 0.326945
12.405 	 0.326936
12.41 	 0.326927
12.415 	 0.326918
12.42 	 0.326909
12.425 	 0.3269
12.43 	 0.326891
12.435 	 0.326882
12.44 	 0.326873
12.445 	 0.326864
12.45 	 0.326855
12.455 	 0.326846
12.46 	 0.326837
12.465 	 0.326829
12.47 	 0.32682
12.475 	 0.326811
12.48 	 0.326802
12.485 	 0.326793
12.49 	 0.326784
12.495 	 0.326775
12.5 	 0.326766
12.505 	 0.326757
12.51 	 0.326748
12.515 	 0.326739
12.52 	 0.32673
12.525 	 0.326722
12.53 	 0.326713
12.535 	 0.326704
12.54 	 0.326695
12.545 	 0.326686
12.55 	 0.326677
12.555 	 0.326668
12.56 	 0.326659
12.565 	 0.32665
12.57 	 0.326641
12.575 	 0.326633
12.58 	 0.326624
12.585 	 0.326615
12.59 	 0.326606
12.595 	 0.326597
12.6 	 0.326588
12.605 	 0.326579
12.61 	 0.32657
12.615 	 0.326561
12.62 	 0.326553
12.625 	 0.326544
12.63 	 0.326535
12.635 	 0.326526
12.64 	 0.326517
12.645 	 0.326508
12.65 	 0.326499
12.655 	 0.32649
12.66 	 0.326482
12.665 	 0.326473
12.67 	 0.326464
12.675 	 0.326455
12.68 	 0.326446
12.685 	 0.326437
12.69 	 0.326428
12.695 	 0.326419
12.7 	 0.326411
12.705 	 0.326402
12.71 	 0.326393
12.715 	 0.326384
12.72 	 0.326375
12.725 	 0.326366
12.73 	 0.326357
12.735 	 0.326349
12.74 	 0.32634
12.745 	 0.326331
12.75 	 0.326322
12.755 	 0.326313
12.76 	 0.326304
12.765 	 0.326295
12.77 	 0.326287
12.775 	 0.326278
12.78 	 0.326269
12.785 	 0.32626
12.79 	 0.326251
12.795 	 0.326242
12.8 	 0.326234
12.805 	 0.326225
12.81 	 0.326216
12.815 	 0.326207
12.82 	 0.326198
12.825 	 0.326189
12.83 	 0.326181
12.835 	 0.326172
12.84 	 0.326163
12.845 	 0.326154
12.85 	 0.326145
12.855 	 0.326136
12.86 	 0.326128
12.865 	 0.326119
12.87 	 0.32611
12.875 	 0.326101
12.88 	 0.326092
12.885 	 0.326083
12.89 	 0.326075
12.895 	 0.326066
12.9 	 0.326057
12.905 	 0.326048
12.91 	 0.326039
12.915 	 0.326031
12.92 	 0.326022
12.925 	 0.326013
12.93 	 0.326004
12.935 	 0.325995
12.94 	 0.325987
12.945 	 0.325978
12.95 	 0.325969
12.955 	 0.32596
12.96 	 0.325951
12.965 	 0.325943
12.97 	 0.325934
12.975 	 0.325925
12.98 	 0.325916
12.985 	 0.325907
12.99 	 0.325899
12.995 	 0.32589
13 	 0.325881
13.005 	 0.325872
13.01 	 0.325863
13.015 	 0.325855
13.02 	 0.325846
13.025 	 0.325837
13.03 	 0.325828
13.035 	 0.325819
13.04 	 0.325811
13.045 	 0.325802
13.05 	 0.325793
13.055 	 0.325784
13.06 	 0.325776
13.065 	 0.325767
13.07 	 0.325758
13.075 	 0.325749
13.08 	 0.32574
13.085 	 0.325732
13.09 	 0.325723
13.095 	 0.325714
13.1 	 0.325705
13.105 	 0.325697
13.11 	 0.325688
13.115 	 0.325679
13.12 	 0.32567
13.125 	 0.325662
13.13 	 0.325653
13.135 	 0.325644
13.14 	 0.325635
13.145 	 0.325626
13.15 	 0.325618
13.155 	 0.325609
13.16 	 0.3256
13.165 	 0.325591
13.17 	 0.325583
13.175 	 0.325574
13.18 	 0.325565
13.185 	 0.325556
13.19 	 0.325548
13.195 	 0.325539
13.2 	 0.32553
13.205 	 0.325521
13.21 	 0.325513
13.215 	 0.325504
13.22 	 0.325495
13.225 	 0.325487
13.23 	 0.325478
13.235 	 0.325469
13.24 	 0.32546
13.245 	 0.325452
13.25 	 0.325443
13.255 	 0.325434
13.26 	 0.325425
13.265 	 0.325417
13.27 	 0.325408
13.275 	 0.325399
13.28 	 0.32539
13.285 	 0.325382
13.29 	 0.325373
13.295 	 0.325364
13.3 	 0.325356
13.305 	 0.325347
13.31 	 0.325338
13.315 	 0.325329
13.32 	 0.325321
13.325 	 0.325312
13.33 	 0.325303
13.335 	 0.325295
13.34 	 0.325286
13.345 	 0.325277
13.35 	 0.325268
13.355 	 0.32526
13.36 	 0.325251
13.365 	 0.325242
13.37 	 0.325234
13.375 	 0.325225
13.38 	 0.325216
13.385 	 0.325207
13.39 	 0.325199
13.395 	 0.32519
13.4 	 0.325181
13.405 	 0.325173
13.41 	 0.325164
13.415 	 0.325155
13.42 	 0.325147
13.425 	 0.325138
13.43 	 0.325129
13.435 	 0.325121
13.44 	 0.325112
13.445 	 0.325103
13.45 	 0.325094
13.455 	 0.325086
13.46 	 0.325077
13.465 	 0.325068
13.47 	 0.32506
13.475 	 0.325051
13.48 	 0.325042
13.485 	 0.325034
13.49 	 0.325025
13.495 	 0.325016
13.5 	 0.325008
13.505 	 0.324999
13.51 	 0.32499
13.515 	 0.324982
13.52 	 0.324973
13.525 	 0.324964
13.53 	 0.324956
13.535 	 0.324947
13.54 	 0.324938
13.545 	 0.32493
13.55 	 0.324921
13.555 	 0.324912
13.56 	 0.324904
13.565 	 0.324895
13.57 	 0.324886
13.575 	 0.324878
13.58 	 0.324869
13.585 	 0.32486
13.59 	 0.324852
13.595 	 0.324843
13.6 	 0.324834
13.605 	 0.324826
13.61 	 0.324817
13.615 	 0.324808
13.62 	 0.3248
13.625 	 0.324791
13.63 	 0.324782
13.635 	 0.324774
13.64 	 0.324765
13.645 	 0.324757
13.65 	 0.324748
13.655 	 0.324739
13.66 	 0.324731
13.665 	 0.324722
13.67 	 0.324713
13.675 	 0.324705
13.68 	 0.324696
13.685 	 0.324687
13.69 	 0.324679
13.695 	 0.32467
13.7 	 0.324662
13.705 	 0.324653
13.71 	 0.324644
13.715 	 0.324636
13.72 	 0.324627
13.725 	 0.324618
13.73 	 0.32461
13.735 	 0.324601
13.74 	 0.324593
13.745 	 0.324584
13.75 	 0.324575
13.755 	 0.324567
13.76 	 0.324558
13.765 	 0.32455
13.77 	 0.324541
13.775 	 0.324532
13.78 	 0.324524
13.785 	 0.324515
13.79 	 0.324506
13.795 	 0.324498
13.8 	 0.324489
13.805 	 0.324481
13.81 	 0.324472
13.815 	 0.324463
13.82 	 0.324455
13.825 	 0.324446
13.83 	 0.324438
13.835 	 0.324429
13.84 	 0.32442
13.845 	 0.324412
13.85 	 0.324403
13.855 	 0.324395
13.86 	 0.324386
13.865 	 0.324377
13.87 	 0.324369
13.875 	 0.32436
13.88 	 0.324352
13.885 	 0.324343
13.89 	 0.324335
13.895 	 0.324326
13.9 	 0.324317
13.905 	 0.324309
13.91 	 0.3243
13.915 	 0.324292
13.92 	 0.324283
13.925 	 0.324274
13.93 	 0.324266
13.935 	 0.324257
13.94 	 0.324249
13.945 	 0.32424
13.95 	 0.324232
13.955 	 0.324223
13.96 	 0.324214
13.965 	 0.324206
13.97 	 0.324197
13.975 	 0.324189
13.98 	 0.32418
13.985 	 0.324172
13.99 	 0.324163
13.995 	 0.324154
14 	 0.324146
14.005 	 0.324137
14.01 	 0.324129
14.015 	 0.32412
14.02 	 0.324112
14.025 	 0.324103
14.03 	 0.324095
14.035 	 0.324086
14.04 	 0.324077
14.045 	 0.324069
14.05 	 0.32406
14.055 	 0.324052
14.06 	 0.324043
14.065 	 0.324035
14.07 	 0.324026
14.075 	 0.324018
14.08 	 0.324009
14.085 	 0.324001
14.09 	 0.323992
14.095 	 0.323983
14.1 	 0.323975
14.105 	 0.323966
14.11 	 0.323958
14.115 	 0.323949
14.12 	 0.323941
14.125 	 0.323932
14.13 	 0.323924
14.135 	 0.323915
14.14 	 0.323907
14.145 	 0.323898
14.15 	 0.32389
14.155 	 0.323881
14.16 	 0.323873
14.165 	 0.323864
14.17 	 0.323856
14.175 	 0.323847
14.18 	 0.323838
14.185 	 0.32383
14.19 	 0.323821
14.195 	 0.323813
14.2 	 0.323804
14.205 	 0.323796
14.21 	 0.323787
14.215 	 0.323779
14.22 	 0.32377
14.225 	 0.323762
14.23 	 0.323753
14.235 	 0.323745
14.24 	 0.323736
14.245 	 0.323728
14.25 	 0.323719
14.255 	 0.323711
14.26 	 0.323702
14.265 	 0.323694
14.27 	 0.323685
14.275 	 0.323677
14.28 	 0.323668
14.285 	 0.32366
14.29 	 0.323651
14.295 	 0.323643
14.3 	 0.323634
14.305 	 0.323626
14.31 	 0.323617
14.315 	 0.323609
14.32 	 0.3236
14.325 	 0.323592
14.33 	 0.323583
14.335 	 0.323575
14.34 	 0.323566
14.345 	 0.323558
14.35 	 0.323549
14.355 	 0.323541
14.36 	 0.323532
14.365 	 0.323524
14.37 	 0.323516
14.375 	 0.323507
14.38 	 0.323499
14.385 	 0.32349
14.39 	 0.323482
14.395 	 0.323473
14.4 	 0.323465
14.405 	 0.323456
14.41 	 0.323448
14.415 	 0.323439
14.42 	 0.323431
14.425 	 0.323422
14.43 	 0.323414
14.435 	 0.323405
14.44 	 0.323397
14.445 	 0.323389
14.45 	 0.32338
14.455 	 0.323372
14.46 	 0.323363
14.465 	 0.323355
14.47 	 0.323346
14.475 	 0.323338
14.48 	 0.323329
14.485 	 0.323321
14.49 	 0.323312
14.495 	 0.323304
14.5 	 0.323296
14.505 	 0.323287
14.51 	 0.323279
14.515 	 0.32327
14.52 	 0.323262
14.525 	 0.323253
14.53 	 0.323245
14.535 	 0.323236
14.54 	 0.323228
14.545 	 0.32322
14.55 	 0.323211
14.555 	 0.323203
14.56 	 0.323194
14.565 	 0.323186
14.57 	 0.323177
14.575 	 0.323169
14.58 	 0.32316
14.585 	 0.323152
14.59 	 0.323144
14.595 	 0.323135
14.6 	 0.323127
14.605 	 0.323118
14.61 	 0.32311
14.615 	 0.323101
14.62 	 0.323093
14.625 	 0.323085
14.63 	 0.323076
14.635 	 0.323068
14.64 	 0.323059
14.645 	 0.323051
14.65 	 0.323043
14.655 	 0.323034
14.66 	 0.323026
14.665 	 0.323017
14.67 	 0.323009
14.675 	 0.323
14.68 	 0.322992
14.685 	 0.322984
14.69 	 0.322975
14.695 	 0.322967
14.7 	 0.322958
14.705 	 0.32295
14.71 	 0.322942
14.715 	 0.322933
14.72 	 0.322925
14.725 	 0.322916
14.73 	 0.322908
14.735 	 0.3229
14.74 	 0.322891
14.745 	 0.322883
14.75 	 0.322874
14.755 	 0.322866
14.76 	 0.322858
14.765 	 0.322849
14.77 	 0.322841
14.775 	 0.322833
14.78 	 0.322824
14.785 	 0.322816
14.79 	 0.322807
14.795 	 0.322799
14.8 	 0.322791
14.805 	 0.322782
14.81 	 0.322774
14.815 	 0.322765
14.82 	 0.322757
14.825 	 0.322749
14.83 	 0.32274
14.835 	 0.322732
14.84 	 0.322724
14.845 	 0.322715
14.85 	 0.322707
14.855 	 0.322698
14.86 	 0.32269
14.865 	 0.322682
14.87 	 0.322673
14.875 	 0.322665
14.88 	 0.322657
14.885 	 0.322648
14.89 	 0.32264
14.895 	 0.322631
14.9 	 0.322623
14.905 	 0.322615
14.91 	 0.322606
14.915 	 0.322598
14.92 	 0.32259
14.925 	 0.322581
14.93 	 0.322573
14.935 	 0.322565
14.94 	 0.322556
14.945 	 0.322548
14.95 	 0.32254
14.955 	 0.322531
14.96 	 0.322523
14.965 	 0.322515
14.97 	 0.322506
14.975 	 0.322498
14.98 	 0.322489
14.985 	 0.322481
14.99 	 0.322473
14.995 	 0.322464
15 	 0.322456
15.005 	 0.322448
15.01 	 0.322439
15.015 	 0.322431
15.02 	 0.322423
15.025 	 0.322414
15.03 	 0.322406
15.035 	 0.322398
15.04 	 0.322389
15.045 	 0.322381
15.05 	 0.322373
15.055 	 0.322364
15.06 	 0.322356
15.065 	 0.322348
15.07 	 0.322339
15.075 	 0.322331
15.08 	 0.322323
15.085 	 0.322315
15.09 	 0.322306
15.095 	 0.322298
15.1 	 0.32229
15.105 	 0.322281
15.11 	 0.322273
15.115 	 0.322265
15.12 	 0.322256
15.125 	 0.322248
15.13 	 0.32224
15.135 	 0.322231
15.14 	 0.322223
15.145 	 0.322215
15.15 	 0.322206
15.155 	 0.322198
15.16 	 0.32219
15.165 	 0.322182
15.17 	 0.322173
15.175 	 0.322165
15.18 	 0.322157
15.185 	 0.322148
15.19 	 0.32214
15.195 	 0.322132
15.2 	 0.322123
15.205 	 0.322115
15.21 	 0.322107
15.215 	 0.322099
15.22 	 0.32209
15.225 	 0.322082
15.23 	 0.322074
15.235 	 0.322065
15.24 	 0.322057
15.245 	 0.322049
15.25 	 0.322041
15.255 	 0.322032
15.26 	 0.322024
15.265 	 0.322016
15.27 	 0.322007
15.275 	 0.321999
15.28 	 0.321991
15.285 	 0.321983
15.29 	 0.321974
15.295 	 0.321966
15.3 	 0.321958
15.305 	 0.321949
15.31 	 0.321941
15.315 	 0.321933
15.32 	 0.321925
15.325 	 0.321916
15.33 	 0.321908
15.335 	 0.3219
15.34 	 0.321892
15.345 	 0.321883
15.35 	 0.321875
15.355 	 0.321867
15.36 	 0.321858
15.365 	 0.32185
15.37 	 0.321842
15.375 	 0.321834
15.38 	 0.321825
15.385 	 0.321817
15.39 	 0.321809
15.395 	 0.321801
15.4 	 0.321792
15.405 	 0.321784
15.41 	 0.321776
15.415 	 0.321768
15.42 	 0.321759
15.425 	 0.321751
15.43 	 0.321743
15.435 	 0.321735
15.44 	 0.321726
15.445 	 0.321718
15.45 	 0.32171
15.455 	 0.321702
15.46 	 0.321693
15.465 	 0.321685
15.47 	 0.321677
15.475 	 0.321669
15.48 	 0.32166
15.485 	 0.321652
15.49 	 0.321644
15.495 	 0.321636
15.5 	 0.321628
15.505 	 0.321619
15.51 	 0.321611
15.515 	 0.321603
15.52 	 0.321595
15.525 	 0.321586
15.53 	 0.321578
15.535 	 0.32157
15.54 	 0.321562
15.545 	 0.321553
15.55 	 0.321545
15.555 	 0.321537
15.56 	 0.321529
15.565 	 0.321521
15.57 	 0.321512
15.575 	 0.321504
15.58 	 0.321496
15.585 	 0.321488
15.59 	 0.32148
15.595 	 0.321471
15.6 	 0.321463
15.605 	 0.321455
15.61 	 0.321447
15.615 	 0.321438
15.62 	 0.32143
15.625 	 0.321422
15.63 	 0.321414
15.635 	 0.321406
15.64 	 0.321397
15.645 	 0.321389
15.65 	 0.321381
15.655 	 0.321373
15.66 	 0.321365
15.665 	 0.321356
15.67 	 0.321348
15.675 	 0.32134
15.68 	 0.321332
15.685 	 0.321324
15.69 	 0.321315
15.695 	 0.321307
15.7 	 0.321299
15.705 	 0.321291
15.71 	 0.321283
15.715 	 0.321275
15.72 	 0.321266
15.725 	 0.321258
15.73 	 0.32125
15.735 	 0.321242
15.74 	 0.321234
15.745 	 0.321225
15.75 	 0.321217
15.755 	 0.321209
15.76 	 0.321201
15.765 	 0.321193
15.77 	 0.321184
15.775 	 0.321176
15.78 	 0.321168
15.785 	 0.32116
15.79 	 0.321152
15.795 	 0.321144
15.8 	 0.321135
15.805 	 0.321127
15.81 	 0.321119
15.815 	 0.321111
15.82 	 0.321103
15.825 	 0.321095
15.83 	 0.321086
15.835 	 0.321078
15.84 	 0.32107
15.845 	 0.321062
15.85 	 0.321054
15.855 	 0.321046
15.86 	 0.321037
15.865 	 0.321029
15.87 	 0.321021
15.875 	 0.321013
15.88 	 0.321005
15.885 	 0.320997
15.89 	 0.320989
15.895 	 0.32098
15.9 	 0.320972
15.905 	 0.320964
15.91 	 0.320956
15.915 	 0.320948
15.92 	 0.32094
15.925 	 0.320932
15.93 	 0.320923
15.935 	 0.320915
15.94 	 0.320907
15.945 	 0.320899
15.95 	 0.320891
15.955 	 0.320883
15.96 	 0.320875
15.965 	 0.320866
15.97 	 0.320858
15.975 	 0.32085
15.98 	 0.320842
15.985 	 0.320834
15.99 	 0.320826
15.995 	 0.320818
16 	 0.320809
16.005 	 0.320809
16.01 	 0.320793
16.015 	 0.320785
16.02 	 0.320777
16.025 	 0.320777
16.03 	 0.320761
16.035 	 0.320753
16.04 	 0.320753
16.045 	 0.320736
16.05 	 0.320728
16.055 	 0.32072
16.06 	 0.32072
16.065 	 0.320704
16.07 	 0.320696
16.075 	 0.320688
16.08 	 0.32068
16.085 	 0.320671
16.09 	 0.320663
16.095 	 0.320663
16.1 	 0.320647
16.105 	 0.320639
16.11 	 0.320631
16.115 	 0.320623
16.12 	 0.320615
16.125 	 0.320607
16.13 	 0.320607
16.135 	 0.32059
16.14 	 0.320582
16.145 	 0.320574
16.15 	 0.320574
16.155 	 0.320558
16.16 	 0.32055
16.165 	 0.32055
16.17 	 0.320534
16.175 	 0.320526
16.18 	 0.320518
16.185 	 0.320518
16.19 	 0.320501
16.195 	 0.320493
16.2 	 0.320485
16.205 	 0.320477
16.21 	 0.320469
16.215 	 0.320461
16.22 	 0.320461
16.225 	 0.320445
16.23 	 0.320437
16.235 	 0.320429
16.24 	 0.32042
16.245 	 0.320412
16.25 	 0.320404
16.255 	 0.320404
16.26 	 0.320388
16.265 	 0.32038
16.27 	 0.320372
16.275 	 0.320372
16.28 	 0.320356
16.285 	 0.320348
16.29 	 0.320348
16.295 	 0.320332
16.3 	 0.320324
16.305 	 0.320316
16.31 	 0.320316
16.315 	 0.320299
16.32 	 0.320291
16.325 	 0.320283
16.33 	 0.320275
16.335 	 0.320267
16.34 	 0.320259
16.345 	 0.320259
16.35 	 0.320243
16.355 	 0.320235
16.36 	 0.320227
16.365 	 0.320219
16.37 	 0.320211
16.375 	 0.320203
16.38 	 0.320203
16.385 	 0.320187
16.39 	 0.320179
16.395 	 0.320171
16.4 	 0.320171
16.405 	 0.320154
16.41 	 0.320146
16.415 	 0.320146
16.42 	 0.32013
16.425 	 0.320122
16.43 	 0.320114
16.435 	 0.320114
16.44 	 0.320098
16.445 	 0.32009
16.45 	 0.320082
16.455 	 0.320074
16.46 	 0.320066
16.465 	 0.320058
16.47 	 0.320058
16.475 	 0.320042
16.48 	 0.320034
16.485 	 0.320026
16.49 	 0.320018
16.495 	 0.32001
16.5 	 0.320002
16.505 	 0.320002
16.51 	 0.319986
16.515 	 0.319978
16.52 	 0.31997
16.525 	 0.31997
16.53 	 0.319954
16.535 	 0.319946
16.54 	 0.319946
16.545 	 0.31993
16.55 	 0.319922
16.555 	 0.319913
16.56 	 0.319913
16.565 	 0.319897
16.57 	 0.319889
16.575 	 0.319881
16.58 	 0.319873
16.585 	 0.319865
16.59 	 0.319857
16.595 	 0.319857
16.6 	 0.319841
16.605 	 0.319833
16.61 	 0.319825
16.615 	 0.319817
16.62 	 0.319809
16.625 	 0.319801
16.63 	 0.319801
16.635 	 0.319785
16.64 	 0.319777
16.645 	 0.319769
16.65 	 0.319769
16.655 	 0.319753
16.66 	 0.319745
16.665 	 0.319745
16.67 	 0.319729
16.675 	 0.319721
16.68 	 0.319713
16.685 	 0.319713
16.69 	 0.319697
16.695 	 0.319689
16.7 	 0.319681
16.705 	 0.319673
16.71 	 0.319665
16.715 	 0.319658
16.72 	 0.319658
16.725 	 0.319642
16.73 	 0.319634
16.735 	 0.319626
16.74 	 0.319618
16.745 	 0.31961
16.75 	 0.319602
16.755 	 0.319602
16.76 	 0.319586
16.765 	 0.319578
16.77 	 0.31957
16.775 	 0.31957
16.78 	 0.319554
16.785 	 0.319546
16.79 	 0.319546
16.795 	 0.31953
16.8 	 0.319522
16.805 	 0.319514
16.81 	 0.319514
16.815 	 0.319498
16.82 	 0.31949
16.825 	 0.319482
16.83 	 0.319474
16.835 	 0.319466
16.84 	 0.319458
16.845 	 0.319458
16.85 	 0.319442
16.855 	 0.319434
16.86 	 0.319426
16.865 	 0.319418
16.87 	 0.31941
16.875 	 0.319403
16.88 	 0.319403
16.885 	 0.319387
16.89 	 0.319379
16.895 	 0.319371
16.9 	 0.319371
16.905 	 0.319355
16.91 	 0.319347
16.915 	 0.319347
16.92 	 0.319331
16.925 	 0.319323
16.93 	 0.319315
16.935 	 0.319315
16.94 	 0.319299
16.945 	 0.319291
16.95 	 0.319283
16.955 	 0.319275
16.96 	 0.319267
16.965 	 0.31926
16.97 	 0.31926
16.975 	 0.319244
16.98 	 0.319236
16.985 	 0.319228
16.99 	 0.31922
16.995 	 0.319212
17 	 0.319204
17.005 	 0.319204
17.01 	 0.319188
17.015 	 0.31918
17.02 	 0.319172
17.025 	 0.319172
17.03 	 0.319157
17.035 	 0.319149
17.04 	 0.319149
17.045 	 0.319133
17.05 	 0.319125
17.055 	 0.319117
17.06 	 0.319117
17.065 	 0.319101
17.07 	 0.319093
17.075 	 0.319085
17.08 	 0.319077
17.085 	 0.319069
17.09 	 0.319062
17.095 	 0.319062
17.1 	 0.319046
17.105 	 0.319038
17.11 	 0.31903
17.115 	 0.319022
17.12 	 0.319014
17.125 	 0.319006
17.13 	 0.319006
17.135 	 0.31899
17.14 	 0.318982
17.145 	 0.318975
17.15 	 0.318967
17.155 	 0.318959
17.16 	 0.318951
17.165 	 0.318951
17.17 	 0.318935
17.175 	 0.318927
17.18 	 0.318919
17.185 	 0.318919
17.19 	 0.318904
17.195 	 0.318896
17.2 	 0.318888
17.205 	 0.31888
17.21 	 0.318872
17.215 	 0.318864
17.22 	 0.318864
17.225 	 0.318848
17.23 	 0.31884
17.235 	 0.318833
17.24 	 0.318825
17.245 	 0.318817
17.25 	 0.318809
17.255 	 0.318809
17.26 	 0.318793
17.265 	 0.318785
17.27 	 0.318777
17.275 	 0.31877
17.28 	 0.318762
17.285 	 0.318754
17.29 	 0.318754
17.295 	 0.318738
17.3 	 0.31873
17.305 	 0.318722
17.31 	 0.318722
17.315 	 0.318707
17.32 	 0.318699
17.325 	 0.318691
17.33 	 0.318683
17.335 	 0.318675
17.34 	 0.318667
17.345 	 0.318667
17.35 	 0.318652
17.355 	 0.318644
17.36 	 0.318636
17.365 	 0.318628
17.37 	 0.31862
17.375 	 0.318612
17.38 	 0.318612
17.385 	 0.318597
17.39 	 0.318589
17.395 	 0.318581
17.4 	 0.318573
17.405 	 0.318565
17.41 	 0.318557
17.415 	 0.318557
17.42 	 0.318542
17.425 	 0.318534
17.43 	 0.318526
17.435 	 0.318526
17.44 	 0.31851
17.445 	 0.318502
17.45 	 0.318495
17.455 	 0.318487
17.46 	 0.318479
17.465 	 0.318471
17.47 	 0.318471
17.475 	 0.318455
17.48 	 0.318448
17.485 	 0.31844
17.49 	 0.318432
17.495 	 0.318424
17.5 	 0.318416
17.505 	 0.318416
17.51 	 0.318401
17.515 	 0.318393
17.52 	 0.318385
17.525 	 0.318377
17.53 	 0.318369
17.535 	 0.318361
17.54 	 0.318361
17.545 	 0.318346
17.55 	 0.318338
17.555 	 0.31833
17.56 	 0.31833
17.565 	 0.318314
17.57 	 0.318307
17.575 	 0.318299
17.58 	 0.318291
17.585 	 0.318283
17.59 	 0.318275
17.595 	 0.318275
17.6 	 0.31826
17.605 	 0.318252
17.61 	 0.318244
17.615 	 0.318236
17.62 	 0.318229
17.625 	 0.318221
17.63 	 0.318221
17.635 	 0.318205
17.64 	 0.318197
17.645 	 0.31819
17.65 	 0.318182
17.655 	 0.318174
17.66 	 0.318166
17.665 	 0.318166
17.67 	 0.318151
17.675 	 0.318143
17.68 	 0.318135
17.685 	 0.318135
17.69 	 0.318119
17.695 	 0.318112
17.7 	 0.318104
17.705 	 0.318096
17.71 	 0.318088
17.715 	 0.31808
17.72 	 0.31808
17.725 	 0.318065
17.73 	 0.318057
17.735 	 0.318049
17.74 	 0.318041
17.745 	 0.318034
17.75 	 0.318026
17.755 	 0.318026
17.76 	 0.31801
17.765 	 0.318003
17.77 	 0.317995
17.775 	 0.317987
17.78 	 0.317979
17.785 	 0.317971
17.79 	 0.317971
17.795 	 0.317956
17.8 	 0.317948
17.805 	 0.31794
17.81 	 0.31794
17.815 	 0.317925
17.82 	 0.317917
17.825 	 0.317909
17.83 	 0.317902
17.835 	 0.317894
17.84 	 0.317886
17.845 	 0.317886
17.85 	 0.31787
17.855 	 0.317863
17.86 	 0.317855
17.865 	 0.317847
17.87 	 0.317839
17.875 	 0.317832
17.88 	 0.317832
17.885 	 0.317816
17.89 	 0.317808
17.895 	 0.317801
17.9 	 0.317793
17.905 	 0.317785
17.91 	 0.317777
17.915 	 0.317777
17.92 	 0.317762
17.925 	 0.317754
17.93 	 0.317746
17.935 	 0.317746
17.94 	 0.317731
17.945 	 0.317723
17.95 	 0.317715
17.955 	 0.317708
17.96 	 0.3177
17.965 	 0.317692
17.97 	 0.317692
17.975 	 0.317677
17.98 	 0.317669
17.985 	 0.317661
17.99 	 0.317653
17.995 	 0.317646
18 	 0.317638
18.005 	 0.317638
18.01 	 0.317623
18.015 	 0.317615
18.02 	 0.317607
18.025 	 0.317599
18.03 	 0.317592
18.035 	 0.317584
18.04 	 0.317584
18.045 	 0.317568
18.05 	 0.317561
18.055 	 0.317553
18.06 	 0.317553
18.065 	 0.317538
18.07 	 0.31753
18.075 	 0.317522
18.08 	 0.317514
18.085 	 0.317507
18.09 	 0.317499
18.095 	 0.317499
18.1 	 0.317483
18.105 	 0.317476
18.11 	 0.317468
18.115 	 0.31746
18.12 	 0.317453
18.125 	 0.317445
18.13 	 0.317445
18.135 	 0.317429
18.14 	 0.317422
18.145 	 0.317414
18.15 	 0.317406
18.155 	 0.317399
18.16 	 0.317391
18.165 	 0.317391
18.17 	 0.317376
18.175 	 0.317368
18.18 	 0.31736
18.185 	 0.31736
18.19 	 0.317345
18.195 	 0.317337
18.2 	 0.317329
18.205 	 0.317322
18.21 	 0.317314
18.215 	 0.317306
18.22 	 0.317306
18.225 	 0.317291
18.23 	 0.317283
18.235 	 0.317275
18.24 	 0.317268
18.245 	 0.31726
18.25 	 0.317252
18.255 	 0.317252
18.26 	 0.317237
18.265 	 0.317229
18.27 	 0.317222
18.275 	 0.317214
18.28 	 0.317206
18.285 	 0.317199
18.29 	 0.317199
18.295 	 0.317183
18.3 	 0.317176
18.305 	 0.317168
18.31 	 0.317168
18.315 	 0.317153
18.32 	 0.317145
18.325 	 0.317137
18.33 	 0.31713
18.335 	 0.317122
18.34 	 0.317114
18.345 	 0.317114
18.35 	 0.317099
18.355 	 0.317091
18.36 	 0.317084
18.365 	 0.317076
18.37 	 0.317068
18.375 	 0.317061
18.38 	 0.317061
18.385 	 0.317045
18.39 	 0.317038
18.395 	 0.31703
18.4 	 0.317022
18.405 	 0.317015
18.41 	 0.317007
18.415 	 0.317007
18.42 	 0.316992
18.425 	 0.316984
18.43 	 0.316976
18.435 	 0.316976
18.44 	 0.316961
18.445 	 0.316953
18.45 	 0.316946
18.455 	 0.316938
18.46 	 0.31693
18.465 	 0.316923
18.47 	 0.316923
18.475 	 0.316907
18.48 	 0.3169
18.485 	 0.316892
18.49 	 0.316884
18.495 	 0.316877
18.5 	 0.316869
18.505 	 0.316869
18.51 	 0.316854
18.515 	 0.316846
18.52 	 0.316839
18.525 	 0.316831
18.53 	 0.316823
18.535 	 0.316816
18.54 	 0.316816
18.545 	 0.3168
18.55 	 0.316793
18.555 	 0.316785
18.56 	 0.316785
18.565 	 0.31677
18.57 	 0.316762
18.575 	 0.316755
18.58 	 0.316747
18.585 	 0.316739
18.59 	 0.316732
18.595 	 0.316732
18.6 	 0.316717
18.605 	 0.316709
18.61 	 0.316701
18.615 	 0.316694
18.62 	 0.316686
18.625 	 0.316678
18.63 	 0.316678
18.635 	 0.316663
18.64 	 0.316656
18.645 	 0.316648
18.65 	 0.31664
18.655 	 0.316633
18.66 	 0.316625
18.665 	 0.316625
18.67 	 0.31661
18.675 	 0.316602
18.68 	 0.316595
18.685 	 0.316595
18.69 	 0.316579
18.695 	 0.316572
18.7 	 0.316564
18.705 	 0.316557
18.71 	 0.316549
18.715 	 0.316541
18.72 	 0.316541
18.725 	 0.316526
18.73 	 0.316519
18.735 	 0.316511
18.74 	 0.316503
18.745 	 0.316496
18.75 	 0.316488
18.755 	 0.316488
18.76 	 0.316473
18.765 	 0.316465
18.77 	 0.316458
18.775 	 0.31645
18.78 	 0.316443
18.785 	 0.316435
18.79 	 0.316435
18.795 	 0.31642
18.8 	 0.316412
18.805 	 0.316405
18.81 	 0.316405
18.815 	 0.31639
18.82 	 0.316382
18.825 	 0.316374
18.83 	 0.316367
18.835 	 0.316359
18.84 	 0.316352
18.845 	 0.316352
18.85 	 0.316337
18.855 	 0.316329
18.86 	 0.316321
18.865 	 0.316314
18.87 	 0.316306
18.875 	 0.316299
18.88 	 0.316299
18.885 	 0.316284
18.89 	 0.316276
18.895 	 0.316268
18.9 	 0.316261
18.905 	 0.316253
18.91 	 0.316246
18.915 	 0.316246
18.92 	 0.316231
18.925 	 0.316223
18.93 	 0.316215
18.935 	 0.316215
18.94 	 0.3162
18.945 	 0.316193
18.95 	 0.316185
18.955 	 0.316178
18.96 	 0.31617
18.965 	 0.316162
18.97 	 0.316162
18.975 	 0.316147
18.98 	 0.31614
18.985 	 0.316132
18.99 	 0.316125
18.995 	 0.316117
19 	 0.31611
19.005 	 0.31611
19.01 	 0.316095
19.015 	 0.316087
19.02 	 0.316079
19.025 	 0.316072
19.03 	 0.316064
19.035 	 0.316057
19.04 	 0.316057
19.045 	 0.316042
19.05 	 0.316034
19.055 	 0.316027
19.06 	 0.316027
19.065 	 0.316012
19.07 	 0.316004
19.075 	 0.315996
19.08 	 0.315989
19.085 	 0.315981
19.09 	 0.315974
19.095 	 0.315974
19.1 	 0.315959
19.105 	 0.315951
19.11 	 0.315944
19.115 	 0.315936
19.12 	 0.315929
19.125 	 0.315921
19.13 	 0.315921
19.135 	 0.315906
19.14 	 0.315899
19.145 	 0.315891
19.15 	 0.315884
19.155 	 0.315876
19.16 	 0.315868
19.165 	 0.315868
19.17 	 0.315853
19.175 	 0.315846
19.18 	 0.315838
19.185 	 0.315838
19.19 	 0.315823
19.195 	 0.315816
19.2 	 0.315808
19.205 	 0.315801
19.21 	 0.315793
19.215 	 0.315786
19.22 	 0.315786
19.225 	 0.315771
19.23 	 0.315763
19.235 	 0.315756
19.24 	 0.315748
19.245 	 0.315741
19.25 	 0.315733
19.255 	 0.315733
19.26 	 0.315718
19.265 	 0.315711
19.27 	 0.315703
19.275 	 0.315696
19.28 	 0.315688
19.285 	 0.315681
19.29 	 0.315681
19.295 	 0.315666
19.3 	 0.315658
19.305 	 0.315651
19.31 	 0.315651
19.315 	 0.315636
19.32 	 0.315628
19.325 	 0.315621
19.33 	 0.315613
19.335 	 0.315606
19.34 	 0.315598
19.345 	 0.315598
19.35 	 0.315583
19.355 	 0.315576
19.36 	 0.315568
19.365 	 0.315561
19.37 	 0.315553
19.375 	 0.315546
19.38 	 0.315546
19.385 	 0.315531
19.39 	 0.315523
19.395 	 0.315516
19.4 	 0.315508
19.405 	 0.315501
19.41 	 0.315493
19.415 	 0.315493
19.42 	 0.315479
19.425 	 0.315471
19.43 	 0.315464
19.435 	 0.315464
19.44 	 0.315449
19.445 	 0.315441
19.45 	 0.315434
19.455 	 0.315426
19.46 	 0.315419
19.465 	 0.315411
19.47 	 0.315411
19.475 	 0.315396
19.48 	 0.315389
19.485 	 0.315381
19.49 	 0.315374
19.495 	 0.315367
19.5 	 0.315359
19.505 	 0.315359
19.51 	 0.315344
19.515 	 0.315337
19.52 	 0.315329
19.525 	 0.315322
19.53 	 0.315314
19.535 	 0.315307
19.54 	 0.315307
19.545 	 0.315292
19.55 	 0.315284
19.555 	 0.315277
19.56 	 0.315277
19.565 	 0.315262
19.57 	 0.315255
19.575 	 0.315247
19.58 	 0.31524
19.585 	 0.315232
19.59 	 0.315225
19.595 	 0.315225
19.6 	 0.31521
19.605 	 0.315203
19.61 	 0.315195
19.615 	 0.315188
19.62 	 0.31518
19.625 	 0.315173
19.63 	 0.315173
19.635 	 0.315158
19.64 	 0.31515
19.645 	 0.315143
19.65 	 0.315136
19.655 	 0.315128
19.66 	 0.315121
19.665 	 0.315121
19.67 	 0.315106
19.675 	 0.315098
19.68 	 0.315091
19.685 	 0.315091
19.69 	 0.315076
19.695 	 0.315069
19.7 	 0.315061
19.705 	 0.315054
19.71 	 0.315046
19.715 	 0.315039
19.72 	 0.315039
19.725 	 0.315024
19.73 	 0.315017
19.735 	 0.315009
19.74 	 0.315002
19.745 	 0.314995
19.75 	 0.314987
19.755 	 0.314987
19.76 	 0.314972
19.765 	 0.314965
19.77 	 0.314957
19.775 	 0.31495
19.78 	 0.314943
19.785 	 0.314935
19.79 	 0.314935
19.795 	 0.31492
19.8 	 0.314913
19.805 	 0.314906
19.81 	 0.314906
19.815 	 0.314891
19.82 	 0.314883
19.825 	 0.314876
19.83 	 0.314869
19.835 	 0.314861
19.84 	 0.314854
19.845 	 0.314854
19.85 	 0.314839
19.855 	 0.314832
19.86 	 0.314824
19.865 	 0.314817
19.87 	 0.314809
19.875 	 0.314802
19.88 	 0.314802
19.885 	 0.314787
19.89 	 0.31478
19.895 	 0.314772
19.9 	 0.314765
19.905 	 0.314758
19.91 	 0.31475
19.915 	 0.31475
19.92 	 0.314735
19.925 	 0.314728
19.93 	 0.314721
19.935 	 0.314721
19.94 	 0.314706
19.945 	 0.314698
19.95 	 0.314691
19.955 	 0.314684
19.96 	 0.314676
19.965 	 0.314669
19.97 	 0.314669
19.975 	 0.314654
19.98 	 0.314647
19.985 	 0.314639
19.99 	 0.314632
19.995 	 0.314625
20 	 0.314617
