0 	 nan
0.005 	 0.44503
0.01 	 0.444504
0.015 	 0.444115
0.02 	 0.443798
0.025 	 0.443524
0.03 	 0.443278
0.035 	 0.443055
0.04 	 0.442847
0.045 	 0.442653
0.05 	 0.44247
0.055 	 0.442296
0.06 	 0.44213
0.065 	 0.441971
0.07 	 0.441818
0.075 	 0.441671
0.08 	 0.441529
0.085 	 0.441391
0.09 	 0.441257
0.095 	 0.441127
0.1 	 0.441
0.105 	 0.440877
0.11 	 0.440756
0.115 	 0.440638
0.12 	 0.440523
0.125 	 0.44041
0.13 	 0.440299
0.135 	 0.440191
0.14 	 0.440084
0.145 	 0.440084
0.15 	 0.439877
0.155 	 0.439776
0.16 	 0.439676
0.165 	 0.439578
0.17 	 0.439481
0.175 	 0.439386
0.18 	 0.439292
0.185 	 0.4392
0.19 	 0.439109
0.195 	 0.439019
0.2 	 0.43893
0.205 	 0.438842
0.21 	 0.438755
0.215 	 0.438669
0.22 	 0.438585
0.225 	 0.438501
0.23 	 0.438418
0.235 	 0.438336
0.24 	 0.438255
0.245 	 0.438174
0.25 	 0.438095
0.255 	 0.438016
0.26 	 0.437938
0.265 	 0.437861
0.27 	 0.437784
0.275 	 0.437709
0.28 	 0.437633
0.285 	 0.437559
0.29 	 0.437559
0.295 	 0.437485
0.3 	 0.437339
0.305 	 0.437267
0.31 	 0.437196
0.315 	 0.437125
0.32 	 0.437055
0.325 	 0.436985
0.33 	 0.436916
0.335 	 0.436847
0.34 	 0.436779
0.345 	 0.436711
0.35 	 0.436644
0.355 	 0.436577
0.36 	 0.436511
0.365 	 0.436445
0.37 	 0.436379
0.375 	 0.436315
0.38 	 0.43625
0.385 	 0.436186
0.39 	 0.436122
0.395 	 0.436059
0.4 	 0.435996
0.405 	 0.435933
0.41 	 0.435871
0.415 	 0.435809
0.42 	 0.435748
0.425 	 0.435687
0.43 	 0.435626
0.435 	 0.435566
0.44 	 0.435506
0.445 	 0.435446
0.45 	 0.435386
0.455 	 0.435327
0.46 	 0.435269
0.465 	 0.43521
0.47 	 0.435152
0.475 	 0.435094
0.48 	 0.435037
0.485 	 0.434979
0.49 	 0.434923
0.495 	 0.434866
0.5 	 0.434809
0.505 	 0.434753
0.51 	 0.434698
0.515 	 0.434642
0.52 	 0.434587
0.525 	 0.434532
0.53 	 0.434477
0.535 	 0.434422
0.54 	 0.434368
0.545 	 0.434314
0.55 	 0.43426
0.555 	 0.434207
0.56 	 0.434153
0.565 	 0.4341
0.57 	 0.434047
0.575 	 0.433995
0.58 	 0.433995
0.585 	 0.433942
0.59 	 0.43389
0.595 	 0.433838
0.6 	 0.433735
0.605 	 0.433683
0.61 	 0.433632
0.615 	 0.433581
0.62 	 0.43353
0.625 	 0.43348
0.63 	 0.43343
0.635 	 0.433379
0.64 	 0.433329
0.645 	 0.43328
0.65 	 0.43323
0.655 	 0.433181
0.66 	 0.433132
0.665 	 0.433082
0.67 	 0.433034
0.675 	 0.432985
0.68 	 0.432936
0.685 	 0.432888
0.69 	 0.43284
0.695 	 0.432792
0.7 	 0.432744
0.705 	 0.432697
0.71 	 0.432649
0.715 	 0.432602
0.72 	 0.432555
0.725 	 0.432508
0.73 	 0.432461
0.735 	 0.432414
0.74 	 0.432367
0.745 	 0.432321
0.75 	 0.432275
0.755 	 0.432229
0.76 	 0.432183
0.765 	 0.432137
0.77 	 0.432091
0.775 	 0.432046
0.78 	 0.432
0.785 	 0.431955
0.79 	 0.43191
0.795 	 0.431865
0.8 	 0.43182
0.805 	 0.431776
0.81 	 0.431731
0.815 	 0.431687
0.82 	 0.431643
0.825 	 0.431598
0.83 	 0.431554
0.835 	 0.43151
0.84 	 0.431467
0.845 	 0.431423
0.85 	 0.43138
0.855 	 0.431336
0.86 	 0.431293
0.865 	 0.43125
0.87 	 0.431207
0.875 	 0.431164
0.88 	 0.431121
0.885 	 0.431078
0.89 	 0.431036
0.895 	 0.430993
0.9 	 0.430951
0.905 	 0.430909
0.91 	 0.430867
0.915 	 0.430825
0.92 	 0.430783
0.925 	 0.430741
0.93 	 0.4307
0.935 	 0.430658
0.94 	 0.430617
0.945 	 0.430575
0.95 	 0.430534
0.955 	 0.430493
0.96 	 0.430452
0.965 	 0.430411
0.97 	 0.43037
0.975 	 0.43033
0.98 	 0.430289
0.985 	 0.430248
0.99 	 0.430208
0.995 	 0.430168
1 	 0.430127
1.005 	 0.430087
1.01 	 0.430047
1.015 	 0.430007
1.02 	 0.429968
1.025 	 0.429968
1.03 	 0.429888
1.035 	 0.429888
1.04 	 0.429809
1.045 	 0.429809
1.05 	 0.429731
1.055 	 0.429731
1.06 	 0.429652
1.065 	 0.429652
1.07 	 0.429574
1.075 	 0.429536
1.08 	 0.429497
1.085 	 0.429458
1.09 	 0.42942
1.095 	 0.429381
1.1 	 0.429343
1.105 	 0.429304
1.11 	 0.429266
1.115 	 0.429228
1.12 	 0.42919
1.125 	 0.429152
1.13 	 0.429114
1.135 	 0.429076
1.14 	 0.429038
1.145 	 0.429001
1.15 	 0.428963
1.155 	 0.428926
1.16 	 0.428926
1.165 	 0.428851
1.17 	 0.428851
1.175 	 0.428776
1.18 	 0.428776
1.185 	 0.428702
1.19 	 0.428702
1.195 	 0.428628
1.2 	 0.428591
1.205 	 0.428555
1.21 	 0.428518
1.215 	 0.428481
1.22 	 0.428445
1.225 	 0.428408
1.23 	 0.428372
1.235 	 0.428336
1.24 	 0.428299
1.245 	 0.428263
1.25 	 0.428227
1.255 	 0.428191
1.26 	 0.428155
1.265 	 0.428119
1.27 	 0.428083
1.275 	 0.428048
1.28 	 0.428012
1.285 	 0.427976
1.29 	 0.427941
1.295 	 0.427905
1.3 	 0.42787
1.305 	 0.427834
1.31 	 0.427799
1.315 	 0.427764
1.32 	 0.427729
1.325 	 0.427694
1.33 	 0.427659
1.335 	 0.427624
1.34 	 0.427589
1.345 	 0.427554
1.35 	 0.427519
1.355 	 0.427484
1.36 	 0.42745
1.365 	 0.427415
1.37 	 0.42738
1.375 	 0.427346
1.38 	 0.427311
1.385 	 0.427277
1.39 	 0.427243
1.395 	 0.427209
1.4 	 0.427174
1.405 	 0.42714
1.41 	 0.427106
1.415 	 0.427072
1.42 	 0.427038
1.425 	 0.427004
1.43 	 0.42697
1.435 	 0.426937
1.44 	 0.426903
1.445 	 0.426869
1.45 	 0.426836
1.455 	 0.426802
1.46 	 0.426768
1.465 	 0.426735
1.47 	 0.426702
1.475 	 0.426668
1.48 	 0.426635
1.485 	 0.426602
1.49 	 0.426568
1.495 	 0.426535
1.5 	 0.426502
1.505 	 0.426469
1.51 	 0.426436
1.515 	 0.426403
1.52 	 0.42637
1.525 	 0.426338
1.53 	 0.426305
1.535 	 0.426272
1.54 	 0.426239
1.545 	 0.426207
1.55 	 0.426174
1.555 	 0.426142
1.56 	 0.426109
1.565 	 0.426077
1.57 	 0.426044
1.575 	 0.426012
1.58 	 0.42598
1.585 	 0.425948
1.59 	 0.425915
1.595 	 0.425883
1.6 	 0.425851
1.605 	 0.425819
1.61 	 0.425787
1.615 	 0.425755
1.62 	 0.425723
1.625 	 0.425692
1.63 	 0.42566
1.635 	 0.425628
1.64 	 0.425596
1.645 	 0.425565
1.65 	 0.425533
1.655 	 0.425501
1.66 	 0.42547
1.665 	 0.425438
1.67 	 0.425407
1.675 	 0.425376
1.68 	 0.425344
1.685 	 0.425313
1.69 	 0.425282
1.695 	 0.42525
1.7 	 0.425219
1.705 	 0.425188
1.71 	 0.425157
1.715 	 0.425126
1.72 	 0.425095
1.725 	 0.425064
1.73 	 0.425033
1.735 	 0.425002
1.74 	 0.424972
1.745 	 0.424941
1.75 	 0.42491
1.755 	 0.424879
1.76 	 0.424849
1.765 	 0.424818
1.77 	 0.424787
1.775 	 0.424757
1.78 	 0.424726
1.785 	 0.424696
1.79 	 0.424666
1.795 	 0.424635
1.8 	 0.424605
1.805 	 0.424575
1.81 	 0.424544
1.815 	 0.424514
1.82 	 0.424484
1.825 	 0.424454
1.83 	 0.424424
1.835 	 0.424394
1.84 	 0.424364
1.845 	 0.424334
1.85 	 0.424304
1.855 	 0.424274
1.86 	 0.424244
1.865 	 0.424214
1.87 	 0.424184
1.875 	 0.424155
1.88 	 0.424125
1.885 	 0.424095
1.89 	 0.424066
1.895 	 0.424036
1.9 	 0.424006
1.905 	 0.423977
1.91 	 0.423947
1.915 	 0.423918
1.92 	 0.423889
1.925 	 0.423859
1.93 	 0.42383
1.935 	 0.4238
1.94 	 0.423771
1.945 	 0.423742
1.95 	 0.423713
1.955 	 0.423684
1.96 	 0.423654
1.965 	 0.423625
1.97 	 0.423596
1.975 	 0.423567
1.98 	 0.423538
1.985 	 0.423509
1.99 	 0.42348
1.995 	 0.423452
2 	 0.423423
2.005 	 0.423423
2.01 	 0.423365
2.015 	 0.423336
2.02 	 0.423308
2.025 	 0.423279
2.03 	 0.42325
2.035 	 0.423222
2.04 	 0.423193
2.045 	 0.423165
2.05 	 0.423165
2.055 	 0.423108
2.06 	 0.423079
2.065 	 0.423051
2.07 	 0.423051
2.075 	 0.422994
2.08 	 0.422966
2.085 	 0.422937
2.09 	 0.422937
2.095 	 0.422881
2.1 	 0.422853
2.105 	 0.422825
2.11 	 0.422825
2.115 	 0.422768
2.12 	 0.42274
2.125 	 0.422712
2.13 	 0.422712
2.135 	 0.422656
2.14 	 0.422628
2.145 	 0.4226
2.15 	 0.422572
2.155 	 0.422545
2.16 	 0.422517
2.165 	 0.422489
2.17 	 0.422461
2.175 	 0.422434
2.18 	 0.422406
2.185 	 0.422378
2.19 	 0.422351
2.195 	 0.422351
2.2 	 0.422295
2.205 	 0.422268
2.21 	 0.42224
2.215 	 0.42224
2.22 	 0.422185
2.225 	 0.422158
2.23 	 0.42213
2.235 	 0.42213
2.24 	 0.422076
2.245 	 0.422048
2.25 	 0.422021
2.255 	 0.422021
2.26 	 0.421967
2.265 	 0.421939
2.27 	 0.421912
2.275 	 0.421885
2.28 	 0.421858
2.285 	 0.421831
2.29 	 0.421804
2.295 	 0.421777
2.3 	 0.42175
2.305 	 0.421723
2.31 	 0.421696
2.315 	 0.421669
2.32 	 0.421669
2.325 	 0.421615
2.33 	 0.421588
2.335 	 0.421562
2.34 	 0.421562
2.345 	 0.421508
2.35 	 0.421481
2.355 	 0.421455
2.36 	 0.421455
2.365 	 0.421401
2.37 	 0.421375
2.375 	 0.421348
2.38 	 0.421348
2.385 	 0.421295
2.39 	 0.421268
2.395 	 0.421242
2.4 	 0.421215
2.405 	 0.421189
2.41 	 0.421163
2.415 	 0.421136
2.42 	 0.42111
2.425 	 0.421083
2.43 	 0.421057
2.435 	 0.421031
2.44 	 0.421005
2.445 	 0.421005
2.45 	 0.420952
2.455 	 0.420926
2.46 	 0.4209
2.465 	 0.4209
2.47 	 0.420847
2.475 	 0.420821
2.48 	 0.420795
2.485 	 0.420795
2.49 	 0.420743
2.495 	 0.420717
2.5 	 0.420691
2.505 	 0.420691
2.51 	 0.420639
2.515 	 0.420614
2.52 	 0.420588
2.525 	 0.420562
2.53 	 0.420536
2.535 	 0.42051
2.54 	 0.420484
2.545 	 0.420459
2.55 	 0.420433
2.555 	 0.420407
2.56 	 0.420382
2.565 	 0.420356
2.57 	 0.42033
2.575 	 0.420305
2.58 	 0.420279
2.585 	 0.420254
2.59 	 0.420228
2.595 	 0.420202
2.6 	 0.420177
2.605 	 0.420151
2.61 	 0.420126
2.615 	 0.420101
2.62 	 0.420075
2.625 	 0.42005
2.63 	 0.420024
2.635 	 0.419999
2.64 	 0.419974
2.645 	 0.419949
2.65 	 0.419923
2.655 	 0.419898
2.66 	 0.419873
2.665 	 0.419848
2.67 	 0.419822
2.675 	 0.419797
2.68 	 0.419772
2.685 	 0.419747
2.69 	 0.419722
2.695 	 0.419697
2.7 	 0.419672
2.705 	 0.419647
2.71 	 0.419622
2.715 	 0.419597
2.72 	 0.419572
2.725 	 0.419547
2.73 	 0.419522
2.735 	 0.419497
2.74 	 0.419472
2.745 	 0.419447
2.75 	 0.419423
2.755 	 0.419398
2.76 	 0.419373
2.765 	 0.419348
2.77 	 0.419323
2.775 	 0.419299
2.78 	 0.419274
2.785 	 0.419249
2.79 	 0.419225
2.795 	 0.4192
2.8 	 0.419175
2.805 	 0.419151
2.81 	 0.419126
2.815 	 0.419102
2.82 	 0.419077
2.825 	 0.419053
2.83 	 0.419028
2.835 	 0.419004
2.84 	 0.418979
2.845 	 0.418955
2.85 	 0.41893
2.855 	 0.418906
2.86 	 0.418881
2.865 	 0.418857
2.87 	 0.418833
2.875 	 0.418808
2.88 	 0.418784
2.885 	 0.41876
2.89 	 0.418736
2.895 	 0.418711
2.9 	 0.418687
2.905 	 0.418663
2.91 	 0.418639
2.915 	 0.418615
2.92 	 0.41859
2.925 	 0.418566
2.93 	 0.418542
2.935 	 0.418518
2.94 	 0.418494
2.945 	 0.41847
2.95 	 0.418446
2.955 	 0.418422
2.96 	 0.418398
2.965 	 0.418374
2.97 	 0.41835
2.975 	 0.418326
2.98 	 0.418302
2.985 	 0.418278
2.99 	 0.418254
2.995 	 0.418231
3 	 0.418207
3.005 	 0.418183
3.01 	 0.418159
3.015 	 0.418135
3.02 	 0.418112
3.025 	 0.418088
3.03 	 0.418064
3.035 	 0.41804
3.04 	 0.418017
3.045 	 0.417993
3.05 	 0.417969
3.055 	 0.417946
3.06 	 0.417922
3.065 	 0.417898
3.07 	 0.417875
3.075 	 0.417851
3.08 	 0.417828
3.085 	 0.417804
3.09 	 0.417781
3.095 	 0.417757
3.1 	 0.417734
3.105 	 0.41771
3.11 	 0.417687
3.115 	 0.417663
3.12 	 0.41764
3.125 	 0.417617
3.13 	 0.417593
3.135 	 0.41757
3.14 	 0.417547
3.145 	 0.417523
3.15 	 0.4175
3.155 	 0.417477
3.16 	 0.417453
3.165 	 0.41743
3.17 	 0.417407
3.175 	 0.417384
3.18 	 0.41736
3.185 	 0.417337
3.19 	 0.417314
3.195 	 0.417291
3.2 	 0.417268
3.205 	 0.417245
3.21 	 0.417222
3.215 	 0.417198
3.22 	 0.417175
3.225 	 0.417152
3.23 	 0.417129
3.235 	 0.417106
3.24 	 0.417083
3.245 	 0.41706
3.25 	 0.417037
3.255 	 0.417014
3.26 	 0.416991
3.265 	 0.416969
3.27 	 0.416946
3.275 	 0.416923
3.28 	 0.4169
3.285 	 0.416877
3.29 	 0.416854
3.295 	 0.416831
3.3 	 0.416809
3.305 	 0.416786
3.31 	 0.416763
3.315 	 0.41674
3.32 	 0.416717
3.325 	 0.416695
3.33 	 0.416672
3.335 	 0.416649
3.34 	 0.416627
3.345 	 0.416604
3.35 	 0.416581
3.355 	 0.416559
3.36 	 0.416536
3.365 	 0.416513
3.37 	 0.416491
3.375 	 0.416468
3.38 	 0.416446
3.385 	 0.416423
3.39 	 0.416401
3.395 	 0.416378
3.4 	 0.416356
3.405 	 0.416333
3.41 	 0.416311
3.415 	 0.416288
3.42 	 0.416266
3.425 	 0.416243
3.43 	 0.416221
3.435 	 0.416199
3.44 	 0.416176
3.445 	 0.416154
3.45 	 0.416132
3.455 	 0.416109
3.46 	 0.416087
3.465 	 0.416065
3.47 	 0.416042
3.475 	 0.41602
3.48 	 0.415998
3.485 	 0.415976
3.49 	 0.415953
3.495 	 0.415931
3.5 	 0.415909
3.505 	 0.415887
3.51 	 0.415865
3.515 	 0.415843
3.52 	 0.41582
3.525 	 0.415798
3.53 	 0.415776
3.535 	 0.415754
3.54 	 0.415732
3.545 	 0.41571
3.55 	 0.415688
3.555 	 0.415666
3.56 	 0.415644
3.565 	 0.415622
3.57 	 0.4156
3.575 	 0.415578
3.58 	 0.415556
3.585 	 0.415534
3.59 	 0.415512
3.595 	 0.41549
3.6 	 0.415468
3.605 	 0.415446
3.61 	 0.415424
3.615 	 0.415403
3.62 	 0.415381
3.625 	 0.415359
3.63 	 0.415337
3.635 	 0.415315
3.64 	 0.415293
3.645 	 0.415272
3.65 	 0.41525
3.655 	 0.415228
3.66 	 0.415206
3.665 	 0.415185
3.67 	 0.415163
3.675 	 0.415141
3.68 	 0.41512
3.685 	 0.415098
3.69 	 0.415076
3.695 	 0.415055
3.7 	 0.415033
3.705 	 0.415011
3.71 	 0.41499
3.715 	 0.414968
3.72 	 0.414947
3.725 	 0.414925
3.73 	 0.414903
3.735 	 0.414882
3.74 	 0.41486
3.745 	 0.414839
3.75 	 0.414817
3.755 	 0.414796
3.76 	 0.414774
3.765 	 0.414753
3.77 	 0.414732
3.775 	 0.41471
3.78 	 0.414689
3.785 	 0.414667
3.79 	 0.414646
3.795 	 0.414625
3.8 	 0.414603
3.805 	 0.414582
3.81 	 0.414561
3.815 	 0.414539
3.82 	 0.414518
3.825 	 0.414497
3.83 	 0.414475
3.835 	 0.414454
3.84 	 0.414433
3.845 	 0.414411
3.85 	 0.41439
3.855 	 0.414369
3.86 	 0.414348
3.865 	 0.414327
3.87 	 0.414305
3.875 	 0.414284
3.88 	 0.414263
3.885 	 0.414242
3.89 	 0.414221
3.895 	 0.4142
3.9 	 0.414179
3.905 	 0.414157
3.91 	 0.414136
3.915 	 0.414115
3.92 	 0.414094
3.925 	 0.414073
3.93 	 0.414052
3.935 	 0.414031
3.94 	 0.41401
3.945 	 0.413989
3.95 	 0.413968
3.955 	 0.413947
3.96 	 0.413926
3.965 	 0.413905
3.97 	 0.413884
3.975 	 0.413863
3.98 	 0.413842
3.985 	 0.413822
3.99 	 0.413801
3.995 	 0.41378
4 	 0.413759
4.005 	 0.413738
4.01 	 0.413738
4.015 	 0.413717
4.02 	 0.413676
4.025 	 0.413655
4.03 	 0.413634
4.035 	 0.413613
4.04 	 0.413592
4.045 	 0.413572
4.05 	 0.413551
4.055 	 0.413551
4.06 	 0.413509
4.065 	 0.413489
4.07 	 0.413468
4.075 	 0.413447
4.08 	 0.413427
4.085 	 0.413406
4.09 	 0.413385
4.095 	 0.413385
4.1 	 0.413365
4.105 	 0.413324
4.11 	 0.413303
4.115 	 0.413282
4.12 	 0.413262
4.125 	 0.413241
4.13 	 0.413221
4.135 	 0.413221
4.14 	 0.4132
4.145 	 0.413159
4.15 	 0.413138
4.155 	 0.413118
4.16 	 0.413097
4.165 	 0.413077
4.17 	 0.413057
4.175 	 0.413036
4.18 	 0.413036
4.185 	 0.412995
4.19 	 0.412975
4.195 	 0.412954
4.2 	 0.412934
4.205 	 0.412914
4.21 	 0.412893
4.215 	 0.412873
4.22 	 0.412873
4.225 	 0.412852
4.23 	 0.412812
4.235 	 0.412791
4.24 	 0.412771
4.245 	 0.412751
4.25 	 0.41273
4.255 	 0.41271
4.26 	 0.41271
4.265 	 0.41269
4.27 	 0.412649
4.275 	 0.412629
4.28 	 0.412609
4.285 	 0.412589
4.29 	 0.412569
4.295 	 0.412548
4.3 	 0.412528
4.305 	 0.412528
4.31 	 0.412488
4.315 	 0.412468
4.32 	 0.412448
4.325 	 0.412427
4.33 	 0.412407
4.335 	 0.412387
4.34 	 0.412367
4.345 	 0.412367
4.35 	 0.412327
4.355 	 0.412307
4.36 	 0.412287
4.365 	 0.412267
4.37 	 0.412247
4.375 	 0.412227
4.38 	 0.412207
4.385 	 0.412207
4.39 	 0.412187
4.395 	 0.412147
4.4 	 0.412127
4.405 	 0.412107
4.41 	 0.412087
4.415 	 0.412067
4.42 	 0.412047
4.425 	 0.412027
4.43 	 0.412027
4.435 	 0.411987
4.44 	 0.411967
4.445 	 0.411947
4.45 	 0.411928
4.455 	 0.411908
4.46 	 0.411888
4.465 	 0.411868
4.47 	 0.411868
4.475 	 0.411828
4.48 	 0.411809
4.485 	 0.411789
4.49 	 0.411769
4.495 	 0.411749
4.5 	 0.411729
4.505 	 0.41171
4.51 	 0.41171
4.515 	 0.41169
4.52 	 0.41165
4.525 	 0.411631
4.53 	 0.411611
4.535 	 0.411591
4.54 	 0.411572
4.545 	 0.411552
4.55 	 0.411532
4.555 	 0.411532
4.56 	 0.411493
4.565 	 0.411473
4.57 	 0.411454
4.575 	 0.411434
4.58 	 0.411414
4.585 	 0.411395
4.59 	 0.411375
4.595 	 0.411375
4.6 	 0.411336
4.605 	 0.411317
4.61 	 0.411297
4.615 	 0.411277
4.62 	 0.411258
4.625 	 0.411238
4.63 	 0.411219
4.635 	 0.411219
4.64 	 0.411199
4.645 	 0.41116
4.65 	 0.411141
4.655 	 0.411121
4.66 	 0.411102
4.665 	 0.411083
4.67 	 0.411063
4.675 	 0.411044
4.68 	 0.411044
4.685 	 0.411005
4.69 	 0.410986
4.695 	 0.410966
4.7 	 0.410947
4.705 	 0.410927
4.71 	 0.410908
4.715 	 0.410889
4.72 	 0.410889
4.725 	 0.41085
4.73 	 0.410831
4.735 	 0.410811
4.74 	 0.410792
4.745 	 0.410773
4.75 	 0.410753
4.755 	 0.410734
4.76 	 0.410734
4.765 	 0.410715
4.77 	 0.410676
4.775 	 0.410657
4.78 	 0.410638
4.785 	 0.410619
4.79 	 0.4106
4.795 	 0.41058
4.8 	 0.410561
4.805 	 0.410561
4.81 	 0.410523
4.815 	 0.410504
4.82 	 0.410484
4.825 	 0.410465
4.83 	 0.410446
4.835 	 0.410427
4.84 	 0.410408
4.845 	 0.410408
4.85 	 0.41037
4.855 	 0.410351
4.86 	 0.410331
4.865 	 0.410312
4.87 	 0.410293
4.875 	 0.410274
4.88 	 0.410255
4.885 	 0.410255
4.89 	 0.410236
4.895 	 0.410198
4.9 	 0.410179
4.905 	 0.41016
4.91 	 0.410141
4.915 	 0.410122
4.92 	 0.410103
4.925 	 0.410084
4.93 	 0.410084
4.935 	 0.410046
4.94 	 0.410027
4.945 	 0.410008
4.95 	 0.409989
4.955 	 0.409971
4.96 	 0.409952
4.965 	 0.409933
4.97 	 0.409933
4.975 	 0.409895
4.98 	 0.409876
4.985 	 0.409857
4.99 	 0.409838
4.995 	 0.409819
5 	 0.409801
5.005 	 0.409782
5.01 	 0.409782
5.015 	 0.409763
5.02 	 0.409725
5.025 	 0.409707
5.03 	 0.409688
5.035 	 0.409669
5.04 	 0.40965
5.045 	 0.409631
5.05 	 0.409613
5.055 	 0.409613
5.06 	 0.409575
5.065 	 0.409556
5.07 	 0.409538
5.075 	 0.409519
5.08 	 0.4095
5.085 	 0.409482
5.09 	 0.409463
5.095 	 0.409463
5.1 	 0.409426
5.105 	 0.409407
5.11 	 0.409388
5.115 	 0.40937
5.12 	 0.409351
5.125 	 0.409332
5.13 	 0.409314
5.135 	 0.409295
5.14 	 0.409277
5.145 	 0.409258
5.15 	 0.409239
5.155 	 0.409221
5.16 	 0.409202
5.165 	 0.409184
5.17 	 0.409165
5.175 	 0.409147
5.18 	 0.409128
5.185 	 0.409109
5.19 	 0.409091
5.195 	 0.409072
5.2 	 0.409054
5.205 	 0.409035
5.21 	 0.409017
5.215 	 0.408998
5.22 	 0.40898
5.225 	 0.408961
5.23 	 0.408943
5.235 	 0.408925
5.24 	 0.408906
5.245 	 0.408888
5.25 	 0.408869
5.255 	 0.408851
5.26 	 0.408832
5.265 	 0.408814
5.27 	 0.408796
5.275 	 0.408777
5.28 	 0.408759
5.285 	 0.40874
5.29 	 0.408722
5.295 	 0.408704
5.3 	 0.408685
5.305 	 0.408667
5.31 	 0.408649
5.315 	 0.40863
5.32 	 0.408612
5.325 	 0.408594
5.33 	 0.408575
5.335 	 0.408557
5.34 	 0.408539
5.345 	 0.408521
5.35 	 0.408502
5.355 	 0.408484
5.36 	 0.408466
5.365 	 0.408448
5.37 	 0.408429
5.375 	 0.408411
5.38 	 0.408393
5.385 	 0.408375
5.39 	 0.408356
5.395 	 0.408338
5.4 	 0.40832
5.405 	 0.408302
5.41 	 0.408284
5.415 	 0.408265
5.42 	 0.408247
5.425 	 0.408229
5.43 	 0.408211
5.435 	 0.408193
5.44 	 0.408175
5.445 	 0.408157
5.45 	 0.408138
5.455 	 0.40812
5.46 	 0.408102
5.465 	 0.408084
5.47 	 0.408066
5.475 	 0.408048
5.48 	 0.40803
5.485 	 0.408012
5.49 	 0.407994
5.495 	 0.407976
5.5 	 0.407958
5.505 	 0.40794
5.51 	 0.407922
5.515 	 0.407904
5.52 	 0.407886
5.525 	 0.407868
5.53 	 0.40785
5.535 	 0.407832
5.54 	 0.407814
5.545 	 0.407796
5.55 	 0.407778
5.555 	 0.40776
5.56 	 0.407742
5.565 	 0.407724
5.57 	 0.407706
5.575 	 0.407688
5.58 	 0.40767
5.585 	 0.407652
5.59 	 0.407634
5.595 	 0.407616
5.6 	 0.407598
5.605 	 0.40758
5.61 	 0.407563
5.615 	 0.407545
5.62 	 0.407527
5.625 	 0.407509
5.63 	 0.407491
5.635 	 0.407473
5.64 	 0.407455
5.645 	 0.407438
5.65 	 0.40742
5.655 	 0.407402
5.66 	 0.407384
5.665 	 0.407366
5.67 	 0.407349
5.675 	 0.407331
5.68 	 0.407313
5.685 	 0.407295
5.69 	 0.407277
5.695 	 0.40726
5.7 	 0.407242
5.705 	 0.407224
5.71 	 0.407206
5.715 	 0.407189
5.72 	 0.407171
5.725 	 0.407153
5.73 	 0.407136
5.735 	 0.407118
5.74 	 0.4071
5.745 	 0.407082
5.75 	 0.407065
5.755 	 0.407047
5.76 	 0.407029
5.765 	 0.407012
5.77 	 0.406994
5.775 	 0.406976
5.78 	 0.406959
5.785 	 0.406941
5.79 	 0.406923
5.795 	 0.406906
5.8 	 0.406888
5.805 	 0.406871
5.81 	 0.406853
5.815 	 0.406835
5.82 	 0.406818
5.825 	 0.4068
5.83 	 0.406783
5.835 	 0.406765
5.84 	 0.406748
5.845 	 0.40673
5.85 	 0.406712
5.855 	 0.406695
5.86 	 0.406677
5.865 	 0.40666
5.87 	 0.406642
5.875 	 0.406625
5.88 	 0.406607
5.885 	 0.40659
5.89 	 0.406572
5.895 	 0.406555
5.9 	 0.406537
5.905 	 0.40652
5.91 	 0.406502
5.915 	 0.406485
5.92 	 0.406467
5.925 	 0.40645
5.93 	 0.406433
5.935 	 0.406415
5.94 	 0.406398
5.945 	 0.40638
5.95 	 0.406363
5.955 	 0.406345
5.96 	 0.406328
5.965 	 0.406311
5.97 	 0.406293
5.975 	 0.406276
5.98 	 0.406258
5.985 	 0.406241
5.99 	 0.406224
5.995 	 0.406206
6 	 0.406189
6.005 	 0.406172
6.01 	 0.406154
6.015 	 0.406137
6.02 	 0.40612
6.025 	 0.406102
6.03 	 0.406085
6.035 	 0.406068
6.04 	 0.40605
6.045 	 0.406033
6.05 	 0.406016
6.055 	 0.405999
6.06 	 0.405981
6.065 	 0.405964
6.07 	 0.405947
6.075 	 0.40593
6.08 	 0.405912
6.085 	 0.405895
6.09 	 0.405878
6.095 	 0.405861
6.1 	 0.405843
6.105 	 0.405826
6.11 	 0.405809
6.115 	 0.405792
6.12 	 0.405775
6.125 	 0.405757
6.13 	 0.40574
6.135 	 0.405723
6.14 	 0.405706
6.145 	 0.405689
6.15 	 0.405671
6.155 	 0.405654
6.16 	 0.405637
6.165 	 0.40562
6.17 	 0.405603
6.175 	 0.405586
6.18 	 0.405569
6.185 	 0.405552
6.19 	 0.405534
6.195 	 0.405517
6.2 	 0.4055
6.205 	 0.405483
6.21 	 0.405466
6.215 	 0.405449
6.22 	 0.405432
6.225 	 0.405415
6.23 	 0.405398
6.235 	 0.405381
6.24 	 0.405364
6.245 	 0.405347
6.25 	 0.40533
6.255 	 0.405313
6.26 	 0.405296
6.265 	 0.405279
6.27 	 0.405262
6.275 	 0.405245
6.28 	 0.405228
6.285 	 0.405211
6.29 	 0.405194
6.295 	 0.405177
6.3 	 0.40516
6.305 	 0.405143
6.31 	 0.405126
6.315 	 0.405109
6.32 	 0.405092
6.325 	 0.405075
6.33 	 0.405058
6.335 	 0.405041
6.34 	 0.405024
6.345 	 0.405007
6.35 	 0.40499
6.355 	 0.404973
6.36 	 0.404956
6.365 	 0.404939
6.37 	 0.404923
6.375 	 0.404906
6.38 	 0.404889
6.385 	 0.404872
6.39 	 0.404855
6.395 	 0.404838
6.4 	 0.404821
6.405 	 0.404804
6.41 	 0.404788
6.415 	 0.404771
6.42 	 0.404754
6.425 	 0.404737
6.43 	 0.40472
6.435 	 0.404704
6.44 	 0.404687
6.445 	 0.40467
6.45 	 0.404653
6.455 	 0.404636
6.46 	 0.40462
6.465 	 0.404603
6.47 	 0.404586
6.475 	 0.404569
6.48 	 0.404552
6.485 	 0.404536
6.49 	 0.404519
6.495 	 0.404502
6.5 	 0.404485
6.505 	 0.404469
6.51 	 0.404452
6.515 	 0.404435
6.52 	 0.404419
6.525 	 0.404402
6.53 	 0.404385
6.535 	 0.404368
6.54 	 0.404352
6.545 	 0.404335
6.55 	 0.404318
6.555 	 0.404302
6.56 	 0.404285
6.565 	 0.404268
6.57 	 0.404252
6.575 	 0.404235
6.58 	 0.404218
6.585 	 0.404202
6.59 	 0.404185
6.595 	 0.404168
6.6 	 0.404152
6.605 	 0.404135
6.61 	 0.404119
6.615 	 0.404102
6.62 	 0.404085
6.625 	 0.404069
6.63 	 0.404052
6.635 	 0.404036
6.64 	 0.404019
6.645 	 0.404002
6.65 	 0.403986
6.655 	 0.403969
6.66 	 0.403953
6.665 	 0.403936
6.67 	 0.40392
6.675 	 0.403903
6.68 	 0.403887
6.685 	 0.40387
6.69 	 0.403854
6.695 	 0.403837
6.7 	 0.403821
6.705 	 0.403804
6.71 	 0.403787
6.715 	 0.403771
6.72 	 0.403754
6.725 	 0.403738
6.73 	 0.403722
6.735 	 0.403705
6.74 	 0.403689
6.745 	 0.403672
6.75 	 0.403656
6.755 	 0.403639
6.76 	 0.403623
6.765 	 0.403606
6.77 	 0.40359
6.775 	 0.403573
6.78 	 0.403557
6.785 	 0.403541
6.79 	 0.403524
6.795 	 0.403508
6.8 	 0.403491
6.805 	 0.403475
6.81 	 0.403459
6.815 	 0.403442
6.82 	 0.403426
6.825 	 0.403409
6.83 	 0.403393
6.835 	 0.403377
6.84 	 0.40336
6.845 	 0.403344
6.85 	 0.403328
6.855 	 0.403311
6.86 	 0.403295
6.865 	 0.403279
6.87 	 0.403262
6.875 	 0.403246
6.88 	 0.40323
6.885 	 0.403213
6.89 	 0.403197
6.895 	 0.403181
6.9 	 0.403164
6.905 	 0.403148
6.91 	 0.403132
6.915 	 0.403115
6.92 	 0.403099
6.925 	 0.403083
6.93 	 0.403067
6.935 	 0.40305
6.94 	 0.403034
6.945 	 0.403018
6.95 	 0.403002
6.955 	 0.402985
6.96 	 0.402969
6.965 	 0.402953
6.97 	 0.402937
6.975 	 0.40292
6.98 	 0.402904
6.985 	 0.402888
6.99 	 0.402872
6.995 	 0.402856
7 	 0.402839
7.005 	 0.402823
7.01 	 0.402807
7.015 	 0.402791
7.02 	 0.402775
7.025 	 0.402759
7.03 	 0.402742
7.035 	 0.402726
7.04 	 0.40271
7.045 	 0.402694
7.05 	 0.402678
7.055 	 0.402662
7.06 	 0.402646
7.065 	 0.402629
7.07 	 0.402613
7.075 	 0.402597
7.08 	 0.402581
7.085 	 0.402565
7.09 	 0.402549
7.095 	 0.402533
7.1 	 0.402517
7.105 	 0.402501
7.11 	 0.402484
7.115 	 0.402468
7.12 	 0.402452
7.125 	 0.402436
7.13 	 0.40242
7.135 	 0.402404
7.14 	 0.402388
7.145 	 0.402372
7.15 	 0.402356
7.155 	 0.40234
7.16 	 0.402324
7.165 	 0.402308
7.17 	 0.402292
7.175 	 0.402276
7.18 	 0.40226
7.185 	 0.402244
7.19 	 0.402228
7.195 	 0.402212
7.2 	 0.402196
7.205 	 0.40218
7.21 	 0.402164
7.215 	 0.402148
7.22 	 0.402132
7.225 	 0.402116
7.23 	 0.4021
7.235 	 0.402084
7.24 	 0.402068
7.245 	 0.402052
7.25 	 0.402036
7.255 	 0.40202
7.26 	 0.402004
7.265 	 0.401988
7.27 	 0.401972
7.275 	 0.401956
7.28 	 0.401941
7.285 	 0.401925
7.29 	 0.401909
7.295 	 0.401893
7.3 	 0.401877
7.305 	 0.401861
7.31 	 0.401845
7.315 	 0.401829
7.32 	 0.401813
7.325 	 0.401798
7.33 	 0.401782
7.335 	 0.401766
7.34 	 0.40175
7.345 	 0.401734
7.35 	 0.401718
7.355 	 0.401702
7.36 	 0.401687
7.365 	 0.401671
7.37 	 0.401655
7.375 	 0.401639
7.38 	 0.401623
7.385 	 0.401607
7.39 	 0.401592
7.395 	 0.401576
7.4 	 0.40156
7.405 	 0.401544
7.41 	 0.401528
7.415 	 0.401513
7.42 	 0.401497
7.425 	 0.401481
7.43 	 0.401465
7.435 	 0.40145
7.44 	 0.401434
7.445 	 0.401418
7.45 	 0.401402
7.455 	 0.401387
7.46 	 0.401371
7.465 	 0.401355
7.47 	 0.401339
7.475 	 0.401324
7.48 	 0.401308
7.485 	 0.401292
7.49 	 0.401276
7.495 	 0.401261
7.5 	 0.401245
7.505 	 0.401229
7.51 	 0.401214
7.515 	 0.401198
7.52 	 0.401182
7.525 	 0.401167
7.53 	 0.401151
7.535 	 0.401135
7.54 	 0.40112
7.545 	 0.401104
7.55 	 0.401088
7.555 	 0.401073
7.56 	 0.401057
7.565 	 0.401041
7.57 	 0.401026
7.575 	 0.40101
7.58 	 0.400994
7.585 	 0.400979
7.59 	 0.400963
7.595 	 0.400947
7.6 	 0.400932
7.605 	 0.400916
7.61 	 0.400901
7.615 	 0.400885
7.62 	 0.400869
7.625 	 0.400854
7.63 	 0.400838
7.635 	 0.400823
7.64 	 0.400807
7.645 	 0.400791
7.65 	 0.400776
7.655 	 0.40076
7.66 	 0.400745
7.665 	 0.400729
7.67 	 0.400714
7.675 	 0.400698
7.68 	 0.400683
7.685 	 0.400667
7.69 	 0.400652
7.695 	 0.400636
7.7 	 0.40062
7.705 	 0.400605
7.71 	 0.400589
7.715 	 0.400574
7.72 	 0.400558
7.725 	 0.400543
7.73 	 0.400527
7.735 	 0.400512
7.74 	 0.400496
7.745 	 0.400481
7.75 	 0.400465
7.755 	 0.40045
7.76 	 0.400435
7.765 	 0.400419
7.77 	 0.400404
7.775 	 0.400388
7.78 	 0.400373
7.785 	 0.400357
7.79 	 0.400342
7.795 	 0.400326
7.8 	 0.400311
7.805 	 0.400295
7.81 	 0.40028
7.815 	 0.400265
7.82 	 0.400249
7.825 	 0.400234
7.83 	 0.400218
7.835 	 0.400203
7.84 	 0.400188
7.845 	 0.400172
7.85 	 0.400157
7.855 	 0.400141
7.86 	 0.400126
7.865 	 0.400111
7.87 	 0.400095
7.875 	 0.40008
7.88 	 0.400064
7.885 	 0.400049
7.89 	 0.400034
7.895 	 0.400018
7.9 	 0.400003
7.905 	 0.399988
7.91 	 0.399972
7.915 	 0.399957
7.92 	 0.399942
7.925 	 0.399926
7.93 	 0.399911
7.935 	 0.399896
7.94 	 0.39988
7.945 	 0.399865
7.95 	 0.39985
7.955 	 0.399835
7.96 	 0.399819
7.965 	 0.399804
7.97 	 0.399789
7.975 	 0.399773
7.98 	 0.399758
7.985 	 0.399743
7.99 	 0.399727
7.995 	 0.399712
8 	 0.399697
8.005 	 0.399682
8.01 	 0.399666
8.015 	 0.399651
8.02 	 0.399651
8.025 	 0.399621
8.03 	 0.399621
8.035 	 0.39959
8.04 	 0.399575
8.045 	 0.39956
8.05 	 0.399545
8.055 	 0.399529
8.06 	 0.399514
8.065 	 0.399514
8.07 	 0.399484
8.075 	 0.399484
8.08 	 0.399453
8.085 	 0.399438
8.09 	 0.399423
8.095 	 0.399408
8.1 	 0.399393
8.105 	 0.399377
8.11 	 0.399377
8.115 	 0.399347
8.12 	 0.399332
8.125 	 0.399317
8.13 	 0.399302
8.135 	 0.399286
8.14 	 0.399271
8.145 	 0.399271
8.15 	 0.399241
8.155 	 0.399241
8.16 	 0.399211
8.165 	 0.399196
8.17 	 0.39918
8.175 	 0.399165
8.18 	 0.39915
8.185 	 0.399135
8.19 	 0.399135
8.195 	 0.399105
8.2 	 0.399105
8.205 	 0.399075
8.21 	 0.39906
8.215 	 0.399044
8.22 	 0.399029
8.225 	 0.399014
8.23 	 0.398999
8.235 	 0.398999
8.24 	 0.398969
8.245 	 0.398954
8.25 	 0.398939
8.255 	 0.398924
8.26 	 0.398909
8.265 	 0.398894
8.27 	 0.398894
8.275 	 0.398864
8.28 	 0.398864
8.285 	 0.398834
8.29 	 0.398819
8.295 	 0.398804
8.3 	 0.398789
8.305 	 0.398774
8.31 	 0.398759
8.315 	 0.398759
8.32 	 0.398729
8.325 	 0.398729
8.33 	 0.398699
8.335 	 0.398684
8.34 	 0.398669
8.345 	 0.398654
8.35 	 0.398639
8.355 	 0.398624
8.36 	 0.398624
8.365 	 0.398594
8.37 	 0.398579
8.375 	 0.398564
8.38 	 0.398549
8.385 	 0.398534
8.39 	 0.398519
8.395 	 0.398519
8.4 	 0.398489
8.405 	 0.398489
8.41 	 0.398459
8.415 	 0.398444
8.42 	 0.398429
8.425 	 0.398414
8.43 	 0.398399
8.435 	 0.398385
8.44 	 0.398385
8.445 	 0.398355
8.45 	 0.398355
8.455 	 0.398325
8.46 	 0.39831
8.465 	 0.398295
8.47 	 0.39828
8.475 	 0.398265
8.48 	 0.398251
8.485 	 0.398251
8.49 	 0.398221
8.495 	 0.398206
8.5 	 0.398191
8.505 	 0.398176
8.51 	 0.398161
8.515 	 0.398146
8.52 	 0.398146
8.525 	 0.398117
8.53 	 0.398117
8.535 	 0.398087
8.54 	 0.398072
8.545 	 0.398057
8.55 	 0.398043
8.555 	 0.398028
8.56 	 0.398013
8.565 	 0.398013
8.57 	 0.397983
8.575 	 0.397969
8.58 	 0.397954
8.585 	 0.397939
8.59 	 0.397924
8.595 	 0.397909
8.6 	 0.397895
8.605 	 0.39788
8.61 	 0.39788
8.615 	 0.39785
8.62 	 0.397836
8.625 	 0.397821
8.63 	 0.397806
8.635 	 0.397791
8.64 	 0.397776
8.645 	 0.397776
8.65 	 0.397747
8.655 	 0.397747
8.66 	 0.397717
8.665 	 0.397703
8.67 	 0.397688
8.675 	 0.397673
8.68 	 0.397659
8.685 	 0.397644
8.69 	 0.397644
8.695 	 0.397614
8.7 	 0.3976
8.705 	 0.397585
8.71 	 0.39757
8.715 	 0.397556
8.72 	 0.397541
8.725 	 0.397526
8.73 	 0.397511
8.735 	 0.397511
8.74 	 0.397482
8.745 	 0.397467
8.75 	 0.397453
8.755 	 0.397438
8.76 	 0.397423
8.765 	 0.397409
8.77 	 0.397409
8.775 	 0.397379
8.78 	 0.397379
8.785 	 0.39735
8.79 	 0.397335
8.795 	 0.397321
8.8 	 0.397306
8.805 	 0.397292
8.81 	 0.397277
8.815 	 0.397277
8.82 	 0.397248
8.825 	 0.397233
8.83 	 0.397218
8.835 	 0.397204
8.84 	 0.397189
8.845 	 0.397175
8.85 	 0.39716
8.855 	 0.397145
8.86 	 0.397145
8.865 	 0.397116
8.87 	 0.397102
8.875 	 0.397087
8.88 	 0.397073
8.885 	 0.397058
8.89 	 0.397043
8.895 	 0.397043
8.9 	 0.397014
8.905 	 0.397014
8.91 	 0.396985
8.915 	 0.396971
8.92 	 0.396956
8.925 	 0.396941
8.93 	 0.396927
8.935 	 0.396912
8.94 	 0.396912
8.945 	 0.396883
8.95 	 0.396869
8.955 	 0.396854
8.96 	 0.39684
8.965 	 0.396825
8.97 	 0.396811
8.975 	 0.396796
8.98 	 0.396782
8.985 	 0.396782
8.99 	 0.396753
8.995 	 0.396738
9 	 0.396724
9.005 	 0.396709
9.01 	 0.396695
9.015 	 0.39668
9.02 	 0.39668
9.025 	 0.396651
9.03 	 0.396651
9.035 	 0.396622
9.04 	 0.396608
9.045 	 0.396593
9.05 	 0.396579
9.055 	 0.396564
9.06 	 0.39655
9.065 	 0.39655
9.07 	 0.396521
9.075 	 0.396507
9.08 	 0.396492
9.085 	 0.396478
9.09 	 0.396463
9.095 	 0.396449
9.1 	 0.396435
9.105 	 0.39642
9.11 	 0.39642
9.115 	 0.396391
9.12 	 0.396377
9.125 	 0.396362
9.13 	 0.396348
9.135 	 0.396334
9.14 	 0.396319
9.145 	 0.396319
9.15 	 0.39629
9.155 	 0.39629
9.16 	 0.396262
9.165 	 0.396247
9.17 	 0.396233
9.175 	 0.396219
9.18 	 0.396204
9.185 	 0.39619
9.19 	 0.39619
9.195 	 0.396161
9.2 	 0.396147
9.205 	 0.396132
9.21 	 0.396118
9.215 	 0.396104
9.22 	 0.396089
9.225 	 0.396075
9.23 	 0.396061
9.235 	 0.396061
9.24 	 0.396032
9.245 	 0.396018
9.25 	 0.396003
9.255 	 0.395989
9.26 	 0.395975
9.265 	 0.39596
9.27 	 0.39596
9.275 	 0.395932
9.28 	 0.395932
9.285 	 0.395903
9.29 	 0.395889
9.295 	 0.395875
9.3 	 0.39586
9.305 	 0.395846
9.31 	 0.395832
9.315 	 0.395832
9.32 	 0.395803
9.325 	 0.395789
9.33 	 0.395775
9.335 	 0.39576
9.34 	 0.395746
9.345 	 0.395732
9.35 	 0.395718
9.355 	 0.395703
9.36 	 0.395703
9.365 	 0.395675
9.37 	 0.395661
9.375 	 0.395647
9.38 	 0.395632
9.385 	 0.395618
9.39 	 0.395604
9.395 	 0.395604
9.4 	 0.395575
9.405 	 0.395575
9.41 	 0.395547
9.415 	 0.395533
9.42 	 0.395519
9.425 	 0.395504
9.43 	 0.39549
9.435 	 0.395476
9.44 	 0.395476
9.445 	 0.395448
9.45 	 0.395433
9.455 	 0.395419
9.46 	 0.395405
9.465 	 0.395391
9.47 	 0.395377
9.475 	 0.395362
9.48 	 0.395348
9.485 	 0.395348
9.49 	 0.39532
9.495 	 0.395306
9.5 	 0.395292
9.505 	 0.395278
9.51 	 0.395263
9.515 	 0.395249
9.52 	 0.395249
9.525 	 0.395221
9.53 	 0.395221
9.535 	 0.395193
9.54 	 0.395179
9.545 	 0.395164
9.55 	 0.39515
9.555 	 0.395136
9.56 	 0.395122
9.565 	 0.395122
9.57 	 0.395094
9.575 	 0.39508
9.58 	 0.395066
9.585 	 0.395052
9.59 	 0.395037
9.595 	 0.395023
9.6 	 0.395009
9.605 	 0.394995
9.61 	 0.394995
9.615 	 0.394967
9.62 	 0.394953
9.625 	 0.394939
9.63 	 0.394925
9.635 	 0.394911
9.64 	 0.394897
9.645 	 0.394897
9.65 	 0.394869
9.655 	 0.394869
9.66 	 0.39484
9.665 	 0.394826
9.67 	 0.394812
9.675 	 0.394798
9.68 	 0.394784
9.685 	 0.39477
9.69 	 0.39477
9.695 	 0.394742
9.7 	 0.394728
9.705 	 0.394714
9.71 	 0.3947
9.715 	 0.394686
9.72 	 0.394672
9.725 	 0.394658
9.73 	 0.394644
9.735 	 0.394644
9.74 	 0.394616
9.745 	 0.394602
9.75 	 0.394588
9.755 	 0.394574
9.76 	 0.39456
9.765 	 0.394546
9.77 	 0.394546
9.775 	 0.394518
9.78 	 0.394518
9.785 	 0.39449
9.79 	 0.394476
9.795 	 0.394462
9.8 	 0.394448
9.805 	 0.394434
9.81 	 0.39442
9.815 	 0.39442
9.82 	 0.394393
9.825 	 0.394379
9.83 	 0.394365
9.835 	 0.394351
9.84 	 0.394337
9.845 	 0.394323
9.85 	 0.394309
9.855 	 0.394295
9.86 	 0.394295
9.865 	 0.394267
9.87 	 0.394253
9.875 	 0.394239
9.88 	 0.394225
9.885 	 0.394211
9.89 	 0.394198
9.895 	 0.394198
9.9 	 0.39417
9.905 	 0.39417
9.91 	 0.394142
9.915 	 0.394128
9.92 	 0.394114
9.925 	 0.3941
9.93 	 0.394086
9.935 	 0.394073
9.94 	 0.394073
9.945 	 0.394045
9.95 	 0.394031
9.955 	 0.394017
9.96 	 0.394003
9.965 	 0.393989
9.97 	 0.393975
9.975 	 0.393962
9.98 	 0.393948
9.985 	 0.393948
9.99 	 0.39392
9.995 	 0.393906
10 	 0.393892
10.005 	 0.393879
10.01 	 0.393865
10.015 	 0.393851
10.02 	 0.393851
10.025 	 0.393823
10.03 	 0.393823
10.035 	 0.393796
10.04 	 0.393782
10.045 	 0.393768
10.05 	 0.393754
10.055 	 0.39374
10.06 	 0.393727
10.065 	 0.393727
10.07 	 0.393699
10.075 	 0.393685
10.08 	 0.393671
10.085 	 0.393658
10.09 	 0.393644
10.095 	 0.39363
10.1 	 0.393616
10.105 	 0.393602
10.11 	 0.393602
10.115 	 0.393575
10.12 	 0.393561
10.125 	 0.393547
10.13 	 0.393534
10.135 	 0.39352
10.14 	 0.393506
10.145 	 0.393506
10.15 	 0.393479
10.155 	 0.393479
10.16 	 0.393451
10.165 	 0.393437
10.17 	 0.393424
10.175 	 0.39341
10.18 	 0.393396
10.185 	 0.393382
10.19 	 0.393382
10.195 	 0.393355
10.2 	 0.393341
10.205 	 0.393328
10.21 	 0.393314
10.215 	 0.3933
10.22 	 0.393286
10.225 	 0.393273
10.23 	 0.393259
10.235 	 0.393259
10.24 	 0.393232
10.245 	 0.393218
10.25 	 0.393204
10.255 	 0.393191
10.26 	 0.393177
10.265 	 0.393163
10.27 	 0.39315
10.275 	 0.393136
10.28 	 0.393122
10.285 	 0.393109
10.29 	 0.393095
10.295 	 0.393081
10.3 	 0.393068
10.305 	 0.393054
10.31 	 0.39304
10.315 	 0.393027
10.32 	 0.393013
10.325 	 0.392999
10.33 	 0.392986
10.335 	 0.392972
10.34 	 0.392958
10.345 	 0.392945
10.35 	 0.392931
10.355 	 0.392917
10.36 	 0.392904
10.365 	 0.39289
10.37 	 0.392877
10.375 	 0.392863
10.38 	 0.392849
10.385 	 0.392836
10.39 	 0.392822
10.395 	 0.392809
10.4 	 0.392795
10.405 	 0.392781
10.41 	 0.392768
10.415 	 0.392754
10.42 	 0.392741
10.425 	 0.392727
10.43 	 0.392713
10.435 	 0.3927
10.44 	 0.392686
10.445 	 0.392673
10.45 	 0.392659
10.455 	 0.392645
10.46 	 0.392632
10.465 	 0.392618
10.47 	 0.392605
10.475 	 0.392591
10.48 	 0.392578
10.485 	 0.392564
10.49 	 0.392551
10.495 	 0.392537
10.5 	 0.392523
10.505 	 0.39251
10.51 	 0.392496
10.515 	 0.392483
10.52 	 0.392469
10.525 	 0.392456
10.53 	 0.392442
10.535 	 0.392429
10.54 	 0.392415
10.545 	 0.392402
10.55 	 0.392388
10.555 	 0.392375
10.56 	 0.392361
10.565 	 0.392348
10.57 	 0.392334
10.575 	 0.392321
10.58 	 0.392307
10.585 	 0.392294
10.59 	 0.39228
10.595 	 0.392267
10.6 	 0.392253
10.605 	 0.39224
10.61 	 0.392226
10.615 	 0.392213
10.62 	 0.392199
10.625 	 0.392186
10.63 	 0.392172
10.635 	 0.392159
10.64 	 0.392145
10.645 	 0.392132
10.65 	 0.392118
10.655 	 0.392105
10.66 	 0.392092
10.665 	 0.392078
10.67 	 0.392065
10.675 	 0.392051
10.68 	 0.392038
10.685 	 0.392024
10.69 	 0.392011
10.695 	 0.391997
10.7 	 0.391984
10.705 	 0.391971
10.71 	 0.391957
10.715 	 0.391944
10.72 	 0.39193
10.725 	 0.391917
10.73 	 0.391903
10.735 	 0.39189
10.74 	 0.391877
10.745 	 0.391863
10.75 	 0.39185
10.755 	 0.391836
10.76 	 0.391823
10.765 	 0.39181
10.77 	 0.391796
10.775 	 0.391783
10.78 	 0.391769
10.785 	 0.391756
10.79 	 0.391743
10.795 	 0.391729
10.8 	 0.391716
10.805 	 0.391702
10.81 	 0.391689
10.815 	 0.391676
10.82 	 0.391662
10.825 	 0.391649
10.83 	 0.391636
10.835 	 0.391622
10.84 	 0.391609
10.845 	 0.391596
10.85 	 0.391582
10.855 	 0.391569
10.86 	 0.391556
10.865 	 0.391542
10.87 	 0.391529
10.875 	 0.391516
10.88 	 0.391502
10.885 	 0.391489
10.89 	 0.391476
10.895 	 0.391462
10.9 	 0.391449
10.905 	 0.391436
10.91 	 0.391422
10.915 	 0.391409
10.92 	 0.391396
10.925 	 0.391382
10.93 	 0.391369
10.935 	 0.391356
10.94 	 0.391342
10.945 	 0.391329
10.95 	 0.391316
10.955 	 0.391302
10.96 	 0.391289
10.965 	 0.391276
10.97 	 0.391263
10.975 	 0.391249
10.98 	 0.391236
10.985 	 0.391223
10.99 	 0.391209
10.995 	 0.391196
11 	 0.391183
11.005 	 0.39117
11.01 	 0.391156
11.015 	 0.391143
11.02 	 0.39113
11.025 	 0.391117
11.03 	 0.391103
11.035 	 0.39109
11.04 	 0.391077
11.045 	 0.391064
11.05 	 0.39105
11.055 	 0.391037
11.06 	 0.391024
11.065 	 0.391011
11.07 	 0.390997
11.075 	 0.390984
11.08 	 0.390971
11.085 	 0.390958
11.09 	 0.390944
11.095 	 0.390931
11.1 	 0.390918
11.105 	 0.390905
11.11 	 0.390892
11.115 	 0.390878
11.12 	 0.390865
11.125 	 0.390852
11.13 	 0.390839
11.135 	 0.390826
11.14 	 0.390812
11.145 	 0.390799
11.15 	 0.390786
11.155 	 0.390773
11.16 	 0.39076
11.165 	 0.390746
11.17 	 0.390733
11.175 	 0.39072
11.18 	 0.390707
11.185 	 0.390694
11.19 	 0.390681
11.195 	 0.390667
11.2 	 0.390654
11.205 	 0.390641
11.21 	 0.390628
11.215 	 0.390615
11.22 	 0.390602
11.225 	 0.390588
11.23 	 0.390575
11.235 	 0.390562
11.24 	 0.390549
11.245 	 0.390536
11.25 	 0.390523
11.255 	 0.39051
11.26 	 0.390496
11.265 	 0.390483
11.27 	 0.39047
11.275 	 0.390457
11.28 	 0.390444
11.285 	 0.390431
11.29 	 0.390418
11.295 	 0.390405
11.3 	 0.390391
11.305 	 0.390378
11.31 	 0.390365
11.315 	 0.390352
11.32 	 0.390339
11.325 	 0.390326
11.33 	 0.390313
11.335 	 0.3903
11.34 	 0.390287
11.345 	 0.390274
11.35 	 0.39026
11.355 	 0.390247
11.36 	 0.390234
11.365 	 0.390221
11.37 	 0.390208
11.375 	 0.390195
11.38 	 0.390182
11.385 	 0.390169
11.39 	 0.390156
11.395 	 0.390143
11.4 	 0.39013
11.405 	 0.390117
11.41 	 0.390104
11.415 	 0.390091
11.42 	 0.390077
11.425 	 0.390064
11.43 	 0.390051
11.435 	 0.390038
11.44 	 0.390025
11.445 	 0.390012
11.45 	 0.389999
11.455 	 0.389986
11.46 	 0.389973
11.465 	 0.38996
11.47 	 0.389947
11.475 	 0.389934
11.48 	 0.389921
11.485 	 0.389908
11.49 	 0.389895
11.495 	 0.389882
11.5 	 0.389869
11.505 	 0.389856
11.51 	 0.389843
11.515 	 0.38983
11.52 	 0.389817
11.525 	 0.389804
11.53 	 0.389791
11.535 	 0.389778
11.54 	 0.389765
11.545 	 0.389752
11.55 	 0.389739
11.555 	 0.389726
11.56 	 0.389713
11.565 	 0.3897
11.57 	 0.389687
11.575 	 0.389674
11.58 	 0.389661
11.585 	 0.389648
11.59 	 0.389635
11.595 	 0.389622
11.6 	 0.389609
11.605 	 0.389596
11.61 	 0.389583
11.615 	 0.38957
11.62 	 0.389557
11.625 	 0.389544
11.63 	 0.389531
11.635 	 0.389519
11.64 	 0.389506
11.645 	 0.389493
11.65 	 0.38948
11.655 	 0.389467
11.66 	 0.389454
11.665 	 0.389441
11.67 	 0.389428
11.675 	 0.389415
11.68 	 0.389402
11.685 	 0.389389
11.69 	 0.389376
11.695 	 0.389363
11.7 	 0.38935
11.705 	 0.389338
11.71 	 0.389325
11.715 	 0.389312
11.72 	 0.389299
11.725 	 0.389286
11.73 	 0.389273
11.735 	 0.38926
11.74 	 0.389247
11.745 	 0.389234
11.75 	 0.389221
11.755 	 0.389209
11.76 	 0.389196
11.765 	 0.389183
11.77 	 0.38917
11.775 	 0.389157
11.78 	 0.389144
11.785 	 0.389131
11.79 	 0.389118
11.795 	 0.389106
11.8 	 0.389093
11.805 	 0.38908
11.81 	 0.389067
11.815 	 0.389054
11.82 	 0.389041
11.825 	 0.389028
11.83 	 0.389016
11.835 	 0.389003
11.84 	 0.38899
11.845 	 0.388977
11.85 	 0.388964
11.855 	 0.388951
11.86 	 0.388938
11.865 	 0.388926
11.87 	 0.388913
11.875 	 0.3889
11.88 	 0.388887
11.885 	 0.388874
11.89 	 0.388862
11.895 	 0.388849
11.9 	 0.388836
11.905 	 0.388823
11.91 	 0.38881
11.915 	 0.388797
11.92 	 0.388785
11.925 	 0.388772
11.93 	 0.388759
11.935 	 0.388746
11.94 	 0.388733
11.945 	 0.388721
11.95 	 0.388708
11.955 	 0.388695
11.96 	 0.388682
11.965 	 0.388669
11.97 	 0.388657
11.975 	 0.388644
11.98 	 0.388631
11.985 	 0.388618
11.99 	 0.388606
11.995 	 0.388593
12 	 0.38858
12.005 	 0.388567
12.01 	 0.388554
12.015 	 0.388542
12.02 	 0.388529
12.025 	 0.388516
12.03 	 0.388503
12.035 	 0.388491
12.04 	 0.388478
12.045 	 0.388465
12.05 	 0.388452
12.055 	 0.38844
12.06 	 0.388427
12.065 	 0.388414
12.07 	 0.388401
12.075 	 0.388389
12.08 	 0.388376
12.085 	 0.388363
12.09 	 0.388351
12.095 	 0.388338
12.1 	 0.388325
12.105 	 0.388312
12.11 	 0.3883
12.115 	 0.388287
12.12 	 0.388274
12.125 	 0.388262
12.13 	 0.388249
12.135 	 0.388236
12.14 	 0.388223
12.145 	 0.388211
12.15 	 0.388198
12.155 	 0.388185
12.16 	 0.388173
12.165 	 0.38816
12.17 	 0.388147
12.175 	 0.388135
12.18 	 0.388122
12.185 	 0.388109
12.19 	 0.388096
12.195 	 0.388084
12.2 	 0.388071
12.205 	 0.388058
12.21 	 0.388046
12.215 	 0.388033
12.22 	 0.38802
12.225 	 0.388008
12.23 	 0.387995
12.235 	 0.387982
12.24 	 0.38797
12.245 	 0.387957
12.25 	 0.387944
12.255 	 0.387932
12.26 	 0.387919
12.265 	 0.387907
12.27 	 0.387894
12.275 	 0.387881
12.28 	 0.387869
12.285 	 0.387856
12.29 	 0.387843
12.295 	 0.387831
12.3 	 0.387818
12.305 	 0.387805
12.31 	 0.387793
12.315 	 0.38778
12.32 	 0.387768
12.325 	 0.387755
12.33 	 0.387742
12.335 	 0.38773
12.34 	 0.387717
12.345 	 0.387704
12.35 	 0.387692
12.355 	 0.387679
12.36 	 0.387667
12.365 	 0.387654
12.37 	 0.387641
12.375 	 0.387629
12.38 	 0.387616
12.385 	 0.387604
12.39 	 0.387591
12.395 	 0.387578
12.4 	 0.387566
12.405 	 0.387553
12.41 	 0.387541
12.415 	 0.387528
12.42 	 0.387516
12.425 	 0.387503
12.43 	 0.38749
12.435 	 0.387478
12.44 	 0.387465
12.445 	 0.387453
12.45 	 0.38744
12.455 	 0.387428
12.46 	 0.387415
12.465 	 0.387403
12.47 	 0.38739
12.475 	 0.387377
12.48 	 0.387365
12.485 	 0.387352
12.49 	 0.38734
12.495 	 0.387327
12.5 	 0.387315
12.505 	 0.387302
12.51 	 0.38729
12.515 	 0.387277
12.52 	 0.387265
12.525 	 0.387252
12.53 	 0.387239
12.535 	 0.387227
12.54 	 0.387214
12.545 	 0.387202
12.55 	 0.387189
12.555 	 0.387177
12.56 	 0.387164
12.565 	 0.387152
12.57 	 0.387139
12.575 	 0.387127
12.58 	 0.387114
12.585 	 0.387102
12.59 	 0.387089
12.595 	 0.387077
12.6 	 0.387064
12.605 	 0.387052
12.61 	 0.387039
12.615 	 0.387027
12.62 	 0.387014
12.625 	 0.387002
12.63 	 0.386989
12.635 	 0.386977
12.64 	 0.386964
12.645 	 0.386952
12.65 	 0.386939
12.655 	 0.386927
12.66 	 0.386915
12.665 	 0.386902
12.67 	 0.38689
12.675 	 0.386877
12.68 	 0.386865
12.685 	 0.386852
12.69 	 0.38684
12.695 	 0.386827
12.7 	 0.386815
12.705 	 0.386802
12.71 	 0.38679
12.715 	 0.386778
12.72 	 0.386765
12.725 	 0.386753
12.73 	 0.38674
12.735 	 0.386728
12.74 	 0.386715
12.745 	 0.386703
12.75 	 0.38669
12.755 	 0.386678
12.76 	 0.386666
12.765 	 0.386653
12.77 	 0.386641
12.775 	 0.386628
12.78 	 0.386616
12.785 	 0.386604
12.79 	 0.386591
12.795 	 0.386579
12.8 	 0.386566
12.805 	 0.386554
12.81 	 0.386541
12.815 	 0.386529
12.82 	 0.386517
12.825 	 0.386504
12.83 	 0.386492
12.835 	 0.386479
12.84 	 0.386467
12.845 	 0.386455
12.85 	 0.386442
12.855 	 0.38643
12.86 	 0.386418
12.865 	 0.386405
12.87 	 0.386393
12.875 	 0.38638
12.88 	 0.386368
12.885 	 0.386356
12.89 	 0.386343
12.895 	 0.386331
12.9 	 0.386319
12.905 	 0.386306
12.91 	 0.386294
12.915 	 0.386282
12.92 	 0.386269
12.925 	 0.386257
12.93 	 0.386244
12.935 	 0.386232
12.94 	 0.38622
12.945 	 0.386207
12.95 	 0.386195
12.955 	 0.386183
12.96 	 0.38617
12.965 	 0.386158
12.97 	 0.386146
12.975 	 0.386133
12.98 	 0.386121
12.985 	 0.386109
12.99 	 0.386096
12.995 	 0.386084
13 	 0.386072
13.005 	 0.386059
13.01 	 0.386047
13.015 	 0.386035
13.02 	 0.386022
13.025 	 0.38601
13.03 	 0.385998
13.035 	 0.385986
13.04 	 0.385973
13.045 	 0.385961
13.05 	 0.385949
13.055 	 0.385936
13.06 	 0.385924
13.065 	 0.385912
13.07 	 0.385899
13.075 	 0.385887
13.08 	 0.385875
13.085 	 0.385863
13.09 	 0.38585
13.095 	 0.385838
13.1 	 0.385826
13.105 	 0.385813
13.11 	 0.385801
13.115 	 0.385789
13.12 	 0.385777
13.125 	 0.385764
13.13 	 0.385752
13.135 	 0.38574
13.14 	 0.385728
13.145 	 0.385715
13.15 	 0.385703
13.155 	 0.385691
13.16 	 0.385679
13.165 	 0.385666
13.17 	 0.385654
13.175 	 0.385642
13.18 	 0.38563
13.185 	 0.385617
13.19 	 0.385605
13.195 	 0.385593
13.2 	 0.385581
13.205 	 0.385568
13.21 	 0.385556
13.215 	 0.385544
13.22 	 0.385532
13.225 	 0.385519
13.23 	 0.385507
13.235 	 0.385495
13.24 	 0.385483
13.245 	 0.385471
13.25 	 0.385458
13.255 	 0.385446
13.26 	 0.385434
13.265 	 0.385422
13.27 	 0.385409
13.275 	 0.385397
13.28 	 0.385385
13.285 	 0.385373
13.29 	 0.385361
13.295 	 0.385348
13.3 	 0.385336
13.305 	 0.385324
13.31 	 0.385312
13.315 	 0.3853
13.32 	 0.385287
13.325 	 0.385275
13.33 	 0.385263
13.335 	 0.385251
13.34 	 0.385239
13.345 	 0.385227
13.35 	 0.385214
13.355 	 0.385202
13.36 	 0.38519
13.365 	 0.385178
13.37 	 0.385166
13.375 	 0.385154
13.38 	 0.385141
13.385 	 0.385129
13.39 	 0.385117
13.395 	 0.385105
13.4 	 0.385093
13.405 	 0.385081
13.41 	 0.385068
13.415 	 0.385056
13.42 	 0.385044
13.425 	 0.385032
13.43 	 0.38502
13.435 	 0.385008
13.44 	 0.384996
13.445 	 0.384983
13.45 	 0.384971
13.455 	 0.384959
13.46 	 0.384947
13.465 	 0.384935
13.47 	 0.384923
13.475 	 0.384911
13.48 	 0.384899
13.485 	 0.384886
13.49 	 0.384874
13.495 	 0.384862
13.5 	 0.38485
13.505 	 0.384838
13.51 	 0.384826
13.515 	 0.384814
13.52 	 0.384802
13.525 	 0.38479
13.53 	 0.384777
13.535 	 0.384765
13.54 	 0.384753
13.545 	 0.384741
13.55 	 0.384729
13.555 	 0.384717
13.56 	 0.384705
13.565 	 0.384693
13.57 	 0.384681
13.575 	 0.384669
13.58 	 0.384657
13.585 	 0.384644
13.59 	 0.384632
13.595 	 0.38462
13.6 	 0.384608
13.605 	 0.384596
13.61 	 0.384584
13.615 	 0.384572
13.62 	 0.38456
13.625 	 0.384548
13.63 	 0.384536
13.635 	 0.384524
13.64 	 0.384512
13.645 	 0.3845
13.65 	 0.384488
13.655 	 0.384476
13.66 	 0.384463
13.665 	 0.384451
13.67 	 0.384439
13.675 	 0.384427
13.68 	 0.384415
13.685 	 0.384403
13.69 	 0.384391
13.695 	 0.384379
13.7 	 0.384367
13.705 	 0.384355
13.71 	 0.384343
13.715 	 0.384331
13.72 	 0.384319
13.725 	 0.384307
13.73 	 0.384295
13.735 	 0.384283
13.74 	 0.384271
13.745 	 0.384259
13.75 	 0.384247
13.755 	 0.384235
13.76 	 0.384223
13.765 	 0.384211
13.77 	 0.384199
13.775 	 0.384187
13.78 	 0.384175
13.785 	 0.384163
13.79 	 0.384151
13.795 	 0.384139
13.8 	 0.384127
13.805 	 0.384115
13.81 	 0.384103
13.815 	 0.384091
13.82 	 0.384079
13.825 	 0.384067
13.83 	 0.384055
13.835 	 0.384043
13.84 	 0.384031
13.845 	 0.384019
13.85 	 0.384007
13.855 	 0.383995
13.86 	 0.383983
13.865 	 0.383971
13.87 	 0.383959
13.875 	 0.383947
13.88 	 0.383935
13.885 	 0.383923
13.89 	 0.383911
13.895 	 0.383899
13.9 	 0.383887
13.905 	 0.383875
13.91 	 0.383864
13.915 	 0.383852
13.92 	 0.38384
13.925 	 0.383828
13.93 	 0.383816
13.935 	 0.383804
13.94 	 0.383792
13.945 	 0.38378
13.95 	 0.383768
13.955 	 0.383756
13.96 	 0.383744
13.965 	 0.383732
13.97 	 0.38372
13.975 	 0.383708
13.98 	 0.383696
13.985 	 0.383684
13.99 	 0.383673
13.995 	 0.383661
14 	 0.383649
14.005 	 0.383637
14.01 	 0.383625
14.015 	 0.383613
14.02 	 0.383601
14.025 	 0.383589
14.03 	 0.383577
14.035 	 0.383565
14.04 	 0.383553
14.045 	 0.383542
14.05 	 0.38353
14.055 	 0.383518
14.06 	 0.383506
14.065 	 0.383494
14.07 	 0.383482
14.075 	 0.38347
14.08 	 0.383458
14.085 	 0.383446
14.09 	 0.383435
14.095 	 0.383423
14.1 	 0.383411
14.105 	 0.383399
14.11 	 0.383387
14.115 	 0.383375
14.12 	 0.383363
14.125 	 0.383351
14.13 	 0.38334
14.135 	 0.383328
14.14 	 0.383316
14.145 	 0.383304
14.15 	 0.383292
14.155 	 0.38328
14.16 	 0.383268
14.165 	 0.383257
14.17 	 0.383245
14.175 	 0.383233
14.18 	 0.383221
14.185 	 0.383209
14.19 	 0.383197
14.195 	 0.383185
14.2 	 0.383174
14.205 	 0.383162
14.21 	 0.38315
14.215 	 0.383138
14.22 	 0.383126
14.225 	 0.383114
14.23 	 0.383103
14.235 	 0.383091
14.24 	 0.383079
14.245 	 0.383067
14.25 	 0.383055
14.255 	 0.383044
14.26 	 0.383032
14.265 	 0.38302
14.27 	 0.383008
14.275 	 0.382996
14.28 	 0.382984
14.285 	 0.382973
14.29 	 0.382961
14.295 	 0.382949
14.3 	 0.382937
14.305 	 0.382925
14.31 	 0.382914
14.315 	 0.382902
14.32 	 0.38289
14.325 	 0.382878
14.33 	 0.382867
14.335 	 0.382855
14.34 	 0.382843
14.345 	 0.382831
14.35 	 0.382819
14.355 	 0.382808
14.36 	 0.382796
14.365 	 0.382784
14.37 	 0.382772
14.375 	 0.38276
14.38 	 0.382749
14.385 	 0.382737
14.39 	 0.382725
14.395 	 0.382713
14.4 	 0.382702
14.405 	 0.38269
14.41 	 0.382678
14.415 	 0.382666
14.42 	 0.382655
14.425 	 0.382643
14.43 	 0.382631
14.435 	 0.382619
14.44 	 0.382608
14.445 	 0.382596
14.45 	 0.382584
14.455 	 0.382572
14.46 	 0.382561
14.465 	 0.382549
14.47 	 0.382537
14.475 	 0.382525
14.48 	 0.382514
14.485 	 0.382502
14.49 	 0.38249
14.495 	 0.382478
14.5 	 0.382467
14.505 	 0.382455
14.51 	 0.382443
14.515 	 0.382432
14.52 	 0.38242
14.525 	 0.382408
14.53 	 0.382396
14.535 	 0.382385
14.54 	 0.382373
14.545 	 0.382361
14.55 	 0.38235
14.555 	 0.382338
14.56 	 0.382326
14.565 	 0.382314
14.57 	 0.382303
14.575 	 0.382291
14.58 	 0.382279
14.585 	 0.382268
14.59 	 0.382256
14.595 	 0.382244
14.6 	 0.382233
14.605 	 0.382221
14.61 	 0.382209
14.615 	 0.382198
14.62 	 0.382186
14.625 	 0.382174
14.63 	 0.382163
14.635 	 0.382151
14.64 	 0.382139
14.645 	 0.382128
14.65 	 0.382116
14.655 	 0.382104
14.66 	 0.382093
14.665 	 0.382081
14.67 	 0.382069
14.675 	 0.382058
14.68 	 0.382046
14.685 	 0.382034
14.69 	 0.382023
14.695 	 0.382011
14.7 	 0.381999
14.705 	 0.381988
14.71 	 0.381976
14.715 	 0.381964
14.72 	 0.381953
14.725 	 0.381941
14.73 	 0.381929
14.735 	 0.381918
14.74 	 0.381906
14.745 	 0.381894
14.75 	 0.381883
14.755 	 0.381871
14.76 	 0.38186
14.765 	 0.381848
14.77 	 0.381836
14.775 	 0.381825
14.78 	 0.381813
14.785 	 0.381801
14.79 	 0.38179
14.795 	 0.381778
14.8 	 0.381767
14.805 	 0.381755
14.81 	 0.381743
14.815 	 0.381732
14.82 	 0.38172
14.825 	 0.381709
14.83 	 0.381697
14.835 	 0.381685
14.84 	 0.381674
14.845 	 0.381662
14.85 	 0.381651
14.855 	 0.381639
14.86 	 0.381627
14.865 	 0.381616
14.87 	 0.381604
14.875 	 0.381593
14.88 	 0.381581
14.885 	 0.381569
14.89 	 0.381558
14.895 	 0.381546
14.9 	 0.381535
14.905 	 0.381523
14.91 	 0.381511
14.915 	 0.3815
14.92 	 0.381488
14.925 	 0.381477
14.93 	 0.381465
14.935 	 0.381454
14.94 	 0.381442
14.945 	 0.38143
14.95 	 0.381419
14.955 	 0.381407
14.96 	 0.381396
14.965 	 0.381384
14.97 	 0.381373
14.975 	 0.381361
14.98 	 0.38135
14.985 	 0.381338
14.99 	 0.381326
14.995 	 0.381315
15 	 0.381303
15.005 	 0.381292
15.01 	 0.38128
15.015 	 0.381269
15.02 	 0.381257
15.025 	 0.381246
15.03 	 0.381234
15.035 	 0.381223
15.04 	 0.381211
15.045 	 0.3812
15.05 	 0.381188
15.055 	 0.381177
15.06 	 0.381165
15.065 	 0.381153
15.07 	 0.381142
15.075 	 0.38113
15.08 	 0.381119
15.085 	 0.381107
15.09 	 0.381096
15.095 	 0.381084
15.1 	 0.381073
15.105 	 0.381061
15.11 	 0.38105
15.115 	 0.381038
15.12 	 0.381027
15.125 	 0.381015
15.13 	 0.381004
15.135 	 0.380992
15.14 	 0.380981
15.145 	 0.380969
15.15 	 0.380958
15.155 	 0.380946
15.16 	 0.380935
15.165 	 0.380923
15.17 	 0.380912
15.175 	 0.3809
15.18 	 0.380889
15.185 	 0.380878
15.19 	 0.380866
15.195 	 0.380855
15.2 	 0.380843
15.205 	 0.380832
15.21 	 0.38082
15.215 	 0.380809
15.22 	 0.380797
15.225 	 0.380786
15.23 	 0.380774
15.235 	 0.380763
15.24 	 0.380751
15.245 	 0.38074
15.25 	 0.380728
15.255 	 0.380717
15.26 	 0.380706
15.265 	 0.380694
15.27 	 0.380683
15.275 	 0.380671
15.28 	 0.38066
15.285 	 0.380648
15.29 	 0.380637
15.295 	 0.380625
15.3 	 0.380614
15.305 	 0.380603
15.31 	 0.380591
15.315 	 0.38058
15.32 	 0.380568
15.325 	 0.380557
15.33 	 0.380545
15.335 	 0.380534
15.34 	 0.380523
15.345 	 0.380511
15.35 	 0.3805
15.355 	 0.380488
15.36 	 0.380477
15.365 	 0.380465
15.37 	 0.380454
15.375 	 0.380443
15.38 	 0.380431
15.385 	 0.38042
15.39 	 0.380408
15.395 	 0.380397
15.4 	 0.380386
15.405 	 0.380374
15.41 	 0.380363
15.415 	 0.380351
15.42 	 0.38034
15.425 	 0.380329
15.43 	 0.380317
15.435 	 0.380306
15.44 	 0.380294
15.445 	 0.380283
15.45 	 0.380272
15.455 	 0.38026
15.46 	 0.380249
15.465 	 0.380238
15.47 	 0.380226
15.475 	 0.380215
15.48 	 0.380203
15.485 	 0.380192
15.49 	 0.380181
15.495 	 0.380169
15.5 	 0.380158
15.505 	 0.380147
15.51 	 0.380135
15.515 	 0.380124
15.52 	 0.380112
15.525 	 0.380101
15.53 	 0.38009
15.535 	 0.380078
15.54 	 0.380067
15.545 	 0.380056
15.55 	 0.380044
15.555 	 0.380033
15.56 	 0.380022
15.565 	 0.38001
15.57 	 0.379999
15.575 	 0.379988
15.58 	 0.379976
15.585 	 0.379965
15.59 	 0.379954
15.595 	 0.379942
15.6 	 0.379931
15.605 	 0.37992
15.61 	 0.379908
15.615 	 0.379897
15.62 	 0.379886
15.625 	 0.379874
15.63 	 0.379863
15.635 	 0.379852
15.64 	 0.37984
15.645 	 0.379829
15.65 	 0.379818
15.655 	 0.379806
15.66 	 0.379795
15.665 	 0.379784
15.67 	 0.379772
15.675 	 0.379761
15.68 	 0.37975
15.685 	 0.379738
15.69 	 0.379727
15.695 	 0.379716
15.7 	 0.379705
15.705 	 0.379693
15.71 	 0.379682
15.715 	 0.379671
15.72 	 0.379659
15.725 	 0.379648
15.73 	 0.379637
15.735 	 0.379625
15.74 	 0.379614
15.745 	 0.379603
15.75 	 0.379592
15.755 	 0.37958
15.76 	 0.379569
15.765 	 0.379558
15.77 	 0.379547
15.775 	 0.379535
15.78 	 0.379524
15.785 	 0.379513
15.79 	 0.379501
15.795 	 0.37949
15.8 	 0.379479
15.805 	 0.379468
15.81 	 0.379456
15.815 	 0.379445
15.82 	 0.379434
15.825 	 0.379423
15.83 	 0.379411
15.835 	 0.3794
15.84 	 0.379389
15.845 	 0.379378
15.85 	 0.379366
15.855 	 0.379355
15.86 	 0.379344
15.865 	 0.379333
15.87 	 0.379321
15.875 	 0.37931
15.88 	 0.379299
15.885 	 0.379288
15.89 	 0.379276
15.895 	 0.379265
15.9 	 0.379254
15.905 	 0.379243
15.91 	 0.379231
15.915 	 0.37922
15.92 	 0.379209
15.925 	 0.379198
15.93 	 0.379187
15.935 	 0.379175
15.94 	 0.379164
15.945 	 0.379153
15.95 	 0.379142
15.955 	 0.37913
15.96 	 0.379119
15.965 	 0.379108
15.97 	 0.379097
15.975 	 0.379086
15.98 	 0.379074
15.985 	 0.379063
15.99 	 0.379052
15.995 	 0.379041
16 	 0.37903
16.005 	 0.37903
16.01 	 0.379007
16.015 	 0.378996
16.02 	 0.378985
16.025 	 0.378985
16.03 	 0.378962
16.035 	 0.378951
16.04 	 0.378951
16.045 	 0.378929
16.05 	 0.378918
16.055 	 0.378906
16.06 	 0.378906
16.065 	 0.378884
16.07 	 0.378873
16.075 	 0.378862
16.08 	 0.378851
16.085 	 0.378839
16.09 	 0.378828
16.095 	 0.378828
16.1 	 0.378806
16.105 	 0.378795
16.11 	 0.378784
16.115 	 0.378772
16.12 	 0.378761
16.125 	 0.37875
16.13 	 0.37875
16.135 	 0.378728
16.14 	 0.378717
16.145 	 0.378705
16.15 	 0.378705
16.155 	 0.378683
16.16 	 0.378672
16.165 	 0.378672
16.17 	 0.37865
16.175 	 0.378639
16.18 	 0.378627
16.185 	 0.378627
16.19 	 0.378605
16.195 	 0.378594
16.2 	 0.378583
16.205 	 0.378572
16.21 	 0.378561
16.215 	 0.37855
16.22 	 0.37855
16.225 	 0.378527
16.23 	 0.378516
16.235 	 0.378505
16.24 	 0.378494
16.245 	 0.378483
16.25 	 0.378472
16.255 	 0.378472
16.26 	 0.378449
16.265 	 0.378438
16.27 	 0.378427
16.275 	 0.378427
16.28 	 0.378405
16.285 	 0.378394
16.29 	 0.378394
16.295 	 0.378372
16.3 	 0.378361
16.305 	 0.378349
16.31 	 0.378349
16.315 	 0.378327
16.32 	 0.378316
16.325 	 0.378305
16.33 	 0.378294
16.335 	 0.378283
16.34 	 0.378272
16.345 	 0.378272
16.35 	 0.37825
16.355 	 0.378239
16.36 	 0.378227
16.365 	 0.378216
16.37 	 0.378205
16.375 	 0.378194
16.38 	 0.378194
16.385 	 0.378172
16.39 	 0.378161
16.395 	 0.37815
16.4 	 0.37815
16.405 	 0.378128
16.41 	 0.378117
16.415 	 0.378117
16.42 	 0.378095
16.425 	 0.378084
16.43 	 0.378072
16.435 	 0.378072
16.44 	 0.37805
16.445 	 0.378039
16.45 	 0.378028
16.455 	 0.378017
16.46 	 0.378006
16.465 	 0.377995
16.47 	 0.377995
16.475 	 0.377973
16.48 	 0.377962
16.485 	 0.377951
16.49 	 0.37794
16.495 	 0.377929
16.5 	 0.377918
16.505 	 0.377918
16.51 	 0.377896
16.515 	 0.377885
16.52 	 0.377874
16.525 	 0.377874
16.53 	 0.377852
16.535 	 0.377841
16.54 	 0.377841
16.545 	 0.377819
16.55 	 0.377808
16.555 	 0.377797
16.56 	 0.377797
16.565 	 0.377774
16.57 	 0.377763
16.575 	 0.377752
16.58 	 0.377741
16.585 	 0.37773
16.59 	 0.377719
16.595 	 0.377719
16.6 	 0.377697
16.605 	 0.377686
16.61 	 0.377675
16.615 	 0.377664
16.62 	 0.377653
16.625 	 0.377642
16.63 	 0.377642
16.635 	 0.37762
16.64 	 0.377609
16.645 	 0.377598
16.65 	 0.377598
16.655 	 0.377576
16.66 	 0.377565
16.665 	 0.377565
16.67 	 0.377543
16.675 	 0.377533
16.68 	 0.377522
16.685 	 0.377522
16.69 	 0.3775
16.695 	 0.377489
16.7 	 0.377478
16.705 	 0.377467
16.71 	 0.377456
16.715 	 0.377445
16.72 	 0.377445
16.725 	 0.377423
16.73 	 0.377412
16.735 	 0.377401
16.74 	 0.37739
16.745 	 0.377379
16.75 	 0.377368
16.755 	 0.377368
16.76 	 0.377346
16.765 	 0.377335
16.77 	 0.377324
16.775 	 0.377324
16.78 	 0.377302
16.785 	 0.377291
16.79 	 0.377291
16.795 	 0.377269
16.8 	 0.377258
16.805 	 0.377248
16.81 	 0.377248
16.815 	 0.377226
16.82 	 0.377215
16.825 	 0.377204
16.83 	 0.377193
16.835 	 0.377182
16.84 	 0.377171
16.845 	 0.377171
16.85 	 0.377149
16.855 	 0.377138
16.86 	 0.377127
16.865 	 0.377116
16.87 	 0.377105
16.875 	 0.377095
16.88 	 0.377095
16.885 	 0.377073
16.89 	 0.377062
16.895 	 0.377051
16.9 	 0.377051
16.905 	 0.377029
16.91 	 0.377018
16.915 	 0.377018
16.92 	 0.376996
16.925 	 0.376985
16.93 	 0.376975
16.935 	 0.376975
16.94 	 0.376953
16.945 	 0.376942
16.95 	 0.376931
16.955 	 0.37692
16.96 	 0.376909
16.965 	 0.376898
16.97 	 0.376898
16.975 	 0.376876
16.98 	 0.376866
16.985 	 0.376855
16.99 	 0.376844
16.995 	 0.376833
17 	 0.376822
17.005 	 0.376822
17.01 	 0.3768
17.015 	 0.376789
17.02 	 0.376779
17.025 	 0.376779
17.03 	 0.376757
17.035 	 0.376746
17.04 	 0.376746
17.045 	 0.376724
17.05 	 0.376713
17.055 	 0.376702
17.06 	 0.376702
17.065 	 0.376681
17.07 	 0.37667
17.075 	 0.376659
17.08 	 0.376648
17.085 	 0.376637
17.09 	 0.376626
17.095 	 0.376626
17.1 	 0.376605
17.105 	 0.376594
17.11 	 0.376583
17.115 	 0.376572
17.12 	 0.376561
17.125 	 0.376551
17.13 	 0.376551
17.135 	 0.376529
17.14 	 0.376518
17.145 	 0.376507
17.15 	 0.376496
17.155 	 0.376486
17.16 	 0.376475
17.165 	 0.376475
17.17 	 0.376453
17.175 	 0.376442
17.18 	 0.376431
17.185 	 0.376431
17.19 	 0.37641
17.195 	 0.376399
17.2 	 0.376388
17.205 	 0.376377
17.21 	 0.376366
17.215 	 0.376356
17.22 	 0.376356
17.225 	 0.376334
17.23 	 0.376323
17.235 	 0.376312
17.24 	 0.376302
17.245 	 0.376291
17.25 	 0.37628
17.255 	 0.37628
17.26 	 0.376258
17.265 	 0.376248
17.27 	 0.376237
17.275 	 0.376226
17.28 	 0.376215
17.285 	 0.376204
17.29 	 0.376204
17.295 	 0.376183
17.3 	 0.376172
17.305 	 0.376161
17.31 	 0.376161
17.315 	 0.37614
17.32 	 0.376129
17.325 	 0.376118
17.33 	 0.376107
17.335 	 0.376097
17.34 	 0.376086
17.345 	 0.376086
17.35 	 0.376064
17.355 	 0.376053
17.36 	 0.376043
17.365 	 0.376032
17.37 	 0.376021
17.375 	 0.37601
17.38 	 0.37601
17.385 	 0.375989
17.39 	 0.375978
17.395 	 0.375967
17.4 	 0.375957
17.405 	 0.375946
17.41 	 0.375935
17.415 	 0.375935
17.42 	 0.375914
17.425 	 0.375903
17.43 	 0.375892
17.435 	 0.375892
17.44 	 0.375871
17.445 	 0.37586
17.45 	 0.375849
17.455 	 0.375838
17.46 	 0.375828
17.465 	 0.375817
17.47 	 0.375817
17.475 	 0.375795
17.48 	 0.375785
17.485 	 0.375774
17.49 	 0.375763
17.495 	 0.375753
17.5 	 0.375742
17.505 	 0.375742
17.51 	 0.37572
17.515 	 0.37571
17.52 	 0.375699
17.525 	 0.375688
17.53 	 0.375677
17.535 	 0.375667
17.54 	 0.375667
17.545 	 0.375645
17.55 	 0.375635
17.555 	 0.375624
17.56 	 0.375624
17.565 	 0.375602
17.57 	 0.375592
17.575 	 0.375581
17.58 	 0.37557
17.585 	 0.37556
17.59 	 0.375549
17.595 	 0.375549
17.6 	 0.375528
17.605 	 0.375517
17.61 	 0.375506
17.615 	 0.375495
17.62 	 0.375485
17.625 	 0.375474
17.63 	 0.375474
17.635 	 0.375453
17.64 	 0.375442
17.645 	 0.375431
17.65 	 0.375421
17.655 	 0.37541
17.66 	 0.375399
17.665 	 0.375399
17.67 	 0.375378
17.675 	 0.375367
17.68 	 0.375357
17.685 	 0.375357
17.69 	 0.375335
17.695 	 0.375325
17.7 	 0.375314
17.705 	 0.375303
17.71 	 0.375293
17.715 	 0.375282
17.72 	 0.375282
17.725 	 0.375261
17.73 	 0.37525
17.735 	 0.375239
17.74 	 0.375229
17.745 	 0.375218
17.75 	 0.375207
17.755 	 0.375207
17.76 	 0.375186
17.765 	 0.375175
17.77 	 0.375165
17.775 	 0.375154
17.78 	 0.375143
17.785 	 0.375133
17.79 	 0.375133
17.795 	 0.375111
17.8 	 0.375101
17.805 	 0.37509
17.81 	 0.37509
17.815 	 0.375069
17.82 	 0.375058
17.825 	 0.375048
17.83 	 0.375037
17.835 	 0.375026
17.84 	 0.375016
17.845 	 0.375016
17.85 	 0.374995
17.855 	 0.374984
17.86 	 0.374973
17.865 	 0.374963
17.87 	 0.374952
17.875 	 0.374941
17.88 	 0.374941
17.885 	 0.37492
17.89 	 0.37491
17.895 	 0.374899
17.9 	 0.374888
17.905 	 0.374878
17.91 	 0.374867
17.915 	 0.374867
17.92 	 0.374846
17.925 	 0.374835
17.93 	 0.374825
17.935 	 0.374825
17.94 	 0.374804
17.945 	 0.374793
17.95 	 0.374782
17.955 	 0.374772
17.96 	 0.374761
17.965 	 0.374751
17.97 	 0.374751
17.975 	 0.374729
17.98 	 0.374719
17.985 	 0.374708
17.99 	 0.374698
17.995 	 0.374687
18 	 0.374676
18.005 	 0.374676
18.01 	 0.374655
18.015 	 0.374645
18.02 	 0.374634
18.025 	 0.374624
18.03 	 0.374613
18.035 	 0.374602
18.04 	 0.374602
18.045 	 0.374581
18.05 	 0.374571
18.055 	 0.37456
18.06 	 0.37456
18.065 	 0.374539
18.07 	 0.374529
18.075 	 0.374518
18.08 	 0.374507
18.085 	 0.374497
18.09 	 0.374486
18.095 	 0.374486
18.1 	 0.374465
18.105 	 0.374455
18.11 	 0.374444
18.115 	 0.374434
18.12 	 0.374423
18.125 	 0.374412
18.13 	 0.374412
18.135 	 0.374391
18.14 	 0.374381
18.145 	 0.37437
18.15 	 0.37436
18.155 	 0.374349
18.16 	 0.374339
18.165 	 0.374339
18.17 	 0.374318
18.175 	 0.374307
18.18 	 0.374297
18.185 	 0.374297
18.19 	 0.374276
18.195 	 0.374265
18.2 	 0.374254
18.205 	 0.374244
18.21 	 0.374233
18.215 	 0.374223
18.22 	 0.374223
18.225 	 0.374202
18.23 	 0.374191
18.235 	 0.374181
18.24 	 0.37417
18.245 	 0.37416
18.25 	 0.374149
18.255 	 0.374149
18.26 	 0.374128
18.265 	 0.374118
18.27 	 0.374107
18.275 	 0.374097
18.28 	 0.374086
18.285 	 0.374076
18.29 	 0.374076
18.295 	 0.374055
18.3 	 0.374044
18.305 	 0.374034
18.31 	 0.374034
18.315 	 0.374013
18.32 	 0.374002
18.325 	 0.373992
18.33 	 0.373981
18.335 	 0.373971
18.34 	 0.37396
18.345 	 0.37396
18.35 	 0.373939
18.355 	 0.373929
18.36 	 0.373919
18.365 	 0.373908
18.37 	 0.373898
18.375 	 0.373887
18.38 	 0.373887
18.385 	 0.373866
18.39 	 0.373856
18.395 	 0.373845
18.4 	 0.373835
18.405 	 0.373824
18.41 	 0.373814
18.415 	 0.373814
18.42 	 0.373793
18.425 	 0.373782
18.43 	 0.373772
18.435 	 0.373772
18.44 	 0.373751
18.445 	 0.373741
18.45 	 0.37373
18.455 	 0.37372
18.46 	 0.373709
18.465 	 0.373699
18.47 	 0.373699
18.475 	 0.373678
18.48 	 0.373667
18.485 	 0.373657
18.49 	 0.373647
18.495 	 0.373636
18.5 	 0.373626
18.505 	 0.373626
18.51 	 0.373605
18.515 	 0.373594
18.52 	 0.373584
18.525 	 0.373574
18.53 	 0.373563
18.535 	 0.373553
18.54 	 0.373553
18.545 	 0.373532
18.55 	 0.373521
18.555 	 0.373511
18.56 	 0.373511
18.565 	 0.37349
18.57 	 0.37348
18.575 	 0.373469
18.58 	 0.373459
18.585 	 0.373449
18.59 	 0.373438
18.595 	 0.373438
18.6 	 0.373417
18.605 	 0.373407
18.61 	 0.373396
18.615 	 0.373386
18.62 	 0.373376
18.625 	 0.373365
18.63 	 0.373365
18.635 	 0.373344
18.64 	 0.373334
18.645 	 0.373324
18.65 	 0.373313
18.655 	 0.373303
18.66 	 0.373292
18.665 	 0.373292
18.67 	 0.373272
18.675 	 0.373261
18.68 	 0.373251
18.685 	 0.373251
18.69 	 0.37323
18.695 	 0.37322
18.7 	 0.373209
18.705 	 0.373199
18.71 	 0.373189
18.715 	 0.373178
18.72 	 0.373178
18.725 	 0.373158
18.73 	 0.373147
18.735 	 0.373137
18.74 	 0.373126
18.745 	 0.373116
18.75 	 0.373106
18.755 	 0.373106
18.76 	 0.373085
18.765 	 0.373075
18.77 	 0.373064
18.775 	 0.373054
18.78 	 0.373044
18.785 	 0.373033
18.79 	 0.373033
18.795 	 0.373012
18.8 	 0.373002
18.805 	 0.372992
18.81 	 0.372992
18.815 	 0.372971
18.82 	 0.372961
18.825 	 0.37295
18.83 	 0.37294
18.835 	 0.37293
18.84 	 0.372919
18.845 	 0.372919
18.85 	 0.372899
18.855 	 0.372888
18.86 	 0.372878
18.865 	 0.372868
18.87 	 0.372857
18.875 	 0.372847
18.88 	 0.372847
18.885 	 0.372826
18.89 	 0.372816
18.895 	 0.372806
18.9 	 0.372795
18.905 	 0.372785
18.91 	 0.372775
18.915 	 0.372775
18.92 	 0.372754
18.925 	 0.372744
18.93 	 0.372733
18.935 	 0.372733
18.94 	 0.372713
18.945 	 0.372702
18.95 	 0.372692
18.955 	 0.372682
18.96 	 0.372672
18.965 	 0.372661
18.97 	 0.372661
18.975 	 0.372641
18.98 	 0.37263
18.985 	 0.37262
18.99 	 0.37261
18.995 	 0.372599
19 	 0.372589
19.005 	 0.372589
19.01 	 0.372569
19.015 	 0.372558
19.02 	 0.372548
19.025 	 0.372538
19.03 	 0.372527
19.035 	 0.372517
19.04 	 0.372517
19.045 	 0.372496
19.05 	 0.372486
19.055 	 0.372476
19.06 	 0.372476
19.065 	 0.372455
19.07 	 0.372445
19.075 	 0.372435
19.08 	 0.372425
19.085 	 0.372414
19.09 	 0.372404
19.095 	 0.372404
19.1 	 0.372383
19.105 	 0.372373
19.11 	 0.372363
19.115 	 0.372353
19.12 	 0.372342
19.125 	 0.372332
19.13 	 0.372332
19.135 	 0.372312
19.14 	 0.372301
19.145 	 0.372291
19.15 	 0.372281
19.155 	 0.372271
19.16 	 0.37226
19.165 	 0.37226
19.17 	 0.37224
19.175 	 0.37223
19.18 	 0.372219
19.185 	 0.372219
19.19 	 0.372199
19.195 	 0.372189
19.2 	 0.372178
19.205 	 0.372168
19.21 	 0.372158
19.215 	 0.372148
19.22 	 0.372148
19.225 	 0.372127
19.23 	 0.372117
19.235 	 0.372107
19.24 	 0.372096
19.245 	 0.372086
19.25 	 0.372076
19.255 	 0.372076
19.26 	 0.372055
19.265 	 0.372045
19.27 	 0.372035
19.275 	 0.372025
19.28 	 0.372015
19.285 	 0.372004
19.29 	 0.372004
19.295 	 0.371984
19.3 	 0.371974
19.305 	 0.371964
19.31 	 0.371964
19.315 	 0.371943
19.32 	 0.371933
19.325 	 0.371923
19.33 	 0.371912
19.335 	 0.371902
19.34 	 0.371892
19.345 	 0.371892
19.35 	 0.371872
19.355 	 0.371861
19.36 	 0.371851
19.365 	 0.371841
19.37 	 0.371831
19.375 	 0.371821
19.38 	 0.371821
19.385 	 0.3718
19.39 	 0.37179
19.395 	 0.37178
19.4 	 0.37177
19.405 	 0.371759
19.41 	 0.371749
19.415 	 0.371749
19.42 	 0.371729
19.425 	 0.371719
19.43 	 0.371709
19.435 	 0.371709
19.44 	 0.371688
19.445 	 0.371678
19.45 	 0.371668
19.455 	 0.371658
19.46 	 0.371648
19.465 	 0.371637
19.47 	 0.371637
19.475 	 0.371617
19.48 	 0.371607
19.485 	 0.371597
19.49 	 0.371587
19.495 	 0.371576
19.5 	 0.371566
19.505 	 0.371566
19.51 	 0.371546
19.515 	 0.371536
19.52 	 0.371526
19.525 	 0.371515
19.53 	 0.371505
19.535 	 0.371495
19.54 	 0.371495
19.545 	 0.371475
19.55 	 0.371465
19.555 	 0.371454
19.56 	 0.371454
19.565 	 0.371434
19.57 	 0.371424
19.575 	 0.371414
19.58 	 0.371404
19.585 	 0.371394
19.59 	 0.371383
19.595 	 0.371383
19.6 	 0.371363
19.605 	 0.371353
19.61 	 0.371343
19.615 	 0.371333
19.62 	 0.371323
19.625 	 0.371313
19.63 	 0.371313
19.635 	 0.371292
19.64 	 0.371282
19.645 	 0.371272
19.65 	 0.371262
19.655 	 0.371252
19.66 	 0.371242
19.665 	 0.371242
19.67 	 0.371221
19.675 	 0.371211
19.68 	 0.371201
19.685 	 0.371201
19.69 	 0.371181
19.695 	 0.371171
19.7 	 0.371161
19.705 	 0.371151
19.71 	 0.371141
19.715 	 0.37113
19.72 	 0.37113
19.725 	 0.37111
19.73 	 0.3711
19.735 	 0.37109
19.74 	 0.37108
19.745 	 0.37107
19.75 	 0.37106
19.755 	 0.37106
19.76 	 0.37104
19.765 	 0.371029
19.77 	 0.371019
19.775 	 0.371009
19.78 	 0.370999
19.785 	 0.370989
19.79 	 0.370989
19.795 	 0.370969
19.8 	 0.370959
19.805 	 0.370949
19.81 	 0.370949
19.815 	 0.370929
19.82 	 0.370919
19.825 	 0.370908
19.83 	 0.370898
19.835 	 0.370888
19.84 	 0.370878
19.845 	 0.370878
19.85 	 0.370858
19.855 	 0.370848
19.86 	 0.370838
19.865 	 0.370828
19.87 	 0.370818
19.875 	 0.370808
19.88 	 0.370808
19.885 	 0.370788
19.89 	 0.370778
19.895 	 0.370768
19.9 	 0.370757
19.905 	 0.370747
19.91 	 0.370737
19.915 	 0.370737
19.92 	 0.370717
19.925 	 0.370707
19.93 	 0.370697
19.935 	 0.370697
19.94 	 0.370677
19.945 	 0.370667
19.95 	 0.370657
19.955 	 0.370647
19.96 	 0.370637
19.965 	 0.370627
19.97 	 0.370627
19.975 	 0.370607
19.98 	 0.370597
19.985 	 0.370587
19.99 	 0.370577
19.995 	 0.370567
20 	 0.370557
