0.01 	 0.353845
0.02 	 0.353845
0.03 	 0.353845
0.04 	 0.353845
0.05 	 0.353845
0.06 	 0.353845
0.07 	 0.353845
0.08 	 0.353845
0.09 	 0.353845
0.1 	 0.353845
0.11 	 0.353845
0.12 	 0.353845
0.13 	 0.353845
0.14 	 0.353845
0.15 	 0.353845
0.16 	 0.353845
0.17 	 0.353845
0.18 	 0.353845
0.19 	 0.353845
0.2 	 0.353845
0.21 	 0.353845
0.22 	 0.353845
0.23 	 0.353845
0.24 	 0.353845
0.25 	 0.353845
0.26 	 0.353845
0.27 	 0.353845
0.28 	 0.353845
0.29 	 0.353845
0.3 	 0.353845
0.31 	 0.353845
0.32 	 0.353845
0.33 	 0.353845
0.34 	 0.353845
0.35 	 0.353845
0.36 	 0.353845
0.37 	 0.353845
0.38 	 0.353845
0.39 	 0.353845
0.4 	 0.353845
0.41 	 0.353845
0.42 	 0.353845
0.43 	 0.353845
0.44 	 0.353845
0.45 	 0.353845
0.46 	 0.353845
0.47 	 0.353845
0.48 	 0.353845
0.49 	 0.353845
0.5 	 0.353845
0.51 	 0.353845
0.52 	 0.353845
0.53 	 0.353845
0.54 	 0.353845
0.55 	 0.353845
0.56 	 0.353845
0.57 	 0.353845
0.58 	 0.353845
0.59 	 0.353845
0.6 	 0.353845
0.61 	 0.353845
0.62 	 0.353845
0.63 	 0.353845
0.64 	 0.353845
0.65 	 0.353845
0.66 	 0.353845
0.67 	 0.353845
0.68 	 0.353845
0.69 	 0.353845
0.7 	 0.353845
0.71 	 0.353845
0.72 	 0.353845
0.73 	 0.353845
0.74 	 0.353845
0.75 	 0.353845
0.76 	 0.353845
0.77 	 0.353845
0.78 	 0.353845
0.79 	 0.353845
0.8 	 0.353845
0.81 	 0.353845
0.82 	 0.353845
0.83 	 0.353845
0.84 	 0.353845
0.85 	 0.353845
0.86 	 0.353845
0.87 	 0.353845
0.88 	 0.353845
0.89 	 0.353845
0.9 	 0.353845
0.91 	 0.353845
0.92 	 0.353845
0.93 	 0.353845
0.94 	 0.353845
0.95 	 0.353845
0.96 	 0.353845
0.97 	 0.353845
0.98 	 0.353845
0.99 	 0.353845
1 	 0.353845
1.01 	 0.353845
1.02 	 0.353845
1.03 	 0.353845
1.04 	 0.353845
1.05 	 0.353845
1.06 	 0.353845
1.07 	 0.353845
1.08 	 0.353845
1.09 	 0.353845
1.1 	 0.353845
1.11 	 0.353845
1.12 	 0.353845
1.13 	 0.353845
1.14 	 0.353845
1.15 	 0.353845
1.16 	 0.353845
1.17 	 0.353845
1.18 	 0.353845
1.19 	 0.353845
1.2 	 0.353845
1.21 	 0.353845
1.22 	 0.353845
1.23 	 0.353845
1.24 	 0.353845
1.25 	 0.353845
1.26 	 0.353845
1.27 	 0.353845
1.28 	 0.353845
1.29 	 0.353845
1.3 	 0.353845
1.31 	 0.353845
1.32 	 0.353845
1.33 	 0.353845
1.34 	 0.353845
1.35 	 0.353845
1.36 	 0.353845
1.37 	 0.353845
1.38 	 0.353845
1.39 	 0.353845
1.4 	 0.353845
1.41 	 0.353845
1.42 	 0.353845
1.43 	 0.353845
1.44 	 0.353845
1.45 	 0.353845
1.46 	 0.353845
1.47 	 0.353845
1.48 	 0.353845
1.49 	 0.353845
1.5 	 0.353845
1.51 	 0.353845
1.52 	 0.353845
1.53 	 0.353845
1.54 	 0.353845
1.55 	 0.353845
1.56 	 0.353845
1.57 	 0.353845
1.58 	 0.353845
1.59 	 0.353845
1.6 	 0.353845
1.61 	 0.353845
1.62 	 0.353845
1.63 	 0.353845
1.64 	 0.353845
1.65 	 0.353845
1.66 	 0.353845
1.67 	 0.353845
1.68 	 0.353845
1.69 	 0.353845
1.7 	 0.353845
1.71 	 0.353845
1.72 	 0.353845
1.73 	 0.353845
1.74 	 0.353845
1.75 	 0.353845
1.76 	 0.353845
1.77 	 0.353845
1.78 	 0.353845
1.79 	 0.353845
1.8 	 0.353845
1.81 	 0.353845
1.82 	 0.353845
1.83 	 0.353845
1.84 	 0.353845
1.85 	 0.353845
1.86 	 0.353845
1.87 	 0.353845
1.88 	 0.353845
1.89 	 0.353845
1.9 	 0.353845
1.91 	 0.353845
1.92 	 0.353845
1.93 	 0.353845
1.94 	 0.353845
1.95 	 0.353845
1.96 	 0.353845
1.97 	 0.353845
1.98 	 0.353845
1.99 	 0.353845
2 	 0.353845
2.01 	 0.353845
2.02 	 0.353845
2.03 	 0.353845
2.04 	 0.353845
2.05 	 0.353845
2.06 	 0.353845
2.07 	 0.353845
2.08 	 0.353845
2.09 	 0.353845
2.1 	 0.353845
2.11 	 0.353845
2.12 	 0.353845
2.13 	 0.353845
2.14 	 0.353845
2.15 	 0.353845
2.16 	 0.353845
2.17 	 0.353845
2.18 	 0.353845
2.19 	 0.353845
2.2 	 0.353845
2.21 	 0.353845
2.22 	 0.353845
2.23 	 0.353845
2.24 	 0.353845
2.25 	 0.353845
2.26 	 0.353845
2.27 	 0.353845
2.28 	 0.353845
2.29 	 0.353845
2.3 	 0.353845
2.31 	 0.353845
2.32 	 0.353845
2.33 	 0.353845
2.34 	 0.353845
2.35 	 0.353845
2.36 	 0.353845
2.37 	 0.353845
2.38 	 0.353845
2.39 	 0.353845
2.4 	 0.353845
2.41 	 0.353845
2.42 	 0.353845
2.43 	 0.353845
2.44 	 0.353845
2.45 	 0.353845
2.46 	 0.353845
2.47 	 0.353845
2.48 	 0.353845
2.49 	 0.353845
2.5 	 0.353845
2.51 	 0.353845
2.52 	 0.353845
2.53 	 0.353845
2.54 	 0.353845
2.55 	 0.353845
2.56 	 0.353845
2.57 	 0.353845
2.58 	 0.353845
2.59 	 0.353845
2.6 	 0.353845
2.61 	 0.353845
2.62 	 0.353845
2.63 	 0.353845
2.64 	 0.353845
2.65 	 0.353845
2.66 	 0.353845
2.67 	 0.353845
2.68 	 0.353845
2.69 	 0.353845
2.7 	 0.353845
2.71 	 0.353845
2.72 	 0.353845
2.73 	 0.353845
2.74 	 0.353845
2.75 	 0.353845
2.76 	 0.353845
2.77 	 0.353845
2.78 	 0.353845
2.79 	 0.353845
2.8 	 0.353845
2.81 	 0.353845
2.82 	 0.353845
2.83 	 0.353845
2.84 	 0.353845
2.85 	 0.353845
2.86 	 0.353845
2.87 	 0.353845
2.88 	 0.353845
2.89 	 0.353845
2.9 	 0.353845
2.91 	 0.353845
2.92 	 0.353845
2.93 	 0.353845
2.94 	 0.353845
2.95 	 0.353845
2.96 	 0.353845
2.97 	 0.353845
2.98 	 0.353845
2.99 	 0.353845
3 	 0.353845
3.01 	 0.353845
3.02 	 0.353845
3.03 	 0.353845
3.04 	 0.353845
3.05 	 0.353845
3.06 	 0.353845
3.07 	 0.353845
3.08 	 0.353845
3.09 	 0.353845
3.1 	 0.353845
3.11 	 0.353845
3.12 	 0.353845
3.13 	 0.353845
3.14 	 0.353845
3.15 	 0.353845
3.16 	 0.353845
3.17 	 0.353845
3.18 	 0.353845
3.19 	 0.353845
3.2 	 0.353845
3.21 	 0.353845
3.22 	 0.353845
3.23 	 0.353845
3.24 	 0.353845
3.25 	 0.353845
3.26 	 0.353845
3.27 	 0.353845
3.28 	 0.353845
3.29 	 0.353845
3.3 	 0.353845
3.31 	 0.353845
3.32 	 0.353845
3.33 	 0.353845
3.34 	 0.353845
3.35 	 0.353845
3.36 	 0.353845
3.37 	 0.353845
3.38 	 0.353845
3.39 	 0.353845
3.4 	 0.353845
3.41 	 0.353845
3.42 	 0.353845
3.43 	 0.353845
3.44 	 0.353845
3.45 	 0.353845
3.46 	 0.353845
3.47 	 0.353845
3.48 	 0.353845
3.49 	 0.353845
3.5 	 0.353845
3.51 	 0.353845
3.52 	 0.353845
3.53 	 0.353845
3.54 	 0.353845
3.55 	 0.353845
3.56 	 0.353845
3.57 	 0.353845
3.58 	 0.353845
3.59 	 0.353845
3.6 	 0.353845
3.61 	 0.353845
3.62 	 0.353845
3.63 	 0.353845
3.64 	 0.353845
3.65 	 0.353845
3.66 	 0.353845
3.67 	 0.353845
3.68 	 0.353845
3.69 	 0.353845
3.7 	 0.353845
3.71 	 0.353845
3.72 	 0.353845
3.73 	 0.353845
3.74 	 0.353845
3.75 	 0.353845
3.76 	 0.353845
3.77 	 0.353845
3.78 	 0.353845
3.79 	 0.353845
3.8 	 0.353845
3.81 	 0.353845
3.82 	 0.353845
3.83 	 0.353845
3.84 	 0.353845
3.85 	 0.353845
3.86 	 0.353845
3.87 	 0.353845
3.88 	 0.353845
3.89 	 0.353845
3.9 	 0.353845
3.91 	 0.353845
3.92 	 0.353845
3.93 	 0.353845
3.94 	 0.353845
3.95 	 0.353845
3.96 	 0.353845
3.97 	 0.353845
3.98 	 0.353845
3.99 	 0.353845
4 	 0.353845
4.01 	 0.353845
4.02 	 0.353845
4.03 	 0.353845
4.04 	 0.353845
4.05 	 0.353845
4.06 	 0.353845
4.07 	 0.353845
4.08 	 0.353845
4.09 	 0.353845
4.1 	 0.353845
4.11 	 0.353845
4.12 	 0.353845
4.13 	 0.353845
4.14 	 0.353845
4.15 	 0.353845
4.16 	 0.353845
4.17 	 0.353845
4.18 	 0.353845
4.19 	 0.353845
4.2 	 0.353845
4.21 	 0.353845
4.22 	 0.353845
4.23 	 0.353845
4.24 	 0.353845
4.25 	 0.353845
4.26 	 0.353845
4.27 	 0.353845
4.28 	 0.353845
4.29 	 0.353845
4.3 	 0.353845
4.31 	 0.353845
4.32 	 0.353845
4.33 	 0.353845
4.34 	 0.353845
4.35 	 0.353845
4.36 	 0.353845
4.37 	 0.353845
4.38 	 0.353845
4.39 	 0.353845
4.4 	 0.353845
4.41 	 0.353845
4.42 	 0.353845
4.43 	 0.353845
4.44 	 0.353845
4.45 	 0.353845
4.46 	 0.353845
4.47 	 0.353845
4.48 	 0.353845
4.49 	 0.353845
4.5 	 0.353845
4.51 	 0.353845
4.52 	 0.353845
4.53 	 0.353845
4.54 	 0.353845
4.55 	 0.353845
4.56 	 0.353845
4.57 	 0.353845
4.58 	 0.353845
4.59 	 0.353845
4.6 	 0.353845
4.61 	 0.353845
4.62 	 0.353845
4.63 	 0.353845
4.64 	 0.353845
4.65 	 0.353845
4.66 	 0.353845
4.67 	 0.353845
4.68 	 0.353845
4.69 	 0.353845
4.7 	 0.353845
4.71 	 0.353845
4.72 	 0.353845
4.73 	 0.353845
4.74 	 0.353845
4.75 	 0.353845
4.76 	 0.353845
4.77 	 0.353845
4.78 	 0.353845
4.79 	 0.353845
4.8 	 0.353845
4.81 	 0.353845
4.82 	 0.353845
4.83 	 0.353845
4.84 	 0.353845
4.85 	 0.353845
4.86 	 0.353845
4.87 	 0.353845
4.88 	 0.353845
4.89 	 0.353845
4.9 	 0.353845
4.91 	 0.353845
4.92 	 0.353845
4.93 	 0.353845
4.94 	 0.353845
4.95 	 0.353845
4.96 	 0.353845
4.97 	 0.353845
4.98 	 0.353845
4.99 	 0.353845
5 	 0.353845
5.01 	 0.353845
5.02 	 0.353845
5.03 	 0.353845
5.04 	 0.353845
5.05 	 0.353845
5.06 	 0.353845
5.07 	 0.353845
5.08 	 0.353845
5.09 	 0.353845
5.1 	 0.353845
5.11 	 0.353845
5.12 	 0.353845
5.13 	 0.353845
5.14 	 0.353845
5.15 	 0.353845
5.16 	 0.353845
5.17 	 0.353845
5.18 	 0.353845
5.19 	 0.353845
5.2 	 0.353845
5.21 	 0.353845
5.22 	 0.353845
5.23 	 0.353845
5.24 	 0.353845
5.25 	 0.353845
5.26 	 0.353845
5.27 	 0.353845
5.28 	 0.353845
5.29 	 0.353845
5.3 	 0.353845
5.31 	 0.353845
5.32 	 0.353845
5.33 	 0.353845
5.34 	 0.353845
5.35 	 0.353845
5.36 	 0.353845
5.37 	 0.353845
5.38 	 0.353845
5.39 	 0.353845
5.4 	 0.353845
5.41 	 0.353845
5.42 	 0.353845
5.43 	 0.353845
5.44 	 0.353845
5.45 	 0.353845
5.46 	 0.353845
5.47 	 0.353845
5.48 	 0.353845
5.49 	 0.353845
5.5 	 0.353845
5.51 	 0.353845
5.52 	 0.353845
5.53 	 0.353845
5.54 	 0.353845
5.55 	 0.353845
5.56 	 0.353845
5.57 	 0.353845
5.58 	 0.353845
5.59 	 0.353845
5.6 	 0.353845
5.61 	 0.353845
5.62 	 0.353845
5.63 	 0.353845
5.64 	 0.353845
5.65 	 0.353845
5.66 	 0.353845
5.67 	 0.353845
5.68 	 0.353845
5.69 	 0.353845
5.7 	 0.353845
5.71 	 0.353845
5.72 	 0.353845
5.73 	 0.353845
5.74 	 0.353845
5.75 	 0.353845
5.76 	 0.353845
5.77 	 0.353845
5.78 	 0.353845
5.79 	 0.353845
5.8 	 0.353845
5.81 	 0.353845
5.82 	 0.353845
5.83 	 0.353845
5.84 	 0.353845
5.85 	 0.353845
5.86 	 0.353845
5.87 	 0.353845
5.88 	 0.353845
5.89 	 0.353845
5.9 	 0.353845
5.91 	 0.353845
5.92 	 0.353845
5.93 	 0.353845
5.94 	 0.353845
5.95 	 0.353845
5.96 	 0.353845
5.97 	 0.353845
5.98 	 0.353845
5.99 	 0.353845
6 	 0.353845
6.01 	 0.353845
6.02 	 0.353845
6.03 	 0.353845
6.04 	 0.353845
6.05 	 0.353845
6.06 	 0.353845
6.07 	 0.353845
6.08 	 0.353845
6.09 	 0.353845
6.1 	 0.353845
6.11 	 0.353845
6.12 	 0.353845
6.13 	 0.353845
6.14 	 0.353845
6.15 	 0.353845
6.16 	 0.353845
6.17 	 0.353845
6.18 	 0.353845
6.19 	 0.353845
6.2 	 0.353845
6.21 	 0.353845
6.22 	 0.353845
6.23 	 0.353845
6.24 	 0.353845
6.25 	 0.353845
6.26 	 0.353845
6.27 	 0.353845
6.28 	 0.353845
6.29 	 0.353845
6.3 	 0.353845
6.31 	 0.353845
6.32 	 0.353845
6.33 	 0.353845
6.34 	 0.353845
6.35 	 0.353845
6.36 	 0.353845
6.37 	 0.353845
6.38 	 0.353845
6.39 	 0.353845
6.4 	 0.353845
6.41 	 0.353845
6.42 	 0.353845
6.43 	 0.353845
6.44 	 0.353845
6.45 	 0.353845
6.46 	 0.353845
6.47 	 0.353845
6.48 	 0.353845
6.49 	 0.353845
6.5 	 0.353845
6.51 	 0.353845
6.52 	 0.353845
6.53 	 0.353845
6.54 	 0.353845
6.55 	 0.353845
6.56 	 0.353845
6.57 	 0.353845
6.58 	 0.353845
6.59 	 0.353845
6.6 	 0.353845
6.61 	 0.353845
6.62 	 0.353845
6.63 	 0.353845
6.64 	 0.353845
6.65 	 0.353845
6.66 	 0.353845
6.67 	 0.353845
6.68 	 0.353845
6.69 	 0.353845
6.7 	 0.353845
6.71 	 0.353845
6.72 	 0.353845
6.73 	 0.353845
6.74 	 0.353845
6.75 	 0.353845
6.76 	 0.353845
6.77 	 0.353845
6.78 	 0.353845
6.79 	 0.353845
6.8 	 0.353845
6.81 	 0.353845
6.82 	 0.353845
6.83 	 0.353845
6.84 	 0.353845
6.85 	 0.353845
6.86 	 0.353845
6.87 	 0.353845
6.88 	 0.353845
6.89 	 0.353845
6.9 	 0.353845
6.91 	 0.353845
6.92 	 0.353845
6.93 	 0.353845
6.94 	 0.353845
6.95 	 0.353845
6.96 	 0.353845
6.97 	 0.353845
6.98 	 0.353845
6.99 	 0.353845
7 	 0.353845
7.01 	 0.353845
7.02 	 0.353845
7.03 	 0.353845
7.04 	 0.353845
7.05 	 0.353845
7.06 	 0.353845
7.07 	 0.353845
7.08 	 0.353845
7.09 	 0.353845
7.1 	 0.353845
7.11 	 0.353845
7.12 	 0.353845
7.13 	 0.353845
7.14 	 0.353845
7.15 	 0.353845
7.16 	 0.353845
7.17 	 0.353845
7.18 	 0.353845
7.19 	 0.353845
7.2 	 0.353845
7.21 	 0.353845
7.22 	 0.353845
7.23 	 0.353845
7.24 	 0.353845
7.25 	 0.353845
7.26 	 0.353845
7.27 	 0.353845
7.28 	 0.353845
7.29 	 0.353845
7.3 	 0.353845
7.31 	 0.353845
7.32 	 0.353845
7.33 	 0.353845
7.34 	 0.353845
7.35 	 0.353845
7.36 	 0.353845
7.37 	 0.353845
7.38 	 0.353845
7.39 	 0.353845
7.4 	 0.353845
7.41 	 0.353845
7.42 	 0.353845
7.43 	 0.353845
7.44 	 0.353845
7.45 	 0.353845
7.46 	 0.353845
7.47 	 0.353845
7.48 	 0.353845
7.49 	 0.353845
7.5 	 0.353845
7.51 	 0.353845
7.52 	 0.353845
7.53 	 0.353845
7.54 	 0.353845
7.55 	 0.353845
7.56 	 0.353845
7.57 	 0.353845
7.58 	 0.353845
7.59 	 0.353845
7.6 	 0.353845
7.61 	 0.353845
7.62 	 0.353845
7.63 	 0.353845
7.64 	 0.353845
7.65 	 0.353845
7.66 	 0.353845
7.67 	 0.353845
7.68 	 0.353845
7.69 	 0.353845
7.7 	 0.353845
7.71 	 0.353845
7.72 	 0.353845
7.73 	 0.353845
7.74 	 0.353845
7.75 	 0.353845
7.76 	 0.353845
7.77 	 0.353845
7.78 	 0.353845
7.79 	 0.353845
7.8 	 0.353845
7.81 	 0.353845
7.82 	 0.353845
7.83 	 0.353845
7.84 	 0.353845
7.85 	 0.353845
7.86 	 0.353845
7.87 	 0.353845
7.88 	 0.353845
7.89 	 0.353845
7.9 	 0.353845
7.91 	 0.353845
7.92 	 0.353845
7.93 	 0.353845
7.94 	 0.353845
7.95 	 0.353845
7.96 	 0.353845
7.97 	 0.353845
7.98 	 0.353845
7.99 	 0.353845
8 	 0.353845
8.01 	 0.353845
8.02 	 0.353845
8.03 	 0.353845
8.04 	 0.353845
8.05 	 0.353845
8.06 	 0.353845
8.07 	 0.353845
8.08 	 0.353845
8.09 	 0.353845
8.1 	 0.353845
8.11 	 0.353845
8.12 	 0.353845
8.13 	 0.353845
8.14 	 0.353845
8.15 	 0.353845
8.16 	 0.353845
8.17 	 0.353845
8.18 	 0.353845
8.19 	 0.353845
8.2 	 0.353845
8.21 	 0.353845
8.22 	 0.353845
8.23 	 0.353845
8.24 	 0.353845
8.25 	 0.353845
8.26 	 0.353845
8.27 	 0.353845
8.28 	 0.353845
8.29 	 0.353845
8.3 	 0.353845
8.31 	 0.353845
8.32 	 0.353845
8.33 	 0.353845
8.34 	 0.353845
8.35 	 0.353845
8.36 	 0.353845
8.37 	 0.353845
8.38 	 0.353845
8.39 	 0.353845
8.4 	 0.353845
8.41 	 0.353845
8.42 	 0.353845
8.43 	 0.353845
8.44 	 0.353845
8.45 	 0.353845
8.46 	 0.353845
8.47 	 0.353845
8.48 	 0.353845
8.49 	 0.353845
8.5 	 0.353845
8.51 	 0.353845
8.52 	 0.353845
8.53 	 0.353845
8.54 	 0.353845
8.55 	 0.353845
8.56 	 0.353845
8.57 	 0.353845
8.58 	 0.353845
8.59 	 0.353845
8.6 	 0.353845
8.61 	 0.353845
8.62 	 0.353845
8.63 	 0.353845
8.64 	 0.353845
8.65 	 0.353845
8.66 	 0.353845
8.67 	 0.353845
8.68 	 0.353845
8.69 	 0.353845
8.7 	 0.353845
8.71 	 0.353845
8.72 	 0.353845
8.73 	 0.353845
8.74 	 0.353845
8.75 	 0.353845
8.76 	 0.353845
8.77 	 0.353845
8.78 	 0.353845
8.79 	 0.353845
8.8 	 0.353845
8.81 	 0.353845
8.82 	 0.353845
8.83 	 0.353845
8.84 	 0.353845
8.85 	 0.353845
8.86 	 0.353845
8.87 	 0.353845
8.88 	 0.353845
8.89 	 0.353845
8.9 	 0.353845
8.91 	 0.353845
8.92 	 0.353845
8.93 	 0.353845
8.94 	 0.353845
8.95 	 0.353845
8.96 	 0.353845
8.97 	 0.353845
8.98 	 0.353845
8.99 	 0.353845
9 	 0.353845
9.01 	 0.353845
9.02 	 0.353845
9.03 	 0.353845
9.04 	 0.353845
9.05 	 0.353845
9.06 	 0.353845
9.07 	 0.353845
9.08 	 0.353845
9.09 	 0.353845
9.1 	 0.353845
9.11 	 0.353845
9.12 	 0.353845
9.13 	 0.353845
9.14 	 0.353845
9.15 	 0.353845
9.16 	 0.353845
9.17 	 0.353845
9.18 	 0.353845
9.19 	 0.353845
9.2 	 0.353845
9.21 	 0.353845
9.22 	 0.353845
9.23 	 0.353845
9.24 	 0.353845
9.25 	 0.353845
9.26 	 0.353845
9.27 	 0.353845
9.28 	 0.353845
9.29 	 0.353845
9.3 	 0.353845
9.31 	 0.353845
9.32 	 0.353845
9.33 	 0.353845
9.34 	 0.353845
9.35 	 0.353845
9.36 	 0.353845
9.37 	 0.353845
9.38 	 0.353845
9.39 	 0.353845
9.4 	 0.353845
9.41 	 0.353845
9.42 	 0.353845
9.43 	 0.353845
9.44 	 0.353845
9.45 	 0.353845
9.46 	 0.353845
9.47 	 0.353845
9.48 	 0.353845
9.49 	 0.353845
9.5 	 0.353845
9.51 	 0.353845
9.52 	 0.353845
9.53 	 0.353845
9.54 	 0.353845
9.55 	 0.353845
9.56 	 0.353845
9.57 	 0.353845
9.58 	 0.353845
9.59 	 0.353845
9.6 	 0.353845
9.61 	 0.353845
9.62 	 0.353845
9.63 	 0.353845
9.64 	 0.353845
9.65 	 0.353845
9.66 	 0.353845
9.67 	 0.353845
9.68 	 0.353845
9.69 	 0.353845
9.7 	 0.353845
9.71 	 0.353845
9.72 	 0.353845
9.73 	 0.353845
9.74 	 0.353845
9.75 	 0.353845
9.76 	 0.353845
9.77 	 0.353845
9.78 	 0.353845
9.79 	 0.353845
9.8 	 0.353845
9.81 	 0.353845
9.82 	 0.353845
9.83 	 0.353845
9.84 	 0.353845
9.85 	 0.353845
9.86 	 0.353845
9.87 	 0.353845
9.88 	 0.353845
9.89 	 0.353845
9.9 	 0.353845
9.91 	 0.353845
9.92 	 0.353845
9.93 	 0.353845
9.94 	 0.353845
9.95 	 0.353845
9.96 	 0.353845
9.97 	 0.353845
9.98 	 0.353845
9.99 	 0.353845
10 	 0.353845
10.01 	 0.353845
10.02 	 0.353845
10.03 	 0.353845
10.04 	 0.353845
10.05 	 0.353845
10.06 	 0.353845
10.07 	 0.353845
10.08 	 0.353845
10.09 	 0.353845
10.1 	 0.353845
10.11 	 0.353845
10.12 	 0.353845
10.13 	 0.353845
10.14 	 0.353845
10.15 	 0.353845
10.16 	 0.353845
10.17 	 0.353845
10.18 	 0.353845
10.19 	 0.353845
10.2 	 0.353845
10.21 	 0.353845
10.22 	 0.353845
10.23 	 0.353845
10.24 	 0.353845
10.25 	 0.353845
10.26 	 0.353845
10.27 	 0.353845
10.28 	 0.353845
10.29 	 0.353845
10.3 	 0.353845
10.31 	 0.353845
10.32 	 0.353845
10.33 	 0.353845
10.34 	 0.353845
10.35 	 0.353845
10.36 	 0.353845
10.37 	 0.353845
10.38 	 0.353845
10.39 	 0.353845
10.4 	 0.353845
10.41 	 0.353845
10.42 	 0.353845
10.43 	 0.353845
10.44 	 0.353845
10.45 	 0.353845
10.46 	 0.353845
10.47 	 0.353845
10.48 	 0.353845
10.49 	 0.353845
10.5 	 0.353845
10.51 	 0.353845
10.52 	 0.353845
10.53 	 0.353845
10.54 	 0.353845
10.55 	 0.353845
10.56 	 0.353845
10.57 	 0.353845
10.58 	 0.353845
10.59 	 0.353845
10.6 	 0.353845
10.61 	 0.353845
10.62 	 0.353845
10.63 	 0.353845
10.64 	 0.353845
10.65 	 0.353845
10.66 	 0.353845
10.67 	 0.353845
10.68 	 0.353845
10.69 	 0.353845
10.7 	 0.353845
10.71 	 0.353845
10.72 	 0.353845
10.73 	 0.353845
10.74 	 0.353845
10.75 	 0.353845
10.76 	 0.353845
10.77 	 0.353845
10.78 	 0.353845
10.79 	 0.353845
10.8 	 0.353845
10.81 	 0.353845
10.82 	 0.353845
10.83 	 0.353845
10.84 	 0.353845
10.85 	 0.353845
10.86 	 0.353845
10.87 	 0.353845
10.88 	 0.353845
10.89 	 0.353845
10.9 	 0.353845
10.91 	 0.353845
10.92 	 0.353845
10.93 	 0.353845
10.94 	 0.353845
10.95 	 0.353845
10.96 	 0.353845
10.97 	 0.353845
10.98 	 0.353845
10.99 	 0.353845
11 	 0.353845
11.01 	 0.353845
11.02 	 0.353845
11.03 	 0.353845
11.04 	 0.353845
11.05 	 0.353845
11.06 	 0.353845
11.07 	 0.353845
11.08 	 0.353845
11.09 	 0.353845
11.1 	 0.353845
11.11 	 0.353845
11.12 	 0.353845
11.13 	 0.353845
11.14 	 0.353845
11.15 	 0.353845
11.16 	 0.353845
11.17 	 0.353845
11.18 	 0.353845
11.19 	 0.353845
11.2 	 0.353845
11.21 	 0.353845
11.22 	 0.353845
11.23 	 0.353845
11.24 	 0.353845
11.25 	 0.353845
11.26 	 0.353845
11.27 	 0.353845
11.28 	 0.353845
11.29 	 0.353845
11.3 	 0.353845
11.31 	 0.353845
11.32 	 0.353845
11.33 	 0.353845
11.34 	 0.353845
11.35 	 0.353845
11.36 	 0.353845
11.37 	 0.353845
11.38 	 0.353845
11.39 	 0.353845
11.4 	 0.353845
11.41 	 0.353845
11.42 	 0.353845
11.43 	 0.353845
11.44 	 0.353845
11.45 	 0.353845
11.46 	 0.353845
11.47 	 0.353845
11.48 	 0.353845
11.49 	 0.353845
11.5 	 0.353845
11.51 	 0.353845
11.52 	 0.353845
11.53 	 0.353845
11.54 	 0.353845
11.55 	 0.353845
11.56 	 0.353845
11.57 	 0.353845
11.58 	 0.353845
11.59 	 0.353845
11.6 	 0.353845
11.61 	 0.353845
11.62 	 0.353845
11.63 	 0.353845
11.64 	 0.353845
11.65 	 0.353845
11.66 	 0.353845
11.67 	 0.353845
11.68 	 0.353845
11.69 	 0.353845
11.7 	 0.353845
11.71 	 0.353845
11.72 	 0.353845
11.73 	 0.353845
11.74 	 0.353845
11.75 	 0.353845
11.76 	 0.353845
11.77 	 0.353845
11.78 	 0.353845
11.79 	 0.353845
11.8 	 0.353845
11.81 	 0.353845
11.82 	 0.353845
11.83 	 0.353845
11.84 	 0.353845
11.85 	 0.353845
11.86 	 0.353845
11.87 	 0.353845
11.88 	 0.353845
11.89 	 0.353845
11.9 	 0.353845
11.91 	 0.353845
11.92 	 0.353845
11.93 	 0.353845
11.94 	 0.353845
11.95 	 0.353845
11.96 	 0.353845
11.97 	 0.353845
11.98 	 0.353845
11.99 	 0.353845
12 	 0.353845
12.01 	 0.353845
12.02 	 0.353845
12.03 	 0.353845
12.04 	 0.353845
12.05 	 0.353845
12.06 	 0.353845
12.07 	 0.353845
12.08 	 0.353845
12.09 	 0.353845
12.1 	 0.353845
12.11 	 0.353845
12.12 	 0.353845
12.13 	 0.353845
12.14 	 0.353845
12.15 	 0.353845
12.16 	 0.353845
12.17 	 0.353845
12.18 	 0.353845
12.19 	 0.353845
12.2 	 0.353845
12.21 	 0.353845
12.22 	 0.353845
12.23 	 0.353845
12.24 	 0.353845
12.25 	 0.353845
12.26 	 0.353845
12.27 	 0.353845
12.28 	 0.353845
12.29 	 0.353845
12.3 	 0.353845
12.31 	 0.353845
12.32 	 0.353845
12.33 	 0.353845
12.34 	 0.353845
12.35 	 0.353845
12.36 	 0.353845
12.37 	 0.353845
12.38 	 0.353845
12.39 	 0.353845
12.4 	 0.353845
12.41 	 0.353845
12.42 	 0.353845
12.43 	 0.353845
12.44 	 0.353845
12.45 	 0.353845
12.46 	 0.353845
12.47 	 0.353845
12.48 	 0.353845
12.49 	 0.353845
12.5 	 0.353845
12.51 	 0.353845
12.52 	 0.353845
12.53 	 0.353845
12.54 	 0.353845
12.55 	 0.353845
12.56 	 0.353845
12.57 	 0.353845
12.58 	 0.353845
12.59 	 0.353845
12.6 	 0.353845
12.61 	 0.353845
12.62 	 0.353845
12.63 	 0.353845
12.64 	 0.353845
12.65 	 0.353845
12.66 	 0.353845
12.67 	 0.353845
12.68 	 0.353845
12.69 	 0.353845
12.7 	 0.353845
12.71 	 0.353845
12.72 	 0.353845
12.73 	 0.353845
12.74 	 0.353845
12.75 	 0.353845
12.76 	 0.353845
12.77 	 0.353845
12.78 	 0.353845
12.79 	 0.353845
12.8 	 0.353845
12.81 	 0.353845
12.82 	 0.353845
12.83 	 0.353845
12.84 	 0.353845
12.85 	 0.353845
12.86 	 0.353845
12.87 	 0.353845
12.88 	 0.353845
12.89 	 0.353845
12.9 	 0.353845
12.91 	 0.353845
12.92 	 0.353845
12.93 	 0.353845
12.94 	 0.353845
12.95 	 0.353845
12.96 	 0.353845
12.97 	 0.353845
12.98 	 0.353845
12.99 	 0.353845
13 	 0.353845
13.01 	 0.353845
13.02 	 0.353845
13.03 	 0.353845
13.04 	 0.353845
13.05 	 0.353845
13.06 	 0.353845
13.07 	 0.353845
13.08 	 0.353845
13.09 	 0.353845
13.1 	 0.353845
13.11 	 0.353845
13.12 	 0.353845
13.13 	 0.353845
13.14 	 0.353845
13.15 	 0.353845
13.16 	 0.353845
13.17 	 0.353845
13.18 	 0.353845
13.19 	 0.353845
13.2 	 0.353845
13.21 	 0.353845
13.22 	 0.353845
13.23 	 0.353845
13.24 	 0.353845
13.25 	 0.353845
13.26 	 0.353845
13.27 	 0.353845
13.28 	 0.353845
13.29 	 0.353845
13.3 	 0.353845
13.31 	 0.353845
13.32 	 0.353845
13.33 	 0.353845
13.34 	 0.353845
13.35 	 0.353845
13.36 	 0.353845
13.37 	 0.353845
13.38 	 0.353845
13.39 	 0.353845
13.4 	 0.353845
13.41 	 0.353845
13.42 	 0.353845
13.43 	 0.353845
13.44 	 0.353845
13.45 	 0.353845
13.46 	 0.353845
13.47 	 0.353845
13.48 	 0.353845
13.49 	 0.353845
13.5 	 0.353845
13.51 	 0.353845
13.52 	 0.353845
13.53 	 0.353845
13.54 	 0.353845
13.55 	 0.353845
13.56 	 0.353845
13.57 	 0.353845
13.58 	 0.353845
13.59 	 0.353845
13.6 	 0.353845
13.61 	 0.353845
13.62 	 0.353845
13.63 	 0.353845
13.64 	 0.353845
13.65 	 0.353845
13.66 	 0.353845
13.67 	 0.353845
13.68 	 0.353845
13.69 	 0.353845
13.7 	 0.353845
13.71 	 0.353845
13.72 	 0.353845
13.73 	 0.353845
13.74 	 0.353845
13.75 	 0.353845
13.76 	 0.353845
13.77 	 0.353845
13.78 	 0.353845
13.79 	 0.353845
13.8 	 0.353845
13.81 	 0.353845
13.82 	 0.353845
13.83 	 0.353845
13.84 	 0.353845
13.85 	 0.353845
13.86 	 0.353845
13.87 	 0.353845
13.88 	 0.353845
13.89 	 0.353845
13.9 	 0.353845
13.91 	 0.353845
13.92 	 0.353845
13.93 	 0.353845
13.94 	 0.353845
13.95 	 0.353845
13.96 	 0.353845
13.97 	 0.353845
13.98 	 0.353845
13.99 	 0.353845
14 	 0.353845
14.01 	 0.353845
14.02 	 0.353845
14.03 	 0.353845
14.04 	 0.353845
14.05 	 0.353845
14.06 	 0.353845
14.07 	 0.353845
14.08 	 0.353845
14.09 	 0.353845
14.1 	 0.353845
14.11 	 0.353845
14.12 	 0.353845
14.13 	 0.353845
14.14 	 0.353845
14.15 	 0.353845
14.16 	 0.353845
14.17 	 0.353845
14.18 	 0.353845
14.19 	 0.353845
14.2 	 0.353845
14.21 	 0.353845
14.22 	 0.353845
14.23 	 0.353845
14.24 	 0.353845
14.25 	 0.353845
14.26 	 0.353845
14.27 	 0.353845
14.28 	 0.353845
14.29 	 0.353845
14.3 	 0.353845
14.31 	 0.353845
14.32 	 0.353845
14.33 	 0.353845
14.34 	 0.353845
14.35 	 0.353845
14.36 	 0.353845
14.37 	 0.353845
14.38 	 0.353845
14.39 	 0.353845
14.4 	 0.353845
14.41 	 0.353845
14.42 	 0.353845
14.43 	 0.353845
14.44 	 0.353845
14.45 	 0.353845
14.46 	 0.353845
14.47 	 0.353845
14.48 	 0.353845
14.49 	 0.353845
14.5 	 0.353845
14.51 	 0.353845
14.52 	 0.353845
14.53 	 0.353845
14.54 	 0.353845
14.55 	 0.353845
14.56 	 0.353845
14.57 	 0.353845
14.58 	 0.353845
14.59 	 0.353845
14.6 	 0.353845
14.61 	 0.353845
14.62 	 0.353845
14.63 	 0.353845
14.64 	 0.353845
14.65 	 0.353845
14.66 	 0.353845
14.67 	 0.353845
14.68 	 0.353845
14.69 	 0.353845
14.7 	 0.353845
14.71 	 0.353845
14.72 	 0.353845
14.73 	 0.353845
14.74 	 0.353845
14.75 	 0.353845
14.76 	 0.353845
14.77 	 0.353845
14.78 	 0.353845
14.79 	 0.353845
14.8 	 0.353845
14.81 	 0.353845
14.82 	 0.353845
14.83 	 0.353845
14.84 	 0.353845
14.85 	 0.353845
14.86 	 0.353845
14.87 	 0.353845
14.88 	 0.353845
14.89 	 0.353845
14.9 	 0.353845
14.91 	 0.353845
14.92 	 0.353845
14.93 	 0.353845
14.94 	 0.353845
14.95 	 0.353845
14.96 	 0.353845
14.97 	 0.353845
14.98 	 0.353845
14.99 	 0.353845
15 	 0.353845
15.01 	 0.353845
15.02 	 0.353845
15.03 	 0.353845
15.04 	 0.353845
15.05 	 0.353845
15.06 	 0.353845
15.07 	 0.353845
15.08 	 0.353845
15.09 	 0.353845
15.1 	 0.353845
15.11 	 0.353845
15.12 	 0.353845
15.13 	 0.353845
15.14 	 0.353845
15.15 	 0.353845
15.16 	 0.353845
15.17 	 0.353845
15.18 	 0.353845
15.19 	 0.353845
15.2 	 0.353845
15.21 	 0.353845
15.22 	 0.353845
15.23 	 0.353845
15.24 	 0.353845
15.25 	 0.353845
15.26 	 0.353845
15.27 	 0.353845
15.28 	 0.353845
15.29 	 0.353845
15.3 	 0.353845
15.31 	 0.353845
15.32 	 0.353845
15.33 	 0.353845
15.34 	 0.353845
15.35 	 0.353845
15.36 	 0.353845
15.37 	 0.353845
15.38 	 0.353845
15.39 	 0.353845
15.4 	 0.353845
15.41 	 0.353845
15.42 	 0.353845
15.43 	 0.353845
15.44 	 0.353845
15.45 	 0.353845
15.46 	 0.353845
15.47 	 0.353845
15.48 	 0.353845
15.49 	 0.353845
15.5 	 0.353845
15.51 	 0.353845
15.52 	 0.353845
15.53 	 0.353845
15.54 	 0.353845
15.55 	 0.353845
15.56 	 0.353845
15.57 	 0.353845
15.58 	 0.353845
15.59 	 0.353845
15.6 	 0.353845
15.61 	 0.353845
15.62 	 0.353845
15.63 	 0.353845
15.64 	 0.353845
15.65 	 0.353845
15.66 	 0.353845
15.67 	 0.353845
15.68 	 0.353845
15.69 	 0.353845
15.7 	 0.353845
15.71 	 0.353845
15.72 	 0.353845
15.73 	 0.353845
15.74 	 0.353845
15.75 	 0.353845
15.76 	 0.353845
15.77 	 0.353845
15.78 	 0.353845
15.79 	 0.353845
15.8 	 0.353845
15.81 	 0.353845
15.82 	 0.353845
15.83 	 0.353845
15.84 	 0.353845
15.85 	 0.353845
15.86 	 0.353845
15.87 	 0.353845
15.88 	 0.353845
15.89 	 0.353845
15.9 	 0.353845
15.91 	 0.353845
15.92 	 0.353845
15.93 	 0.353845
15.94 	 0.353845
15.95 	 0.353845
15.96 	 0.353845
15.97 	 0.353845
15.98 	 0.353845
15.99 	 0.353845
16 	 0.353845
16.01 	 0.353845
16.02 	 0.353845
16.03 	 0.353845
16.04 	 0.353845
16.05 	 0.353845
16.06 	 0.353845
16.07 	 0.353845
16.08 	 0.353845
16.09 	 0.353845
16.1 	 0.353845
16.11 	 0.353845
16.12 	 0.353845
16.13 	 0.353845
16.14 	 0.353845
16.15 	 0.353845
16.16 	 0.353845
16.17 	 0.353845
16.18 	 0.353845
16.19 	 0.353845
16.2 	 0.353845
16.21 	 0.353845
16.22 	 0.353845
16.23 	 0.353845
16.24 	 0.353845
16.25 	 0.353845
16.26 	 0.353845
16.27 	 0.353845
16.28 	 0.353845
16.29 	 0.353845
16.3 	 0.353845
16.31 	 0.353845
16.32 	 0.353845
16.33 	 0.353845
16.34 	 0.353845
16.35 	 0.353845
16.36 	 0.353845
16.37 	 0.353845
16.38 	 0.353845
16.39 	 0.353845
16.4 	 0.353845
16.41 	 0.353845
16.42 	 0.353845
16.43 	 0.353845
16.44 	 0.353845
16.45 	 0.353845
16.46 	 0.353845
16.47 	 0.353845
16.48 	 0.353845
16.49 	 0.353845
16.5 	 0.353845
16.51 	 0.353845
16.52 	 0.353845
16.53 	 0.353845
16.54 	 0.353845
16.55 	 0.353845
16.56 	 0.353845
16.57 	 0.353845
16.58 	 0.353845
16.59 	 0.353845
16.6 	 0.353845
16.61 	 0.353845
16.62 	 0.353845
16.63 	 0.353845
16.64 	 0.353845
16.65 	 0.353845
16.66 	 0.353845
16.67 	 0.353845
16.68 	 0.353845
16.69 	 0.353845
16.7 	 0.353845
16.71 	 0.353845
16.72 	 0.353845
16.73 	 0.353845
16.74 	 0.353845
16.75 	 0.353845
16.76 	 0.353845
16.77 	 0.353845
16.78 	 0.353845
16.79 	 0.353845
16.8 	 0.353845
16.81 	 0.353845
16.82 	 0.353845
16.83 	 0.353845
16.84 	 0.353845
16.85 	 0.353845
16.86 	 0.353845
16.87 	 0.353845
16.88 	 0.353845
16.89 	 0.353845
16.9 	 0.353845
16.91 	 0.353845
16.92 	 0.353845
16.93 	 0.353845
16.94 	 0.353845
16.95 	 0.353845
16.96 	 0.353845
16.97 	 0.353845
16.98 	 0.353845
16.99 	 0.353845
17 	 0.353845
17.01 	 0.353845
17.02 	 0.353845
17.03 	 0.353845
17.04 	 0.353845
17.05 	 0.353845
17.06 	 0.353845
17.07 	 0.353845
17.08 	 0.353845
17.09 	 0.353845
17.1 	 0.353845
17.11 	 0.353845
17.12 	 0.353845
17.13 	 0.353845
17.14 	 0.353845
17.15 	 0.353845
17.16 	 0.353845
17.17 	 0.353845
17.18 	 0.353845
17.19 	 0.353845
17.2 	 0.353845
17.21 	 0.353845
17.22 	 0.353845
17.23 	 0.353845
17.24 	 0.353845
17.25 	 0.353845
17.26 	 0.353845
17.27 	 0.353845
17.28 	 0.353845
17.29 	 0.353845
17.3 	 0.353845
17.31 	 0.353845
17.32 	 0.353845
17.33 	 0.353845
17.34 	 0.353845
17.35 	 0.353845
17.36 	 0.353845
17.37 	 0.353845
17.38 	 0.353845
17.39 	 0.353845
17.4 	 0.353845
17.41 	 0.353845
17.42 	 0.353845
17.43 	 0.353845
17.44 	 0.353845
17.45 	 0.353845
17.46 	 0.353845
17.47 	 0.353845
17.48 	 0.353845
17.49 	 0.353845
17.5 	 0.353845
17.51 	 0.353845
17.52 	 0.353845
17.53 	 0.353845
17.54 	 0.353845
17.55 	 0.353845
17.56 	 0.353845
17.57 	 0.353845
17.58 	 0.353845
17.59 	 0.353845
17.6 	 0.353845
17.61 	 0.353845
17.62 	 0.353845
17.63 	 0.353845
17.64 	 0.353845
17.65 	 0.353845
17.66 	 0.353845
17.67 	 0.353845
17.68 	 0.353845
17.69 	 0.353845
17.7 	 0.353845
17.71 	 0.353845
17.72 	 0.353845
17.73 	 0.353845
17.74 	 0.353845
17.75 	 0.353845
17.76 	 0.353845
17.77 	 0.353845
17.78 	 0.353845
17.79 	 0.353845
17.8 	 0.353845
17.81 	 0.353845
17.82 	 0.353845
17.83 	 0.353845
17.84 	 0.353845
17.85 	 0.353845
17.86 	 0.353845
17.87 	 0.353845
17.88 	 0.353845
17.89 	 0.353845
17.9 	 0.353845
17.91 	 0.353845
17.92 	 0.353845
17.93 	 0.353845
17.94 	 0.353845
17.95 	 0.353845
17.96 	 0.353845
17.97 	 0.353845
17.98 	 0.353845
17.99 	 0.353845
18 	 0.353845
18.01 	 0.353845
18.02 	 0.353845
18.03 	 0.353845
18.04 	 0.353845
18.05 	 0.353845
18.06 	 0.353845
18.07 	 0.353845
18.08 	 0.353845
18.09 	 0.353845
18.1 	 0.353845
18.11 	 0.353845
18.12 	 0.353845
18.13 	 0.353845
18.14 	 0.353845
18.15 	 0.353845
18.16 	 0.353845
18.17 	 0.353845
18.18 	 0.353845
18.19 	 0.353845
18.2 	 0.353845
18.21 	 0.353845
18.22 	 0.353845
18.23 	 0.353845
18.24 	 0.353845
18.25 	 0.353845
18.26 	 0.353845
18.27 	 0.353845
18.28 	 0.353845
18.29 	 0.353845
18.3 	 0.353845
18.31 	 0.353845
18.32 	 0.353845
18.33 	 0.353845
18.34 	 0.353845
18.35 	 0.353845
18.36 	 0.353845
18.37 	 0.353845
18.38 	 0.353845
18.39 	 0.353845
18.4 	 0.353845
18.41 	 0.353845
18.42 	 0.353845
18.43 	 0.353845
18.44 	 0.353845
18.45 	 0.353845
18.46 	 0.353845
18.47 	 0.353845
18.48 	 0.353845
18.49 	 0.353845
18.5 	 0.353845
18.51 	 0.353845
18.52 	 0.353845
18.53 	 0.353845
18.54 	 0.353845
18.55 	 0.353845
18.56 	 0.353845
18.57 	 0.353845
18.58 	 0.353845
18.59 	 0.353845
18.6 	 0.353845
18.61 	 0.353845
18.62 	 0.353845
18.63 	 0.353845
18.64 	 0.353845
18.65 	 0.353845
18.66 	 0.353845
18.67 	 0.353845
18.68 	 0.353845
18.69 	 0.353845
18.7 	 0.353845
18.71 	 0.353845
18.72 	 0.353845
18.73 	 0.353845
18.74 	 0.353845
18.75 	 0.353845
18.76 	 0.353845
18.77 	 0.353845
18.78 	 0.353845
18.79 	 0.353845
18.8 	 0.353845
18.81 	 0.353845
18.82 	 0.353845
18.83 	 0.353845
18.84 	 0.353845
18.85 	 0.353845
18.86 	 0.353845
18.87 	 0.353845
18.88 	 0.353845
18.89 	 0.353845
18.9 	 0.353845
18.91 	 0.353845
18.92 	 0.353845
18.93 	 0.353845
18.94 	 0.353845
18.95 	 0.353845
18.96 	 0.353845
18.97 	 0.353845
18.98 	 0.353845
18.99 	 0.353845
19 	 0.353845
19.01 	 0.353845
19.02 	 0.353845
19.03 	 0.353845
19.04 	 0.353845
19.05 	 0.353845
19.06 	 0.353845
19.07 	 0.353845
19.08 	 0.353845
19.09 	 0.353845
19.1 	 0.353845
19.11 	 0.353845
19.12 	 0.353845
19.13 	 0.353845
19.14 	 0.353845
19.15 	 0.353845
19.16 	 0.353845
19.17 	 0.353845
19.18 	 0.353845
19.19 	 0.353845
19.2 	 0.353845
19.21 	 0.353845
19.22 	 0.353845
19.23 	 0.353845
19.24 	 0.353845
19.25 	 0.353845
19.26 	 0.353845
19.27 	 0.353845
19.28 	 0.353845
19.29 	 0.353845
19.3 	 0.353845
19.31 	 0.353845
19.32 	 0.353845
19.33 	 0.353845
19.34 	 0.353845
19.35 	 0.353845
19.36 	 0.353845
19.37 	 0.353845
19.38 	 0.353845
19.39 	 0.353845
19.4 	 0.353845
19.41 	 0.353845
19.42 	 0.353845
19.43 	 0.353845
19.44 	 0.353845
19.45 	 0.353845
19.46 	 0.353845
19.47 	 0.353845
19.48 	 0.353845
19.49 	 0.353845
19.5 	 0.353845
19.51 	 0.353845
19.52 	 0.353845
19.53 	 0.353845
19.54 	 0.353845
19.55 	 0.353845
19.56 	 0.353845
19.57 	 0.353845
19.58 	 0.353845
19.59 	 0.353845
19.6 	 0.353845
19.61 	 0.353845
19.62 	 0.353845
19.63 	 0.353845
19.64 	 0.353845
19.65 	 0.353845
19.66 	 0.353845
19.67 	 0.353845
19.68 	 0.353845
19.69 	 0.353845
19.7 	 0.353845
19.71 	 0.353845
19.72 	 0.353845
19.73 	 0.353845
19.74 	 0.353845
19.75 	 0.353845
19.76 	 0.353845
19.77 	 0.353845
19.78 	 0.353845
19.79 	 0.353845
19.8 	 0.353845
19.81 	 0.353845
19.82 	 0.353845
19.83 	 0.353845
19.84 	 0.353845
19.85 	 0.353845
19.86 	 0.353845
19.87 	 0.353845
19.88 	 0.353845
19.89 	 0.353845
19.9 	 0.353845
19.91 	 0.353845
19.92 	 0.353845
19.93 	 0.353845
19.94 	 0.353845
19.95 	 0.353845
19.96 	 0.353845
19.97 	 0.353845
19.98 	 0.353845
19.99 	 0.353845
20 	 0.353845
