0.1 	 0.352265
0.2 	 0.498178
0.3 	 0.610141
0.4 	 0.70453
0.5 	 0.787688
0.6 	 0.862869
0.7 	 0.932005
0.8 	 0.996355
0.9 	 1.05679
1 	 1.11396
1.1 	 1.16833
1.2 	 1.22028
1.3 	 1.27011
1.4 	 1.31805
1.5 	 1.36432
1.6 	 1.40906
1.7 	 1.45243
1.8 	 1.49453
1.9 	 1.53549
2 	 1.57538
2.1 	 1.61428
2.2 	 1.65227
2.3 	 1.6894
2.4 	 1.72574
2.5 	 1.76132
2.6 	 1.79621
2.7 	 1.83042
2.8 	 1.86401
2.9 	 1.897
3 	 1.92943
3.1 	 1.96133
3.2 	 1.99271
3.3 	 2.02361
3.4 	 2.05404
3.5 	 2.08403
3.6 	 2.11359
3.7 	 2.14274
3.8 	 2.17151
3.9 	 2.19989
4 	 2.22792
4.1 	 2.2556
4.2 	 2.28294
4.3 	 2.30995
4.4 	 2.33666
4.5 	 2.36306
4.6 	 2.38918
4.7 	 2.41501
4.8 	 2.44056
4.9 	 2.46585
5 	 2.49089
5.1 	 2.51567
5.2 	 2.54022
5.3 	 2.56453
5.4 	 2.58861
5.5 	 2.61247
5.6 	 2.63611
5.7 	 2.65954
5.8 	 2.68277
5.9 	 2.7058
6 	 2.72863
6.1 	 2.75128
6.2 	 2.77374
6.3 	 2.79602
6.4 	 2.81812
6.5 	 2.84005
6.6 	 2.86181
6.7 	 2.88341
6.8 	 2.90485
6.9 	 2.92613
7 	 2.94726
7.1 	 2.96824
7.2 	 2.98907
7.3 	 3.00975
7.4 	 3.0303
7.5 	 3.0507
7.6 	 3.07097
7.7 	 3.09111
7.8 	 3.11112
7.9 	 3.131
8 	 3.15075
8.1 	 3.17038
8.2 	 3.18989
8.3 	 3.20929
8.4 	 3.22856
8.5 	 3.24772
8.6 	 3.26677
8.7 	 3.28571
8.8 	 3.30454
8.9 	 3.32326
9 	 3.34188
9.1 	 3.36039
9.2 	 3.37881
9.3 	 3.39712
9.4 	 3.41533
9.5 	 3.43345
9.6 	 3.45148
9.7 	 3.46941
9.8 	 3.48724
9.9 	 3.50499
10 	 3.52265
10.1 	 3.54022
10.2 	 3.5577
10.3 	 3.5751
10.4 	 3.59241
10.5 	 3.60964
10.6 	 3.62679
10.7 	 3.64386
10.8 	 3.66084
10.9 	 3.67775
11 	 3.69458
11.1 	 3.71134
11.2 	 3.72802
11.3 	 3.74463
11.4 	 3.76116
11.5 	 3.77762
11.6 	 3.79401
11.7 	 3.81033
11.8 	 3.82658
11.9 	 3.84276
12 	 3.85887
12.1 	 3.87491
12.2 	 3.89089
12.3 	 3.90681
12.4 	 3.92266
12.5 	 3.93844
12.6 	 3.95416
12.7 	 3.96982
12.8 	 3.98542
12.9 	 4.00096
13 	 4.01644
13.1 	 4.03186
13.2 	 4.04721
13.3 	 4.06252
13.4 	 4.07776
13.5 	 4.09295
13.6 	 4.10808
13.7 	 4.12315
13.8 	 4.13817
13.9 	 4.15314
14 	 4.16805
14.1 	 4.18291
14.2 	 4.19772
14.3 	 4.21247
14.4 	 4.22718
14.5 	 4.24183
14.6 	 4.25643
14.7 	 4.27098
14.8 	 4.28549
14.9 	 4.29994
15 	 4.31435
15.1 	 4.3287
15.2 	 4.34301
15.3 	 4.35728
15.4 	 4.37149
15.5 	 4.38566
15.6 	 4.39979
15.7 	 4.41387
15.8 	 4.4279
15.9 	 4.44189
16 	 4.45584
16.1 	 4.46974
16.2 	 4.4836
16.3 	 4.49742
16.4 	 4.51119
16.5 	 4.52492
16.6 	 4.53861
16.7 	 4.55226
16.8 	 4.56587
16.9 	 4.57944
17 	 4.59297
17.1 	 4.60646
17.2 	 4.61991
17.3 	 4.63332
17.4 	 4.64669
17.5 	 4.66003
17.6 	 4.67332
17.7 	 4.68658
17.8 	 4.6998
17.9 	 4.71298
18 	 4.72613
18.1 	 4.73924
18.2 	 4.75231
18.3 	 4.76535
18.4 	 4.77835
18.5 	 4.79132
18.6 	 4.80425
18.7 	 4.81715
18.8 	 4.83001
18.9 	 4.84284
19 	 4.85564
19.1 	 4.8684
19.2 	 4.88112
19.3 	 4.89382
19.4 	 4.90648
19.5 	 4.91911
19.6 	 4.93171
19.7 	 4.94427
19.8 	 4.95681
19.9 	 4.96931
20 	 4.98178
