0.05 	 0.419585
0.1 	 0.590492
0.15 	 0.720082
0.2 	 0.828217
0.25 	 0.922613
0.3 	 1.00723
0.35 	 1.08444
0.4 	 1.15576
0.45 	 1.22227
0.5 	 1.28476
0.55 	 1.3438
0.6 	 1.39985
0.65 	 1.45329
0.7 	 1.5044
0.75 	 1.55343
0.8 	 1.60059
0.85 	 1.64604
0.9 	 1.68993
0.95 	 1.73239
1 	 1.77353
1.05 	 1.81344
1.1 	 1.85222
1.15 	 1.88995
1.2 	 1.92667
1.25 	 1.96247
1.3 	 1.99739
1.35 	 2.03149
1.4 	 2.0648
1.45 	 2.09738
1.5 	 2.12925
1.55 	 2.16046
1.6 	 2.19104
1.65 	 2.221
1.7 	 2.25039
1.75 	 2.27923
1.8 	 2.30754
1.85 	 2.33535
1.9 	 2.36267
1.95 	 2.38952
2 	 2.41592
2.05 	 2.44189
2.1 	 2.46745
2.15 	 2.49274
2.2 	 2.51751
2.25 	 2.54191
2.3 	 2.56594
2.35 	 2.58963
2.4 	 2.61298
2.45 	 2.636
2.5 	 2.65871
2.55 	 2.68111
2.6 	 2.70322
2.65 	 2.72503
2.7 	 2.74657
2.75 	 2.76783
2.8 	 2.78883
2.85 	 2.80958
2.9 	 2.83007
2.95 	 2.85032
3 	 2.87033
3.05 	 2.89012
3.1 	 2.90967
3.15 	 2.92901
3.2 	 2.94814
3.25 	 2.96706
3.3 	 2.98577
3.35 	 3.00429
3.4 	 3.02261
3.45 	 3.04075
3.5 	 3.0587
3.55 	 3.07646
3.6 	 3.09406
3.65 	 3.11147
3.7 	 3.12872
3.75 	 3.14581
3.8 	 3.16273
3.85 	 3.1795
3.9 	 3.19611
3.95 	 3.21256
4 	 3.22887
4.05 	 3.2451
4.1 	 3.26112
4.15 	 3.277
4.2 	 3.29274
4.25 	 3.30835
4.3 	 3.32388
4.35 	 3.33923
4.4 	 3.35445
4.45 	 3.36954
4.5 	 3.38451
4.55 	 3.39941
4.6 	 3.41415
4.65 	 3.42876
4.7 	 3.44326
4.75 	 3.45765
4.8 	 3.47193
4.85 	 3.4861
4.9 	 3.50016
4.95 	 3.51412
5 	 3.52798
5.05 	 3.54173
5.1 	 3.55539
5.15 	 3.56894
5.2 	 3.5824
5.25 	 3.59577
5.3 	 3.60904
5.35 	 3.62222
5.4 	 3.63531
5.45 	 3.64831
5.5 	 3.66122
5.55 	 3.67404
5.6 	 3.68678
5.65 	 3.69944
5.7 	 3.71201
5.75 	 3.7245
5.8 	 3.73691
5.85 	 3.74924
5.9 	 3.76149
5.95 	 3.77367
6 	 3.78577
6.05 	 3.79779
6.1 	 3.80975
6.15 	 3.82162
6.2 	 3.83343
6.25 	 3.84516
6.3 	 3.85683
6.35 	 3.86843
6.4 	 3.87995
6.45 	 3.89141
6.5 	 3.90281
6.55 	 3.91414
6.6 	 3.9254
6.65 	 3.9366
6.7 	 3.94774
6.75 	 3.95881
6.8 	 3.96983
6.85 	 3.98078
6.9 	 3.99167
6.95 	 4.00251
7 	 4.01328
7.05 	 4.024
7.1 	 4.03466
7.15 	 4.04526
7.2 	 4.05581
7.25 	 4.0663
7.3 	 4.07674
7.35 	 4.08712
7.4 	 4.09745
7.45 	 4.10773
7.5 	 4.11796
7.55 	 4.12813
7.6 	 4.13825
7.65 	 4.14833
7.7 	 4.15835
7.75 	 4.16833
7.8 	 4.17825
7.85 	 4.18813
7.9 	 4.19796
7.95 	 4.20774
8 	 4.21748
8.05 	 4.22717
8.1 	 4.23683
8.15 	 4.24643
8.2 	 4.25599
8.25 	 4.2655
8.3 	 4.27496
8.35 	 4.28441
8.4 	 4.29379
8.45 	 4.30313
8.5 	 4.31242
8.55 	 4.32168
8.6 	 4.33091
8.65 	 4.34008
8.7 	 4.34922
8.75 	 4.35831
8.8 	 4.36736
8.85 	 4.37639
8.9 	 4.38537
8.95 	 4.3943
9 	 4.4032
9.05 	 4.41206
9.1 	 4.4209
9.15 	 4.42969
9.2 	 4.43844
9.25 	 4.44715
9.3 	 4.45583
9.35 	 4.46449
9.4 	 4.47309
9.45 	 4.48166
9.5 	 4.4902
9.55 	 4.4987
9.6 	 4.50717
9.65 	 4.5156
9.7 	 4.524
9.75 	 4.53237
9.8 	 4.5407
9.85 	 4.54901
9.9 	 4.55727
9.95 	 4.56551
10 	 4.57372
10.05 	 4.58189
10.1 	 4.59004
10.15 	 4.59815
10.2 	 4.60623
10.25 	 4.61428
10.3 	 4.6223
10.35 	 4.63029
10.4 	 4.63825
10.45 	 4.64619
10.5 	 4.65409
10.55 	 4.66196
10.6 	 4.66981
10.65 	 4.67763
10.7 	 4.68542
10.75 	 4.69318
10.8 	 4.70091
10.85 	 4.70862
10.9 	 4.71629
10.95 	 4.72394
11 	 4.73157
11.05 	 4.73917
11.1 	 4.74674
11.15 	 4.75428
11.2 	 4.7618
11.25 	 4.76929
11.3 	 4.77676
11.35 	 4.7842
11.4 	 4.79162
11.45 	 4.79901
11.5 	 4.80638
11.55 	 4.81372
11.6 	 4.82104
11.65 	 4.82833
11.7 	 4.8356
11.75 	 4.84285
11.8 	 4.85007
11.85 	 4.85726
11.9 	 4.86444
11.95 	 4.87159
12 	 4.87872
12.05 	 4.88582
12.1 	 4.89291
12.15 	 4.89997
12.2 	 4.907
12.25 	 4.91402
12.3 	 4.92101
12.35 	 4.92798
12.4 	 4.93493
12.45 	 4.94186
12.5 	 4.94876
12.55 	 4.95565
12.6 	 4.96251
12.65 	 4.96935
12.7 	 4.97618
12.75 	 4.98298
12.8 	 4.98976
12.85 	 4.99652
12.9 	 5.00326
12.95 	 5.00997
13 	 5.01667
13.05 	 5.02335
13.1 	 5.03001
13.15 	 5.03665
13.2 	 5.04327
13.25 	 5.04987
13.3 	 5.05645
13.35 	 5.06302
13.4 	 5.06956
13.45 	 5.07608
13.5 	 5.08259
13.55 	 5.08908
13.6 	 5.09554
13.65 	 5.10199
13.7 	 5.10842
13.75 	 5.11484
13.8 	 5.12123
13.85 	 5.12761
13.9 	 5.13397
13.95 	 5.14031
14 	 5.14664
14.05 	 5.15294
14.1 	 5.15923
14.15 	 5.1655
14.2 	 5.17176
14.25 	 5.178
14.3 	 5.18422
14.35 	 5.19042
14.4 	 5.19661
14.45 	 5.20278
14.5 	 5.20893
14.55 	 5.21507
14.6 	 5.22119
14.65 	 5.2273
14.7 	 5.23339
14.75 	 5.23946
14.8 	 5.24552
14.85 	 5.25156
14.9 	 5.25758
14.95 	 5.26359
15 	 5.26958
15.05 	 5.27556
15.1 	 5.28153
15.15 	 5.28747
15.2 	 5.2934
15.25 	 5.29932
15.3 	 5.30522
15.35 	 5.31111
15.4 	 5.31698
15.45 	 5.32284
15.5 	 5.32868
15.55 	 5.33451
15.6 	 5.34033
15.65 	 5.34612
15.7 	 5.35191
15.75 	 5.35768
15.8 	 5.36344
15.85 	 5.36918
15.9 	 5.37491
15.95 	 5.38062
16 	 5.38632
16.05 	 5.39201
16.1 	 5.39768
16.15 	 5.40334
16.2 	 5.40899
16.25 	 5.41462
16.3 	 5.42024
16.35 	 5.42584
16.4 	 5.43144
16.45 	 5.43702
16.5 	 5.44259
16.55 	 5.44814
16.6 	 5.45368
16.65 	 5.4592
16.7 	 5.46472
16.75 	 5.47022
16.8 	 5.47571
16.85 	 5.48119
16.9 	 5.48665
16.95 	 5.49211
17 	 5.49754
17.05 	 5.50297
17.1 	 5.50838
17.15 	 5.51378
17.2 	 5.51917
17.25 	 5.52455
17.3 	 5.52991
17.35 	 5.53527
17.4 	 5.54061
17.45 	 5.54594
17.5 	 5.55126
17.55 	 5.55656
17.6 	 5.56185
17.65 	 5.56713
17.7 	 5.57241
17.75 	 5.57767
17.8 	 5.58291
17.85 	 5.58815
17.9 	 5.59337
17.95 	 5.59859
18 	 5.60379
18.05 	 5.60898
18.1 	 5.61415
18.15 	 5.61932
18.2 	 5.62448
18.25 	 5.62963
18.3 	 5.63476
18.35 	 5.63989
18.4 	 5.645
18.45 	 5.65011
18.5 	 5.6552
18.55 	 5.66028
18.6 	 5.66535
18.65 	 5.67041
18.7 	 5.67546
18.75 	 5.6805
18.8 	 5.68553
18.85 	 5.69054
18.9 	 5.69555
18.95 	 5.70055
19 	 5.70554
19.05 	 5.71051
19.1 	 5.71548
19.15 	 5.72044
19.2 	 5.72538
19.25 	 5.73032
19.3 	 5.73524
19.35 	 5.74016
19.4 	 5.74507
19.45 	 5.74996
19.5 	 5.75485
19.55 	 5.75973
19.6 	 5.76459
19.65 	 5.76945
19.7 	 5.7743
19.75 	 5.77914
19.8 	 5.78397
19.85 	 5.78878
19.9 	 5.7936
19.95 	 5.7984
20 	 5.80319
