0.05 	 0.350955
0.1 	 0.349668
0.15 	 0.348405
0.2 	 0.347165
0.25 	 0.345946
0.3 	 0.344749
0.35 	 0.343572
0.4 	 0.342414
0.45 	 0.341276
0.5 	 0.340157
0.55 	 0.339056
0.6 	 0.337973
0.65 	 0.336906
0.7 	 0.335857
0.75 	 0.334823
0.8 	 0.333805
0.85 	 0.332803
0.9 	 0.331815
0.95 	 0.330842
1 	 0.329883
1.05 	 0.328938
1.1 	 0.328006
1.15 	 0.327087
1.2 	 0.326181
1.25 	 0.325287
1.3 	 0.324406
1.35 	 0.323536
1.4 	 0.322678
1.45 	 0.321831
1.5 	 0.320995
1.55 	 0.32017
1.6 	 0.319356
1.65 	 0.318551
1.7 	 0.317757
1.75 	 0.316973
1.8 	 0.316198
1.85 	 0.315432
1.9 	 0.314676
1.95 	 0.313929
2 	 0.31319
2.05 	 0.31246
2.1 	 0.311739
2.15 	 0.311739
2.2 	 0.31032
2.25 	 0.309623
2.3 	 0.308934
2.35 	 0.308252
2.4 	 0.307578
2.45 	 0.30691
2.5 	 0.306251
2.55 	 0.305598
2.6 	 0.304952
2.65 	 0.304313
2.7 	 0.30368
2.75 	 0.303054
2.8 	 0.302435
2.85 	 0.301821
2.9 	 0.301214
2.95 	 0.300613
3 	 0.300018
3.05 	 0.299429
3.1 	 0.298845
3.15 	 0.298267
3.2 	 0.297695
3.25 	 0.297128
3.3 	 0.296567
3.35 	 0.296011
3.4 	 0.295459
3.45 	 0.294914
3.5 	 0.294373
3.55 	 0.293837
3.6 	 0.293305
3.65 	 0.292779
3.7 	 0.292257
3.75 	 0.29174
3.8 	 0.291228
3.85 	 0.290719
3.9 	 0.290216
3.95 	 0.289716
4 	 0.289221
4.05 	 0.289221
4.1 	 0.288244
4.15 	 0.287761
4.2 	 0.287282
4.25 	 0.286808
4.3 	 0.286808
4.35 	 0.28587
4.4 	 0.285407
4.45 	 0.284947
4.5 	 0.284492
4.55 	 0.284492
4.6 	 0.283591
4.65 	 0.283146
4.7 	 0.282704
4.75 	 0.282266
4.8 	 0.281831
4.85 	 0.2814
4.9 	 0.280972
4.95 	 0.280547
5 	 0.280125
5.05 	 0.279707
5.1 	 0.279291
5.15 	 0.278879
5.2 	 0.278469
5.25 	 0.278063
5.3 	 0.277659
5.35 	 0.277259
5.4 	 0.276861
5.45 	 0.276466
5.5 	 0.276074
5.55 	 0.275685
5.6 	 0.275299
5.65 	 0.274915
5.7 	 0.274534
5.75 	 0.274155
5.8 	 0.273779
5.85 	 0.273406
5.9 	 0.273035
5.95 	 0.272667
6 	 0.272301
6.05 	 0.271937
6.1 	 0.271576
6.15 	 0.271218
6.2 	 0.270861
6.25 	 0.270507
6.3 	 0.270156
6.35 	 0.269806
6.4 	 0.269459
6.45 	 0.269114
6.5 	 0.268772
6.55 	 0.268431
6.6 	 0.268093
6.65 	 0.267757
6.7 	 0.267422
6.75 	 0.26709
6.8 	 0.26676
6.85 	 0.266432
6.9 	 0.266106
6.95 	 0.265782
7 	 0.26546
7.05 	 0.26514
7.1 	 0.264822
7.15 	 0.264506
7.2 	 0.264191
7.25 	 0.263879
7.3 	 0.263568
7.35 	 0.263259
7.4 	 0.262952
7.45 	 0.262647
7.5 	 0.262343
7.55 	 0.262041
7.6 	 0.261741
7.65 	 0.261443
7.7 	 0.261146
7.75 	 0.260851
7.8 	 0.260558
7.85 	 0.260266
7.9 	 0.259976
7.95 	 0.259688
8 	 0.259401
8.05 	 0.259116
8.1 	 0.259116
8.15 	 0.25855
8.2 	 0.258269
8.25 	 0.25799
8.3 	 0.257713
8.35 	 0.257713
8.4 	 0.257162
8.45 	 0.256889
8.5 	 0.256617
8.55 	 0.256347
8.6 	 0.256347
8.65 	 0.25581
8.7 	 0.255544
8.75 	 0.255279
8.8 	 0.255016
8.85 	 0.255016
8.9 	 0.254493
8.95 	 0.254234
9 	 0.253976
9.05 	 0.253719
9.1 	 0.253719
9.15 	 0.25321
9.2 	 0.252957
9.25 	 0.252705
9.3 	 0.252455
9.35 	 0.252455
9.4 	 0.251958
9.45 	 0.251711
9.5 	 0.251466
9.55 	 0.251222
9.6 	 0.250978
9.65 	 0.250736
9.7 	 0.250496
9.75 	 0.250256
9.8 	 0.250018
9.85 	 0.24978
9.9 	 0.249544
9.95 	 0.249309
10 	 0.249075
10.05 	 0.248842
10.1 	 0.24861
10.15 	 0.24838
10.2 	 0.24815
10.25 	 0.247921
10.3 	 0.247694
10.35 	 0.247467
10.4 	 0.247242
10.45 	 0.247017
10.5 	 0.246794
10.55 	 0.246572
10.6 	 0.24635
10.65 	 0.24613
10.7 	 0.24591
10.75 	 0.245692
10.8 	 0.245474
10.85 	 0.245258
10.9 	 0.245042
10.95 	 0.244828
11 	 0.244614
11.05 	 0.244401
11.1 	 0.244189
11.15 	 0.243978
11.2 	 0.243768
11.25 	 0.243559
11.3 	 0.243351
11.35 	 0.243144
11.4 	 0.242937
11.45 	 0.242732
11.5 	 0.242527
11.55 	 0.242323
11.6 	 0.24212
11.65 	 0.241918
11.7 	 0.241717
11.75 	 0.241517
11.8 	 0.241317
11.85 	 0.241118
11.9 	 0.24092
11.95 	 0.240723
12 	 0.240527
12.05 	 0.240331
12.1 	 0.240137
12.15 	 0.239943
12.2 	 0.239749
12.25 	 0.239557
12.3 	 0.239365
12.35 	 0.239175
12.4 	 0.238985
12.45 	 0.238795
12.5 	 0.238607
12.55 	 0.238419
12.6 	 0.238232
12.65 	 0.238046
12.7 	 0.23786
12.75 	 0.237675
12.8 	 0.237491
12.85 	 0.237308
12.9 	 0.237125
12.95 	 0.236943
13 	 0.236762
13.05 	 0.236581
13.1 	 0.236401
13.15 	 0.236222
13.2 	 0.236043
13.25 	 0.235866
13.3 	 0.235688
13.35 	 0.235512
13.4 	 0.235336
13.45 	 0.235161
13.5 	 0.234986
13.55 	 0.234813
13.6 	 0.234639
13.65 	 0.234467
13.7 	 0.234295
13.75 	 0.234124
13.8 	 0.233953
13.85 	 0.233783
13.9 	 0.233613
13.95 	 0.233445
14 	 0.233277
14.05 	 0.233109
14.1 	 0.232942
14.15 	 0.232776
14.2 	 0.23261
14.25 	 0.232445
14.3 	 0.23228
14.35 	 0.232117
14.4 	 0.231953
14.45 	 0.23179
14.5 	 0.231628
14.55 	 0.231467
14.6 	 0.231306
14.65 	 0.231145
14.7 	 0.230985
14.75 	 0.230826
14.8 	 0.230667
14.85 	 0.230509
14.9 	 0.230351
14.95 	 0.230194
15 	 0.230038
15.05 	 0.229882
15.1 	 0.229726
15.15 	 0.229571
15.2 	 0.229417
15.25 	 0.229263
15.3 	 0.22911
15.35 	 0.228957
15.4 	 0.228805
15.45 	 0.228653
15.5 	 0.228502
15.55 	 0.228351
15.6 	 0.228201
15.65 	 0.228051
15.7 	 0.227902
15.75 	 0.227753
15.8 	 0.227605
15.85 	 0.227457
15.9 	 0.22731
15.95 	 0.227163
16 	 0.227017
16.05 	 0.226871
16.1 	 0.226726
16.15 	 0.226581
16.2 	 0.226581
16.25 	 0.226293
16.3 	 0.22615
16.35 	 0.226007
16.4 	 0.225865
16.45 	 0.225865
16.5 	 0.225581
16.55 	 0.22544
16.6 	 0.2253
16.65 	 0.22516
16.7 	 0.22516
16.75 	 0.224881
16.8 	 0.224742
16.85 	 0.224604
16.9 	 0.224466
16.95 	 0.224466
17 	 0.224192
17.05 	 0.224055
17.1 	 0.223919
17.15 	 0.223783
17.2 	 0.223783
17.25 	 0.223513
17.3 	 0.223379
17.35 	 0.223245
17.4 	 0.223112
17.45 	 0.223112
17.5 	 0.222846
17.55 	 0.222714
17.6 	 0.222582
17.65 	 0.22245
17.7 	 0.22245
17.75 	 0.222189
17.8 	 0.222059
17.85 	 0.221929
17.9 	 0.221799
17.95 	 0.221799
18 	 0.221542
18.05 	 0.221414
18.1 	 0.221286
18.15 	 0.221159
18.2 	 0.221159
18.25 	 0.220905
18.3 	 0.220779
18.35 	 0.220653
18.4 	 0.220528
18.45 	 0.220528
18.5 	 0.220278
18.55 	 0.220154
18.6 	 0.22003
18.65 	 0.219906
18.7 	 0.219906
18.75 	 0.21966
18.8 	 0.219538
18.85 	 0.219416
18.9 	 0.219294
18.95 	 0.219294
19 	 0.219052
19.05 	 0.218931
19.1 	 0.218811
19.15 	 0.218691
19.2 	 0.218572
19.25 	 0.218453
19.3 	 0.218334
19.35 	 0.218216
19.4 	 0.218097
19.45 	 0.21798
19.5 	 0.217862
19.55 	 0.217745
19.6 	 0.217629
19.65 	 0.217512
19.7 	 0.217396
19.75 	 0.217281
19.8 	 0.217166
19.85 	 0.217051
19.9 	 0.216936
19.95 	 0.216822
20 	 0.216708
