0.05 	 0.349668
0.1 	 0.493613
0.15 	 0.603471
0.2 	 0.695598
0.25 	 0.776343
0.3 	 0.84897
0.35 	 0.915422
0.4 	 0.976968
0.45 	 1.03449
0.5 	 1.08864
0.55 	 1.13989
0.6 	 1.18864
0.65 	 1.23518
0.7 	 1.27975
0.75 	 1.32257
0.8 	 1.3638
0.85 	 1.40359
0.9 	 1.44205
0.95 	 1.4793
1 	 1.51543
1.05 	 1.55052
1.1 	 1.58465
1.15 	 1.61787
1.2 	 1.65025
1.25 	 1.68183
1.3 	 1.71267
1.35 	 1.7428
1.4 	 1.77227
1.45 	 1.8011
1.5 	 1.82934
1.55 	 1.857
1.6 	 1.88413
1.65 	 1.91073
1.7 	 1.93685
1.75 	 1.96249
1.8 	 1.98768
1.85 	 2.01243
1.9 	 2.03677
1.95 	 2.06071
2 	 2.08426
2.05 	 2.10745
2.1 	 2.13027
2.15 	 2.15286
2.2 	 2.17501
2.25 	 2.19684
2.3 	 2.21836
2.35 	 2.23958
2.4 	 2.26051
2.45 	 2.28116
2.5 	 2.30154
2.55 	 2.32166
2.6 	 2.34152
2.65 	 2.36113
2.7 	 2.3805
2.75 	 2.39963
2.8 	 2.41854
2.85 	 2.43722
2.9 	 2.45569
2.95 	 2.47395
3 	 2.49201
3.05 	 2.50986
3.1 	 2.52752
3.15 	 2.54499
3.2 	 2.56228
3.25 	 2.57939
3.3 	 2.59632
3.35 	 2.61307
3.4 	 2.62966
3.45 	 2.64609
3.5 	 2.66235
3.55 	 2.67846
3.6 	 2.69441
3.65 	 2.71022
3.7 	 2.72587
3.75 	 2.74139
3.8 	 2.75676
3.85 	 2.77199
3.9 	 2.78709
3.95 	 2.80206
4 	 2.8169
4.05 	 2.83165
4.1 	 2.84624
4.15 	 2.8607
4.2 	 2.87504
4.25 	 2.88926
4.3 	 2.90342
4.35 	 2.91741
4.4 	 2.93129
4.45 	 2.94507
4.5 	 2.95873
4.55 	 2.97234
4.6 	 2.98579
4.65 	 2.99915
4.7 	 3.0124
4.75 	 3.02555
4.8 	 3.03861
4.85 	 3.05157
4.9 	 3.06444
4.95 	 3.07722
5 	 3.08991
5.05 	 3.1025
5.1 	 3.11501
5.15 	 3.12743
5.2 	 3.13977
5.25 	 3.15202
5.3 	 3.16419
5.35 	 3.17628
5.4 	 3.18829
5.45 	 3.20022
5.5 	 3.21208
5.55 	 3.22385
5.6 	 3.23555
5.65 	 3.24718
5.7 	 3.25873
5.75 	 3.27021
5.8 	 3.28162
5.85 	 3.29296
5.9 	 3.30423
5.95 	 3.31543
6 	 3.32656
6.05 	 3.33763
6.1 	 3.34863
6.15 	 3.35957
6.2 	 3.37044
6.25 	 3.38125
6.3 	 3.392
6.35 	 3.40269
6.4 	 3.41331
6.45 	 3.42388
6.5 	 3.43438
6.55 	 3.44483
6.6 	 3.45522
6.65 	 3.46555
6.7 	 3.47583
6.75 	 3.48605
6.8 	 3.49622
6.85 	 3.50633
6.9 	 3.51639
6.95 	 3.5264
7 	 3.53635
7.05 	 3.54625
7.1 	 3.5561
7.15 	 3.5659
7.2 	 3.57565
7.25 	 3.58535
7.3 	 3.59501
7.35 	 3.60461
7.4 	 3.61417
7.45 	 3.62368
7.5 	 3.63314
7.55 	 3.64255
7.6 	 3.65192
7.65 	 3.66125
7.7 	 3.67053
7.75 	 3.67977
7.8 	 3.68896
7.85 	 3.69811
7.9 	 3.70722
7.95 	 3.71628
8 	 3.7253
8.05 	 3.73428
8.1 	 3.74324
8.15 	 3.75214
8.2 	 3.761
8.25 	 3.76982
8.3 	 3.7786
8.35 	 3.78736
8.4 	 3.79606
8.45 	 3.80472
8.5 	 3.81335
8.55 	 3.82194
8.6 	 3.83051
8.65 	 3.83902
8.7 	 3.8475
8.75 	 3.85594
8.8 	 3.86435
8.85 	 3.87274
8.9 	 3.88107
8.95 	 3.88938
9 	 3.89764
9.05 	 3.90587
9.1 	 3.91409
9.15 	 3.92226
9.2 	 3.93039
9.25 	 3.93849
9.3 	 3.94655
9.35 	 3.9546
9.4 	 3.96261
9.45 	 3.97058
9.5 	 3.97852
9.55 	 3.98643
9.6 	 3.9943
9.65 	 4.00215
9.7 	 4.00997
9.75 	 4.01775
9.8 	 4.02551
9.85 	 4.03324
9.9 	 4.04094
9.95 	 4.0486
10 	 4.05625
10.05 	 4.06386
10.1 	 4.07144
10.15 	 4.079
10.2 	 4.08652
10.25 	 4.09402
10.3 	 4.10149
10.35 	 4.10894
10.4 	 4.11636
10.45 	 4.12375
10.5 	 4.13111
10.55 	 4.13845
10.6 	 4.14577
10.65 	 4.15305
10.7 	 4.16031
10.75 	 4.16755
10.8 	 4.17476
10.85 	 4.18195
10.9 	 4.18911
10.95 	 4.19624
11 	 4.20335
11.05 	 4.21044
11.1 	 4.2175
11.15 	 4.22454
11.2 	 4.23156
11.25 	 4.23855
11.3 	 4.24552
11.35 	 4.25246
11.4 	 4.25938
11.45 	 4.26628
11.5 	 4.27316
11.55 	 4.28001
11.6 	 4.28684
11.65 	 4.29365
11.7 	 4.30044
11.75 	 4.30721
11.8 	 4.31395
11.85 	 4.32067
11.9 	 4.32737
11.95 	 4.33405
12 	 4.34071
12.05 	 4.34735
12.1 	 4.35396
12.15 	 4.36056
12.2 	 4.36714
12.25 	 4.37369
12.3 	 4.38023
12.35 	 4.38674
12.4 	 4.39323
12.45 	 4.39971
12.5 	 4.40616
12.55 	 4.4126
12.6 	 4.41902
12.65 	 4.42541
12.7 	 4.43179
12.75 	 4.43815
12.8 	 4.44449
12.85 	 4.45081
12.9 	 4.45711
12.95 	 4.4634
13 	 4.46966
13.05 	 4.47591
13.1 	 4.48214
13.15 	 4.48835
13.2 	 4.49454
13.25 	 4.50072
13.3 	 4.50688
13.35 	 4.51302
13.4 	 4.51914
13.45 	 4.52525
13.5 	 4.53133
13.55 	 4.5374
13.6 	 4.54346
13.65 	 4.54949
13.7 	 4.55552
13.75 	 4.56152
13.8 	 4.56751
13.85 	 4.57348
13.9 	 4.57943
13.95 	 4.58537
14 	 4.59129
14.05 	 4.59719
14.1 	 4.60308
14.15 	 4.60896
14.2 	 4.61482
14.25 	 4.62066
14.3 	 4.62648
14.35 	 4.63229
14.4 	 4.63809
14.45 	 4.64387
14.5 	 4.64964
14.55 	 4.65539
14.6 	 4.66112
14.65 	 4.66684
14.7 	 4.67254
14.75 	 4.67823
14.8 	 4.68391
14.85 	 4.68957
14.9 	 4.69522
14.95 	 4.70085
15 	 4.70647
15.05 	 4.71207
15.1 	 4.71766
15.15 	 4.72323
15.2 	 4.72879
15.25 	 4.73434
15.3 	 4.73987
15.35 	 4.74539
15.4 	 4.7509
15.45 	 4.75639
15.5 	 4.76187
15.55 	 4.76733
15.6 	 4.77279
15.65 	 4.77822
15.7 	 4.78365
15.75 	 4.78906
15.8 	 4.79446
15.85 	 4.79984
15.9 	 4.80522
15.95 	 4.81058
16 	 4.81592
16.05 	 4.82126
16.1 	 4.82658
16.15 	 4.83189
16.2 	 4.83719
16.25 	 4.84247
16.3 	 4.84775
16.35 	 4.853
16.4 	 4.85825
16.45 	 4.86349
16.5 	 4.86871
16.55 	 4.87392
16.6 	 4.87912
16.65 	 4.88431
16.7 	 4.88949
16.75 	 4.89465
16.8 	 4.8998
16.85 	 4.90494
16.9 	 4.91007
16.95 	 4.91519
17 	 4.92029
17.05 	 4.92539
17.1 	 4.93047
17.15 	 4.93554
17.2 	 4.9406
17.25 	 4.94565
17.3 	 4.95068
17.35 	 4.95571
17.4 	 4.96072
17.45 	 4.96573
17.5 	 4.97072
17.55 	 4.9757
17.6 	 4.98068
17.65 	 4.98563
17.7 	 4.99059
17.75 	 4.99553
17.8 	 5.00045
17.85 	 5.00537
17.9 	 5.01028
17.95 	 5.01518
18 	 5.02006
18.05 	 5.02494
18.1 	 5.0298
18.15 	 5.03466
18.2 	 5.03951
18.25 	 5.04434
18.3 	 5.04916
18.35 	 5.05398
18.4 	 5.05878
18.45 	 5.06358
18.5 	 5.06836
18.55 	 5.07314
18.6 	 5.0779
18.65 	 5.08266
18.7 	 5.0874
18.75 	 5.09214
18.8 	 5.09686
18.85 	 5.10158
18.9 	 5.10629
18.95 	 5.11099
19 	 5.11567
19.05 	 5.12035
19.1 	 5.12502
19.15 	 5.12968
19.2 	 5.13433
19.25 	 5.13897
19.3 	 5.1436
19.35 	 5.14822
19.4 	 5.15283
19.45 	 5.15744
19.5 	 5.16203
19.55 	 5.16662
19.6 	 5.17119
19.65 	 5.17576
19.7 	 5.18032
19.75 	 5.18487
19.8 	 5.18941
19.85 	 5.19394
19.9 	 5.19847
19.95 	 5.20298
20 	 5.20749
