0.1 	 0.352265
0.2 	 0.352265
0.3 	 0.352265
0.4 	 0.352265
0.5 	 0.352265
0.6 	 0.352265
0.7 	 0.352265
0.8 	 0.352265
0.9 	 0.352265
1 	 0.352265
1.1 	 0.352265
1.2 	 0.352265
1.3 	 0.352265
1.4 	 0.352265
1.5 	 0.352265
1.6 	 0.352265
1.7 	 0.352265
1.8 	 0.352265
1.9 	 0.352265
2 	 0.352265
2.1 	 0.352265
2.2 	 0.352265
2.3 	 0.352265
2.4 	 0.352265
2.5 	 0.352265
2.6 	 0.352265
2.7 	 0.352265
2.8 	 0.352265
2.9 	 0.352265
3 	 0.352265
3.1 	 0.352265
3.2 	 0.352265
3.3 	 0.352265
3.4 	 0.352265
3.5 	 0.352265
3.6 	 0.352265
3.7 	 0.352265
3.8 	 0.352265
3.9 	 0.352265
4 	 0.352265
4.1 	 0.352265
4.2 	 0.352265
4.3 	 0.352265
4.4 	 0.352265
4.5 	 0.352265
4.6 	 0.352265
4.7 	 0.352265
4.8 	 0.352265
4.9 	 0.352265
5 	 0.352265
5.1 	 0.352265
5.2 	 0.352265
5.3 	 0.352265
5.4 	 0.352265
5.5 	 0.352265
5.6 	 0.352265
5.7 	 0.352265
5.8 	 0.352265
5.9 	 0.352265
6 	 0.352265
6.1 	 0.352265
6.2 	 0.352265
6.3 	 0.352265
6.4 	 0.352265
6.5 	 0.352265
6.6 	 0.352265
6.7 	 0.352265
6.8 	 0.352265
6.9 	 0.352265
7 	 0.352265
7.1 	 0.352265
7.2 	 0.352265
7.3 	 0.352265
7.4 	 0.352265
7.5 	 0.352265
7.6 	 0.352265
7.7 	 0.352265
7.8 	 0.352265
7.9 	 0.352265
8 	 0.352265
8.1 	 0.352265
8.2 	 0.352265
8.3 	 0.352265
8.4 	 0.352265
8.5 	 0.352265
8.6 	 0.352265
8.7 	 0.352265
8.8 	 0.352265
8.9 	 0.352265
9 	 0.352265
9.1 	 0.352265
9.2 	 0.352265
9.3 	 0.352265
9.4 	 0.352265
9.5 	 0.352265
9.6 	 0.352265
9.7 	 0.352265
9.8 	 0.352265
9.9 	 0.352265
10 	 0.352265
10.1 	 0.352265
10.2 	 0.352265
10.3 	 0.352265
10.4 	 0.352265
10.5 	 0.352265
10.6 	 0.352265
10.7 	 0.352265
10.8 	 0.352265
10.9 	 0.352265
11 	 0.352265
11.1 	 0.352265
11.2 	 0.352265
11.3 	 0.352265
11.4 	 0.352265
11.5 	 0.352265
11.6 	 0.352265
11.7 	 0.352265
11.8 	 0.352265
11.9 	 0.352265
12 	 0.352265
12.1 	 0.352265
12.2 	 0.352265
12.3 	 0.352265
12.4 	 0.352265
12.5 	 0.352265
12.6 	 0.352265
12.7 	 0.352265
12.8 	 0.352265
12.9 	 0.352265
13 	 0.352265
13.1 	 0.352265
13.2 	 0.352265
13.3 	 0.352265
13.4 	 0.352265
13.5 	 0.352265
13.6 	 0.352265
13.7 	 0.352265
13.8 	 0.352265
13.9 	 0.352265
14 	 0.352265
14.1 	 0.352265
14.2 	 0.352265
14.3 	 0.352265
14.4 	 0.352265
14.5 	 0.352265
14.6 	 0.352265
14.7 	 0.352265
14.8 	 0.352265
14.9 	 0.352265
15 	 0.352265
15.1 	 0.352265
15.2 	 0.352265
15.3 	 0.352265
15.4 	 0.352265
15.5 	 0.352265
15.6 	 0.352265
15.7 	 0.352265
15.8 	 0.352265
15.9 	 0.352265
16 	 0.352265
16.1 	 0.352265
16.2 	 0.352265
16.3 	 0.352265
16.4 	 0.352265
16.5 	 0.352265
16.6 	 0.352265
16.7 	 0.352265
16.8 	 0.352265
16.9 	 0.352265
17 	 0.352265
17.1 	 0.352265
17.2 	 0.352265
17.3 	 0.352265
17.4 	 0.352265
17.5 	 0.352265
17.6 	 0.352265
17.7 	 0.352265
17.8 	 0.352265
17.9 	 0.352265
18 	 0.352265
18.1 	 0.352265
18.2 	 0.352265
18.3 	 0.352265
18.4 	 0.352265
18.5 	 0.352265
18.6 	 0.352265
18.7 	 0.352265
18.8 	 0.352265
18.9 	 0.352265
19 	 0.352265
19.1 	 0.352265
19.2 	 0.352265
19.3 	 0.352265
19.4 	 0.352265
19.5 	 0.352265
19.6 	 0.352265
19.7 	 0.352265
19.8 	 0.352265
19.9 	 0.352265
20 	 0.352265
