0.05 	 0.42508
0.1 	 0.419585
0.15 	 0.415487
0.2 	 0.412113
0.25 	 0.409176
0.3 	 0.406535
0.35 	 0.404108
0.4 	 0.401849
0.45 	 0.399723
0.5 	 0.397708
0.55 	 0.395787
0.6 	 0.393946
0.65 	 0.392174
0.7 	 0.390465
0.75 	 0.38881
0.8 	 0.387205
0.85 	 0.385645
0.9 	 0.384126
0.95 	 0.382644
1 	 0.381197
1.05 	 0.379782
1.1 	 0.378397
1.15 	 0.377041
1.2 	 0.375711
1.25 	 0.374406
1.3 	 0.373125
1.35 	 0.371867
1.4 	 0.370631
1.45 	 0.369415
1.5 	 0.36822
1.55 	 0.367043
1.6 	 0.365886
1.65 	 0.364746
1.7 	 0.363623
1.75 	 0.362516
1.8 	 0.361426
1.85 	 0.360352
1.9 	 0.359293
1.95 	 0.358249
2 	 0.357219
2.05 	 0.356203
2.1 	 0.3552
2.15 	 0.3552
2.2 	 0.353235
2.25 	 0.352272
2.3 	 0.351321
2.35 	 0.350382
2.4 	 0.349455
2.45 	 0.348539
2.5 	 0.347635
2.55 	 0.346741
2.6 	 0.345859
2.65 	 0.344987
2.7 	 0.344125
2.75 	 0.343273
2.8 	 0.342432
2.85 	 0.3416
2.9 	 0.340778
2.95 	 0.339965
3 	 0.339161
3.05 	 0.338366
3.1 	 0.33758
3.15 	 0.336802
3.2 	 0.336033
3.25 	 0.335273
3.3 	 0.33452
3.35 	 0.333776
3.4 	 0.333039
3.45 	 0.33231
3.5 	 0.331589
3.55 	 0.330875
3.6 	 0.330168
3.65 	 0.329469
3.7 	 0.328777
3.75 	 0.328091
3.8 	 0.327413
3.85 	 0.326741
3.9 	 0.326076
3.95 	 0.325417
4 	 0.324764
4.05 	 0.324764
4.1 	 0.323478
4.15 	 0.322844
4.2 	 0.322216
4.25 	 0.321594
4.3 	 0.321594
4.35 	 0.320367
4.4 	 0.319762
4.45 	 0.319162
4.5 	 0.318568
4.55 	 0.318568
4.6 	 0.317396
4.65 	 0.316817
4.7 	 0.316244
4.75 	 0.315676
4.8 	 0.315112
4.85 	 0.314554
4.9 	 0.314
4.95 	 0.313451
5 	 0.312906
5.05 	 0.312367
5.1 	 0.311831
5.15 	 0.3113
5.2 	 0.310774
5.25 	 0.310252
5.3 	 0.309734
5.35 	 0.30922
5.4 	 0.30871
5.45 	 0.308205
5.5 	 0.307703
5.55 	 0.307206
5.6 	 0.306712
5.65 	 0.306222
5.7 	 0.305736
5.75 	 0.305254
5.8 	 0.304775
5.85 	 0.304301
5.9 	 0.303829
5.95 	 0.303362
6 	 0.302897
6.05 	 0.302437
6.1 	 0.301979
6.15 	 0.301525
6.2 	 0.301075
6.25 	 0.300627
6.3 	 0.300183
6.35 	 0.299742
6.4 	 0.299305
6.45 	 0.29887
6.5 	 0.298438
6.55 	 0.29801
6.6 	 0.297584
6.65 	 0.297162
6.7 	 0.296742
6.75 	 0.296326
6.8 	 0.295912
6.85 	 0.295501
6.9 	 0.295093
6.95 	 0.294687
7 	 0.294284
7.05 	 0.293884
7.1 	 0.293487
7.15 	 0.293092
7.2 	 0.2927
7.25 	 0.292311
7.3 	 0.291924
7.35 	 0.291539
7.4 	 0.291157
7.45 	 0.290778
7.5 	 0.290401
7.55 	 0.290026
7.6 	 0.289654
7.65 	 0.289284
7.7 	 0.288916
7.75 	 0.288551
7.8 	 0.288187
7.85 	 0.287827
7.9 	 0.287468
7.95 	 0.287111
8 	 0.286757
8.05 	 0.286405
8.1 	 0.286405
8.15 	 0.285707
8.2 	 0.285361
8.25 	 0.285018
8.3 	 0.284676
8.35 	 0.284676
8.4 	 0.283999
8.45 	 0.283663
8.5 	 0.283329
8.55 	 0.282997
8.6 	 0.282997
8.65 	 0.282339
8.7 	 0.282013
8.75 	 0.281689
8.8 	 0.281366
8.85 	 0.281366
8.9 	 0.280727
8.95 	 0.28041
9 	 0.280094
9.05 	 0.279781
9.1 	 0.279781
9.15 	 0.279159
9.2 	 0.278851
9.25 	 0.278544
9.3 	 0.278239
9.35 	 0.278239
9.4 	 0.277634
9.45 	 0.277333
9.5 	 0.277035
9.55 	 0.276738
9.6 	 0.276442
9.65 	 0.276149
9.7 	 0.275856
9.75 	 0.275565
9.8 	 0.275276
9.85 	 0.274988
9.9 	 0.274702
9.95 	 0.274417
10 	 0.274134
10.05 	 0.273852
10.1 	 0.273572
10.15 	 0.273293
10.2 	 0.273015
10.25 	 0.272739
10.3 	 0.272464
10.35 	 0.27219
10.4 	 0.271918
10.45 	 0.271647
10.5 	 0.271378
10.55 	 0.27111
10.6 	 0.270843
10.65 	 0.270577
10.7 	 0.270313
10.75 	 0.27005
10.8 	 0.269789
10.85 	 0.269528
10.9 	 0.269269
10.95 	 0.269011
11 	 0.268754
11.05 	 0.268499
11.1 	 0.268244
11.15 	 0.267991
11.2 	 0.267739
11.25 	 0.267489
11.3 	 0.267239
11.35 	 0.26699
11.4 	 0.266743
11.45 	 0.266497
11.5 	 0.266252
11.55 	 0.266008
11.6 	 0.265765
11.65 	 0.265523
11.7 	 0.265283
11.75 	 0.265043
11.8 	 0.264805
11.85 	 0.264567
11.9 	 0.264331
11.95 	 0.264096
12 	 0.263862
12.05 	 0.263628
12.1 	 0.263396
12.15 	 0.263165
12.2 	 0.262935
12.25 	 0.262705
12.3 	 0.262477
12.35 	 0.26225
12.4 	 0.262024
12.45 	 0.261799
12.5 	 0.261574
12.55 	 0.261351
12.6 	 0.261129
12.65 	 0.260907
12.7 	 0.260687
12.75 	 0.260467
12.8 	 0.260248
12.85 	 0.260031
12.9 	 0.259814
12.95 	 0.259598
13 	 0.259383
13.05 	 0.259169
13.1 	 0.258955
13.15 	 0.258743
13.2 	 0.258531
13.25 	 0.258321
13.3 	 0.258111
13.35 	 0.257902
13.4 	 0.257694
13.45 	 0.257486
13.5 	 0.25728
13.55 	 0.257074
13.6 	 0.25687
13.65 	 0.256666
13.7 	 0.256462
13.75 	 0.25626
13.8 	 0.256058
13.85 	 0.255858
13.9 	 0.255658
13.95 	 0.255458
14 	 0.25526
14.05 	 0.255062
14.1 	 0.254865
14.15 	 0.254669
14.2 	 0.254474
14.25 	 0.254279
14.3 	 0.254085
14.35 	 0.253892
14.4 	 0.2537
14.45 	 0.253508
14.5 	 0.253317
14.55 	 0.253127
14.6 	 0.252937
14.65 	 0.252748
14.7 	 0.25256
14.75 	 0.252373
14.8 	 0.252186
14.85 	 0.252
14.9 	 0.251815
14.95 	 0.25163
15 	 0.251446
15.05 	 0.251263
15.1 	 0.251081
15.15 	 0.250899
15.2 	 0.250717
15.25 	 0.250537
15.3 	 0.250357
15.35 	 0.250178
15.4 	 0.249999
15.45 	 0.249821
15.5 	 0.249644
15.55 	 0.249467
15.6 	 0.249291
15.65 	 0.249115
15.7 	 0.24894
15.75 	 0.248766
15.8 	 0.248593
15.85 	 0.24842
15.9 	 0.248247
15.95 	 0.248076
16 	 0.247904
16.05 	 0.247734
16.1 	 0.247564
16.15 	 0.247394
16.2 	 0.247394
16.25 	 0.247058
16.3 	 0.24689
16.35 	 0.246723
16.4 	 0.246556
16.45 	 0.246556
16.5 	 0.246225
16.55 	 0.24606
16.6 	 0.245896
16.65 	 0.245733
16.7 	 0.245733
16.75 	 0.245407
16.8 	 0.245245
16.85 	 0.245084
16.9 	 0.244923
16.95 	 0.244923
17 	 0.244603
17.05 	 0.244443
17.1 	 0.244285
17.15 	 0.244127
17.2 	 0.244127
17.25 	 0.243812
17.3 	 0.243655
17.35 	 0.243499
17.4 	 0.243343
17.45 	 0.243343
17.5 	 0.243034
17.55 	 0.24288
17.6 	 0.242726
17.65 	 0.242573
17.7 	 0.242573
17.75 	 0.242269
17.8 	 0.242117
17.85 	 0.241966
17.9 	 0.241815
17.95 	 0.241815
18 	 0.241516
18.05 	 0.241367
18.1 	 0.241218
18.15 	 0.24107
18.2 	 0.24107
18.25 	 0.240775
18.3 	 0.240628
18.35 	 0.240482
18.4 	 0.240336
18.45 	 0.240336
18.5 	 0.240046
18.55 	 0.239902
18.6 	 0.239758
18.65 	 0.239614
18.7 	 0.239614
18.75 	 0.239328
18.8 	 0.239186
18.85 	 0.239044
18.9 	 0.238903
18.95 	 0.238903
19 	 0.238622
19.05 	 0.238482
19.1 	 0.238343
19.15 	 0.238203
19.2 	 0.238065
19.25 	 0.237927
19.3 	 0.237789
19.35 	 0.237651
19.4 	 0.237514
19.45 	 0.237378
19.5 	 0.237242
19.55 	 0.237106
19.6 	 0.236971
19.65 	 0.236836
19.7 	 0.236702
19.75 	 0.236567
19.8 	 0.236434
19.85 	 0.236301
19.9 	 0.236168
19.95 	 0.236035
20 	 0.235903
