0.05 	 0.350524
0.1 	 0.348384
0.15 	 0.345455
0.2 	 0.3418
0.25 	 0.337499
0.3 	 0.332644
0.35 	 0.327336
0.4 	 0.321684
0.45 	 0.315803
0.5 	 0.309805
0.55 	 0.303801
0.6 	 0.297894
0.65 	 0.29218
0.7 	 0.286739
0.75 	 0.281639
0.8 	 0.276933
0.85 	 0.272655
0.9 	 0.268824
0.95 	 0.265445
1 	 0.262507
1.05 	 0.25999
1.1 	 0.257865
1.15 	 0.256095
1.2 	 0.254641
1.25 	 0.253464
1.3 	 0.252524
1.35 	 0.251782
1.4 	 0.251205
1.45 	 0.250762
1.5 	 0.250426
1.55 	 0.250173
1.6 	 0.249985
1.65 	 0.249847
1.7 	 0.249746
1.75 	 0.249672
1.8 	 0.249618
1.85 	 0.249577
1.9 	 0.249547
1.95 	 0.249523
2 	 0.249503
2.05 	 0.249486
2.1 	 0.249471
2.15 	 0.249471
2.2 	 0.249444
2.25 	 0.249431
2.3 	 0.249419
2.35 	 0.249407
2.4 	 0.249395
2.45 	 0.249384
2.5 	 0.249373
2.55 	 0.249363
2.6 	 0.249353
2.65 	 0.249344
2.7 	 0.249336
2.75 	 0.24933
2.8 	 0.249325
2.85 	 0.249323
2.9 	 0.249323
2.95 	 0.249329
3 	 0.24934
3.05 	 0.249359
3.1 	 0.249389
3.15 	 0.249434
3.2 	 0.249499
3.25 	 0.249589
3.3 	 0.249714
3.35 	 0.249883
3.4 	 0.250109
3.45 	 0.250408
3.5 	 0.250796
3.55 	 0.251297
3.6 	 0.251935
3.65 	 0.252738
3.7 	 0.253737
3.75 	 0.254966
3.8 	 0.25646
3.85 	 0.258255
3.9 	 0.260384
3.95 	 0.262879
4 	 0.265766
4.05 	 0.265766
4.1 	 0.272783
4.15 	 0.276919
4.2 	 0.281459
4.25 	 0.286373
4.3 	 0.286373
4.35 	 0.297133
4.4 	 0.30285
4.45 	 0.308685
4.5 	 0.314542
4.55 	 0.314542
4.6 	 0.325921
4.65 	 0.331229
4.7 	 0.33614
4.75 	 0.340555
4.8 	 0.344378
4.85 	 0.347526
4.9 	 0.349928
4.95 	 0.351526
5 	 0.352282
5.05 	 0.352172
5.1 	 0.351193
5.15 	 0.34936
5.2 	 0.346708
5.25 	 0.343287
5.3 	 0.339169
5.35 	 0.334436
5.4 	 0.329187
5.45 	 0.323528
5.5 	 0.317575
5.55 	 0.311444
5.6 	 0.305254
5.65 	 0.29912
5.7 	 0.293146
5.75 	 0.287429
5.8 	 0.282049
5.85 	 0.277071
5.9 	 0.272541
5.95 	 0.268486
6 	 0.264918
6.05 	 0.261829
6.1 	 0.259201
6.15 	 0.257001
6.2 	 0.25519
6.25 	 0.253725
6.3 	 0.25256
6.35 	 0.251649
6.4 	 0.25095
6.45 	 0.250422
6.5 	 0.250031
6.55 	 0.249747
6.6 	 0.249544
6.65 	 0.249403
6.7 	 0.249307
6.75 	 0.249243
6.8 	 0.249203
6.85 	 0.249178
6.9 	 0.249163
6.95 	 0.249156
7 	 0.249153
7.05 	 0.249153
7.1 	 0.249155
7.15 	 0.249158
7.2 	 0.249162
7.25 	 0.249166
7.3 	 0.249172
7.35 	 0.249177
7.4 	 0.249183
7.45 	 0.24919
7.5 	 0.249196
7.55 	 0.249204
7.6 	 0.249212
7.65 	 0.24922
7.7 	 0.249229
7.75 	 0.24924
7.8 	 0.249251
7.85 	 0.249265
7.9 	 0.24928
7.95 	 0.2493
8 	 0.249324
8.05 	 0.249354
8.1 	 0.249354
8.15 	 0.249446
8.2 	 0.249513
8.25 	 0.249603
8.3 	 0.24972
8.35 	 0.24972
8.4 	 0.250074
8.45 	 0.250333
8.5 	 0.250667
8.55 	 0.251091
8.6 	 0.251091
8.65 	 0.2523
8.7 	 0.253133
8.75 	 0.254155
8.8 	 0.255399
8.85 	 0.255399
8.9 	 0.258673
8.95 	 0.260766
9 	 0.263202
9.05 	 0.266005
9.1 	 0.266005
9.15 	 0.272769
9.2 	 0.27674
9.25 	 0.28109
9.3 	 0.285796
9.35 	 0.285796
9.4 	 0.296112
9.45 	 0.301609
9.5 	 0.307238
9.55 	 0.312914
9.6 	 0.318545
9.65 	 0.324035
9.7 	 0.329282
9.75 	 0.334187
9.8 	 0.33865
9.85 	 0.342578
9.9 	 0.345885
9.95 	 0.348496
10 	 0.350346
10.05 	 0.351388
10.1 	 0.351588
10.15 	 0.350931
10.2 	 0.349418
10.25 	 0.347072
10.3 	 0.343931
10.35 	 0.340054
10.4 	 0.335513
10.45 	 0.330399
10.5 	 0.324814
10.55 	 0.318869
10.6 	 0.312685
10.65 	 0.306384
10.7 	 0.300088
10.75 	 0.293913
10.8 	 0.287967
10.85 	 0.282344
10.9 	 0.277125
10.95 	 0.272367
11 	 0.268111
11.05 	 0.264376
11.1 	 0.261161
11.15 	 0.258449
11.2 	 0.256208
11.25 	 0.254395
11.3 	 0.25296
11.35 	 0.251851
11.4 	 0.251015
11.45 	 0.250401
11.5 	 0.249963
11.55 	 0.249661
11.6 	 0.24946
11.65 	 0.249332
11.7 	 0.249255
11.75 	 0.249211
11.8 	 0.249188
11.85 	 0.249177
11.9 	 0.249171
11.95 	 0.249168
12 	 0.249164
12.05 	 0.249159
12.1 	 0.249152
12.15 	 0.249144
12.2 	 0.249134
12.25 	 0.249123
12.3 	 0.249111
12.35 	 0.249098
12.4 	 0.249085
12.45 	 0.249073
12.5 	 0.24906
12.55 	 0.249048
12.6 	 0.249037
12.65 	 0.249027
12.7 	 0.249017
12.75 	 0.249009
12.8 	 0.249004
12.85 	 0.249
12.9 	 0.249
12.95 	 0.249004
13 	 0.249014
13.05 	 0.24903
13.1 	 0.249057
13.15 	 0.249095
13.2 	 0.249149
13.25 	 0.249224
13.3 	 0.249324
13.35 	 0.249458
13.4 	 0.249633
13.45 	 0.249861
13.5 	 0.250152
13.55 	 0.250523
13.6 	 0.25099
13.65 	 0.251573
13.7 	 0.252293
13.75 	 0.253175
13.8 	 0.254245
13.85 	 0.255531
13.9 	 0.257062
13.95 	 0.258866
14 	 0.260971
14.05 	 0.263402
14.1 	 0.26618
14.15 	 0.269319
14.2 	 0.272829
14.25 	 0.276707
14.3 	 0.280945
14.35 	 0.28552
14.4 	 0.290399
14.45 	 0.295539
14.5 	 0.300882
14.55 	 0.306363
14.6 	 0.311905
14.65 	 0.317425
14.7 	 0.322833
14.75 	 0.328035
14.8 	 0.332936
14.85 	 0.337441
14.9 	 0.341458
14.95 	 0.344903
15 	 0.347698
15.05 	 0.349774
15.1 	 0.351077
15.15 	 0.351565
15.2 	 0.351213
15.25 	 0.350012
15.3 	 0.34797
15.35 	 0.345115
15.4 	 0.341492
15.45 	 0.337163
15.5 	 0.332207
15.55 	 0.326719
15.6 	 0.320804
15.65 	 0.31458
15.7 	 0.30817
15.75 	 0.301701
15.8 	 0.295297
15.85 	 0.289077
15.9 	 0.28315
15.95 	 0.277609
16 	 0.272532
16.05 	 0.267973
16.1 	 0.263965
16.15 	 0.260517
16.2 	 0.260517
16.25 	 0.255243
16.3 	 0.253346
16.35 	 0.251873
16.4 	 0.250766
16.45 	 0.250766
16.5 	 0.249408
16.55 	 0.249044
16.6 	 0.248822
16.65 	 0.248703
16.7 	 0.248703
16.75 	 0.248647
16.8 	 0.248664
16.85 	 0.248693
16.9 	 0.248724
16.95 	 0.248724
17 	 0.248775
17.05 	 0.248793
17.1 	 0.248805
17.15 	 0.248814
17.2 	 0.248814
17.25 	 0.248823
17.3 	 0.248826
17.35 	 0.248829
17.4 	 0.248832
17.45 	 0.248832
17.5 	 0.248842
17.55 	 0.248848
17.6 	 0.248854
17.65 	 0.248862
17.7 	 0.248862
17.75 	 0.24888
17.8 	 0.248892
17.85 	 0.248905
17.9 	 0.248921
17.95 	 0.248921
18 	 0.248962
18.05 	 0.248991
18.1 	 0.249028
18.15 	 0.249074
18.2 	 0.249074
18.25 	 0.249209
18.3 	 0.249306
18.35 	 0.24943
18.4 	 0.249589
18.45 	 0.249589
18.5 	 0.250045
18.55 	 0.250365
18.6 	 0.250764
18.65 	 0.251259
18.7 	 0.251259
18.75 	 0.252614
18.8 	 0.253516
18.85 	 0.254601
18.9 	 0.255893
18.95 	 0.255893
19 	 0.259208
19.05 	 0.261281
19.1 	 0.263662
19.15 	 0.26637
19.2 	 0.26942
19.25 	 0.272819
19.3 	 0.276566
19.35 	 0.280653
19.4 	 0.285061
19.45 	 0.289761
19.5 	 0.294714
19.55 	 0.29987
19.6 	 0.305168
19.65 	 0.31054
19.7 	 0.315909
19.75 	 0.321193
19.8 	 0.326304
19.85 	 0.331153
19.9 	 0.335649
19.95 	 0.339705
20 	 0.343235
