0.005 	 0.353827
0.01 	 0.353805
0.015 	 0.353774
0.02 	 0.353734
0.025 	 0.353686
0.03 	 0.353628
0.035 	 0.353562
0.04 	 0.353487
0.045 	 0.353403
0.05 	 0.353311
0.055 	 0.35321
0.06 	 0.3531
0.065 	 0.352981
0.07 	 0.352854
0.075 	 0.352718
0.08 	 0.352574
0.085 	 0.352421
0.09 	 0.352259
0.095 	 0.352089
0.1 	 0.35191
0.105 	 0.351724
0.11 	 0.351528
0.115 	 0.351325
0.12 	 0.351113
0.125 	 0.350893
0.13 	 0.350664
0.135 	 0.350428
0.14 	 0.350183
0.145 	 0.350183
0.15 	 0.34967
0.155 	 0.349402
0.16 	 0.349126
0.165 	 0.348842
0.17 	 0.34855
0.175 	 0.34825
0.18 	 0.347943
0.185 	 0.347629
0.19 	 0.347307
0.195 	 0.346977
0.2 	 0.346641
0.205 	 0.346297
0.21 	 0.345945
0.215 	 0.345587
0.22 	 0.345222
0.225 	 0.34485
0.23 	 0.344471
0.235 	 0.344085
0.24 	 0.343693
0.245 	 0.343293
0.25 	 0.342888
0.255 	 0.342476
0.26 	 0.342058
0.265 	 0.341633
0.27 	 0.341202
0.275 	 0.340766
0.28 	 0.340323
0.285 	 0.339874
0.29 	 0.339874
0.295 	 0.33942
0.3 	 0.338495
0.305 	 0.338024
0.31 	 0.337547
0.315 	 0.337065
0.32 	 0.336579
0.325 	 0.336087
0.33 	 0.33559
0.335 	 0.335088
0.34 	 0.334582
0.345 	 0.334071
0.35 	 0.333555
0.355 	 0.333035
0.36 	 0.332511
0.365 	 0.331982
0.37 	 0.33145
0.375 	 0.330913
0.38 	 0.330373
0.385 	 0.329828
0.39 	 0.32928
0.395 	 0.328729
0.4 	 0.328174
0.405 	 0.327616
0.41 	 0.327055
0.415 	 0.32649
0.42 	 0.325923
0.425 	 0.325353
0.43 	 0.32478
0.435 	 0.324204
0.44 	 0.323626
0.445 	 0.323046
0.45 	 0.322463
0.455 	 0.321878
0.46 	 0.321291
0.465 	 0.320702
0.47 	 0.320111
0.475 	 0.319519
0.48 	 0.318925
0.485 	 0.318329
0.49 	 0.317733
0.495 	 0.317135
0.5 	 0.316535
0.505 	 0.315935
0.51 	 0.315334
0.515 	 0.314732
0.52 	 0.31413
0.525 	 0.313526
0.53 	 0.312923
0.535 	 0.312319
0.54 	 0.311715
0.545 	 0.31111
0.55 	 0.310506
0.555 	 0.309902
0.56 	 0.309298
0.565 	 0.308694
0.57 	 0.30809
0.575 	 0.307488
0.58 	 0.307488
0.585 	 0.306885
0.59 	 0.306284
0.595 	 0.305683
0.6 	 0.304484
0.605 	 0.303887
0.61 	 0.30329
0.615 	 0.302695
0.62 	 0.302102
0.625 	 0.301509
0.63 	 0.300919
0.635 	 0.30033
0.64 	 0.299743
0.645 	 0.299157
0.65 	 0.298574
0.655 	 0.297993
0.66 	 0.297414
0.665 	 0.296837
0.67 	 0.296262
0.675 	 0.29569
0.68 	 0.29512
0.685 	 0.294553
0.69 	 0.293988
0.695 	 0.293427
0.7 	 0.292867
0.705 	 0.292311
0.71 	 0.291758
0.715 	 0.291207
0.72 	 0.29066
0.725 	 0.290116
0.73 	 0.289575
0.735 	 0.289037
0.74 	 0.288503
0.745 	 0.287972
0.75 	 0.287444
0.755 	 0.28692
0.76 	 0.286399
0.765 	 0.285882
0.77 	 0.285369
0.775 	 0.28486
0.78 	 0.284354
0.785 	 0.283852
0.79 	 0.283354
0.795 	 0.282859
0.8 	 0.282369
0.805 	 0.281883
0.81 	 0.2814
0.815 	 0.280922
0.82 	 0.280448
0.825 	 0.279978
0.83 	 0.279512
0.835 	 0.27905
0.84 	 0.278593
0.845 	 0.27814
0.85 	 0.277691
0.855 	 0.277246
0.86 	 0.276806
0.865 	 0.27637
0.87 	 0.275939
0.875 	 0.275512
0.88 	 0.275089
0.885 	 0.274671
0.89 	 0.274257
0.895 	 0.273847
0.9 	 0.273443
0.905 	 0.273042
0.91 	 0.272646
0.915 	 0.272255
0.92 	 0.271868
0.925 	 0.271485
0.93 	 0.271107
0.935 	 0.270734
0.94 	 0.270365
0.945 	 0.27
0.95 	 0.26964
0.955 	 0.269284
0.96 	 0.268933
0.965 	 0.268587
0.97 	 0.268245
0.975 	 0.267907
0.98 	 0.267574
0.985 	 0.267245
0.99 	 0.266921
0.995 	 0.266601
1 	 0.266285
1.005 	 0.265974
1.01 	 0.265667
1.015 	 0.265364
1.02 	 0.265066
1.025 	 0.265066
1.03 	 0.264483
1.035 	 0.264483
1.04 	 0.263916
1.045 	 0.263916
1.05 	 0.263366
1.055 	 0.263366
1.06 	 0.262833
1.065 	 0.262833
1.07 	 0.262316
1.075 	 0.262064
1.08 	 0.261816
1.085 	 0.261571
1.09 	 0.261331
1.095 	 0.261095
1.1 	 0.260862
1.105 	 0.260633
1.11 	 0.260408
1.115 	 0.260187
1.12 	 0.25997
1.125 	 0.259756
1.13 	 0.259546
1.135 	 0.25934
1.14 	 0.259137
1.145 	 0.258938
1.15 	 0.258742
1.155 	 0.25855
1.16 	 0.25855
1.165 	 0.258176
1.17 	 0.258176
1.175 	 0.257816
1.18 	 0.257816
1.185 	 0.257469
1.19 	 0.257469
1.195 	 0.257134
1.2 	 0.256972
1.205 	 0.256813
1.21 	 0.256656
1.215 	 0.256503
1.22 	 0.256353
1.225 	 0.256206
1.23 	 0.256061
1.235 	 0.25592
1.24 	 0.255781
1.245 	 0.255646
1.25 	 0.255512
1.255 	 0.255382
1.26 	 0.255254
1.265 	 0.255129
1.27 	 0.255007
1.275 	 0.254887
1.28 	 0.25477
1.285 	 0.254655
1.29 	 0.254542
1.295 	 0.254432
1.3 	 0.254324
1.305 	 0.254219
1.31 	 0.254116
1.315 	 0.254015
1.32 	 0.253917
1.325 	 0.25382
1.33 	 0.253726
1.335 	 0.253634
1.34 	 0.253544
1.345 	 0.253455
1.35 	 0.253369
1.355 	 0.253285
1.36 	 0.253203
1.365 	 0.253123
1.37 	 0.253044
1.375 	 0.252968
1.38 	 0.252893
1.385 	 0.25282
1.39 	 0.252749
1.395 	 0.252679
1.4 	 0.252611
1.405 	 0.252545
1.41 	 0.25248
1.415 	 0.252417
1.42 	 0.252355
1.425 	 0.252295
1.43 	 0.252236
1.435 	 0.252179
1.44 	 0.252123
1.445 	 0.252069
1.45 	 0.252016
1.455 	 0.251964
1.46 	 0.251914
1.465 	 0.251865
1.47 	 0.251817
1.475 	 0.25177
1.48 	 0.251725
1.485 	 0.251681
1.49 	 0.251638
1.495 	 0.251596
1.5 	 0.251555
1.505 	 0.251515
1.51 	 0.251476
1.515 	 0.251438
1.52 	 0.251402
1.525 	 0.251366
1.53 	 0.251331
1.535 	 0.251297
1.54 	 0.251264
1.545 	 0.251232
1.55 	 0.251201
1.555 	 0.251171
1.56 	 0.251141
1.565 	 0.251113
1.57 	 0.251085
1.575 	 0.251058
1.58 	 0.251031
1.585 	 0.251006
1.59 	 0.250981
1.595 	 0.250957
1.6 	 0.250933
1.605 	 0.25091
1.61 	 0.250888
1.615 	 0.250867
1.62 	 0.250846
1.625 	 0.250825
1.63 	 0.250806
1.635 	 0.250786
1.64 	 0.250768
1.645 	 0.25075
1.65 	 0.250732
1.655 	 0.250715
1.66 	 0.250699
1.665 	 0.250683
1.67 	 0.250667
1.675 	 0.250652
1.68 	 0.250638
1.685 	 0.250624
1.69 	 0.25061
1.695 	 0.250597
1.7 	 0.250584
1.705 	 0.250571
1.71 	 0.250559
1.715 	 0.250547
1.72 	 0.250536
1.725 	 0.250525
1.73 	 0.250514
1.735 	 0.250504
1.74 	 0.250494
1.745 	 0.250484
1.75 	 0.250475
1.755 	 0.250466
1.76 	 0.250457
1.765 	 0.250448
1.77 	 0.25044
1.775 	 0.250432
1.78 	 0.250424
1.785 	 0.250417
1.79 	 0.250409
1.795 	 0.250402
1.8 	 0.250396
1.805 	 0.250389
1.81 	 0.250383
1.815 	 0.250377
1.82 	 0.250371
1.825 	 0.250365
1.83 	 0.250359
1.835 	 0.250354
1.84 	 0.250349
1.845 	 0.250344
1.85 	 0.250339
1.855 	 0.250334
1.86 	 0.25033
1.865 	 0.250325
1.87 	 0.250321
1.875 	 0.250317
1.88 	 0.250313
1.885 	 0.250309
1.89 	 0.250306
1.895 	 0.250302
1.9 	 0.250299
1.905 	 0.250296
1.91 	 0.250292
1.915 	 0.250289
1.92 	 0.250286
1.925 	 0.250283
1.93 	 0.250281
1.935 	 0.250278
1.94 	 0.250275
1.945 	 0.250273
1.95 	 0.250271
1.955 	 0.250268
1.96 	 0.250266
1.965 	 0.250264
1.97 	 0.250262
1.975 	 0.25026
1.98 	 0.250258
1.985 	 0.250256
1.99 	 0.250254
1.995 	 0.250253
2 	 0.250251
2.005 	 0.250251
2.01 	 0.250248
2.015 	 0.250246
2.02 	 0.250245
2.025 	 0.250244
2.03 	 0.250242
2.035 	 0.250241
2.04 	 0.25024
2.045 	 0.250239
2.05 	 0.250239
2.055 	 0.250236
2.06 	 0.250235
2.065 	 0.250234
2.07 	 0.250234
2.075 	 0.250232
2.08 	 0.250232
2.085 	 0.250231
2.09 	 0.250231
2.095 	 0.250229
2.1 	 0.250228
2.105 	 0.250228
2.11 	 0.250228
2.115 	 0.250226
2.12 	 0.250225
2.125 	 0.250225
2.13 	 0.250225
2.135 	 0.250224
2.14 	 0.250223
2.145 	 0.250223
2.15 	 0.250222
2.155 	 0.250222
2.16 	 0.250221
2.165 	 0.250221
2.17 	 0.25022
2.175 	 0.25022
2.18 	 0.250219
2.185 	 0.250219
2.19 	 0.250219
2.195 	 0.250219
2.2 	 0.250218
2.205 	 0.250218
2.21 	 0.250217
2.215 	 0.250217
2.22 	 0.250217
2.225 	 0.250216
2.23 	 0.250216
2.235 	 0.250216
2.24 	 0.250216
2.245 	 0.250215
2.25 	 0.250215
2.255 	 0.250215
2.26 	 0.250215
2.265 	 0.250214
2.27 	 0.250214
2.275 	 0.250214
2.28 	 0.250214
2.285 	 0.250214
2.29 	 0.250214
2.295 	 0.250213
2.3 	 0.250213
2.305 	 0.250213
2.31 	 0.250213
2.315 	 0.250213
2.32 	 0.250213
2.325 	 0.250213
2.33 	 0.250213
2.335 	 0.250212
2.34 	 0.250212
2.345 	 0.250212
2.35 	 0.250212
2.355 	 0.250212
2.36 	 0.250212
2.365 	 0.250212
2.37 	 0.250212
2.375 	 0.250212
2.38 	 0.250212
2.385 	 0.250212
2.39 	 0.250211
2.395 	 0.250211
2.4 	 0.250211
2.405 	 0.250211
2.41 	 0.250211
2.415 	 0.250211
2.42 	 0.250211
2.425 	 0.250211
2.43 	 0.250211
2.435 	 0.250211
2.44 	 0.250211
2.445 	 0.250211
2.45 	 0.250211
2.455 	 0.250211
2.46 	 0.250211
2.465 	 0.250211
2.47 	 0.250211
2.475 	 0.250211
2.48 	 0.250211
2.485 	 0.250211
2.49 	 0.250211
2.495 	 0.250211
2.5 	 0.250211
2.505 	 0.250211
2.51 	 0.250211
2.515 	 0.250211
2.52 	 0.250211
2.525 	 0.250211
2.53 	 0.250211
2.535 	 0.250211
2.54 	 0.250211
2.545 	 0.250211
2.55 	 0.250211
2.555 	 0.250211
2.56 	 0.250211
2.565 	 0.250211
2.57 	 0.250211
2.575 	 0.250211
2.58 	 0.250211
2.585 	 0.250211
2.59 	 0.250211
2.595 	 0.250211
2.6 	 0.250211
2.605 	 0.250211
2.61 	 0.250211
2.615 	 0.250211
2.62 	 0.250211
2.625 	 0.250211
2.63 	 0.250211
2.635 	 0.250211
2.64 	 0.250212
2.645 	 0.250212
2.65 	 0.250212
2.655 	 0.250212
2.66 	 0.250212
2.665 	 0.250212
2.67 	 0.250212
2.675 	 0.250212
2.68 	 0.250212
2.685 	 0.250212
2.69 	 0.250212
2.695 	 0.250213
2.7 	 0.250213
2.705 	 0.250213
2.71 	 0.250213
2.715 	 0.250213
2.72 	 0.250213
2.725 	 0.250214
2.73 	 0.250214
2.735 	 0.250214
2.74 	 0.250214
2.745 	 0.250214
2.75 	 0.250214
2.755 	 0.250215
2.76 	 0.250215
2.765 	 0.250215
2.77 	 0.250215
2.775 	 0.250216
2.78 	 0.250216
2.785 	 0.250216
2.79 	 0.250217
2.795 	 0.250217
2.8 	 0.250217
2.805 	 0.250218
2.81 	 0.250218
2.815 	 0.250218
2.82 	 0.250219
2.825 	 0.250219
2.83 	 0.25022
2.835 	 0.25022
2.84 	 0.25022
2.845 	 0.250221
2.85 	 0.250221
2.855 	 0.250222
2.86 	 0.250222
2.865 	 0.250223
2.87 	 0.250224
2.875 	 0.250224
2.88 	 0.250225
2.885 	 0.250226
2.89 	 0.250226
2.895 	 0.250227
2.9 	 0.250228
2.905 	 0.250229
2.91 	 0.250229
2.915 	 0.25023
2.92 	 0.250231
2.925 	 0.250232
2.93 	 0.250233
2.935 	 0.250234
2.94 	 0.250235
2.945 	 0.250236
2.95 	 0.250237
2.955 	 0.250238
2.96 	 0.25024
2.965 	 0.250241
2.97 	 0.250242
2.975 	 0.250244
2.98 	 0.250245
2.985 	 0.250246
2.99 	 0.250248
2.995 	 0.25025
3 	 0.250251
3.005 	 0.250253
3.01 	 0.250255
3.015 	 0.250257
3.02 	 0.250258
3.025 	 0.25026
3.03 	 0.250262
3.035 	 0.250265
3.04 	 0.250267
3.045 	 0.250269
3.05 	 0.250272
3.055 	 0.250274
3.06 	 0.250277
3.065 	 0.250279
3.07 	 0.250282
3.075 	 0.250285
3.08 	 0.250288
3.085 	 0.250291
3.09 	 0.250294
3.095 	 0.250297
3.1 	 0.250301
3.105 	 0.250304
3.11 	 0.250308
3.115 	 0.250312
3.12 	 0.250316
3.125 	 0.25032
3.13 	 0.250324
3.135 	 0.250328
3.14 	 0.250333
3.145 	 0.250338
3.15 	 0.250342
3.155 	 0.250348
3.16 	 0.250353
3.165 	 0.250358
3.17 	 0.250364
3.175 	 0.250369
3.18 	 0.250375
3.185 	 0.250381
3.19 	 0.250388
3.195 	 0.250394
3.2 	 0.250401
3.205 	 0.250408
3.21 	 0.250416
3.215 	 0.250423
3.22 	 0.250431
3.225 	 0.250439
3.23 	 0.250447
3.235 	 0.250456
3.24 	 0.250464
3.245 	 0.250474
3.25 	 0.250483
3.255 	 0.250493
3.26 	 0.250503
3.265 	 0.250513
3.27 	 0.250524
3.275 	 0.250535
3.28 	 0.250546
3.285 	 0.250558
3.29 	 0.25057
3.295 	 0.250583
3.3 	 0.250596
3.305 	 0.250609
3.31 	 0.250623
3.315 	 0.250637
3.32 	 0.250652
3.325 	 0.250667
3.33 	 0.250682
3.335 	 0.250698
3.34 	 0.250715
3.345 	 0.250732
3.35 	 0.250749
3.355 	 0.250768
3.36 	 0.250786
3.365 	 0.250805
3.37 	 0.250825
3.375 	 0.250845
3.38 	 0.250866
3.385 	 0.250888
3.39 	 0.25091
3.395 	 0.250933
3.4 	 0.250957
3.405 	 0.250981
3.41 	 0.251006
3.415 	 0.251031
3.42 	 0.251058
3.425 	 0.251085
3.43 	 0.251113
3.435 	 0.251142
3.44 	 0.251171
3.445 	 0.251201
3.45 	 0.251233
3.455 	 0.251265
3.46 	 0.251298
3.465 	 0.251332
3.47 	 0.251367
3.475 	 0.251402
3.48 	 0.251439
3.485 	 0.251477
3.49 	 0.251516
3.495 	 0.251556
3.5 	 0.251597
3.505 	 0.251639
3.51 	 0.251682
3.515 	 0.251726
3.52 	 0.251772
3.525 	 0.251818
3.53 	 0.251866
3.535 	 0.251915
3.54 	 0.251966
3.545 	 0.252018
3.55 	 0.252071
3.555 	 0.252125
3.56 	 0.252181
3.565 	 0.252238
3.57 	 0.252297
3.575 	 0.252357
3.58 	 0.252419
3.585 	 0.252482
3.59 	 0.252547
3.595 	 0.252613
3.6 	 0.252681
3.605 	 0.252751
3.61 	 0.252822
3.615 	 0.252895
3.62 	 0.25297
3.625 	 0.253047
3.63 	 0.253126
3.635 	 0.253206
3.64 	 0.253288
3.645 	 0.253372
3.65 	 0.253458
3.655 	 0.253547
3.66 	 0.253637
3.665 	 0.253729
3.67 	 0.253823
3.675 	 0.25392
3.68 	 0.254018
3.685 	 0.254119
3.69 	 0.254223
3.695 	 0.254328
3.7 	 0.254436
3.705 	 0.254546
3.71 	 0.254658
3.715 	 0.254773
3.72 	 0.254891
3.725 	 0.255011
3.73 	 0.255133
3.735 	 0.255258
3.74 	 0.255386
3.745 	 0.255517
3.75 	 0.25565
3.755 	 0.255786
3.76 	 0.255924
3.765 	 0.256066
3.77 	 0.25621
3.775 	 0.256357
3.78 	 0.256508
3.785 	 0.256661
3.79 	 0.256817
3.795 	 0.256977
3.8 	 0.257139
3.805 	 0.257305
3.81 	 0.257473
3.815 	 0.257645
3.82 	 0.257821
3.825 	 0.257999
3.83 	 0.258181
3.835 	 0.258366
3.84 	 0.258555
3.845 	 0.258747
3.85 	 0.258943
3.855 	 0.259142
3.86 	 0.259345
3.865 	 0.259551
3.87 	 0.259761
3.875 	 0.259975
3.88 	 0.260192
3.885 	 0.260413
3.89 	 0.260638
3.895 	 0.260867
3.9 	 0.261099
3.905 	 0.261336
3.91 	 0.261576
3.915 	 0.26182
3.92 	 0.262069
3.925 	 0.262321
3.93 	 0.262577
3.935 	 0.262838
3.94 	 0.263102
3.945 	 0.263371
3.95 	 0.263644
3.955 	 0.26392
3.96 	 0.264202
3.965 	 0.264487
3.97 	 0.264777
3.975 	 0.26507
3.98 	 0.265369
3.985 	 0.265671
3.99 	 0.265978
3.995 	 0.266289
4 	 0.266604
4.005 	 0.266924
4.01 	 0.266924
4.015 	 0.267249
4.02 	 0.267911
4.025 	 0.268248
4.03 	 0.26859
4.035 	 0.268937
4.04 	 0.269288
4.045 	 0.269643
4.05 	 0.270003
4.055 	 0.270003
4.06 	 0.270736
4.065 	 0.27111
4.07 	 0.271488
4.075 	 0.27187
4.08 	 0.272257
4.085 	 0.272648
4.09 	 0.273044
4.095 	 0.273044
4.1 	 0.273444
4.105 	 0.274259
4.11 	 0.274672
4.115 	 0.27509
4.12 	 0.275513
4.125 	 0.27594
4.13 	 0.276371
4.135 	 0.276371
4.14 	 0.276807
4.145 	 0.277691
4.15 	 0.27814
4.155 	 0.278593
4.16 	 0.27905
4.165 	 0.279512
4.17 	 0.279978
4.175 	 0.280447
4.18 	 0.280447
4.185 	 0.281399
4.19 	 0.281882
4.195 	 0.282368
4.2 	 0.282858
4.205 	 0.283352
4.21 	 0.28385
4.215 	 0.284352
4.22 	 0.284352
4.225 	 0.284857
4.23 	 0.28588
4.235 	 0.286397
4.24 	 0.286917
4.245 	 0.287441
4.25 	 0.287968
4.255 	 0.288499
4.26 	 0.288499
4.265 	 0.289033
4.27 	 0.290112
4.275 	 0.290656
4.28 	 0.291203
4.285 	 0.291753
4.29 	 0.292306
4.295 	 0.292862
4.3 	 0.293421
4.305 	 0.293421
4.31 	 0.294547
4.315 	 0.295114
4.32 	 0.295684
4.325 	 0.296256
4.33 	 0.29683
4.335 	 0.297407
4.34 	 0.297986
4.345 	 0.297986
4.35 	 0.29915
4.355 	 0.299735
4.36 	 0.300322
4.365 	 0.300911
4.37 	 0.301501
4.375 	 0.302093
4.38 	 0.302687
4.385 	 0.302687
4.39 	 0.303281
4.395 	 0.304475
4.4 	 0.305074
4.405 	 0.305673
4.41 	 0.306274
4.415 	 0.306875
4.42 	 0.307477
4.425 	 0.30808
4.43 	 0.30808
4.435 	 0.309287
4.44 	 0.309891
4.445 	 0.310495
4.45 	 0.311099
4.455 	 0.311703
4.46 	 0.312307
4.465 	 0.312911
4.47 	 0.312911
4.475 	 0.314118
4.48 	 0.31472
4.485 	 0.315322
4.49 	 0.315923
4.495 	 0.316523
4.5 	 0.317122
4.505 	 0.31772
4.51 	 0.31772
4.515 	 0.318317
4.52 	 0.319506
4.525 	 0.320099
4.53 	 0.320689
4.535 	 0.321278
4.54 	 0.321865
4.545 	 0.32245
4.55 	 0.323032
4.555 	 0.323032
4.56 	 0.324191
4.565 	 0.324766
4.57 	 0.325339
4.575 	 0.32591
4.58 	 0.326477
4.585 	 0.327041
4.59 	 0.327603
4.595 	 0.327603
4.6 	 0.328716
4.605 	 0.329267
4.61 	 0.329815
4.615 	 0.330359
4.62 	 0.3309
4.625 	 0.331436
4.63 	 0.331969
4.635 	 0.331969
4.64 	 0.332498
4.645 	 0.333542
4.65 	 0.334058
4.655 	 0.334569
4.66 	 0.335075
4.665 	 0.335577
4.67 	 0.336074
4.675 	 0.336566
4.68 	 0.336566
4.685 	 0.337535
4.69 	 0.338011
4.695 	 0.338482
4.7 	 0.338948
4.705 	 0.339408
4.71 	 0.339863
4.715 	 0.340311
4.72 	 0.340311
4.725 	 0.341191
4.73 	 0.341622
4.735 	 0.342047
4.74 	 0.342465
4.745 	 0.342877
4.75 	 0.343283
4.755 	 0.343682
4.76 	 0.343682
4.765 	 0.344075
4.77 	 0.34484
4.775 	 0.345212
4.78 	 0.345578
4.785 	 0.345936
4.79 	 0.346288
4.795 	 0.346632
4.8 	 0.346969
4.805 	 0.346969
4.81 	 0.347621
4.815 	 0.347936
4.82 	 0.348243
4.825 	 0.348543
4.83 	 0.348835
4.835 	 0.349119
4.84 	 0.349395
4.845 	 0.349395
4.85 	 0.349925
4.855 	 0.350178
4.86 	 0.350423
4.865 	 0.350659
4.87 	 0.350888
4.875 	 0.351108
4.88 	 0.35132
4.885 	 0.35132
4.89 	 0.351524
4.895 	 0.351907
4.9 	 0.352086
4.905 	 0.352256
4.91 	 0.352418
4.915 	 0.352571
4.92 	 0.352716
4.925 	 0.352852
4.93 	 0.352852
4.935 	 0.353099
4.94 	 0.353209
4.945 	 0.353311
4.95 	 0.353404
4.955 	 0.353488
4.96 	 0.353563
4.965 	 0.353629
4.97 	 0.353629
4.975 	 0.353736
4.98 	 0.353776
4.985 	 0.353808
4.99 	 0.35383
4.995 	 0.353844
5 	 0.353848
5.005 	 0.353844
5.01 	 0.353844
5.015 	 0.353831
5.02 	 0.353779
5.025 	 0.353739
5.03 	 0.353691
5.035 	 0.353634
5.04 	 0.353568
5.045 	 0.353494
5.05 	 0.35341
5.055 	 0.35341
5.06 	 0.353217
5.065 	 0.353107
5.07 	 0.352989
5.075 	 0.352862
5.08 	 0.352727
5.085 	 0.352583
5.09 	 0.35243
5.095 	 0.35243
5.1 	 0.352099
5.105 	 0.351921
5.11 	 0.351734
5.115 	 0.351539
5.12 	 0.351336
5.125 	 0.351124
5.13 	 0.350904
5.135 	 0.350676
5.14 	 0.35044
5.145 	 0.350196
5.15 	 0.349944
5.155 	 0.349683
5.16 	 0.349415
5.165 	 0.349139
5.17 	 0.348855
5.175 	 0.348564
5.18 	 0.348265
5.185 	 0.347958
5.19 	 0.347643
5.195 	 0.347322
5.2 	 0.346992
5.205 	 0.346656
5.21 	 0.346312
5.215 	 0.345961
5.22 	 0.345603
5.225 	 0.345238
5.23 	 0.344866
5.235 	 0.344487
5.24 	 0.344102
5.245 	 0.343709
5.25 	 0.343311
5.255 	 0.342905
5.26 	 0.342493
5.265 	 0.342075
5.27 	 0.341651
5.275 	 0.34122
5.28 	 0.340784
5.285 	 0.340341
5.29 	 0.339893
5.295 	 0.339438
5.3 	 0.338979
5.305 	 0.338513
5.31 	 0.338042
5.315 	 0.337566
5.32 	 0.337084
5.325 	 0.336598
5.33 	 0.336106
5.335 	 0.335609
5.34 	 0.335107
5.345 	 0.334601
5.35 	 0.33409
5.355 	 0.333574
5.36 	 0.333054
5.365 	 0.33253
5.37 	 0.332002
5.375 	 0.331469
5.38 	 0.330932
5.385 	 0.330392
5.39 	 0.329848
5.395 	 0.3293
5.4 	 0.328748
5.405 	 0.328193
5.41 	 0.327635
5.415 	 0.327074
5.42 	 0.326509
5.425 	 0.325942
5.43 	 0.325372
5.435 	 0.324799
5.44 	 0.324223
5.445 	 0.323645
5.45 	 0.323064
5.455 	 0.322481
5.46 	 0.321896
5.465 	 0.321309
5.47 	 0.32072
5.475 	 0.32013
5.48 	 0.319537
5.485 	 0.318943
5.49 	 0.318347
5.495 	 0.31775
5.5 	 0.317152
5.505 	 0.316553
5.51 	 0.315952
5.515 	 0.315351
5.52 	 0.314749
5.525 	 0.314146
5.53 	 0.313543
5.535 	 0.312939
5.54 	 0.312335
5.545 	 0.311731
5.55 	 0.311126
5.555 	 0.310522
5.56 	 0.309917
5.565 	 0.309313
5.57 	 0.308709
5.575 	 0.308105
5.58 	 0.307502
5.585 	 0.3069
5.59 	 0.306298
5.595 	 0.305697
5.6 	 0.305097
5.605 	 0.304498
5.61 	 0.3039
5.615 	 0.303304
5.62 	 0.302708
5.625 	 0.302114
5.63 	 0.301522
5.635 	 0.300931
5.64 	 0.300342
5.645 	 0.299755
5.65 	 0.299169
5.655 	 0.298585
5.66 	 0.298004
5.665 	 0.297425
5.67 	 0.296847
5.675 	 0.296273
5.68 	 0.2957
5.685 	 0.29513
5.69 	 0.294563
5.695 	 0.293998
5.7 	 0.293436
5.705 	 0.292876
5.71 	 0.29232
5.715 	 0.291766
5.72 	 0.291215
5.725 	 0.290668
5.73 	 0.290123
5.735 	 0.289582
5.74 	 0.289044
5.745 	 0.288509
5.75 	 0.287978
5.755 	 0.28745
5.76 	 0.286926
5.765 	 0.286405
5.77 	 0.285888
5.775 	 0.285374
5.78 	 0.284864
5.785 	 0.284358
5.79 	 0.283856
5.795 	 0.283358
5.8 	 0.282863
5.805 	 0.282373
5.81 	 0.281886
5.815 	 0.281403
5.82 	 0.280925
5.825 	 0.280451
5.83 	 0.27998
5.835 	 0.279514
5.84 	 0.279052
5.845 	 0.278595
5.85 	 0.278141
5.855 	 0.277692
5.86 	 0.277247
5.865 	 0.276807
5.87 	 0.276371
5.875 	 0.275939
5.88 	 0.275512
5.885 	 0.275089
5.89 	 0.27467
5.895 	 0.274256
5.9 	 0.273847
5.905 	 0.273442
5.91 	 0.273041
5.915 	 0.272645
5.92 	 0.272253
5.925 	 0.271866
5.93 	 0.271483
5.935 	 0.271105
5.94 	 0.270731
5.945 	 0.270362
5.95 	 0.269997
5.955 	 0.269637
5.96 	 0.269282
5.965 	 0.26893
5.97 	 0.268584
5.975 	 0.268241
5.98 	 0.267903
5.985 	 0.26757
5.99 	 0.267241
5.995 	 0.266917
6 	 0.266596
6.005 	 0.266281
6.01 	 0.265969
6.015 	 0.265662
6.02 	 0.26536
6.025 	 0.265061
6.03 	 0.264767
6.035 	 0.264478
6.04 	 0.264192
6.045 	 0.263911
6.05 	 0.263634
6.055 	 0.263361
6.06 	 0.263092
6.065 	 0.262828
6.07 	 0.262567
6.075 	 0.262311
6.08 	 0.262058
6.085 	 0.26181
6.09 	 0.261565
6.095 	 0.261325
6.1 	 0.261089
6.105 	 0.260856
6.11 	 0.260627
6.115 	 0.260402
6.12 	 0.260181
6.125 	 0.259964
6.13 	 0.25975
6.135 	 0.25954
6.14 	 0.259333
6.145 	 0.259131
6.15 	 0.258931
6.155 	 0.258736
6.16 	 0.258544
6.165 	 0.258355
6.17 	 0.25817
6.175 	 0.257988
6.18 	 0.257809
6.185 	 0.257634
6.19 	 0.257462
6.195 	 0.257293
6.2 	 0.257128
6.205 	 0.256965
6.21 	 0.256806
6.215 	 0.25665
6.22 	 0.256496
6.225 	 0.256346
6.23 	 0.256199
6.235 	 0.256055
6.24 	 0.255913
6.245 	 0.255774
6.25 	 0.255639
6.255 	 0.255506
6.26 	 0.255375
6.265 	 0.255247
6.27 	 0.255122
6.275 	 0.255
6.28 	 0.25488
6.285 	 0.254763
6.29 	 0.254648
6.295 	 0.254535
6.3 	 0.254425
6.305 	 0.254318
6.31 	 0.254212
6.315 	 0.254109
6.32 	 0.254008
6.325 	 0.25391
6.33 	 0.253813
6.335 	 0.253719
6.34 	 0.253627
6.345 	 0.253537
6.35 	 0.253449
6.355 	 0.253363
6.36 	 0.253279
6.365 	 0.253197
6.37 	 0.253116
6.375 	 0.253038
6.38 	 0.252961
6.385 	 0.252887
6.39 	 0.252814
6.395 	 0.252742
6.4 	 0.252673
6.405 	 0.252605
6.41 	 0.252539
6.415 	 0.252474
6.42 	 0.252411
6.425 	 0.252349
6.43 	 0.252289
6.435 	 0.252231
6.44 	 0.252173
6.445 	 0.252118
6.45 	 0.252063
6.455 	 0.25201
6.46 	 0.251959
6.465 	 0.251908
6.47 	 0.251859
6.475 	 0.251811
6.48 	 0.251765
6.485 	 0.251719
6.49 	 0.251675
6.495 	 0.251632
6.5 	 0.25159
6.505 	 0.251549
6.51 	 0.25151
6.515 	 0.251471
6.52 	 0.251433
6.525 	 0.251397
6.53 	 0.251361
6.535 	 0.251326
6.54 	 0.251292
6.545 	 0.251259
6.55 	 0.251227
6.555 	 0.251196
6.56 	 0.251166
6.565 	 0.251136
6.57 	 0.251108
6.575 	 0.25108
6.58 	 0.251053
6.585 	 0.251027
6.59 	 0.251001
6.595 	 0.250976
6.6 	 0.250952
6.605 	 0.250929
6.61 	 0.250906
6.615 	 0.250884
6.62 	 0.250862
6.625 	 0.250841
6.63 	 0.250821
6.635 	 0.250801
6.64 	 0.250782
6.645 	 0.250764
6.65 	 0.250746
6.655 	 0.250728
6.66 	 0.250711
6.665 	 0.250695
6.67 	 0.250679
6.675 	 0.250664
6.68 	 0.250648
6.685 	 0.250634
6.69 	 0.25062
6.695 	 0.250606
6.7 	 0.250593
6.705 	 0.25058
6.71 	 0.250567
6.715 	 0.250555
6.72 	 0.250544
6.725 	 0.250532
6.73 	 0.250521
6.735 	 0.250511
6.74 	 0.2505
6.745 	 0.25049
6.75 	 0.250481
6.755 	 0.250471
6.76 	 0.250462
6.765 	 0.250453
6.77 	 0.250445
6.775 	 0.250437
6.78 	 0.250429
6.785 	 0.250421
6.79 	 0.250414
6.795 	 0.250406
6.8 	 0.250399
6.805 	 0.250393
6.81 	 0.250386
6.815 	 0.25038
6.82 	 0.250374
6.825 	 0.250368
6.83 	 0.250362
6.835 	 0.250357
6.84 	 0.250351
6.845 	 0.250346
6.85 	 0.250341
6.855 	 0.250336
6.86 	 0.250332
6.865 	 0.250327
6.87 	 0.250323
6.875 	 0.250319
6.88 	 0.250314
6.885 	 0.250311
6.89 	 0.250307
6.895 	 0.250303
6.9 	 0.2503
6.905 	 0.250296
6.91 	 0.250293
6.915 	 0.25029
6.92 	 0.250287
6.925 	 0.250284
6.93 	 0.250281
6.935 	 0.250278
6.94 	 0.250276
6.945 	 0.250273
6.95 	 0.250271
6.955 	 0.250268
6.96 	 0.250266
6.965 	 0.250264
6.97 	 0.250262
6.975 	 0.25026
6.98 	 0.250258
6.985 	 0.250256
6.99 	 0.250254
6.995 	 0.250252
7 	 0.250251
7.005 	 0.250249
7.01 	 0.250247
7.015 	 0.250246
7.02 	 0.250244
7.025 	 0.250243
7.03 	 0.250242
7.035 	 0.25024
7.04 	 0.250239
7.045 	 0.250238
7.05 	 0.250237
7.055 	 0.250236
7.06 	 0.250235
7.065 	 0.250233
7.07 	 0.250232
7.075 	 0.250232
7.08 	 0.250231
7.085 	 0.25023
7.09 	 0.250229
7.095 	 0.250228
7.1 	 0.250227
7.105 	 0.250227
7.11 	 0.250226
7.115 	 0.250225
7.12 	 0.250225
7.125 	 0.250224
7.13 	 0.250223
7.135 	 0.250223
7.14 	 0.250222
7.145 	 0.250222
7.15 	 0.250221
7.155 	 0.250221
7.16 	 0.25022
7.165 	 0.25022
7.17 	 0.250219
7.175 	 0.250219
7.18 	 0.250218
7.185 	 0.250218
7.19 	 0.250218
7.195 	 0.250217
7.2 	 0.250217
7.205 	 0.250217
7.21 	 0.250216
7.215 	 0.250216
7.22 	 0.250216
7.225 	 0.250215
7.23 	 0.250215
7.235 	 0.250215
7.24 	 0.250215
7.245 	 0.250214
7.25 	 0.250214
7.255 	 0.250214
7.26 	 0.250214
7.265 	 0.250214
7.27 	 0.250213
7.275 	 0.250213
7.28 	 0.250213
7.285 	 0.250213
7.29 	 0.250213
7.295 	 0.250213
7.3 	 0.250213
7.305 	 0.250212
7.31 	 0.250212
7.315 	 0.250212
7.32 	 0.250212
7.325 	 0.250212
7.33 	 0.250212
7.335 	 0.250212
7.34 	 0.250212
7.345 	 0.250212
7.35 	 0.250211
7.355 	 0.250211
7.36 	 0.250211
7.365 	 0.250211
7.37 	 0.250211
7.375 	 0.250211
7.38 	 0.250211
7.385 	 0.250211
7.39 	 0.250211
7.395 	 0.250211
7.4 	 0.250211
7.405 	 0.250211
7.41 	 0.250211
7.415 	 0.250211
7.42 	 0.250211
7.425 	 0.250211
7.43 	 0.250211
7.435 	 0.250211
7.44 	 0.250211
7.445 	 0.250211
7.45 	 0.250211
7.455 	 0.250211
7.46 	 0.250211
7.465 	 0.250211
7.47 	 0.250211
7.475 	 0.250211
7.48 	 0.250211
7.485 	 0.250211
7.49 	 0.250211
7.495 	 0.250211
7.5 	 0.250211
7.505 	 0.250211
7.51 	 0.250211
7.515 	 0.250211
7.52 	 0.250211
7.525 	 0.250211
7.53 	 0.250211
7.535 	 0.250211
7.54 	 0.250211
7.545 	 0.250211
7.55 	 0.250211
7.555 	 0.250211
7.56 	 0.250211
7.565 	 0.250211
7.57 	 0.250211
7.575 	 0.250211
7.58 	 0.250211
7.585 	 0.250211
7.59 	 0.250211
7.595 	 0.250211
7.6 	 0.250211
7.605 	 0.250211
7.61 	 0.250211
7.615 	 0.250211
7.62 	 0.250211
7.625 	 0.250212
7.63 	 0.250212
7.635 	 0.250212
7.64 	 0.250212
7.645 	 0.250212
7.65 	 0.250212
7.655 	 0.250212
7.66 	 0.250212
7.665 	 0.250212
7.67 	 0.250212
7.675 	 0.250213
7.68 	 0.250213
7.685 	 0.250213
7.69 	 0.250213
7.695 	 0.250213
7.7 	 0.250213
7.705 	 0.250213
7.71 	 0.250213
7.715 	 0.250214
7.72 	 0.250214
7.725 	 0.250214
7.73 	 0.250214
7.735 	 0.250214
7.74 	 0.250215
7.745 	 0.250215
7.75 	 0.250215
7.755 	 0.250215
7.76 	 0.250215
7.765 	 0.250216
7.77 	 0.250216
7.775 	 0.250216
7.78 	 0.250217
7.785 	 0.250217
7.79 	 0.250217
7.795 	 0.250217
7.8 	 0.250218
7.805 	 0.250218
7.81 	 0.250219
7.815 	 0.250219
7.82 	 0.250219
7.825 	 0.25022
7.83 	 0.25022
7.835 	 0.250221
7.84 	 0.250221
7.845 	 0.250222
7.85 	 0.250222
7.855 	 0.250223
7.86 	 0.250223
7.865 	 0.250224
7.87 	 0.250224
7.875 	 0.250225
7.88 	 0.250226
7.885 	 0.250226
7.89 	 0.250227
7.895 	 0.250228
7.9 	 0.250228
7.905 	 0.250229
7.91 	 0.25023
7.915 	 0.250231
7.92 	 0.250232
7.925 	 0.250233
7.93 	 0.250233
7.935 	 0.250234
7.94 	 0.250235
7.945 	 0.250237
7.95 	 0.250238
7.955 	 0.250239
7.96 	 0.25024
7.965 	 0.250241
7.97 	 0.250242
7.975 	 0.250244
7.98 	 0.250245
7.985 	 0.250247
7.99 	 0.250248
7.995 	 0.25025
8 	 0.250251
8.005 	 0.250253
8.01 	 0.250255
8.015 	 0.250256
8.02 	 0.250256
8.025 	 0.25026
8.03 	 0.25026
8.035 	 0.250264
8.04 	 0.250267
8.045 	 0.250269
8.05 	 0.250271
8.055 	 0.250273
8.06 	 0.250276
8.065 	 0.250276
8.07 	 0.250281
8.075 	 0.250281
8.08 	 0.250287
8.085 	 0.25029
8.09 	 0.250293
8.095 	 0.250296
8.1 	 0.2503
8.105 	 0.250303
8.11 	 0.250303
8.115 	 0.25031
8.12 	 0.250314
8.125 	 0.250318
8.13 	 0.250322
8.135 	 0.250326
8.14 	 0.250331
8.145 	 0.250331
8.15 	 0.25034
8.155 	 0.25034
8.16 	 0.25035
8.165 	 0.250355
8.17 	 0.250361
8.175 	 0.250366
8.18 	 0.250372
8.185 	 0.250378
8.19 	 0.250378
8.195 	 0.25039
8.2 	 0.25039
8.205 	 0.250404
8.21 	 0.250411
8.215 	 0.250418
8.22 	 0.250426
8.225 	 0.250434
8.23 	 0.250442
8.235 	 0.250442
8.24 	 0.250459
8.245 	 0.250467
8.25 	 0.250477
8.255 	 0.250486
8.26 	 0.250496
8.265 	 0.250506
8.27 	 0.250506
8.275 	 0.250527
8.28 	 0.250527
8.285 	 0.25055
8.29 	 0.250561
8.295 	 0.250574
8.3 	 0.250586
8.305 	 0.250599
8.31 	 0.250612
8.315 	 0.250612
8.32 	 0.25064
8.325 	 0.25064
8.33 	 0.25067
8.335 	 0.250686
8.34 	 0.250702
8.345 	 0.250718
8.35 	 0.250736
8.355 	 0.250753
8.36 	 0.250753
8.365 	 0.25079
8.37 	 0.250809
8.375 	 0.250829
8.38 	 0.250849
8.385 	 0.25087
8.39 	 0.250892
8.395 	 0.250892
8.4 	 0.250937
8.405 	 0.250937
8.41 	 0.250985
8.415 	 0.25101
8.42 	 0.251036
8.425 	 0.251062
8.43 	 0.251089
8.435 	 0.251117
8.44 	 0.251117
8.445 	 0.251175
8.45 	 0.251175
8.455 	 0.251237
8.46 	 0.251269
8.465 	 0.251302
8.47 	 0.251336
8.475 	 0.251371
8.48 	 0.251407
8.485 	 0.251407
8.49 	 0.251482
8.495 	 0.251521
8.5 	 0.25156
8.505 	 0.251601
8.51 	 0.251644
8.515 	 0.251687
8.52 	 0.251687
8.525 	 0.251777
8.53 	 0.251777
8.535 	 0.251871
8.54 	 0.251921
8.545 	 0.251971
8.55 	 0.252023
8.555 	 0.252076
8.56 	 0.252131
8.565 	 0.252131
8.57 	 0.252244
8.575 	 0.252302
8.58 	 0.252363
8.585 	 0.252424
8.59 	 0.252488
8.595 	 0.252553
8.6 	 0.252619
8.605 	 0.252687
8.61 	 0.252687
8.615 	 0.252828
8.62 	 0.252901
8.625 	 0.252976
8.63 	 0.253053
8.635 	 0.253131
8.64 	 0.253212
8.645 	 0.253212
8.65 	 0.253378
8.655 	 0.253378
8.66 	 0.253553
8.665 	 0.253643
8.67 	 0.253735
8.675 	 0.25383
8.68 	 0.253926
8.685 	 0.254025
8.69 	 0.254025
8.695 	 0.254229
8.7 	 0.254334
8.705 	 0.254442
8.71 	 0.254552
8.715 	 0.254665
8.72 	 0.25478
8.725 	 0.254897
8.73 	 0.255017
8.735 	 0.255017
8.74 	 0.255265
8.745 	 0.255393
8.75 	 0.255523
8.755 	 0.255656
8.76 	 0.255792
8.765 	 0.255931
8.77 	 0.255931
8.775 	 0.256217
8.78 	 0.256217
8.785 	 0.256514
8.79 	 0.256667
8.795 	 0.256824
8.8 	 0.256983
8.805 	 0.257145
8.81 	 0.257311
8.815 	 0.257311
8.82 	 0.257652
8.825 	 0.257827
8.83 	 0.258006
8.835 	 0.258187
8.84 	 0.258373
8.845 	 0.258561
8.85 	 0.258753
8.855 	 0.258949
8.86 	 0.258949
8.865 	 0.259351
8.87 	 0.259557
8.875 	 0.259767
8.88 	 0.259981
8.885 	 0.260198
8.89 	 0.260419
8.895 	 0.260419
8.9 	 0.260873
8.905 	 0.260873
8.91 	 0.261342
8.915 	 0.261582
8.92 	 0.261826
8.925 	 0.262074
8.93 	 0.262326
8.935 	 0.262583
8.94 	 0.262583
8.945 	 0.263107
8.95 	 0.263376
8.955 	 0.263649
8.96 	 0.263925
8.965 	 0.264206
8.97 	 0.264492
8.975 	 0.264781
8.98 	 0.265075
8.985 	 0.265075
8.99 	 0.265675
8.995 	 0.265982
9 	 0.266293
9.005 	 0.266608
9.01 	 0.266928
9.015 	 0.267252
9.02 	 0.267252
9.025 	 0.267914
9.03 	 0.267914
9.035 	 0.268593
9.04 	 0.268939
9.045 	 0.26929
9.05 	 0.269646
9.055 	 0.270005
9.06 	 0.27037
9.065 	 0.27037
9.07 	 0.271112
9.075 	 0.271489
9.08 	 0.271872
9.085 	 0.272258
9.09 	 0.272649
9.095 	 0.273045
9.1 	 0.273445
9.105 	 0.27385
9.11 	 0.27385
9.115 	 0.274672
9.12 	 0.27509
9.125 	 0.275513
9.13 	 0.275939
9.135 	 0.276371
9.14 	 0.276806
9.145 	 0.276806
9.15 	 0.27769
9.155 	 0.27769
9.16 	 0.278591
9.165 	 0.279048
9.17 	 0.27951
9.175 	 0.279975
9.18 	 0.280445
9.185 	 0.280918
9.19 	 0.280918
9.195 	 0.281878
9.2 	 0.282364
9.205 	 0.282854
9.21 	 0.283348
9.215 	 0.283845
9.22 	 0.284347
9.225 	 0.284852
9.23 	 0.285361
9.235 	 0.285361
9.24 	 0.286391
9.245 	 0.286911
9.25 	 0.287435
9.255 	 0.287962
9.26 	 0.288492
9.265 	 0.289026
9.27 	 0.289026
9.275 	 0.290104
9.28 	 0.290104
9.285 	 0.291195
9.29 	 0.291745
9.295 	 0.292297
9.3 	 0.292853
9.305 	 0.293412
9.31 	 0.293973
9.315 	 0.293973
9.32 	 0.295104
9.325 	 0.295673
9.33 	 0.296245
9.335 	 0.296819
9.34 	 0.297396
9.345 	 0.297975
9.35 	 0.298555
9.355 	 0.299138
9.36 	 0.299138
9.365 	 0.30031
9.37 	 0.300898
9.375 	 0.301488
9.38 	 0.30208
9.385 	 0.302673
9.39 	 0.303268
9.395 	 0.303268
9.4 	 0.304461
9.405 	 0.304461
9.41 	 0.305659
9.415 	 0.306259
9.42 	 0.306861
9.425 	 0.307462
9.43 	 0.308065
9.435 	 0.308668
9.44 	 0.308668
9.445 	 0.309875
9.45 	 0.310479
9.455 	 0.311083
9.46 	 0.311687
9.465 	 0.312291
9.47 	 0.312895
9.475 	 0.313498
9.48 	 0.314101
9.485 	 0.314101
9.49 	 0.315305
9.495 	 0.315906
9.5 	 0.316506
9.505 	 0.317104
9.51 	 0.317702
9.515 	 0.318299
9.52 	 0.318299
9.525 	 0.319488
9.53 	 0.319488
9.535 	 0.320671
9.54 	 0.321259
9.545 	 0.321846
9.55 	 0.322431
9.555 	 0.323014
9.56 	 0.323594
9.565 	 0.323594
9.57 	 0.324747
9.575 	 0.32532
9.58 	 0.32589
9.585 	 0.326458
9.59 	 0.327022
9.595 	 0.327583
9.6 	 0.328141
9.605 	 0.328696
9.61 	 0.328696
9.615 	 0.329795
9.62 	 0.33034
9.625 	 0.33088
9.63 	 0.331417
9.635 	 0.331949
9.64 	 0.332478
9.645 	 0.332478
9.65 	 0.333523
9.655 	 0.333523
9.66 	 0.334549
9.665 	 0.335056
9.67 	 0.335558
9.675 	 0.336055
9.68 	 0.336547
9.685 	 0.337034
9.69 	 0.337034
9.695 	 0.337992
9.7 	 0.338463
9.705 	 0.338929
9.71 	 0.339389
9.715 	 0.339844
9.72 	 0.340293
9.725 	 0.340736
9.73 	 0.341173
9.735 	 0.341173
9.74 	 0.342029
9.745 	 0.342447
9.75 	 0.34286
9.755 	 0.343265
9.76 	 0.343665
9.765 	 0.344058
9.77 	 0.344058
9.775 	 0.344823
9.78 	 0.344823
9.785 	 0.345561
9.79 	 0.34592
9.795 	 0.346272
9.8 	 0.346616
9.805 	 0.346953
9.81 	 0.347283
9.815 	 0.347283
9.82 	 0.347921
9.825 	 0.348228
9.83 	 0.348528
9.835 	 0.34882
9.84 	 0.349105
9.845 	 0.349382
9.85 	 0.349651
9.855 	 0.349912
9.86 	 0.349912
9.865 	 0.35041
9.87 	 0.350647
9.875 	 0.350876
9.88 	 0.351096
9.885 	 0.351309
9.89 	 0.351513
9.895 	 0.351513
9.9 	 0.351896
9.905 	 0.351896
9.91 	 0.352246
9.915 	 0.352408
9.92 	 0.352562
9.925 	 0.352707
9.93 	 0.352844
9.935 	 0.352971
9.94 	 0.352971
9.945 	 0.353201
9.95 	 0.353303
9.955 	 0.353396
9.96 	 0.353481
9.965 	 0.353556
9.97 	 0.353623
9.975 	 0.353681
9.98 	 0.353731
9.985 	 0.353731
9.99 	 0.353803
9.995 	 0.353825
10 	 0.353839
10.005 	 0.353844
10.01 	 0.353841
10.015 	 0.353828
10.02 	 0.353828
10.025 	 0.353776
10.03 	 0.353776
10.035 	 0.353689
10.04 	 0.353632
10.045 	 0.353567
10.05 	 0.353493
10.055 	 0.353409
10.06 	 0.353318
10.065 	 0.353318
10.07 	 0.353108
10.075 	 0.35299
10.08 	 0.352863
10.085 	 0.352728
10.09 	 0.352584
10.095 	 0.352432
10.1 	 0.352271
10.105 	 0.352101
10.11 	 0.352101
10.115 	 0.351737
10.12 	 0.351542
10.125 	 0.351339
10.13 	 0.351128
10.135 	 0.350909
10.14 	 0.350681
10.145 	 0.350681
10.15 	 0.350201
10.155 	 0.350201
10.16 	 0.349689
10.165 	 0.349421
10.17 	 0.349145
10.175 	 0.348862
10.18 	 0.348571
10.185 	 0.348272
10.19 	 0.348272
10.195 	 0.347651
10.2 	 0.347329
10.205 	 0.347001
10.21 	 0.346664
10.215 	 0.346321
10.22 	 0.34597
10.225 	 0.345612
10.23 	 0.345247
10.235 	 0.345247
10.24 	 0.344497
10.245 	 0.344112
10.25 	 0.343719
10.255 	 0.343321
10.26 	 0.342916
10.265 	 0.342504
10.27 	 0.342086
10.275 	 0.341662
10.28 	 0.341231
10.285 	 0.340795
10.29 	 0.340352
10.295 	 0.339904
10.3 	 0.33945
10.305 	 0.33899
10.31 	 0.338525
10.315 	 0.338054
10.32 	 0.337578
10.325 	 0.337097
10.33 	 0.33661
10.335 	 0.336118
10.34 	 0.335622
10.345 	 0.33512
10.35 	 0.334614
10.355 	 0.334103
10.36 	 0.333587
10.365 	 0.333067
10.37 	 0.332543
10.375 	 0.332015
10.38 	 0.331482
10.385 	 0.330945
10.39 	 0.330405
10.395 	 0.329861
10.4 	 0.329313
10.405 	 0.328761
10.41 	 0.328207
10.415 	 0.327648
10.42 	 0.327087
10.425 	 0.326523
10.43 	 0.325955
10.435 	 0.325385
10.44 	 0.324812
10.445 	 0.324236
10.45 	 0.323658
10.455 	 0.323077
10.46 	 0.322494
10.465 	 0.321909
10.47 	 0.321322
10.475 	 0.320733
10.48 	 0.320142
10.485 	 0.31955
10.49 	 0.318955
10.495 	 0.31836
10.5 	 0.317763
10.505 	 0.317164
10.51 	 0.316565
10.515 	 0.315964
10.52 	 0.315363
10.525 	 0.314761
10.53 	 0.314158
10.535 	 0.313555
10.54 	 0.312951
10.545 	 0.312346
10.55 	 0.311742
10.555 	 0.311137
10.56 	 0.310533
10.565 	 0.309928
10.57 	 0.309323
10.575 	 0.308719
10.58 	 0.308116
10.585 	 0.307512
10.59 	 0.30691
10.595 	 0.306308
10.6 	 0.305707
10.605 	 0.305107
10.61 	 0.304507
10.615 	 0.303909
10.62 	 0.303312
10.625 	 0.302717
10.63 	 0.302123
10.635 	 0.30153
10.64 	 0.300939
10.645 	 0.30035
10.65 	 0.299762
10.655 	 0.299177
10.66 	 0.298593
10.665 	 0.298011
10.67 	 0.297431
10.675 	 0.296854
10.68 	 0.296279
10.685 	 0.295706
10.69 	 0.295136
10.695 	 0.294568
10.7 	 0.294003
10.705 	 0.293441
10.71 	 0.292881
10.715 	 0.292325
10.72 	 0.291771
10.725 	 0.29122
10.73 	 0.290672
10.735 	 0.290128
10.74 	 0.289586
10.745 	 0.289048
10.75 	 0.288513
10.755 	 0.287982
10.76 	 0.287453
10.765 	 0.286929
10.77 	 0.286408
10.775 	 0.28589
10.78 	 0.285377
10.785 	 0.284867
10.79 	 0.28436
10.795 	 0.283858
10.8 	 0.283359
10.805 	 0.282865
10.81 	 0.282374
10.815 	 0.281887
10.82 	 0.281404
10.825 	 0.280926
10.83 	 0.280451
10.835 	 0.279981
10.84 	 0.279514
10.845 	 0.279052
10.85 	 0.278595
10.855 	 0.278141
10.86 	 0.277692
10.865 	 0.277247
10.87 	 0.276806
10.875 	 0.27637
10.88 	 0.275938
10.885 	 0.27551
10.89 	 0.275087
10.895 	 0.274669
10.9 	 0.274255
10.905 	 0.273845
10.91 	 0.27344
10.915 	 0.273039
10.92 	 0.272642
10.925 	 0.272251
10.93 	 0.271863
10.935 	 0.27148
10.94 	 0.271102
10.945 	 0.270728
10.95 	 0.270359
10.955 	 0.269994
10.96 	 0.269634
10.965 	 0.269278
10.97 	 0.268927
10.975 	 0.26858
10.98 	 0.268238
10.985 	 0.2679
10.99 	 0.267566
10.995 	 0.267237
11 	 0.266913
11.005 	 0.266592
11.01 	 0.266277
11.015 	 0.265965
11.02 	 0.265658
11.025 	 0.265355
11.03 	 0.265057
11.035 	 0.264763
11.04 	 0.264473
11.045 	 0.264187
11.05 	 0.263906
11.055 	 0.263629
11.06 	 0.263356
11.065 	 0.263087
11.07 	 0.262823
11.075 	 0.262562
11.08 	 0.262306
11.085 	 0.262053
11.09 	 0.261805
11.095 	 0.26156
11.1 	 0.26132
11.105 	 0.261083
11.11 	 0.260851
11.115 	 0.260622
11.12 	 0.260397
11.125 	 0.260176
11.13 	 0.259958
11.135 	 0.259745
11.14 	 0.259535
11.145 	 0.259328
11.15 	 0.259126
11.155 	 0.258926
11.16 	 0.258731
11.165 	 0.258539
11.17 	 0.25835
11.175 	 0.258165
11.18 	 0.257983
11.185 	 0.257804
11.19 	 0.257629
11.195 	 0.257457
11.2 	 0.257288
11.205 	 0.257123
11.21 	 0.25696
11.215 	 0.256801
11.22 	 0.256645
11.225 	 0.256492
11.23 	 0.256342
11.235 	 0.256194
11.24 	 0.25605
11.245 	 0.255909
11.25 	 0.25577
11.255 	 0.255634
11.26 	 0.255501
11.265 	 0.255371
11.27 	 0.255243
11.275 	 0.255118
11.28 	 0.254996
11.285 	 0.254876
11.29 	 0.254759
11.295 	 0.254644
11.3 	 0.254531
11.305 	 0.254421
11.31 	 0.254314
11.315 	 0.254209
11.32 	 0.254106
11.325 	 0.254005
11.33 	 0.253906
11.335 	 0.25381
11.34 	 0.253716
11.345 	 0.253624
11.35 	 0.253534
11.355 	 0.253446
11.36 	 0.25336
11.365 	 0.253276
11.37 	 0.253194
11.375 	 0.253113
11.38 	 0.253035
11.385 	 0.252959
11.39 	 0.252884
11.395 	 0.252811
11.4 	 0.25274
11.405 	 0.25267
11.41 	 0.252602
11.415 	 0.252536
11.42 	 0.252472
11.425 	 0.252408
11.43 	 0.252347
11.435 	 0.252287
11.44 	 0.252228
11.445 	 0.252171
11.45 	 0.252116
11.455 	 0.252061
11.46 	 0.252008
11.465 	 0.251957
11.47 	 0.251907
11.475 	 0.251858
11.48 	 0.25181
11.485 	 0.251763
11.49 	 0.251718
11.495 	 0.251674
11.5 	 0.251631
11.505 	 0.251589
11.51 	 0.251548
11.515 	 0.251508
11.52 	 0.25147
11.525 	 0.251432
11.53 	 0.251395
11.535 	 0.25136
11.54 	 0.251325
11.545 	 0.251291
11.55 	 0.251259
11.555 	 0.251227
11.56 	 0.251196
11.565 	 0.251165
11.57 	 0.251136
11.575 	 0.251107
11.58 	 0.25108
11.585 	 0.251053
11.59 	 0.251026
11.595 	 0.251001
11.6 	 0.250976
11.605 	 0.250952
11.61 	 0.250928
11.615 	 0.250906
11.62 	 0.250884
11.625 	 0.250862
11.63 	 0.250841
11.635 	 0.250821
11.64 	 0.250802
11.645 	 0.250782
11.65 	 0.250764
11.655 	 0.250746
11.66 	 0.250729
11.665 	 0.250712
11.67 	 0.250695
11.675 	 0.250679
11.68 	 0.250664
11.685 	 0.250649
11.69 	 0.250634
11.695 	 0.25062
11.7 	 0.250607
11.705 	 0.250593
11.71 	 0.250581
11.715 	 0.250568
11.72 	 0.250556
11.725 	 0.250544
11.73 	 0.250533
11.735 	 0.250522
11.74 	 0.250511
11.745 	 0.250501
11.75 	 0.250491
11.755 	 0.250481
11.76 	 0.250472
11.765 	 0.250463
11.77 	 0.250454
11.775 	 0.250446
11.78 	 0.250438
11.785 	 0.25043
11.79 	 0.250422
11.795 	 0.250415
11.8 	 0.250407
11.805 	 0.2504
11.81 	 0.250394
11.815 	 0.250387
11.82 	 0.250381
11.825 	 0.250375
11.83 	 0.250369
11.835 	 0.250363
11.84 	 0.250358
11.845 	 0.250352
11.85 	 0.250347
11.855 	 0.250342
11.86 	 0.250337
11.865 	 0.250333
11.87 	 0.250328
11.875 	 0.250324
11.88 	 0.25032
11.885 	 0.250316
11.89 	 0.250312
11.895 	 0.250308
11.9 	 0.250304
11.905 	 0.250301
11.91 	 0.250297
11.915 	 0.250294
11.92 	 0.250291
11.925 	 0.250288
11.93 	 0.250285
11.935 	 0.250282
11.94 	 0.250279
11.945 	 0.250277
11.95 	 0.250274
11.955 	 0.250272
11.96 	 0.25027
11.965 	 0.250267
11.97 	 0.250265
11.975 	 0.250263
11.98 	 0.250261
11.985 	 0.250259
11.99 	 0.250257
11.995 	 0.250255
12 	 0.250253
12.005 	 0.250252
12.01 	 0.25025
12.015 	 0.250249
12.02 	 0.250247
12.025 	 0.250246
12.03 	 0.250244
12.035 	 0.250243
12.04 	 0.250241
12.045 	 0.25024
12.05 	 0.250239
12.055 	 0.250238
12.06 	 0.250237
12.065 	 0.250236
12.07 	 0.250235
12.075 	 0.250234
12.08 	 0.250233
12.085 	 0.250232
12.09 	 0.250231
12.095 	 0.25023
12.1 	 0.250229
12.105 	 0.250228
12.11 	 0.250228
12.115 	 0.250227
12.12 	 0.250226
12.125 	 0.250226
12.13 	 0.250225
12.135 	 0.250224
12.14 	 0.250224
12.145 	 0.250223
12.15 	 0.250223
12.155 	 0.250222
12.16 	 0.250222
12.165 	 0.250221
12.17 	 0.250221
12.175 	 0.25022
12.18 	 0.25022
12.185 	 0.250219
12.19 	 0.250219
12.195 	 0.250218
12.2 	 0.250218
12.205 	 0.250218
12.21 	 0.250217
12.215 	 0.250217
12.22 	 0.250217
12.225 	 0.250216
12.23 	 0.250216
12.235 	 0.250216
12.24 	 0.250216
12.245 	 0.250215
12.25 	 0.250215
12.255 	 0.250215
12.26 	 0.250215
12.265 	 0.250214
12.27 	 0.250214
12.275 	 0.250214
12.28 	 0.250214
12.285 	 0.250214
12.29 	 0.250214
12.295 	 0.250213
12.3 	 0.250213
12.305 	 0.250213
12.31 	 0.250213
12.315 	 0.250213
12.32 	 0.250213
12.325 	 0.250212
12.33 	 0.250212
12.335 	 0.250212
12.34 	 0.250212
12.345 	 0.250212
12.35 	 0.250212
12.355 	 0.250212
12.36 	 0.250212
12.365 	 0.250212
12.37 	 0.250212
12.375 	 0.250211
12.38 	 0.250211
12.385 	 0.250211
12.39 	 0.250211
12.395 	 0.250211
12.4 	 0.250211
12.405 	 0.250211
12.41 	 0.250211
12.415 	 0.250211
12.42 	 0.250211
12.425 	 0.250211
12.43 	 0.250211
12.435 	 0.250211
12.44 	 0.250211
12.445 	 0.250211
12.45 	 0.250211
12.455 	 0.250211
12.46 	 0.250211
12.465 	 0.250211
12.47 	 0.250211
12.475 	 0.25021
12.48 	 0.25021
12.485 	 0.25021
12.49 	 0.25021
12.495 	 0.25021
12.5 	 0.25021
12.505 	 0.25021
12.51 	 0.25021
12.515 	 0.25021
12.52 	 0.25021
12.525 	 0.25021
12.53 	 0.25021
12.535 	 0.25021
12.54 	 0.25021
12.545 	 0.25021
12.55 	 0.25021
12.555 	 0.25021
12.56 	 0.25021
12.565 	 0.25021
12.57 	 0.25021
12.575 	 0.25021
12.58 	 0.250211
12.585 	 0.250211
12.59 	 0.250211
12.595 	 0.250211
12.6 	 0.250211
12.605 	 0.250211
12.61 	 0.250211
12.615 	 0.250211
12.62 	 0.250211
12.625 	 0.250211
12.63 	 0.250211
12.635 	 0.250211
12.64 	 0.250211
12.645 	 0.250211
12.65 	 0.250211
12.655 	 0.250211
12.66 	 0.250211
12.665 	 0.250211
12.67 	 0.250212
12.675 	 0.250212
12.68 	 0.250212
12.685 	 0.250212
12.69 	 0.250212
12.695 	 0.250212
12.7 	 0.250212
12.705 	 0.250212
12.71 	 0.250212
12.715 	 0.250213
12.72 	 0.250213
12.725 	 0.250213
12.73 	 0.250213
12.735 	 0.250213
12.74 	 0.250213
12.745 	 0.250214
12.75 	 0.250214
12.755 	 0.250214
12.76 	 0.250214
12.765 	 0.250214
12.77 	 0.250215
12.775 	 0.250215
12.78 	 0.250215
12.785 	 0.250215
12.79 	 0.250216
12.795 	 0.250216
12.8 	 0.250216
12.805 	 0.250217
12.81 	 0.250217
12.815 	 0.250217
12.82 	 0.250218
12.825 	 0.250218
12.83 	 0.250218
12.835 	 0.250219
12.84 	 0.250219
12.845 	 0.25022
12.85 	 0.25022
12.855 	 0.250221
12.86 	 0.250221
12.865 	 0.250222
12.87 	 0.250222
12.875 	 0.250223
12.88 	 0.250224
12.885 	 0.250224
12.89 	 0.250225
12.895 	 0.250225
12.9 	 0.250226
12.905 	 0.250227
12.91 	 0.250228
12.915 	 0.250228
12.92 	 0.250229
12.925 	 0.25023
12.93 	 0.250231
12.935 	 0.250232
12.94 	 0.250233
12.945 	 0.250234
12.95 	 0.250235
12.955 	 0.250236
12.96 	 0.250237
12.965 	 0.250238
12.97 	 0.25024
12.975 	 0.250241
12.98 	 0.250242
12.985 	 0.250244
12.99 	 0.250245
12.995 	 0.250247
13 	 0.250248
13.005 	 0.25025
13.01 	 0.250251
13.015 	 0.250253
13.02 	 0.250255
13.025 	 0.250257
13.03 	 0.250259
13.035 	 0.250261
13.04 	 0.250263
13.045 	 0.250265
13.05 	 0.250267
13.055 	 0.250269
13.06 	 0.250272
13.065 	 0.250274
13.07 	 0.250277
13.075 	 0.25028
13.08 	 0.250282
13.085 	 0.250285
13.09 	 0.250288
13.095 	 0.250291
13.1 	 0.250295
13.105 	 0.250298
13.11 	 0.250301
13.115 	 0.250305
13.12 	 0.250309
13.125 	 0.250313
13.13 	 0.250317
13.135 	 0.250321
13.14 	 0.250325
13.145 	 0.250329
13.15 	 0.250334
13.155 	 0.250339
13.16 	 0.250343
13.165 	 0.250348
13.17 	 0.250354
13.175 	 0.250359
13.18 	 0.250365
13.185 	 0.250371
13.19 	 0.250377
13.195 	 0.250383
13.2 	 0.250389
13.205 	 0.250396
13.21 	 0.250403
13.215 	 0.25041
13.22 	 0.250417
13.225 	 0.250424
13.23 	 0.250432
13.235 	 0.25044
13.24 	 0.250449
13.245 	 0.250457
13.25 	 0.250466
13.255 	 0.250475
13.26 	 0.250485
13.265 	 0.250495
13.27 	 0.250505
13.275 	 0.250515
13.28 	 0.250526
13.285 	 0.250537
13.29 	 0.250549
13.295 	 0.25056
13.3 	 0.250573
13.305 	 0.250585
13.31 	 0.250598
13.315 	 0.250612
13.32 	 0.250625
13.325 	 0.25064
13.33 	 0.250654
13.335 	 0.25067
13.34 	 0.250685
13.345 	 0.250701
13.35 	 0.250718
13.355 	 0.250735
13.36 	 0.250753
13.365 	 0.250771
13.37 	 0.250789
13.375 	 0.250809
13.38 	 0.250829
13.385 	 0.250849
13.39 	 0.25087
13.395 	 0.250892
13.4 	 0.250914
13.405 	 0.250937
13.41 	 0.250961
13.415 	 0.250985
13.42 	 0.25101
13.425 	 0.251036
13.43 	 0.251062
13.435 	 0.251089
13.44 	 0.251117
13.445 	 0.251146
13.45 	 0.251176
13.455 	 0.251206
13.46 	 0.251238
13.465 	 0.25127
13.47 	 0.251303
13.475 	 0.251337
13.48 	 0.251372
13.485 	 0.251408
13.49 	 0.251445
13.495 	 0.251482
13.5 	 0.251521
13.505 	 0.251561
13.51 	 0.251602
13.515 	 0.251645
13.52 	 0.251688
13.525 	 0.251732
13.53 	 0.251778
13.535 	 0.251825
13.54 	 0.251873
13.545 	 0.251922
13.55 	 0.251973
13.555 	 0.252024
13.56 	 0.252078
13.565 	 0.252132
13.57 	 0.252188
13.575 	 0.252245
13.58 	 0.252304
13.585 	 0.252365
13.59 	 0.252426
13.595 	 0.25249
13.6 	 0.252555
13.605 	 0.252621
13.61 	 0.252689
13.615 	 0.252759
13.62 	 0.252831
13.625 	 0.252904
13.63 	 0.252979
13.635 	 0.253055
13.64 	 0.253134
13.645 	 0.253215
13.65 	 0.253297
13.655 	 0.253381
13.66 	 0.253467
13.665 	 0.253556
13.67 	 0.253646
13.675 	 0.253738
13.68 	 0.253833
13.685 	 0.253929
13.69 	 0.254028
13.695 	 0.254129
13.7 	 0.254232
13.705 	 0.254338
13.71 	 0.254446
13.715 	 0.254556
13.72 	 0.254668
13.725 	 0.254783
13.73 	 0.254901
13.735 	 0.255021
13.74 	 0.255144
13.745 	 0.255269
13.75 	 0.255397
13.755 	 0.255527
13.76 	 0.25566
13.765 	 0.255796
13.77 	 0.255935
13.775 	 0.256076
13.78 	 0.256221
13.785 	 0.256368
13.79 	 0.256519
13.795 	 0.256672
13.8 	 0.256828
13.805 	 0.256987
13.81 	 0.25715
13.815 	 0.257316
13.82 	 0.257484
13.825 	 0.257656
13.83 	 0.257832
13.835 	 0.25801
13.84 	 0.258192
13.845 	 0.258377
13.85 	 0.258566
13.855 	 0.258758
13.86 	 0.258954
13.865 	 0.259153
13.87 	 0.259356
13.875 	 0.259562
13.88 	 0.259772
13.885 	 0.259986
13.89 	 0.260203
13.895 	 0.260424
13.9 	 0.260649
13.905 	 0.260877
13.91 	 0.26111
13.915 	 0.261346
13.92 	 0.261586
13.925 	 0.261831
13.93 	 0.262079
13.935 	 0.262331
13.94 	 0.262587
13.945 	 0.262848
13.95 	 0.263112
13.955 	 0.26338
13.96 	 0.263653
13.965 	 0.26393
13.97 	 0.264211
13.975 	 0.264496
13.98 	 0.264785
13.985 	 0.265079
13.99 	 0.265377
13.995 	 0.265679
14 	 0.265986
14.005 	 0.266297
14.01 	 0.266612
14.015 	 0.266932
14.02 	 0.267256
14.025 	 0.267584
14.03 	 0.267917
14.035 	 0.268255
14.04 	 0.268597
14.045 	 0.268943
14.05 	 0.269293
14.055 	 0.269649
14.06 	 0.270008
14.065 	 0.270372
14.07 	 0.270741
14.075 	 0.271114
14.08 	 0.271492
14.085 	 0.271874
14.09 	 0.27226
14.095 	 0.272652
14.1 	 0.273047
14.105 	 0.273447
14.11 	 0.273852
14.115 	 0.27426
14.12 	 0.274674
14.125 	 0.275092
14.13 	 0.275514
14.135 	 0.27594
14.14 	 0.276371
14.145 	 0.276807
14.15 	 0.277246
14.155 	 0.27769
14.16 	 0.278139
14.165 	 0.278591
14.17 	 0.279048
14.175 	 0.279509
14.18 	 0.279975
14.185 	 0.280444
14.19 	 0.280918
14.195 	 0.281395
14.2 	 0.281877
14.205 	 0.282363
14.21 	 0.282852
14.215 	 0.283346
14.22 	 0.283843
14.225 	 0.284345
14.23 	 0.28485
14.235 	 0.285359
14.24 	 0.285872
14.245 	 0.286388
14.25 	 0.286908
14.255 	 0.287431
14.26 	 0.287958
14.265 	 0.288489
14.27 	 0.289022
14.275 	 0.289559
14.28 	 0.2901
14.285 	 0.290643
14.29 	 0.29119
14.295 	 0.29174
14.3 	 0.292292
14.305 	 0.292848
14.31 	 0.293406
14.315 	 0.293968
14.32 	 0.294531
14.325 	 0.295098
14.33 	 0.295667
14.335 	 0.296239
14.34 	 0.296813
14.345 	 0.297389
14.35 	 0.297967
14.355 	 0.298548
14.36 	 0.299131
14.365 	 0.299715
14.37 	 0.300302
14.375 	 0.30089
14.38 	 0.30148
14.385 	 0.302072
14.39 	 0.302665
14.395 	 0.303259
14.4 	 0.303855
14.405 	 0.304452
14.41 	 0.30505
14.415 	 0.30565
14.42 	 0.30625
14.425 	 0.306851
14.43 	 0.307452
14.435 	 0.308055
14.44 	 0.308658
14.445 	 0.309261
14.45 	 0.309864
14.455 	 0.310468
14.46 	 0.311072
14.465 	 0.311676
14.47 	 0.31228
14.475 	 0.312883
14.48 	 0.313486
14.485 	 0.314089
14.49 	 0.314691
14.495 	 0.315293
14.5 	 0.315893
14.505 	 0.316493
14.51 	 0.317092
14.515 	 0.31769
14.52 	 0.318286
14.525 	 0.318882
14.53 	 0.319475
14.535 	 0.320067
14.54 	 0.320658
14.545 	 0.321246
14.55 	 0.321833
14.555 	 0.322418
14.56 	 0.323
14.565 	 0.323581
14.57 	 0.324159
14.575 	 0.324734
14.58 	 0.325307
14.585 	 0.325877
14.59 	 0.326444
14.595 	 0.327009
14.6 	 0.32757
14.605 	 0.328128
14.61 	 0.328683
14.615 	 0.329234
14.62 	 0.329782
14.625 	 0.330326
14.63 	 0.330867
14.635 	 0.331403
14.64 	 0.331936
14.645 	 0.332465
14.65 	 0.332989
14.655 	 0.333509
14.66 	 0.334025
14.665 	 0.334536
14.67 	 0.335043
14.675 	 0.335545
14.68 	 0.336042
14.685 	 0.336534
14.69 	 0.337021
14.695 	 0.337503
14.7 	 0.33798
14.705 	 0.338451
14.71 	 0.338917
14.715 	 0.339377
14.72 	 0.339832
14.725 	 0.340281
14.73 	 0.340724
14.735 	 0.341161
14.74 	 0.341592
14.745 	 0.342017
14.75 	 0.342436
14.755 	 0.342849
14.76 	 0.343255
14.765 	 0.343654
14.77 	 0.344047
14.775 	 0.344434
14.78 	 0.344813
14.785 	 0.345186
14.79 	 0.345552
14.795 	 0.345911
14.8 	 0.346263
14.805 	 0.346607
14.81 	 0.346945
14.815 	 0.347275
14.82 	 0.347597
14.825 	 0.347913
14.83 	 0.348221
14.835 	 0.348521
14.84 	 0.348813
14.845 	 0.349098
14.85 	 0.349375
14.855 	 0.349644
14.86 	 0.349906
14.865 	 0.350159
14.87 	 0.350404
14.875 	 0.350642
14.88 	 0.350871
14.885 	 0.351092
14.89 	 0.351305
14.895 	 0.351509
14.9 	 0.351705
14.905 	 0.351893
14.91 	 0.352072
14.915 	 0.352243
14.92 	 0.352406
14.925 	 0.35256
14.93 	 0.352705
14.935 	 0.352842
14.94 	 0.35297
14.945 	 0.35309
14.95 	 0.353201
14.955 	 0.353303
14.96 	 0.353396
14.965 	 0.353481
14.97 	 0.353557
14.975 	 0.353624
14.98 	 0.353683
14.985 	 0.353732
14.99 	 0.353773
14.995 	 0.353805
15 	 0.353828
15.005 	 0.353842
15.01 	 0.353848
15.015 	 0.353844
15.02 	 0.353832
15.025 	 0.353811
15.03 	 0.353781
15.035 	 0.353742
15.04 	 0.353695
15.045 	 0.353638
15.05 	 0.353573
15.055 	 0.353499
15.06 	 0.353416
15.065 	 0.353325
15.07 	 0.353224
15.075 	 0.353115
15.08 	 0.352998
15.085 	 0.352871
15.09 	 0.352737
15.095 	 0.352593
15.1 	 0.352441
15.105 	 0.35228
15.11 	 0.352111
15.115 	 0.351934
15.12 	 0.351748
15.125 	 0.351553
15.13 	 0.35135
15.135 	 0.351139
15.14 	 0.35092
15.145 	 0.350693
15.15 	 0.350457
15.155 	 0.350213
15.16 	 0.349962
15.165 	 0.349702
15.17 	 0.349434
15.175 	 0.349159
15.18 	 0.348876
15.185 	 0.348585
15.19 	 0.348286
15.195 	 0.34798
15.2 	 0.347666
15.205 	 0.347344
15.21 	 0.347016
15.215 	 0.34668
15.22 	 0.346336
15.225 	 0.345986
15.23 	 0.345628
15.235 	 0.345264
15.24 	 0.344892
15.245 	 0.344514
15.25 	 0.344128
15.255 	 0.343736
15.26 	 0.343338
15.265 	 0.342933
15.27 	 0.342521
15.275 	 0.342104
15.28 	 0.341679
15.285 	 0.341249
15.29 	 0.340813
15.295 	 0.340371
15.3 	 0.339922
15.305 	 0.339468
15.31 	 0.339009
15.315 	 0.338544
15.32 	 0.338073
15.325 	 0.337597
15.33 	 0.337115
15.335 	 0.336629
15.34 	 0.336137
15.345 	 0.335641
15.35 	 0.335139
15.355 	 0.334633
15.36 	 0.334122
15.365 	 0.333606
15.37 	 0.333087
15.375 	 0.332562
15.38 	 0.332034
15.385 	 0.331501
15.39 	 0.330965
15.395 	 0.330424
15.4 	 0.32988
15.405 	 0.329332
15.41 	 0.328781
15.415 	 0.328226
15.42 	 0.327668
15.425 	 0.327106
15.43 	 0.326542
15.435 	 0.325974
15.44 	 0.325404
15.445 	 0.324831
15.45 	 0.324255
15.455 	 0.323677
15.46 	 0.323096
15.465 	 0.322513
15.47 	 0.321928
15.475 	 0.321341
15.48 	 0.320752
15.485 	 0.320161
15.49 	 0.319568
15.495 	 0.318973
15.5 	 0.318378
15.505 	 0.31778
15.51 	 0.317182
15.515 	 0.316582
15.52 	 0.315982
15.525 	 0.31538
15.53 	 0.314778
15.535 	 0.314175
15.54 	 0.313571
15.545 	 0.312967
15.55 	 0.312363
15.555 	 0.311758
15.56 	 0.311153
15.565 	 0.310548
15.57 	 0.309944
15.575 	 0.309339
15.58 	 0.308735
15.585 	 0.308131
15.59 	 0.307527
15.595 	 0.306924
15.6 	 0.306322
15.605 	 0.305721
15.61 	 0.305121
15.615 	 0.304521
15.62 	 0.303923
15.625 	 0.303326
15.63 	 0.30273
15.635 	 0.302136
15.64 	 0.301543
15.645 	 0.300951
15.65 	 0.300362
15.655 	 0.299774
15.66 	 0.299188
15.665 	 0.298604
15.67 	 0.298022
15.675 	 0.297442
15.68 	 0.296865
15.685 	 0.296289
15.69 	 0.295716
15.695 	 0.295146
15.7 	 0.294578
15.705 	 0.294013
15.71 	 0.29345
15.715 	 0.29289
15.72 	 0.292333
15.725 	 0.291779
15.73 	 0.291228
15.735 	 0.29068
15.74 	 0.290135
15.745 	 0.289593
15.75 	 0.289055
15.755 	 0.28852
15.76 	 0.287988
15.765 	 0.28746
15.77 	 0.286935
15.775 	 0.286414
15.78 	 0.285896
15.785 	 0.285382
15.79 	 0.284872
15.795 	 0.284365
15.8 	 0.283862
15.805 	 0.283363
15.81 	 0.282869
15.815 	 0.282378
15.82 	 0.28189
15.825 	 0.281408
15.83 	 0.280929
15.835 	 0.280454
15.84 	 0.279983
15.845 	 0.279517
15.85 	 0.279054
15.855 	 0.278596
15.86 	 0.278142
15.865 	 0.277693
15.87 	 0.277248
15.875 	 0.276807
15.88 	 0.27637
15.885 	 0.275938
15.89 	 0.275511
15.895 	 0.275087
15.9 	 0.274669
15.905 	 0.274254
15.91 	 0.273844
15.915 	 0.273439
15.92 	 0.273038
15.925 	 0.272641
15.93 	 0.272249
15.935 	 0.271862
15.94 	 0.271479
15.945 	 0.2711
15.95 	 0.270726
15.955 	 0.270357
15.96 	 0.269992
15.965 	 0.269631
15.97 	 0.269275
15.975 	 0.268924
15.98 	 0.268577
15.985 	 0.268234
15.99 	 0.267896
15.995 	 0.267562
16 	 0.267233
16.005 	 0.267233
16.01 	 0.266588
16.015 	 0.266272
16.02 	 0.265961
16.025 	 0.265961
16.03 	 0.265351
16.035 	 0.265052
16.04 	 0.265052
16.045 	 0.264468
16.05 	 0.264182
16.055 	 0.263901
16.06 	 0.263901
16.065 	 0.263351
16.07 	 0.263082
16.075 	 0.262817
16.08 	 0.262557
16.085 	 0.2623
16.09 	 0.262047
16.095 	 0.262047
16.1 	 0.261555
16.105 	 0.261314
16.11 	 0.261077
16.115 	 0.260845
16.12 	 0.260616
16.125 	 0.260391
16.13 	 0.260391
16.135 	 0.259952
16.14 	 0.259738
16.145 	 0.259528
16.15 	 0.259528
16.155 	 0.259119
16.16 	 0.25892
16.165 	 0.25892
16.17 	 0.258532
16.175 	 0.258343
16.18 	 0.258158
16.185 	 0.258158
16.19 	 0.257797
16.195 	 0.257622
16.2 	 0.25745
16.205 	 0.257281
16.21 	 0.257116
16.215 	 0.256953
16.22 	 0.256953
16.225 	 0.256638
16.23 	 0.256485
16.235 	 0.256335
16.24 	 0.256187
16.245 	 0.256043
16.25 	 0.255902
16.255 	 0.255902
16.26 	 0.255627
16.265 	 0.255494
16.27 	 0.255364
16.275 	 0.255364
16.28 	 0.255111
16.285 	 0.254989
16.29 	 0.254989
16.295 	 0.254752
16.3 	 0.254637
16.305 	 0.254525
16.31 	 0.254525
16.315 	 0.254307
16.32 	 0.254202
16.325 	 0.254099
16.33 	 0.253998
16.335 	 0.2539
16.34 	 0.253803
16.345 	 0.253803
16.35 	 0.253617
16.355 	 0.253527
16.36 	 0.253439
16.365 	 0.253353
16.37 	 0.253269
16.375 	 0.253187
16.38 	 0.253187
16.385 	 0.253029
16.39 	 0.252952
16.395 	 0.252878
16.4 	 0.252878
16.405 	 0.252734
16.41 	 0.252664
16.415 	 0.252664
16.42 	 0.25253
16.425 	 0.252466
16.43 	 0.252402
16.435 	 0.252402
16.44 	 0.252281
16.445 	 0.252223
16.45 	 0.252165
16.455 	 0.25211
16.46 	 0.252056
16.465 	 0.252003
16.47 	 0.252003
16.475 	 0.251901
16.48 	 0.251852
16.485 	 0.251804
16.49 	 0.251758
16.495 	 0.251713
16.5 	 0.251668
16.505 	 0.251668
16.51 	 0.251584
16.515 	 0.251543
16.52 	 0.251503
16.525 	 0.251503
16.53 	 0.251427
16.535 	 0.25139
16.54 	 0.25139
16.545 	 0.25132
16.55 	 0.251286
16.555 	 0.251254
16.56 	 0.251254
16.565 	 0.251191
16.57 	 0.251161
16.575 	 0.251131
16.58 	 0.251103
16.585 	 0.251075
16.59 	 0.251048
16.595 	 0.251048
16.6 	 0.250996
16.605 	 0.250971
16.61 	 0.250947
16.615 	 0.250924
16.62 	 0.250901
16.625 	 0.250879
16.63 	 0.250879
16.635 	 0.250837
16.64 	 0.250817
16.645 	 0.250797
16.65 	 0.250797
16.655 	 0.25076
16.66 	 0.250742
16.665 	 0.250742
16.67 	 0.250708
16.675 	 0.250691
16.68 	 0.250675
16.685 	 0.250675
16.69 	 0.250645
16.695 	 0.250631
16.7 	 0.250616
16.705 	 0.250603
16.71 	 0.25059
16.715 	 0.250577
16.72 	 0.250577
16.725 	 0.250552
16.73 	 0.250541
16.735 	 0.250529
16.74 	 0.250519
16.745 	 0.250508
16.75 	 0.250498
16.755 	 0.250498
16.76 	 0.250478
16.765 	 0.250469
16.77 	 0.25046
16.775 	 0.25046
16.78 	 0.250443
16.785 	 0.250434
16.79 	 0.250434
16.795 	 0.250419
16.8 	 0.250411
16.805 	 0.250404
16.81 	 0.250404
16.815 	 0.250391
16.82 	 0.250384
16.825 	 0.250378
16.83 	 0.250372
16.835 	 0.250366
16.84 	 0.25036
16.845 	 0.25036
16.85 	 0.250349
16.855 	 0.250344
16.86 	 0.250339
16.865 	 0.250335
16.87 	 0.25033
16.875 	 0.250326
16.88 	 0.250326
16.885 	 0.250317
16.89 	 0.250313
16.895 	 0.250309
16.9 	 0.250309
16.905 	 0.250302
16.91 	 0.250298
16.915 	 0.250298
16.92 	 0.250292
16.925 	 0.250289
16.93 	 0.250286
16.935 	 0.250286
16.94 	 0.25028
16.945 	 0.250277
16.95 	 0.250274
16.955 	 0.250272
16.96 	 0.25027
16.965 	 0.250267
16.97 	 0.250267
16.975 	 0.250263
16.98 	 0.250261
16.985 	 0.250259
16.99 	 0.250257
16.995 	 0.250255
17 	 0.250253
17.005 	 0.250253
17.01 	 0.25025
17.015 	 0.250248
17.02 	 0.250246
17.025 	 0.250246
17.03 	 0.250244
17.035 	 0.250242
17.04 	 0.250242
17.045 	 0.25024
17.05 	 0.250238
17.055 	 0.250237
17.06 	 0.250237
17.065 	 0.250235
17.07 	 0.250234
17.075 	 0.250233
17.08 	 0.250232
17.085 	 0.250231
17.09 	 0.25023
17.095 	 0.25023
17.1 	 0.250228
17.105 	 0.250227
17.11 	 0.250227
17.115 	 0.250226
17.12 	 0.250225
17.125 	 0.250225
17.13 	 0.250225
17.135 	 0.250223
17.14 	 0.250223
17.145 	 0.250222
17.15 	 0.250222
17.155 	 0.250221
17.16 	 0.250221
17.165 	 0.250221
17.17 	 0.25022
17.175 	 0.250219
17.18 	 0.250219
17.185 	 0.250219
17.19 	 0.250218
17.195 	 0.250217
17.2 	 0.250217
17.205 	 0.250217
17.21 	 0.250216
17.215 	 0.250216
17.22 	 0.250216
17.225 	 0.250215
17.23 	 0.250215
17.235 	 0.250215
17.24 	 0.250215
17.245 	 0.250214
17.25 	 0.250214
17.255 	 0.250214
17.26 	 0.250214
17.265 	 0.250214
17.27 	 0.250213
17.275 	 0.250213
17.28 	 0.250213
17.285 	 0.250213
17.29 	 0.250213
17.295 	 0.250213
17.3 	 0.250212
17.305 	 0.250212
17.31 	 0.250212
17.315 	 0.250212
17.32 	 0.250212
17.325 	 0.250212
17.33 	 0.250212
17.335 	 0.250212
17.34 	 0.250211
17.345 	 0.250211
17.35 	 0.250211
17.355 	 0.250211
17.36 	 0.250211
17.365 	 0.250211
17.37 	 0.250211
17.375 	 0.250211
17.38 	 0.250211
17.385 	 0.250211
17.39 	 0.250211
17.395 	 0.250211
17.4 	 0.250211
17.405 	 0.250211
17.41 	 0.25021
17.415 	 0.25021
17.42 	 0.25021
17.425 	 0.25021
17.43 	 0.25021
17.435 	 0.25021
17.44 	 0.25021
17.445 	 0.25021
17.45 	 0.25021
17.455 	 0.25021
17.46 	 0.25021
17.465 	 0.25021
17.47 	 0.25021
17.475 	 0.25021
17.48 	 0.25021
17.485 	 0.25021
17.49 	 0.25021
17.495 	 0.25021
17.5 	 0.25021
17.505 	 0.25021
17.51 	 0.25021
17.515 	 0.25021
17.52 	 0.25021
17.525 	 0.25021
17.53 	 0.25021
17.535 	 0.25021
17.54 	 0.25021
17.545 	 0.25021
17.55 	 0.25021
17.555 	 0.25021
17.56 	 0.25021
17.565 	 0.25021
17.57 	 0.25021
17.575 	 0.250211
17.58 	 0.250211
17.585 	 0.250211
17.59 	 0.250211
17.595 	 0.250211
17.6 	 0.250211
17.605 	 0.250211
17.61 	 0.250211
17.615 	 0.250211
17.62 	 0.250211
17.625 	 0.250211
17.63 	 0.250211
17.635 	 0.250211
17.64 	 0.250211
17.645 	 0.250211
17.65 	 0.250211
17.655 	 0.250212
17.66 	 0.250212
17.665 	 0.250212
17.67 	 0.250212
17.675 	 0.250212
17.68 	 0.250212
17.685 	 0.250212
17.69 	 0.250212
17.695 	 0.250212
17.7 	 0.250213
17.705 	 0.250213
17.71 	 0.250213
17.715 	 0.250213
17.72 	 0.250213
17.725 	 0.250213
17.73 	 0.250214
17.735 	 0.250214
17.74 	 0.250214
17.745 	 0.250214
17.75 	 0.250214
17.755 	 0.250214
17.76 	 0.250215
17.765 	 0.250215
17.77 	 0.250215
17.775 	 0.250215
17.78 	 0.250216
17.785 	 0.250216
17.79 	 0.250216
17.795 	 0.250217
17.8 	 0.250217
17.805 	 0.250217
17.81 	 0.250217
17.815 	 0.250218
17.82 	 0.250218
17.825 	 0.250219
17.83 	 0.250219
17.835 	 0.25022
17.84 	 0.25022
17.845 	 0.25022
17.85 	 0.250221
17.855 	 0.250221
17.86 	 0.250222
17.865 	 0.250222
17.87 	 0.250223
17.875 	 0.250224
17.88 	 0.250224
17.885 	 0.250225
17.89 	 0.250225
17.895 	 0.250226
17.9 	 0.250227
17.905 	 0.250228
17.91 	 0.250228
17.915 	 0.250228
17.92 	 0.25023
17.925 	 0.250231
17.93 	 0.250232
17.935 	 0.250232
17.94 	 0.250233
17.945 	 0.250234
17.95 	 0.250235
17.955 	 0.250237
17.96 	 0.250238
17.965 	 0.250239
17.97 	 0.250239
17.975 	 0.250241
17.98 	 0.250243
17.985 	 0.250244
17.99 	 0.250245
17.995 	 0.250247
18 	 0.250248
18.005 	 0.250248
18.01 	 0.250251
18.015 	 0.250253
18.02 	 0.250255
18.025 	 0.250257
18.03 	 0.250259
18.035 	 0.250261
18.04 	 0.250261
18.045 	 0.250265
18.05 	 0.250267
18.055 	 0.250269
18.06 	 0.250269
18.065 	 0.250274
18.07 	 0.250276
18.075 	 0.250279
18.08 	 0.250282
18.085 	 0.250285
18.09 	 0.250287
18.095 	 0.250287
18.1 	 0.250294
18.105 	 0.250297
18.11 	 0.2503
18.115 	 0.250304
18.12 	 0.250307
18.125 	 0.250311
18.13 	 0.250311
18.135 	 0.250319
18.14 	 0.250323
18.145 	 0.250327
18.15 	 0.250332
18.155 	 0.250336
18.16 	 0.250341
18.165 	 0.250341
18.17 	 0.250351
18.175 	 0.250356
18.18 	 0.250362
18.185 	 0.250362
18.19 	 0.250373
18.195 	 0.250379
18.2 	 0.250385
18.205 	 0.250392
18.21 	 0.250398
18.215 	 0.250405
18.22 	 0.250405
18.225 	 0.25042
18.23 	 0.250427
18.235 	 0.250435
18.24 	 0.250443
18.245 	 0.250452
18.25 	 0.25046
18.255 	 0.25046
18.26 	 0.250478
18.265 	 0.250488
18.27 	 0.250498
18.275 	 0.250508
18.28 	 0.250518
18.285 	 0.250529
18.29 	 0.250529
18.295 	 0.250552
18.3 	 0.250564
18.305 	 0.250576
18.31 	 0.250576
18.315 	 0.250602
18.32 	 0.250615
18.325 	 0.250629
18.33 	 0.250643
18.335 	 0.250658
18.34 	 0.250673
18.345 	 0.250673
18.35 	 0.250705
18.355 	 0.250721
18.36 	 0.250739
18.365 	 0.250756
18.37 	 0.250774
18.375 	 0.250793
18.38 	 0.250793
18.385 	 0.250832
18.39 	 0.250853
18.395 	 0.250874
18.4 	 0.250896
18.405 	 0.250918
18.41 	 0.250941
18.415 	 0.250941
18.42 	 0.250989
18.425 	 0.251014
18.43 	 0.25104
18.435 	 0.25104
18.44 	 0.251094
18.445 	 0.251122
18.45 	 0.25115
18.455 	 0.25118
18.46 	 0.251211
18.465 	 0.251242
18.47 	 0.251242
18.475 	 0.251307
18.48 	 0.251341
18.485 	 0.251376
18.49 	 0.251412
18.495 	 0.251449
18.5 	 0.251487
18.505 	 0.251487
18.51 	 0.251566
18.515 	 0.251607
18.52 	 0.251649
18.525 	 0.251693
18.53 	 0.251737
18.535 	 0.251783
18.54 	 0.251783
18.545 	 0.251878
18.55 	 0.251927
18.555 	 0.251978
18.56 	 0.251978
18.565 	 0.252083
18.57 	 0.252137
18.575 	 0.252193
18.58 	 0.252251
18.585 	 0.25231
18.59 	 0.25237
18.595 	 0.25237
18.6 	 0.252495
18.605 	 0.25256
18.61 	 0.252627
18.615 	 0.252695
18.62 	 0.252765
18.625 	 0.252836
18.63 	 0.252836
18.635 	 0.252985
18.64 	 0.253061
18.645 	 0.25314
18.65 	 0.253221
18.655 	 0.253303
18.66 	 0.253387
18.665 	 0.253387
18.67 	 0.253562
18.675 	 0.253652
18.68 	 0.253744
18.685 	 0.253744
18.69 	 0.253935
18.695 	 0.254034
18.7 	 0.254135
18.705 	 0.254239
18.71 	 0.254344
18.715 	 0.254452
18.72 	 0.254452
18.725 	 0.254675
18.73 	 0.25479
18.735 	 0.254907
18.74 	 0.255027
18.745 	 0.25515
18.75 	 0.255275
18.755 	 0.255275
18.76 	 0.255534
18.765 	 0.255667
18.77 	 0.255803
18.775 	 0.255941
18.78 	 0.256083
18.785 	 0.256227
18.79 	 0.256227
18.795 	 0.256525
18.8 	 0.256678
18.805 	 0.256835
18.81 	 0.256835
18.815 	 0.257156
18.82 	 0.257322
18.825 	 0.257491
18.83 	 0.257663
18.835 	 0.257838
18.84 	 0.258017
18.845 	 0.258017
18.85 	 0.258384
18.855 	 0.258572
18.86 	 0.258764
18.865 	 0.25896
18.87 	 0.259159
18.875 	 0.259362
18.88 	 0.259362
18.885 	 0.259778
18.89 	 0.259992
18.895 	 0.260209
18.9 	 0.26043
18.905 	 0.260655
18.91 	 0.260883
18.915 	 0.260883
18.92 	 0.261352
18.925 	 0.261592
18.93 	 0.261836
18.935 	 0.261836
18.94 	 0.262336
18.945 	 0.262593
18.95 	 0.262853
18.955 	 0.263117
18.96 	 0.263385
18.965 	 0.263658
18.97 	 0.263658
18.975 	 0.264215
18.98 	 0.264501
18.985 	 0.26479
18.99 	 0.265083
18.995 	 0.265381
19 	 0.265683
19.005 	 0.265683
19.01 	 0.266301
19.015 	 0.266616
19.02 	 0.266936
19.025 	 0.267259
19.03 	 0.267588
19.035 	 0.267921
19.04 	 0.267921
19.045 	 0.268599
19.05 	 0.268946
19.055 	 0.269296
19.06 	 0.269296
19.065 	 0.270011
19.07 	 0.270375
19.075 	 0.270743
19.08 	 0.271116
19.085 	 0.271493
19.09 	 0.271875
19.095 	 0.271875
19.1 	 0.272653
19.105 	 0.273048
19.11 	 0.273448
19.115 	 0.273852
19.12 	 0.274261
19.125 	 0.274674
19.13 	 0.274674
19.135 	 0.275513
19.14 	 0.27594
19.145 	 0.276371
19.15 	 0.276806
19.155 	 0.277245
19.16 	 0.277689
19.165 	 0.277689
19.17 	 0.27859
19.175 	 0.279046
19.18 	 0.279507
19.185 	 0.279507
19.19 	 0.280441
19.195 	 0.280915
19.2 	 0.281392
19.205 	 0.281873
19.21 	 0.282359
19.215 	 0.282848
19.22 	 0.282848
19.225 	 0.283839
19.23 	 0.28434
19.235 	 0.284845
19.24 	 0.285354
19.245 	 0.285866
19.25 	 0.286382
19.255 	 0.286382
19.26 	 0.287425
19.265 	 0.287952
19.27 	 0.288482
19.275 	 0.289015
19.28 	 0.289552
19.285 	 0.290092
19.29 	 0.290092
19.295 	 0.291182
19.3 	 0.291731
19.305 	 0.292284
19.31 	 0.292284
19.315 	 0.293397
19.32 	 0.293958
19.325 	 0.294522
19.33 	 0.295088
19.335 	 0.295657
19.34 	 0.296228
19.345 	 0.296228
19.35 	 0.297378
19.355 	 0.297956
19.36 	 0.298537
19.365 	 0.299119
19.37 	 0.299703
19.375 	 0.30029
19.38 	 0.30029
19.385 	 0.301467
19.39 	 0.302059
19.395 	 0.302652
19.4 	 0.303246
19.405 	 0.303842
19.41 	 0.304438
19.415 	 0.304438
19.42 	 0.305635
19.425 	 0.306235
19.43 	 0.306836
19.435 	 0.306836
19.44 	 0.30804
19.445 	 0.308642
19.45 	 0.309245
19.455 	 0.309849
19.46 	 0.310452
19.465 	 0.311056
19.47 	 0.311056
19.475 	 0.312263
19.48 	 0.312867
19.485 	 0.31347
19.49 	 0.314072
19.495 	 0.314674
19.5 	 0.315275
19.505 	 0.315275
19.51 	 0.316476
19.515 	 0.317074
19.52 	 0.317672
19.525 	 0.318268
19.53 	 0.318863
19.535 	 0.319457
19.54 	 0.319457
19.545 	 0.320639
19.55 	 0.321228
19.555 	 0.321814
19.56 	 0.321814
19.565 	 0.322982
19.57 	 0.323562
19.575 	 0.32414
19.58 	 0.324715
19.585 	 0.325288
19.59 	 0.325858
19.595 	 0.325858
19.6 	 0.326989
19.605 	 0.32755
19.61 	 0.328108
19.615 	 0.328663
19.62 	 0.329215
19.625 	 0.329763
19.63 	 0.329763
19.635 	 0.330847
19.64 	 0.331384
19.645 	 0.331917
19.65 	 0.332445
19.655 	 0.33297
19.66 	 0.33349
19.665 	 0.33349
19.67 	 0.334517
19.675 	 0.335024
19.68 	 0.335526
19.685 	 0.335526
19.69 	 0.336515
19.695 	 0.337002
19.7 	 0.337484
19.705 	 0.337961
19.71 	 0.338432
19.715 	 0.338898
19.72 	 0.338898
19.725 	 0.339814
19.73 	 0.340263
19.735 	 0.340706
19.74 	 0.341143
19.745 	 0.341574
19.75 	 0.342
19.755 	 0.342
19.76 	 0.342831
19.765 	 0.343237
19.77 	 0.343637
19.775 	 0.34403
19.78 	 0.344417
19.785 	 0.344797
19.79 	 0.344797
19.795 	 0.345536
19.8 	 0.345895
19.805 	 0.346247
19.81 	 0.346247
19.815 	 0.346929
19.82 	 0.347259
19.825 	 0.347582
19.83 	 0.347898
19.835 	 0.348206
19.84 	 0.348506
19.845 	 0.348506
19.85 	 0.349084
19.855 	 0.349361
19.86 	 0.349631
19.865 	 0.349893
19.87 	 0.350146
19.875 	 0.350392
19.88 	 0.350392
19.885 	 0.350859
19.89 	 0.35108
19.895 	 0.351293
19.9 	 0.351498
19.905 	 0.351694
19.91 	 0.351882
19.915 	 0.351882
19.92 	 0.352233
19.925 	 0.352396
19.93 	 0.35255
19.935 	 0.35255
19.94 	 0.352833
19.945 	 0.352962
19.95 	 0.353082
19.955 	 0.353193
19.96 	 0.353295
19.965 	 0.353389
19.97 	 0.353389
19.975 	 0.35355
19.98 	 0.353618
19.985 	 0.353677
19.99 	 0.353727
19.995 	 0.353768
20 	 0.3538
