0.005 	 0.44555
0.01 	 0.445478
0.015 	 0.445426
0.02 	 0.445385
0.025 	 0.44535
0.03 	 0.44532
0.035 	 0.445294
0.04 	 0.44527
0.045 	 0.445248
0.05 	 0.445228
0.055 	 0.44521
0.06 	 0.445192
0.065 	 0.445176
0.07 	 0.445161
0.075 	 0.445146
0.08 	 0.445132
0.085 	 0.445119
0.09 	 0.445106
0.095 	 0.445094
0.1 	 0.445083
0.105 	 0.445072
0.11 	 0.445061
0.115 	 0.44505
0.12 	 0.44504
0.125 	 0.44503
0.13 	 0.445021
0.135 	 0.445012
0.14 	 0.445003
0.145 	 0.445003
0.15 	 0.444986
0.155 	 0.444977
0.16 	 0.444969
0.165 	 0.444961
0.17 	 0.444954
0.175 	 0.444946
0.18 	 0.444939
0.185 	 0.444932
0.19 	 0.444924
0.195 	 0.444918
0.2 	 0.444911
0.205 	 0.444904
0.21 	 0.444898
0.215 	 0.444891
0.22 	 0.444885
0.225 	 0.444879
0.23 	 0.444873
0.235 	 0.444867
0.24 	 0.444861
0.245 	 0.444855
0.25 	 0.444849
0.255 	 0.444843
0.26 	 0.444838
0.265 	 0.444832
0.27 	 0.444827
0.275 	 0.444822
0.28 	 0.444817
0.285 	 0.444811
0.29 	 0.444811
0.295 	 0.444806
0.3 	 0.444796
0.305 	 0.444791
0.31 	 0.444787
0.315 	 0.444782
0.32 	 0.444777
0.325 	 0.444772
0.33 	 0.444768
0.335 	 0.444763
0.34 	 0.444759
0.345 	 0.444754
0.35 	 0.44475
0.355 	 0.444745
0.36 	 0.444741
0.365 	 0.444737
0.37 	 0.444733
0.375 	 0.444728
0.38 	 0.444724
0.385 	 0.44472
0.39 	 0.444716
0.395 	 0.444712
0.4 	 0.444708
0.405 	 0.444704
0.41 	 0.4447
0.415 	 0.444696
0.42 	 0.444693
0.425 	 0.444689
0.43 	 0.444685
0.435 	 0.444681
0.44 	 0.444678
0.445 	 0.444674
0.45 	 0.44467
0.455 	 0.444667
0.46 	 0.444663
0.465 	 0.44466
0.47 	 0.444656
0.475 	 0.444653
0.48 	 0.444649
0.485 	 0.444646
0.49 	 0.444642
0.495 	 0.444639
0.5 	 0.444636
0.505 	 0.444632
0.51 	 0.444629
0.515 	 0.444626
0.52 	 0.444622
0.525 	 0.444619
0.53 	 0.444616
0.535 	 0.444613
0.54 	 0.44461
0.545 	 0.444607
0.55 	 0.444603
0.555 	 0.4446
0.56 	 0.444597
0.565 	 0.444594
0.57 	 0.444591
0.575 	 0.444588
0.58 	 0.444588
0.585 	 0.444585
0.59 	 0.444582
0.595 	 0.444579
0.6 	 0.444573
0.605 	 0.444571
0.61 	 0.444568
0.615 	 0.444565
0.62 	 0.444562
0.625 	 0.444559
0.63 	 0.444556
0.635 	 0.444554
0.64 	 0.444551
0.645 	 0.444548
0.65 	 0.444545
0.655 	 0.444543
0.66 	 0.44454
0.665 	 0.444537
0.67 	 0.444534
0.675 	 0.444532
0.68 	 0.444529
0.685 	 0.444526
0.69 	 0.444524
0.695 	 0.444521
0.7 	 0.444519
0.705 	 0.444516
0.71 	 0.444514
0.715 	 0.444511
0.72 	 0.444508
0.725 	 0.444506
0.73 	 0.444503
0.735 	 0.444501
0.74 	 0.444498
0.745 	 0.444496
0.75 	 0.444493
0.755 	 0.444491
0.76 	 0.444489
0.765 	 0.444486
0.77 	 0.444484
0.775 	 0.444481
0.78 	 0.444479
0.785 	 0.444477
0.79 	 0.444474
0.795 	 0.444472
0.8 	 0.44447
0.805 	 0.444467
0.81 	 0.444465
0.815 	 0.444463
0.82 	 0.44446
0.825 	 0.444458
0.83 	 0.444456
0.835 	 0.444454
0.84 	 0.444451
0.845 	 0.444449
0.85 	 0.444447
0.855 	 0.444445
0.86 	 0.444442
0.865 	 0.44444
0.87 	 0.444438
0.875 	 0.444436
0.88 	 0.444434
0.885 	 0.444431
0.89 	 0.444429
0.895 	 0.444427
0.9 	 0.444425
0.905 	 0.444423
0.91 	 0.444421
0.915 	 0.444419
0.92 	 0.444417
0.925 	 0.444414
0.93 	 0.444412
0.935 	 0.44441
0.94 	 0.444408
0.945 	 0.444406
0.95 	 0.444404
0.955 	 0.444402
0.96 	 0.4444
0.965 	 0.444398
0.97 	 0.444396
0.975 	 0.444394
0.98 	 0.444392
0.985 	 0.44439
0.99 	 0.444388
0.995 	 0.444386
1 	 0.444384
1.005 	 0.444382
1.01 	 0.44438
1.015 	 0.444378
1.02 	 0.444376
1.025 	 0.444376
1.03 	 0.444372
1.035 	 0.444372
1.04 	 0.444368
1.045 	 0.444368
1.05 	 0.444365
1.055 	 0.444365
1.06 	 0.444361
1.065 	 0.444361
1.07 	 0.444357
1.075 	 0.444355
1.08 	 0.444353
1.085 	 0.444352
1.09 	 0.44435
1.095 	 0.444348
1.1 	 0.444346
1.105 	 0.444344
1.11 	 0.444342
1.115 	 0.444341
1.12 	 0.444339
1.125 	 0.444337
1.13 	 0.444335
1.135 	 0.444333
1.14 	 0.444332
1.145 	 0.44433
1.15 	 0.444328
1.155 	 0.444326
1.16 	 0.444326
1.165 	 0.444323
1.17 	 0.444323
1.175 	 0.444319
1.18 	 0.444319
1.185 	 0.444316
1.19 	 0.444316
1.195 	 0.444312
1.2 	 0.444311
1.205 	 0.444309
1.21 	 0.444307
1.215 	 0.444305
1.22 	 0.444304
1.225 	 0.444302
1.23 	 0.4443
1.235 	 0.444299
1.24 	 0.444297
1.245 	 0.444295
1.25 	 0.444294
1.255 	 0.444292
1.26 	 0.44429
1.265 	 0.444289
1.27 	 0.444287
1.275 	 0.444285
1.28 	 0.444284
1.285 	 0.444282
1.29 	 0.444281
1.295 	 0.444279
1.3 	 0.444277
1.305 	 0.444276
1.31 	 0.444274
1.315 	 0.444273
1.32 	 0.444271
1.325 	 0.444269
1.33 	 0.444268
1.335 	 0.444266
1.34 	 0.444265
1.345 	 0.444263
1.35 	 0.444261
1.355 	 0.44426
1.36 	 0.444258
1.365 	 0.444257
1.37 	 0.444255
1.375 	 0.444254
1.38 	 0.444252
1.385 	 0.444251
1.39 	 0.444249
1.395 	 0.444248
1.4 	 0.444246
1.405 	 0.444244
1.41 	 0.444243
1.415 	 0.444241
1.42 	 0.44424
1.425 	 0.444238
1.43 	 0.444237
1.435 	 0.444235
1.44 	 0.444234
1.445 	 0.444232
1.45 	 0.444231
1.455 	 0.444229
1.46 	 0.444228
1.465 	 0.444226
1.47 	 0.444225
1.475 	 0.444224
1.48 	 0.444222
1.485 	 0.444221
1.49 	 0.444219
1.495 	 0.444218
1.5 	 0.444216
1.505 	 0.444215
1.51 	 0.444213
1.515 	 0.444212
1.52 	 0.444211
1.525 	 0.444209
1.53 	 0.444208
1.535 	 0.444206
1.54 	 0.444205
1.545 	 0.444203
1.55 	 0.444202
1.555 	 0.444201
1.56 	 0.444199
1.565 	 0.444198
1.57 	 0.444196
1.575 	 0.444195
1.58 	 0.444194
1.585 	 0.444192
1.59 	 0.444191
1.595 	 0.444189
1.6 	 0.444188
1.605 	 0.444187
1.61 	 0.444185
1.615 	 0.444184
1.62 	 0.444183
1.625 	 0.444181
1.63 	 0.44418
1.635 	 0.444178
1.64 	 0.444177
1.645 	 0.444176
1.65 	 0.444174
1.655 	 0.444173
1.66 	 0.444172
1.665 	 0.44417
1.67 	 0.444169
1.675 	 0.444168
1.68 	 0.444166
1.685 	 0.444165
1.69 	 0.444164
1.695 	 0.444162
1.7 	 0.444161
1.705 	 0.44416
1.71 	 0.444158
1.715 	 0.444157
1.72 	 0.444156
1.725 	 0.444155
1.73 	 0.444153
1.735 	 0.444152
1.74 	 0.444151
1.745 	 0.444149
1.75 	 0.444148
1.755 	 0.444147
1.76 	 0.444146
1.765 	 0.444144
1.77 	 0.444143
1.775 	 0.444142
1.78 	 0.44414
1.785 	 0.444139
1.79 	 0.444138
1.795 	 0.444137
1.8 	 0.444135
1.805 	 0.444134
1.81 	 0.444133
1.815 	 0.444132
1.82 	 0.44413
1.825 	 0.444129
1.83 	 0.444128
1.835 	 0.444127
1.84 	 0.444125
1.845 	 0.444124
1.85 	 0.444123
1.855 	 0.444122
1.86 	 0.44412
1.865 	 0.444119
1.87 	 0.444118
1.875 	 0.444117
1.88 	 0.444116
1.885 	 0.444114
1.89 	 0.444113
1.895 	 0.444112
1.9 	 0.444111
1.905 	 0.444109
1.91 	 0.444108
1.915 	 0.444107
1.92 	 0.444106
1.925 	 0.444105
1.93 	 0.444103
1.935 	 0.444102
1.94 	 0.444101
1.945 	 0.4441
1.95 	 0.444099
1.955 	 0.444097
1.96 	 0.444096
1.965 	 0.444095
1.97 	 0.444094
1.975 	 0.444093
1.98 	 0.444092
1.985 	 0.44409
1.99 	 0.444089
1.995 	 0.444088
2 	 0.444087
2.005 	 0.444087
2.01 	 0.444085
2.015 	 0.444083
2.02 	 0.444082
2.025 	 0.444081
2.03 	 0.44408
2.035 	 0.444079
2.04 	 0.444078
2.045 	 0.444077
2.05 	 0.444077
2.055 	 0.444074
2.06 	 0.444073
2.065 	 0.444072
2.07 	 0.444072
2.075 	 0.44407
2.08 	 0.444069
2.085 	 0.444067
2.09 	 0.444067
2.095 	 0.444065
2.1 	 0.444064
2.105 	 0.444063
2.11 	 0.444063
2.115 	 0.444061
2.12 	 0.44406
2.125 	 0.444058
2.13 	 0.444058
2.135 	 0.444056
2.14 	 0.444055
2.145 	 0.444054
2.15 	 0.444053
2.155 	 0.444052
2.16 	 0.444051
2.165 	 0.44405
2.17 	 0.444049
2.175 	 0.444047
2.18 	 0.444046
2.185 	 0.444045
2.19 	 0.444044
2.195 	 0.444044
2.2 	 0.444042
2.205 	 0.444041
2.21 	 0.44404
2.215 	 0.44404
2.22 	 0.444038
2.225 	 0.444037
2.23 	 0.444036
2.235 	 0.444036
2.24 	 0.444033
2.245 	 0.444032
2.25 	 0.444031
2.255 	 0.444031
2.26 	 0.444029
2.265 	 0.444028
2.27 	 0.444027
2.275 	 0.444026
2.28 	 0.444025
2.285 	 0.444024
2.29 	 0.444023
2.295 	 0.444022
2.3 	 0.444021
2.305 	 0.44402
2.31 	 0.444019
2.315 	 0.444018
2.32 	 0.444018
2.325 	 0.444016
2.33 	 0.444014
2.335 	 0.444013
2.34 	 0.444013
2.345 	 0.444011
2.35 	 0.44401
2.355 	 0.444009
2.36 	 0.444009
2.365 	 0.444007
2.37 	 0.444006
2.375 	 0.444005
2.38 	 0.444005
2.385 	 0.444003
2.39 	 0.444002
2.395 	 0.444001
2.4 	 0.444
2.405 	 0.443999
2.41 	 0.443998
2.415 	 0.443997
2.42 	 0.443996
2.425 	 0.443995
2.43 	 0.443994
2.435 	 0.443993
2.44 	 0.443992
2.445 	 0.443992
2.45 	 0.44399
2.455 	 0.443989
2.46 	 0.443988
2.465 	 0.443988
2.47 	 0.443986
2.475 	 0.443985
2.48 	 0.443984
2.485 	 0.443984
2.49 	 0.443982
2.495 	 0.443981
2.5 	 0.44398
2.505 	 0.44398
2.51 	 0.443978
2.515 	 0.443977
2.52 	 0.443976
2.525 	 0.443975
2.53 	 0.443974
2.535 	 0.443973
2.54 	 0.443972
2.545 	 0.443971
2.55 	 0.44397
2.555 	 0.443969
2.56 	 0.443969
2.565 	 0.443968
2.57 	 0.443967
2.575 	 0.443966
2.58 	 0.443965
2.585 	 0.443964
2.59 	 0.443963
2.595 	 0.443962
2.6 	 0.443961
2.605 	 0.44396
2.61 	 0.443959
2.615 	 0.443958
2.62 	 0.443957
2.625 	 0.443956
2.63 	 0.443955
2.635 	 0.443954
2.64 	 0.443953
2.645 	 0.443952
2.65 	 0.443951
2.655 	 0.44395
2.66 	 0.443949
2.665 	 0.443949
2.67 	 0.443948
2.675 	 0.443947
2.68 	 0.443946
2.685 	 0.443945
2.69 	 0.443944
2.695 	 0.443943
2.7 	 0.443942
2.705 	 0.443941
2.71 	 0.44394
2.715 	 0.443939
2.72 	 0.443938
2.725 	 0.443937
2.73 	 0.443936
2.735 	 0.443936
2.74 	 0.443935
2.745 	 0.443934
2.75 	 0.443933
2.755 	 0.443932
2.76 	 0.443931
2.765 	 0.44393
2.77 	 0.443929
2.775 	 0.443928
2.78 	 0.443927
2.785 	 0.443926
2.79 	 0.443926
2.795 	 0.443925
2.8 	 0.443924
2.805 	 0.443923
2.81 	 0.443922
2.815 	 0.443921
2.82 	 0.44392
2.825 	 0.443919
2.83 	 0.443918
2.835 	 0.443917
2.84 	 0.443917
2.845 	 0.443916
2.85 	 0.443915
2.855 	 0.443914
2.86 	 0.443913
2.865 	 0.443912
2.87 	 0.443911
2.875 	 0.44391
2.88 	 0.443909
2.885 	 0.443909
2.89 	 0.443908
2.895 	 0.443907
2.9 	 0.443906
2.905 	 0.443905
2.91 	 0.443904
2.915 	 0.443903
2.92 	 0.443902
2.925 	 0.443902
2.93 	 0.443901
2.935 	 0.4439
2.94 	 0.443899
2.945 	 0.443898
2.95 	 0.443897
2.955 	 0.443896
2.96 	 0.443895
2.965 	 0.443895
2.97 	 0.443894
2.975 	 0.443893
2.98 	 0.443892
2.985 	 0.443891
2.99 	 0.44389
2.995 	 0.443889
3 	 0.443889
3.005 	 0.443888
3.01 	 0.443887
3.015 	 0.443886
3.02 	 0.443885
3.025 	 0.443884
3.03 	 0.443883
3.035 	 0.443883
3.04 	 0.443882
3.045 	 0.443881
3.05 	 0.44388
3.055 	 0.443879
3.06 	 0.443878
3.065 	 0.443878
3.07 	 0.443877
3.075 	 0.443876
3.08 	 0.443875
3.085 	 0.443874
3.09 	 0.443873
3.095 	 0.443873
3.1 	 0.443872
3.105 	 0.443871
3.11 	 0.44387
3.115 	 0.443869
3.12 	 0.443868
3.125 	 0.443868
3.13 	 0.443867
3.135 	 0.443866
3.14 	 0.443865
3.145 	 0.443864
3.15 	 0.443863
3.155 	 0.443863
3.16 	 0.443862
3.165 	 0.443861
3.17 	 0.44386
3.175 	 0.443859
3.18 	 0.443858
3.185 	 0.443858
3.19 	 0.443857
3.195 	 0.443856
3.2 	 0.443855
3.205 	 0.443854
3.21 	 0.443854
3.215 	 0.443853
3.22 	 0.443852
3.225 	 0.443851
3.23 	 0.44385
3.235 	 0.443849
3.24 	 0.443849
3.245 	 0.443848
3.25 	 0.443847
3.255 	 0.443846
3.26 	 0.443845
3.265 	 0.443845
3.27 	 0.443844
3.275 	 0.443843
3.28 	 0.443842
3.285 	 0.443841
3.29 	 0.443841
3.295 	 0.44384
3.3 	 0.443839
3.305 	 0.443838
3.31 	 0.443837
3.315 	 0.443837
3.32 	 0.443836
3.325 	 0.443835
3.33 	 0.443834
3.335 	 0.443834
3.34 	 0.443833
3.345 	 0.443832
3.35 	 0.443831
3.355 	 0.44383
3.36 	 0.44383
3.365 	 0.443829
3.37 	 0.443828
3.375 	 0.443827
3.38 	 0.443826
3.385 	 0.443826
3.39 	 0.443825
3.395 	 0.443824
3.4 	 0.443823
3.405 	 0.443823
3.41 	 0.443822
3.415 	 0.443821
3.42 	 0.44382
3.425 	 0.443819
3.43 	 0.443819
3.435 	 0.443818
3.44 	 0.443817
3.445 	 0.443816
3.45 	 0.443816
3.455 	 0.443815
3.46 	 0.443814
3.465 	 0.443813
3.47 	 0.443812
3.475 	 0.443812
3.48 	 0.443811
3.485 	 0.44381
3.49 	 0.443809
3.495 	 0.443809
3.5 	 0.443808
3.505 	 0.443807
3.51 	 0.443806
3.515 	 0.443806
3.52 	 0.443805
3.525 	 0.443804
3.53 	 0.443803
3.535 	 0.443803
3.54 	 0.443802
3.545 	 0.443801
3.55 	 0.4438
3.555 	 0.4438
3.56 	 0.443799
3.565 	 0.443798
3.57 	 0.443797
3.575 	 0.443797
3.58 	 0.443796
3.585 	 0.443795
3.59 	 0.443794
3.595 	 0.443794
3.6 	 0.443793
3.605 	 0.443792
3.61 	 0.443791
3.615 	 0.443791
3.62 	 0.44379
3.625 	 0.443789
3.63 	 0.443788
3.635 	 0.443788
3.64 	 0.443787
3.645 	 0.443786
3.65 	 0.443785
3.655 	 0.443785
3.66 	 0.443784
3.665 	 0.443783
3.67 	 0.443782
3.675 	 0.443782
3.68 	 0.443781
3.685 	 0.44378
3.69 	 0.44378
3.695 	 0.443779
3.7 	 0.443778
3.705 	 0.443777
3.71 	 0.443777
3.715 	 0.443776
3.72 	 0.443775
3.725 	 0.443774
3.73 	 0.443774
3.735 	 0.443773
3.74 	 0.443772
3.745 	 0.443772
3.75 	 0.443771
3.755 	 0.44377
3.76 	 0.443769
3.765 	 0.443769
3.77 	 0.443768
3.775 	 0.443767
3.78 	 0.443766
3.785 	 0.443766
3.79 	 0.443765
3.795 	 0.443764
3.8 	 0.443764
3.805 	 0.443763
3.81 	 0.443762
3.815 	 0.443761
3.82 	 0.443761
3.825 	 0.44376
3.83 	 0.443759
3.835 	 0.443759
3.84 	 0.443758
3.845 	 0.443757
3.85 	 0.443756
3.855 	 0.443756
3.86 	 0.443755
3.865 	 0.443754
3.87 	 0.443754
3.875 	 0.443753
3.88 	 0.443752
3.885 	 0.443752
3.89 	 0.443751
3.895 	 0.44375
3.9 	 0.443749
3.905 	 0.443749
3.91 	 0.443748
3.915 	 0.443747
3.92 	 0.443747
3.925 	 0.443746
3.93 	 0.443745
3.935 	 0.443745
3.94 	 0.443744
3.945 	 0.443743
3.95 	 0.443742
3.955 	 0.443742
3.96 	 0.443741
3.965 	 0.44374
3.97 	 0.44374
3.975 	 0.443739
3.98 	 0.443738
3.985 	 0.443738
3.99 	 0.443737
3.995 	 0.443736
4 	 0.443736
4.005 	 0.443735
4.01 	 0.443735
4.015 	 0.443734
4.02 	 0.443733
4.025 	 0.443732
4.03 	 0.443731
4.035 	 0.443731
4.04 	 0.44373
4.045 	 0.443729
4.05 	 0.443729
4.055 	 0.443729
4.06 	 0.443727
4.065 	 0.443727
4.07 	 0.443726
4.075 	 0.443725
4.08 	 0.443725
4.085 	 0.443724
4.09 	 0.443723
4.095 	 0.443723
4.1 	 0.443723
4.105 	 0.443721
4.11 	 0.443721
4.115 	 0.44372
4.12 	 0.443719
4.125 	 0.443718
4.13 	 0.443718
4.135 	 0.443718
4.14 	 0.443717
4.145 	 0.443716
4.15 	 0.443715
4.155 	 0.443714
4.16 	 0.443714
4.165 	 0.443713
4.17 	 0.443712
4.175 	 0.443712
4.18 	 0.443712
4.185 	 0.44371
4.19 	 0.44371
4.195 	 0.443709
4.2 	 0.443708
4.205 	 0.443708
4.21 	 0.443707
4.215 	 0.443706
4.22 	 0.443706
4.225 	 0.443706
4.23 	 0.443704
4.235 	 0.443704
4.24 	 0.443703
4.245 	 0.443703
4.25 	 0.443702
4.255 	 0.443701
4.26 	 0.443701
4.265 	 0.443701
4.27 	 0.443699
4.275 	 0.443699
4.28 	 0.443698
4.285 	 0.443697
4.29 	 0.443697
4.295 	 0.443696
4.3 	 0.443695
4.305 	 0.443695
4.31 	 0.443694
4.315 	 0.443693
4.32 	 0.443693
4.325 	 0.443692
4.33 	 0.443691
4.335 	 0.443691
4.34 	 0.44369
4.345 	 0.44369
4.35 	 0.443689
4.355 	 0.443688
4.36 	 0.443688
4.365 	 0.443687
4.37 	 0.443686
4.375 	 0.443686
4.38 	 0.443685
4.385 	 0.443685
4.39 	 0.443684
4.395 	 0.443683
4.4 	 0.443682
4.405 	 0.443682
4.41 	 0.443681
4.415 	 0.44368
4.42 	 0.44368
4.425 	 0.443679
4.43 	 0.443679
4.435 	 0.443678
4.44 	 0.443677
4.445 	 0.443677
4.45 	 0.443676
4.455 	 0.443675
4.46 	 0.443675
4.465 	 0.443674
4.47 	 0.443674
4.475 	 0.443673
4.48 	 0.443672
4.485 	 0.443672
4.49 	 0.443671
4.495 	 0.44367
4.5 	 0.44367
4.505 	 0.443669
4.51 	 0.443669
4.515 	 0.443668
4.52 	 0.443667
4.525 	 0.443667
4.53 	 0.443666
4.535 	 0.443665
4.54 	 0.443665
4.545 	 0.443664
4.55 	 0.443663
4.555 	 0.443663
4.56 	 0.443662
4.565 	 0.443662
4.57 	 0.443661
4.575 	 0.44366
4.58 	 0.44366
4.585 	 0.443659
4.59 	 0.443658
4.595 	 0.443658
4.6 	 0.443657
4.605 	 0.443657
4.61 	 0.443656
4.615 	 0.443655
4.62 	 0.443655
4.625 	 0.443654
4.63 	 0.443653
4.635 	 0.443653
4.64 	 0.443653
4.645 	 0.443652
4.65 	 0.443651
4.655 	 0.44365
4.66 	 0.44365
4.665 	 0.443649
4.67 	 0.443649
4.675 	 0.443648
4.68 	 0.443648
4.685 	 0.443647
4.69 	 0.443646
4.695 	 0.443645
4.7 	 0.443645
4.705 	 0.443644
4.71 	 0.443644
4.715 	 0.443643
4.72 	 0.443643
4.725 	 0.443642
4.73 	 0.443641
4.735 	 0.443641
4.74 	 0.44364
4.745 	 0.443639
4.75 	 0.443639
4.755 	 0.443638
4.76 	 0.443638
4.765 	 0.443638
4.77 	 0.443636
4.775 	 0.443636
4.78 	 0.443635
4.785 	 0.443635
4.79 	 0.443634
4.795 	 0.443633
4.8 	 0.443633
4.805 	 0.443633
4.81 	 0.443632
4.815 	 0.443631
4.82 	 0.44363
4.825 	 0.44363
4.83 	 0.443629
4.835 	 0.443629
4.84 	 0.443628
4.845 	 0.443628
4.85 	 0.443627
4.855 	 0.443626
4.86 	 0.443626
4.865 	 0.443625
4.87 	 0.443624
4.875 	 0.443624
4.88 	 0.443623
4.885 	 0.443623
4.89 	 0.443623
4.895 	 0.443621
4.9 	 0.443621
4.905 	 0.44362
4.91 	 0.44362
4.915 	 0.443619
4.92 	 0.443618
4.925 	 0.443618
4.93 	 0.443618
4.935 	 0.443617
4.94 	 0.443616
4.945 	 0.443616
4.95 	 0.443615
4.955 	 0.443614
4.96 	 0.443614
4.965 	 0.443613
4.97 	 0.443613
4.975 	 0.443612
4.98 	 0.443611
4.985 	 0.443611
4.99 	 0.44361
4.995 	 0.44361
5 	 0.443609
5.005 	 0.443609
5.01 	 0.443609
5.015 	 0.443608
5.02 	 0.443607
5.025 	 0.443606
5.03 	 0.443606
5.035 	 0.443605
5.04 	 0.443604
5.045 	 0.443604
5.05 	 0.443603
5.055 	 0.443603
5.06 	 0.443602
5.065 	 0.443602
5.07 	 0.443601
5.075 	 0.4436
5.08 	 0.4436
5.085 	 0.443599
5.09 	 0.443599
5.095 	 0.443599
5.1 	 0.443598
5.105 	 0.443597
5.11 	 0.443596
5.115 	 0.443596
5.12 	 0.443595
5.125 	 0.443595
5.13 	 0.443594
5.135 	 0.443594
5.14 	 0.443593
5.145 	 0.443592
5.15 	 0.443592
5.155 	 0.443591
5.16 	 0.443591
5.165 	 0.44359
5.17 	 0.44359
5.175 	 0.443589
5.18 	 0.443588
5.185 	 0.443588
5.19 	 0.443587
5.195 	 0.443587
5.2 	 0.443586
5.205 	 0.443586
5.21 	 0.443585
5.215 	 0.443585
5.22 	 0.443584
5.225 	 0.443583
5.23 	 0.443583
5.235 	 0.443582
5.24 	 0.443582
5.245 	 0.443581
5.25 	 0.443581
5.255 	 0.44358
5.26 	 0.443579
5.265 	 0.443579
5.27 	 0.443578
5.275 	 0.443578
5.28 	 0.443577
5.285 	 0.443577
5.29 	 0.443576
5.295 	 0.443576
5.3 	 0.443575
5.305 	 0.443574
5.31 	 0.443574
5.315 	 0.443573
5.32 	 0.443573
5.325 	 0.443572
5.33 	 0.443572
5.335 	 0.443571
5.34 	 0.443571
5.345 	 0.44357
5.35 	 0.443569
5.355 	 0.443569
5.36 	 0.443568
5.365 	 0.443568
5.37 	 0.443567
5.375 	 0.443567
5.38 	 0.443566
5.385 	 0.443566
5.39 	 0.443565
5.395 	 0.443564
5.4 	 0.443564
5.405 	 0.443563
5.41 	 0.443563
5.415 	 0.443562
5.42 	 0.443562
5.425 	 0.443561
5.43 	 0.443561
5.435 	 0.44356
5.44 	 0.44356
5.445 	 0.443559
5.45 	 0.443558
5.455 	 0.443558
5.46 	 0.443557
5.465 	 0.443557
5.47 	 0.443556
5.475 	 0.443556
5.48 	 0.443555
5.485 	 0.443555
5.49 	 0.443554
5.495 	 0.443554
5.5 	 0.443553
5.505 	 0.443552
5.51 	 0.443552
5.515 	 0.443551
5.52 	 0.443551
5.525 	 0.44355
5.53 	 0.44355
5.535 	 0.443549
5.54 	 0.443549
5.545 	 0.443548
5.55 	 0.443548
5.555 	 0.443547
5.56 	 0.443547
5.565 	 0.443546
5.57 	 0.443545
5.575 	 0.443545
5.58 	 0.443544
5.585 	 0.443544
5.59 	 0.443543
5.595 	 0.443543
5.6 	 0.443542
5.605 	 0.443542
5.61 	 0.443541
5.615 	 0.443541
5.62 	 0.44354
5.625 	 0.44354
5.63 	 0.443539
5.635 	 0.443539
5.64 	 0.443538
5.645 	 0.443537
5.65 	 0.443537
5.655 	 0.443536
5.66 	 0.443536
5.665 	 0.443535
5.67 	 0.443535
5.675 	 0.443534
5.68 	 0.443534
5.685 	 0.443533
5.69 	 0.443533
5.695 	 0.443532
5.7 	 0.443532
5.705 	 0.443531
5.71 	 0.443531
5.715 	 0.44353
5.72 	 0.44353
5.725 	 0.443529
5.73 	 0.443528
5.735 	 0.443528
5.74 	 0.443527
5.745 	 0.443527
5.75 	 0.443526
5.755 	 0.443526
5.76 	 0.443525
5.765 	 0.443525
5.77 	 0.443524
5.775 	 0.443524
5.78 	 0.443523
5.785 	 0.443523
5.79 	 0.443522
5.795 	 0.443522
5.8 	 0.443521
5.805 	 0.443521
5.81 	 0.44352
5.815 	 0.44352
5.82 	 0.443519
5.825 	 0.443519
5.83 	 0.443518
5.835 	 0.443518
5.84 	 0.443517
5.845 	 0.443516
5.85 	 0.443516
5.855 	 0.443515
5.86 	 0.443515
5.865 	 0.443514
5.87 	 0.443514
5.875 	 0.443513
5.88 	 0.443513
5.885 	 0.443512
5.89 	 0.443512
5.895 	 0.443511
5.9 	 0.443511
5.905 	 0.44351
5.91 	 0.44351
5.915 	 0.443509
5.92 	 0.443509
5.925 	 0.443508
5.93 	 0.443508
5.935 	 0.443507
5.94 	 0.443507
5.945 	 0.443506
5.95 	 0.443506
5.955 	 0.443505
5.96 	 0.443505
5.965 	 0.443504
5.97 	 0.443504
5.975 	 0.443503
5.98 	 0.443503
5.985 	 0.443502
5.99 	 0.443502
5.995 	 0.443501
6 	 0.443501
6.005 	 0.4435
6.01 	 0.4435
6.015 	 0.443499
6.02 	 0.443499
6.025 	 0.443498
6.03 	 0.443498
6.035 	 0.443497
6.04 	 0.443497
6.045 	 0.443496
6.05 	 0.443496
6.055 	 0.443495
6.06 	 0.443495
6.065 	 0.443494
6.07 	 0.443494
6.075 	 0.443493
6.08 	 0.443493
6.085 	 0.443492
6.09 	 0.443492
6.095 	 0.443491
6.1 	 0.443491
6.105 	 0.44349
6.11 	 0.44349
6.115 	 0.443489
6.12 	 0.443489
6.125 	 0.443488
6.13 	 0.443488
6.135 	 0.443487
6.14 	 0.443487
6.145 	 0.443486
6.15 	 0.443486
6.155 	 0.443485
6.16 	 0.443485
6.165 	 0.443484
6.17 	 0.443484
6.175 	 0.443483
6.18 	 0.443483
6.185 	 0.443482
6.19 	 0.443482
6.195 	 0.443481
6.2 	 0.443481
6.205 	 0.44348
6.21 	 0.44348
6.215 	 0.443479
6.22 	 0.443479
6.225 	 0.443478
6.23 	 0.443478
6.235 	 0.443477
6.24 	 0.443477
6.245 	 0.443476
6.25 	 0.443476
6.255 	 0.443475
6.26 	 0.443475
6.265 	 0.443474
6.27 	 0.443474
6.275 	 0.443473
6.28 	 0.443473
6.285 	 0.443472
6.29 	 0.443472
6.295 	 0.443471
6.3 	 0.443471
6.305 	 0.44347
6.31 	 0.44347
6.315 	 0.443469
6.32 	 0.443469
6.325 	 0.443468
6.33 	 0.443468
6.335 	 0.443467
6.34 	 0.443467
6.345 	 0.443466
6.35 	 0.443466
6.355 	 0.443465
6.36 	 0.443465
6.365 	 0.443464
6.37 	 0.443464
6.375 	 0.443463
6.38 	 0.443463
6.385 	 0.443462
6.39 	 0.443462
6.395 	 0.443462
6.4 	 0.443461
6.405 	 0.443461
6.41 	 0.44346
6.415 	 0.44346
6.42 	 0.443459
6.425 	 0.443459
6.43 	 0.443458
6.435 	 0.443458
6.44 	 0.443457
6.445 	 0.443457
6.45 	 0.443456
6.455 	 0.443456
6.46 	 0.443455
6.465 	 0.443455
6.47 	 0.443454
6.475 	 0.443454
6.48 	 0.443453
6.485 	 0.443453
6.49 	 0.443452
6.495 	 0.443452
6.5 	 0.443451
6.505 	 0.443451
6.51 	 0.44345
6.515 	 0.44345
6.52 	 0.44345
6.525 	 0.443449
6.53 	 0.443449
6.535 	 0.443448
6.54 	 0.443448
6.545 	 0.443447
6.55 	 0.443447
6.555 	 0.443446
6.56 	 0.443446
6.565 	 0.443445
6.57 	 0.443445
6.575 	 0.443444
6.58 	 0.443444
6.585 	 0.443443
6.59 	 0.443443
6.595 	 0.443442
6.6 	 0.443442
6.605 	 0.443441
6.61 	 0.443441
6.615 	 0.443441
6.62 	 0.44344
6.625 	 0.44344
6.63 	 0.443439
6.635 	 0.443439
6.64 	 0.443438
6.645 	 0.443438
6.65 	 0.443437
6.655 	 0.443437
6.66 	 0.443436
6.665 	 0.443436
6.67 	 0.443435
6.675 	 0.443435
6.68 	 0.443434
6.685 	 0.443434
6.69 	 0.443433
6.695 	 0.443433
6.7 	 0.443433
6.705 	 0.443432
6.71 	 0.443432
6.715 	 0.443431
6.72 	 0.443431
6.725 	 0.44343
6.73 	 0.44343
6.735 	 0.443429
6.74 	 0.443429
6.745 	 0.443428
6.75 	 0.443428
6.755 	 0.443427
6.76 	 0.443427
6.765 	 0.443426
6.77 	 0.443426
6.775 	 0.443426
6.78 	 0.443425
6.785 	 0.443425
6.79 	 0.443424
6.795 	 0.443424
6.8 	 0.443423
6.805 	 0.443423
6.81 	 0.443422
6.815 	 0.443422
6.82 	 0.443421
6.825 	 0.443421
6.83 	 0.44342
6.835 	 0.44342
6.84 	 0.44342
6.845 	 0.443419
6.85 	 0.443419
6.855 	 0.443418
6.86 	 0.443418
6.865 	 0.443417
6.87 	 0.443417
6.875 	 0.443416
6.88 	 0.443416
6.885 	 0.443415
6.89 	 0.443415
6.895 	 0.443415
6.9 	 0.443414
6.905 	 0.443414
6.91 	 0.443413
6.915 	 0.443413
6.92 	 0.443412
6.925 	 0.443412
6.93 	 0.443411
6.935 	 0.443411
6.94 	 0.44341
6.945 	 0.44341
6.95 	 0.44341
6.955 	 0.443409
6.96 	 0.443409
6.965 	 0.443408
6.97 	 0.443408
6.975 	 0.443407
6.98 	 0.443407
6.985 	 0.443406
6.99 	 0.443406
6.995 	 0.443405
7 	 0.443405
7.005 	 0.443405
7.01 	 0.443404
7.015 	 0.443404
7.02 	 0.443403
7.025 	 0.443403
7.03 	 0.443402
7.035 	 0.443402
7.04 	 0.443401
7.045 	 0.443401
7.05 	 0.4434
7.055 	 0.4434
7.06 	 0.4434
7.065 	 0.443399
7.07 	 0.443399
7.075 	 0.443398
7.08 	 0.443398
7.085 	 0.443397
7.09 	 0.443397
7.095 	 0.443396
7.1 	 0.443396
7.105 	 0.443396
7.11 	 0.443395
7.115 	 0.443395
7.12 	 0.443394
7.125 	 0.443394
7.13 	 0.443393
7.135 	 0.443393
7.14 	 0.443392
7.145 	 0.443392
7.15 	 0.443392
7.155 	 0.443391
7.16 	 0.443391
7.165 	 0.44339
7.17 	 0.44339
7.175 	 0.443389
7.18 	 0.443389
7.185 	 0.443388
7.19 	 0.443388
7.195 	 0.443388
7.2 	 0.443387
7.205 	 0.443387
7.21 	 0.443386
7.215 	 0.443386
7.22 	 0.443385
7.225 	 0.443385
7.23 	 0.443384
7.235 	 0.443384
7.24 	 0.443384
7.245 	 0.443383
7.25 	 0.443383
7.255 	 0.443382
7.26 	 0.443382
7.265 	 0.443381
7.27 	 0.443381
7.275 	 0.443381
7.28 	 0.44338
7.285 	 0.44338
7.29 	 0.443379
7.295 	 0.443379
7.3 	 0.443378
7.305 	 0.443378
7.31 	 0.443377
7.315 	 0.443377
7.32 	 0.443377
7.325 	 0.443376
7.33 	 0.443376
7.335 	 0.443375
7.34 	 0.443375
7.345 	 0.443374
7.35 	 0.443374
7.355 	 0.443374
7.36 	 0.443373
7.365 	 0.443373
7.37 	 0.443372
7.375 	 0.443372
7.38 	 0.443371
7.385 	 0.443371
7.39 	 0.44337
7.395 	 0.44337
7.4 	 0.44337
7.405 	 0.443369
7.41 	 0.443369
7.415 	 0.443368
7.42 	 0.443368
7.425 	 0.443367
7.43 	 0.443367
7.435 	 0.443367
7.44 	 0.443366
7.445 	 0.443366
7.45 	 0.443365
7.455 	 0.443365
7.46 	 0.443364
7.465 	 0.443364
7.47 	 0.443364
7.475 	 0.443363
7.48 	 0.443363
7.485 	 0.443362
7.49 	 0.443362
7.495 	 0.443361
7.5 	 0.443361
7.505 	 0.443361
7.51 	 0.44336
7.515 	 0.44336
7.52 	 0.443359
7.525 	 0.443359
7.53 	 0.443358
7.535 	 0.443358
7.54 	 0.443358
7.545 	 0.443357
7.55 	 0.443357
7.555 	 0.443356
7.56 	 0.443356
7.565 	 0.443355
7.57 	 0.443355
7.575 	 0.443355
7.58 	 0.443354
7.585 	 0.443354
7.59 	 0.443353
7.595 	 0.443353
7.6 	 0.443352
7.605 	 0.443352
7.61 	 0.443352
7.615 	 0.443351
7.62 	 0.443351
7.625 	 0.44335
7.63 	 0.44335
7.635 	 0.44335
7.64 	 0.443349
7.645 	 0.443349
7.65 	 0.443348
7.655 	 0.443348
7.66 	 0.443347
7.665 	 0.443347
7.67 	 0.443347
7.675 	 0.443346
7.68 	 0.443346
7.685 	 0.443345
7.69 	 0.443345
7.695 	 0.443344
7.7 	 0.443344
7.705 	 0.443344
7.71 	 0.443343
7.715 	 0.443343
7.72 	 0.443342
7.725 	 0.443342
7.73 	 0.443342
7.735 	 0.443341
7.74 	 0.443341
7.745 	 0.44334
7.75 	 0.44334
7.755 	 0.443339
7.76 	 0.443339
7.765 	 0.443339
7.77 	 0.443338
7.775 	 0.443338
7.78 	 0.443337
7.785 	 0.443337
7.79 	 0.443336
7.795 	 0.443336
7.8 	 0.443336
7.805 	 0.443335
7.81 	 0.443335
7.815 	 0.443334
7.82 	 0.443334
7.825 	 0.443334
7.83 	 0.443333
7.835 	 0.443333
7.84 	 0.443332
7.845 	 0.443332
7.85 	 0.443332
7.855 	 0.443331
7.86 	 0.443331
7.865 	 0.44333
7.87 	 0.44333
7.875 	 0.443329
7.88 	 0.443329
7.885 	 0.443329
7.89 	 0.443328
7.895 	 0.443328
7.9 	 0.443327
7.905 	 0.443327
7.91 	 0.443327
7.915 	 0.443326
7.92 	 0.443326
7.925 	 0.443325
7.93 	 0.443325
7.935 	 0.443324
7.94 	 0.443324
7.945 	 0.443324
7.95 	 0.443323
7.955 	 0.443323
7.96 	 0.443322
7.965 	 0.443322
7.97 	 0.443322
7.975 	 0.443321
7.98 	 0.443321
7.985 	 0.44332
7.99 	 0.44332
7.995 	 0.44332
8 	 0.443319
8.005 	 0.443319
8.01 	 0.443318
8.015 	 0.443318
8.02 	 0.443318
8.025 	 0.443317
8.03 	 0.443317
8.035 	 0.443316
8.04 	 0.443316
8.045 	 0.443316
8.05 	 0.443315
8.055 	 0.443315
8.06 	 0.443314
8.065 	 0.443314
8.07 	 0.443313
8.075 	 0.443313
8.08 	 0.443313
8.085 	 0.443312
8.09 	 0.443312
8.095 	 0.443311
8.1 	 0.443311
8.105 	 0.443311
8.11 	 0.443311
8.115 	 0.44331
8.12 	 0.443309
8.125 	 0.443309
8.13 	 0.443309
8.135 	 0.443308
8.14 	 0.443308
8.145 	 0.443308
8.15 	 0.443307
8.155 	 0.443307
8.16 	 0.443306
8.165 	 0.443306
8.17 	 0.443305
8.175 	 0.443305
8.18 	 0.443305
8.185 	 0.443304
8.19 	 0.443304
8.195 	 0.443303
8.2 	 0.443303
8.205 	 0.443303
8.21 	 0.443302
8.215 	 0.443302
8.22 	 0.443301
8.225 	 0.443301
8.23 	 0.443301
8.235 	 0.443301
8.24 	 0.4433
8.245 	 0.443299
8.25 	 0.443299
8.255 	 0.443299
8.26 	 0.443298
8.265 	 0.443298
8.27 	 0.443298
8.275 	 0.443297
8.28 	 0.443297
8.285 	 0.443296
8.29 	 0.443296
8.295 	 0.443295
8.3 	 0.443295
8.305 	 0.443295
8.31 	 0.443294
8.315 	 0.443294
8.32 	 0.443293
8.325 	 0.443293
8.33 	 0.443293
8.335 	 0.443292
8.34 	 0.443292
8.345 	 0.443291
8.35 	 0.443291
8.355 	 0.443291
8.36 	 0.443291
8.365 	 0.44329
8.37 	 0.443289
8.375 	 0.443289
8.38 	 0.443289
8.385 	 0.443288
8.39 	 0.443288
8.395 	 0.443288
8.4 	 0.443287
8.405 	 0.443287
8.41 	 0.443286
8.415 	 0.443286
8.42 	 0.443286
8.425 	 0.443285
8.43 	 0.443285
8.435 	 0.443284
8.44 	 0.443284
8.445 	 0.443284
8.45 	 0.443284
8.455 	 0.443283
8.46 	 0.443282
8.465 	 0.443282
8.47 	 0.443282
8.475 	 0.443281
8.48 	 0.443281
8.485 	 0.443281
8.49 	 0.44328
8.495 	 0.44328
8.5 	 0.443279
8.505 	 0.443279
8.51 	 0.443278
8.515 	 0.443278
8.52 	 0.443278
8.525 	 0.443277
8.53 	 0.443277
8.535 	 0.443277
8.54 	 0.443276
8.545 	 0.443276
8.55 	 0.443275
8.555 	 0.443275
8.56 	 0.443275
8.565 	 0.443275
8.57 	 0.443274
8.575 	 0.443273
8.58 	 0.443273
8.585 	 0.443273
8.59 	 0.443272
8.595 	 0.443272
8.6 	 0.443271
8.605 	 0.443271
8.61 	 0.443271
8.615 	 0.44327
8.62 	 0.44327
8.625 	 0.44327
8.63 	 0.443269
8.635 	 0.443269
8.64 	 0.443268
8.645 	 0.443268
8.65 	 0.443268
8.655 	 0.443268
8.66 	 0.443267
8.665 	 0.443266
8.67 	 0.443266
8.675 	 0.443266
8.68 	 0.443265
8.685 	 0.443265
8.69 	 0.443265
8.695 	 0.443264
8.7 	 0.443264
8.705 	 0.443263
8.71 	 0.443263
8.715 	 0.443263
8.72 	 0.443262
8.725 	 0.443262
8.73 	 0.443262
8.735 	 0.443262
8.74 	 0.443261
8.745 	 0.44326
8.75 	 0.44326
8.755 	 0.44326
8.76 	 0.443259
8.765 	 0.443259
8.77 	 0.443259
8.775 	 0.443258
8.78 	 0.443258
8.785 	 0.443257
8.79 	 0.443257
8.795 	 0.443257
8.8 	 0.443256
8.805 	 0.443256
8.81 	 0.443255
8.815 	 0.443255
8.82 	 0.443255
8.825 	 0.443254
8.83 	 0.443254
8.835 	 0.443254
8.84 	 0.443253
8.845 	 0.443253
8.85 	 0.443252
8.855 	 0.443252
8.86 	 0.443252
8.865 	 0.443251
8.87 	 0.443251
8.875 	 0.44325
8.88 	 0.44325
8.885 	 0.44325
8.89 	 0.443249
8.895 	 0.443249
8.9 	 0.443249
8.905 	 0.443249
8.91 	 0.443248
8.915 	 0.443247
8.92 	 0.443247
8.925 	 0.443247
8.93 	 0.443246
8.935 	 0.443246
8.94 	 0.443246
8.945 	 0.443245
8.95 	 0.443245
8.955 	 0.443244
8.96 	 0.443244
8.965 	 0.443244
8.97 	 0.443243
8.975 	 0.443243
8.98 	 0.443243
8.985 	 0.443243
8.99 	 0.443242
8.995 	 0.443241
9 	 0.443241
9.005 	 0.443241
9.01 	 0.44324
9.015 	 0.44324
9.02 	 0.44324
9.025 	 0.443239
9.03 	 0.443239
9.035 	 0.443238
9.04 	 0.443238
9.045 	 0.443238
9.05 	 0.443237
9.055 	 0.443237
9.06 	 0.443237
9.065 	 0.443237
9.07 	 0.443236
9.075 	 0.443236
9.08 	 0.443235
9.085 	 0.443235
9.09 	 0.443234
9.095 	 0.443234
9.1 	 0.443234
9.105 	 0.443233
9.11 	 0.443233
9.115 	 0.443233
9.12 	 0.443232
9.125 	 0.443232
9.13 	 0.443231
9.135 	 0.443231
9.14 	 0.443231
9.145 	 0.443231
9.15 	 0.44323
9.155 	 0.44323
9.16 	 0.443229
9.165 	 0.443229
9.17 	 0.443228
9.175 	 0.443228
9.18 	 0.443228
9.185 	 0.443227
9.19 	 0.443227
9.195 	 0.443227
9.2 	 0.443226
9.205 	 0.443226
9.21 	 0.443226
9.215 	 0.443225
9.22 	 0.443225
9.225 	 0.443224
9.23 	 0.443224
9.235 	 0.443224
9.24 	 0.443223
9.245 	 0.443223
9.25 	 0.443223
9.255 	 0.443222
9.26 	 0.443222
9.265 	 0.443222
9.27 	 0.443222
9.275 	 0.443221
9.28 	 0.443221
9.285 	 0.44322
9.29 	 0.44322
9.295 	 0.443219
9.3 	 0.443219
9.305 	 0.443219
9.31 	 0.443218
9.315 	 0.443218
9.32 	 0.443217
9.325 	 0.443217
9.33 	 0.443217
9.335 	 0.443216
9.34 	 0.443216
9.345 	 0.443216
9.35 	 0.443215
9.355 	 0.443215
9.36 	 0.443215
9.365 	 0.443214
9.37 	 0.443214
9.375 	 0.443213
9.38 	 0.443213
9.385 	 0.443213
9.39 	 0.443212
9.395 	 0.443212
9.4 	 0.443212
9.405 	 0.443212
9.41 	 0.443211
9.415 	 0.443211
9.42 	 0.44321
9.425 	 0.44321
9.43 	 0.44321
9.435 	 0.443209
9.44 	 0.443209
9.445 	 0.443208
9.45 	 0.443208
9.455 	 0.443208
9.46 	 0.443207
9.465 	 0.443207
9.47 	 0.443207
9.475 	 0.443206
9.48 	 0.443206
9.485 	 0.443206
9.49 	 0.443205
9.495 	 0.443205
9.5 	 0.443204
9.505 	 0.443204
9.51 	 0.443204
9.515 	 0.443203
9.52 	 0.443203
9.525 	 0.443203
9.53 	 0.443203
9.535 	 0.443202
9.54 	 0.443202
9.545 	 0.443201
9.55 	 0.443201
9.555 	 0.443201
9.56 	 0.4432
9.565 	 0.4432
9.57 	 0.443199
9.575 	 0.443199
9.58 	 0.443199
9.585 	 0.443198
9.59 	 0.443198
9.595 	 0.443198
9.6 	 0.443197
9.605 	 0.443197
9.61 	 0.443197
9.615 	 0.443196
9.62 	 0.443196
9.625 	 0.443196
9.63 	 0.443195
9.635 	 0.443195
9.64 	 0.443194
9.645 	 0.443194
9.65 	 0.443194
9.655 	 0.443194
9.66 	 0.443193
9.665 	 0.443193
9.67 	 0.443192
9.675 	 0.443192
9.68 	 0.443192
9.685 	 0.443191
9.69 	 0.443191
9.695 	 0.443191
9.7 	 0.44319
9.705 	 0.44319
9.71 	 0.44319
9.715 	 0.443189
9.72 	 0.443189
9.725 	 0.443188
9.73 	 0.443188
9.735 	 0.443188
9.74 	 0.443187
9.745 	 0.443187
9.75 	 0.443187
9.755 	 0.443186
9.76 	 0.443186
9.765 	 0.443186
9.77 	 0.443186
9.775 	 0.443185
9.78 	 0.443185
9.785 	 0.443184
9.79 	 0.443184
9.795 	 0.443184
9.8 	 0.443183
9.805 	 0.443183
9.81 	 0.443183
9.815 	 0.443183
9.82 	 0.443182
9.825 	 0.443181
9.83 	 0.443181
9.835 	 0.443181
9.84 	 0.44318
9.845 	 0.44318
9.85 	 0.44318
9.855 	 0.443179
9.86 	 0.443179
9.865 	 0.443179
9.87 	 0.443178
9.875 	 0.443178
9.88 	 0.443178
9.885 	 0.443177
9.89 	 0.443177
9.895 	 0.443177
9.9 	 0.443176
9.905 	 0.443176
9.91 	 0.443176
9.915 	 0.443175
9.92 	 0.443175
9.925 	 0.443174
9.93 	 0.443174
9.935 	 0.443174
9.94 	 0.443174
9.945 	 0.443173
9.95 	 0.443173
9.955 	 0.443172
9.96 	 0.443172
9.965 	 0.443172
9.97 	 0.443171
9.975 	 0.443171
9.98 	 0.443171
9.985 	 0.443171
9.99 	 0.44317
9.995 	 0.44317
10 	 0.443169
10.005 	 0.443169
10.01 	 0.443169
10.015 	 0.443168
10.02 	 0.443168
10.025 	 0.443168
10.03 	 0.443168
10.035 	 0.443167
10.04 	 0.443167
10.045 	 0.443166
10.05 	 0.443166
10.055 	 0.443166
10.06 	 0.443165
10.065 	 0.443165
10.07 	 0.443164
10.075 	 0.443164
10.08 	 0.443164
10.085 	 0.443163
10.09 	 0.443163
10.095 	 0.443163
10.1 	 0.443162
10.105 	 0.443162
10.11 	 0.443162
10.115 	 0.443161
10.12 	 0.443161
10.125 	 0.443161
10.13 	 0.44316
10.135 	 0.44316
10.14 	 0.44316
10.145 	 0.44316
10.15 	 0.443159
10.155 	 0.443159
10.16 	 0.443158
10.165 	 0.443158
10.17 	 0.443158
10.175 	 0.443157
10.18 	 0.443157
10.185 	 0.443157
10.19 	 0.443157
10.195 	 0.443156
10.2 	 0.443156
10.205 	 0.443155
10.21 	 0.443155
10.215 	 0.443155
10.22 	 0.443154
10.225 	 0.443154
10.23 	 0.443154
10.235 	 0.443154
10.24 	 0.443153
10.245 	 0.443153
10.25 	 0.443152
10.255 	 0.443152
10.26 	 0.443152
10.265 	 0.443151
10.27 	 0.443151
10.275 	 0.443151
10.28 	 0.44315
10.285 	 0.44315
10.29 	 0.443149
10.295 	 0.443149
10.3 	 0.443149
10.305 	 0.443148
10.31 	 0.443148
10.315 	 0.443148
10.32 	 0.443147
10.325 	 0.443147
10.33 	 0.443147
10.335 	 0.443146
10.34 	 0.443146
10.345 	 0.443146
10.35 	 0.443145
10.355 	 0.443145
10.36 	 0.443145
10.365 	 0.443144
10.37 	 0.443144
10.375 	 0.443144
10.38 	 0.443143
10.385 	 0.443143
10.39 	 0.443143
10.395 	 0.443142
10.4 	 0.443142
10.405 	 0.443142
10.41 	 0.443141
10.415 	 0.443141
10.42 	 0.443141
10.425 	 0.44314
10.43 	 0.44314
10.435 	 0.44314
10.44 	 0.443139
10.445 	 0.443139
10.45 	 0.443139
10.455 	 0.443138
10.46 	 0.443138
10.465 	 0.443138
10.47 	 0.443137
10.475 	 0.443137
10.48 	 0.443137
10.485 	 0.443136
10.49 	 0.443136
10.495 	 0.443136
10.5 	 0.443135
10.505 	 0.443135
10.51 	 0.443135
10.515 	 0.443134
10.52 	 0.443134
10.525 	 0.443134
10.53 	 0.443133
10.535 	 0.443133
10.54 	 0.443133
10.545 	 0.443132
10.55 	 0.443132
10.555 	 0.443132
10.56 	 0.443131
10.565 	 0.443131
10.57 	 0.443131
10.575 	 0.44313
10.58 	 0.44313
10.585 	 0.44313
10.59 	 0.443129
10.595 	 0.443129
10.6 	 0.443129
10.605 	 0.443128
10.61 	 0.443128
10.615 	 0.443128
10.62 	 0.443127
10.625 	 0.443127
10.63 	 0.443127
10.635 	 0.443126
10.64 	 0.443126
10.645 	 0.443126
10.65 	 0.443125
10.655 	 0.443125
10.66 	 0.443125
10.665 	 0.443124
10.67 	 0.443124
10.675 	 0.443124
10.68 	 0.443124
10.685 	 0.443123
10.69 	 0.443123
10.695 	 0.443123
10.7 	 0.443122
10.705 	 0.443122
10.71 	 0.443122
10.715 	 0.443121
10.72 	 0.443121
10.725 	 0.443121
10.73 	 0.44312
10.735 	 0.44312
10.74 	 0.44312
10.745 	 0.443119
10.75 	 0.443119
10.755 	 0.443119
10.76 	 0.443118
10.765 	 0.443118
10.77 	 0.443118
10.775 	 0.443117
10.78 	 0.443117
10.785 	 0.443117
10.79 	 0.443116
10.795 	 0.443116
10.8 	 0.443116
10.805 	 0.443115
10.81 	 0.443115
10.815 	 0.443115
10.82 	 0.443114
10.825 	 0.443114
10.83 	 0.443114
10.835 	 0.443113
10.84 	 0.443113
10.845 	 0.443113
10.85 	 0.443112
10.855 	 0.443112
10.86 	 0.443112
10.865 	 0.443111
10.87 	 0.443111
10.875 	 0.443111
10.88 	 0.44311
10.885 	 0.44311
10.89 	 0.44311
10.895 	 0.443109
10.9 	 0.443109
10.905 	 0.443109
10.91 	 0.443109
10.915 	 0.443108
10.92 	 0.443108
10.925 	 0.443108
10.93 	 0.443107
10.935 	 0.443107
10.94 	 0.443107
10.945 	 0.443106
10.95 	 0.443106
10.955 	 0.443106
10.96 	 0.443105
10.965 	 0.443105
10.97 	 0.443105
10.975 	 0.443104
10.98 	 0.443104
10.985 	 0.443104
10.99 	 0.443103
10.995 	 0.443103
11 	 0.443103
11.005 	 0.443102
11.01 	 0.443102
11.015 	 0.443102
11.02 	 0.443101
11.025 	 0.443101
11.03 	 0.443101
11.035 	 0.4431
11.04 	 0.4431
11.045 	 0.4431
11.05 	 0.4431
11.055 	 0.443099
11.06 	 0.443099
11.065 	 0.443099
11.07 	 0.443098
11.075 	 0.443098
11.08 	 0.443098
11.085 	 0.443097
11.09 	 0.443097
11.095 	 0.443097
11.1 	 0.443096
11.105 	 0.443096
11.11 	 0.443096
11.115 	 0.443095
11.12 	 0.443095
11.125 	 0.443095
11.13 	 0.443094
11.135 	 0.443094
11.14 	 0.443094
11.145 	 0.443093
11.15 	 0.443093
11.155 	 0.443093
11.16 	 0.443092
11.165 	 0.443092
11.17 	 0.443092
11.175 	 0.443092
11.18 	 0.443091
11.185 	 0.443091
11.19 	 0.443091
11.195 	 0.44309
11.2 	 0.44309
11.205 	 0.44309
11.21 	 0.443089
11.215 	 0.443089
11.22 	 0.443089
11.225 	 0.443088
11.23 	 0.443088
11.235 	 0.443088
11.24 	 0.443087
11.245 	 0.443087
11.25 	 0.443087
11.255 	 0.443086
11.26 	 0.443086
11.265 	 0.443086
11.27 	 0.443086
11.275 	 0.443085
11.28 	 0.443085
11.285 	 0.443085
11.29 	 0.443084
11.295 	 0.443084
11.3 	 0.443084
11.305 	 0.443083
11.31 	 0.443083
11.315 	 0.443083
11.32 	 0.443082
11.325 	 0.443082
11.33 	 0.443082
11.335 	 0.443081
11.34 	 0.443081
11.345 	 0.443081
11.35 	 0.44308
11.355 	 0.44308
11.36 	 0.44308
11.365 	 0.44308
11.37 	 0.443079
11.375 	 0.443079
11.38 	 0.443079
11.385 	 0.443078
11.39 	 0.443078
11.395 	 0.443078
11.4 	 0.443077
11.405 	 0.443077
11.41 	 0.443077
11.415 	 0.443076
11.42 	 0.443076
11.425 	 0.443076
11.43 	 0.443075
11.435 	 0.443075
11.44 	 0.443075
11.445 	 0.443075
11.45 	 0.443074
11.455 	 0.443074
11.46 	 0.443074
11.465 	 0.443073
11.47 	 0.443073
11.475 	 0.443073
11.48 	 0.443072
11.485 	 0.443072
11.49 	 0.443072
11.495 	 0.443071
11.5 	 0.443071
11.505 	 0.443071
11.51 	 0.443071
11.515 	 0.44307
11.52 	 0.44307
11.525 	 0.44307
11.53 	 0.443069
11.535 	 0.443069
11.54 	 0.443069
11.545 	 0.443068
11.55 	 0.443068
11.555 	 0.443068
11.56 	 0.443067
11.565 	 0.443067
11.57 	 0.443067
11.575 	 0.443066
11.58 	 0.443066
11.585 	 0.443066
11.59 	 0.443066
11.595 	 0.443065
11.6 	 0.443065
11.605 	 0.443065
11.61 	 0.443064
11.615 	 0.443064
11.62 	 0.443064
11.625 	 0.443063
11.63 	 0.443063
11.635 	 0.443063
11.64 	 0.443062
11.645 	 0.443062
11.65 	 0.443062
11.655 	 0.443062
11.66 	 0.443061
11.665 	 0.443061
11.67 	 0.443061
11.675 	 0.44306
11.68 	 0.44306
11.685 	 0.44306
11.69 	 0.443059
11.695 	 0.443059
11.7 	 0.443059
11.705 	 0.443058
11.71 	 0.443058
11.715 	 0.443058
11.72 	 0.443058
11.725 	 0.443057
11.73 	 0.443057
11.735 	 0.443057
11.74 	 0.443056
11.745 	 0.443056
11.75 	 0.443056
11.755 	 0.443055
11.76 	 0.443055
11.765 	 0.443055
11.77 	 0.443055
11.775 	 0.443054
11.78 	 0.443054
11.785 	 0.443054
11.79 	 0.443053
11.795 	 0.443053
11.8 	 0.443053
11.805 	 0.443052
11.81 	 0.443052
11.815 	 0.443052
11.82 	 0.443051
11.825 	 0.443051
11.83 	 0.443051
11.835 	 0.443051
11.84 	 0.44305
11.845 	 0.44305
11.85 	 0.44305
11.855 	 0.443049
11.86 	 0.443049
11.865 	 0.443049
11.87 	 0.443048
11.875 	 0.443048
11.88 	 0.443048
11.885 	 0.443048
11.89 	 0.443047
11.895 	 0.443047
11.9 	 0.443047
11.905 	 0.443046
11.91 	 0.443046
11.915 	 0.443046
11.92 	 0.443045
11.925 	 0.443045
11.93 	 0.443045
11.935 	 0.443044
11.94 	 0.443044
11.945 	 0.443044
11.95 	 0.443044
11.955 	 0.443043
11.96 	 0.443043
11.965 	 0.443043
11.97 	 0.443042
11.975 	 0.443042
11.98 	 0.443042
11.985 	 0.443041
11.99 	 0.443041
11.995 	 0.443041
12 	 0.443041
12.005 	 0.44304
12.01 	 0.44304
12.015 	 0.44304
12.02 	 0.443039
12.025 	 0.443039
12.03 	 0.443039
12.035 	 0.443038
12.04 	 0.443038
12.045 	 0.443038
12.05 	 0.443038
12.055 	 0.443037
12.06 	 0.443037
12.065 	 0.443037
12.07 	 0.443036
12.075 	 0.443036
12.08 	 0.443036
12.085 	 0.443035
12.09 	 0.443035
12.095 	 0.443035
12.1 	 0.443035
12.105 	 0.443034
12.11 	 0.443034
12.115 	 0.443034
12.12 	 0.443033
12.125 	 0.443033
12.13 	 0.443033
12.135 	 0.443032
12.14 	 0.443032
12.145 	 0.443032
12.15 	 0.443032
12.155 	 0.443031
12.16 	 0.443031
12.165 	 0.443031
12.17 	 0.44303
12.175 	 0.44303
12.18 	 0.44303
12.185 	 0.443029
12.19 	 0.443029
12.195 	 0.443029
12.2 	 0.443029
12.205 	 0.443028
12.21 	 0.443028
12.215 	 0.443028
12.22 	 0.443027
12.225 	 0.443027
12.23 	 0.443027
12.235 	 0.443027
12.24 	 0.443026
12.245 	 0.443026
12.25 	 0.443026
12.255 	 0.443025
12.26 	 0.443025
12.265 	 0.443025
12.27 	 0.443024
12.275 	 0.443024
12.28 	 0.443024
12.285 	 0.443024
12.29 	 0.443023
12.295 	 0.443023
12.3 	 0.443023
12.305 	 0.443022
12.31 	 0.443022
12.315 	 0.443022
12.32 	 0.443021
12.325 	 0.443021
12.33 	 0.443021
12.335 	 0.443021
12.34 	 0.44302
12.345 	 0.44302
12.35 	 0.44302
12.355 	 0.443019
12.36 	 0.443019
12.365 	 0.443019
12.37 	 0.443019
12.375 	 0.443018
12.38 	 0.443018
12.385 	 0.443018
12.39 	 0.443017
12.395 	 0.443017
12.4 	 0.443017
12.405 	 0.443016
12.41 	 0.443016
12.415 	 0.443016
12.42 	 0.443016
12.425 	 0.443015
12.43 	 0.443015
12.435 	 0.443015
12.44 	 0.443014
12.445 	 0.443014
12.45 	 0.443014
12.455 	 0.443014
12.46 	 0.443013
12.465 	 0.443013
12.47 	 0.443013
12.475 	 0.443012
12.48 	 0.443012
12.485 	 0.443012
12.49 	 0.443012
12.495 	 0.443011
12.5 	 0.443011
12.505 	 0.443011
12.51 	 0.44301
12.515 	 0.44301
12.52 	 0.44301
12.525 	 0.443009
12.53 	 0.443009
12.535 	 0.443009
12.54 	 0.443009
12.545 	 0.443008
12.55 	 0.443008
12.555 	 0.443008
12.56 	 0.443007
12.565 	 0.443007
12.57 	 0.443007
12.575 	 0.443007
12.58 	 0.443006
12.585 	 0.443006
12.59 	 0.443006
12.595 	 0.443005
12.6 	 0.443005
12.605 	 0.443005
12.61 	 0.443005
12.615 	 0.443004
12.62 	 0.443004
12.625 	 0.443004
12.63 	 0.443003
12.635 	 0.443003
12.64 	 0.443003
12.645 	 0.443003
12.65 	 0.443002
12.655 	 0.443002
12.66 	 0.443002
12.665 	 0.443001
12.67 	 0.443001
12.675 	 0.443001
12.68 	 0.443
12.685 	 0.443
12.69 	 0.443
12.695 	 0.443
12.7 	 0.442999
12.705 	 0.442999
12.71 	 0.442999
12.715 	 0.442998
12.72 	 0.442998
12.725 	 0.442998
12.73 	 0.442998
12.735 	 0.442997
12.74 	 0.442997
12.745 	 0.442997
12.75 	 0.442996
12.755 	 0.442996
12.76 	 0.442996
12.765 	 0.442996
12.77 	 0.442995
12.775 	 0.442995
12.78 	 0.442995
12.785 	 0.442994
12.79 	 0.442994
12.795 	 0.442994
12.8 	 0.442994
12.805 	 0.442993
12.81 	 0.442993
12.815 	 0.442993
12.82 	 0.442992
12.825 	 0.442992
12.83 	 0.442992
12.835 	 0.442992
12.84 	 0.442991
12.845 	 0.442991
12.85 	 0.442991
12.855 	 0.44299
12.86 	 0.44299
12.865 	 0.44299
12.87 	 0.44299
12.875 	 0.442989
12.88 	 0.442989
12.885 	 0.442989
12.89 	 0.442988
12.895 	 0.442988
12.9 	 0.442988
12.905 	 0.442988
12.91 	 0.442987
12.915 	 0.442987
12.92 	 0.442987
12.925 	 0.442986
12.93 	 0.442986
12.935 	 0.442986
12.94 	 0.442986
12.945 	 0.442985
12.95 	 0.442985
12.955 	 0.442985
12.96 	 0.442984
12.965 	 0.442984
12.97 	 0.442984
12.975 	 0.442984
12.98 	 0.442983
12.985 	 0.442983
12.99 	 0.442983
12.995 	 0.442982
13 	 0.442982
13.005 	 0.442982
13.01 	 0.442982
13.015 	 0.442981
13.02 	 0.442981
13.025 	 0.442981
13.03 	 0.44298
13.035 	 0.44298
13.04 	 0.44298
13.045 	 0.44298
13.05 	 0.442979
13.055 	 0.442979
13.06 	 0.442979
13.065 	 0.442979
13.07 	 0.442978
13.075 	 0.442978
13.08 	 0.442978
13.085 	 0.442977
13.09 	 0.442977
13.095 	 0.442977
13.1 	 0.442977
13.105 	 0.442976
13.11 	 0.442976
13.115 	 0.442976
13.12 	 0.442975
13.125 	 0.442975
13.13 	 0.442975
13.135 	 0.442975
13.14 	 0.442974
13.145 	 0.442974
13.15 	 0.442974
13.155 	 0.442973
13.16 	 0.442973
13.165 	 0.442973
13.17 	 0.442973
13.175 	 0.442972
13.18 	 0.442972
13.185 	 0.442972
13.19 	 0.442971
13.195 	 0.442971
13.2 	 0.442971
13.205 	 0.442971
13.21 	 0.44297
13.215 	 0.44297
13.22 	 0.44297
13.225 	 0.44297
13.23 	 0.442969
13.235 	 0.442969
13.24 	 0.442969
13.245 	 0.442968
13.25 	 0.442968
13.255 	 0.442968
13.26 	 0.442968
13.265 	 0.442967
13.27 	 0.442967
13.275 	 0.442967
13.28 	 0.442966
13.285 	 0.442966
13.29 	 0.442966
13.295 	 0.442966
13.3 	 0.442965
13.305 	 0.442965
13.31 	 0.442965
13.315 	 0.442964
13.32 	 0.442964
13.325 	 0.442964
13.33 	 0.442964
13.335 	 0.442963
13.34 	 0.442963
13.345 	 0.442963
13.35 	 0.442963
13.355 	 0.442962
13.36 	 0.442962
13.365 	 0.442962
13.37 	 0.442961
13.375 	 0.442961
13.38 	 0.442961
13.385 	 0.442961
13.39 	 0.44296
13.395 	 0.44296
13.4 	 0.44296
13.405 	 0.442959
13.41 	 0.442959
13.415 	 0.442959
13.42 	 0.442959
13.425 	 0.442958
13.43 	 0.442958
13.435 	 0.442958
13.44 	 0.442958
13.445 	 0.442957
13.45 	 0.442957
13.455 	 0.442957
13.46 	 0.442956
13.465 	 0.442956
13.47 	 0.442956
13.475 	 0.442956
13.48 	 0.442955
13.485 	 0.442955
13.49 	 0.442955
13.495 	 0.442955
13.5 	 0.442954
13.505 	 0.442954
13.51 	 0.442954
13.515 	 0.442953
13.52 	 0.442953
13.525 	 0.442953
13.53 	 0.442953
13.535 	 0.442952
13.54 	 0.442952
13.545 	 0.442952
13.55 	 0.442951
13.555 	 0.442951
13.56 	 0.442951
13.565 	 0.442951
13.57 	 0.44295
13.575 	 0.44295
13.58 	 0.44295
13.585 	 0.44295
13.59 	 0.442949
13.595 	 0.442949
13.6 	 0.442949
13.605 	 0.442948
13.61 	 0.442948
13.615 	 0.442948
13.62 	 0.442948
13.625 	 0.442947
13.63 	 0.442947
13.635 	 0.442947
13.64 	 0.442947
13.645 	 0.442946
13.65 	 0.442946
13.655 	 0.442946
13.66 	 0.442945
13.665 	 0.442945
13.67 	 0.442945
13.675 	 0.442945
13.68 	 0.442944
13.685 	 0.442944
13.69 	 0.442944
13.695 	 0.442944
13.7 	 0.442943
13.705 	 0.442943
13.71 	 0.442943
13.715 	 0.442942
13.72 	 0.442942
13.725 	 0.442942
13.73 	 0.442942
13.735 	 0.442941
13.74 	 0.442941
13.745 	 0.442941
13.75 	 0.442941
13.755 	 0.44294
13.76 	 0.44294
13.765 	 0.44294
13.77 	 0.442939
13.775 	 0.442939
13.78 	 0.442939
13.785 	 0.442939
13.79 	 0.442938
13.795 	 0.442938
13.8 	 0.442938
13.805 	 0.442938
13.81 	 0.442937
13.815 	 0.442937
13.82 	 0.442937
13.825 	 0.442937
13.83 	 0.442936
13.835 	 0.442936
13.84 	 0.442936
13.845 	 0.442935
13.85 	 0.442935
13.855 	 0.442935
13.86 	 0.442935
13.865 	 0.442934
13.87 	 0.442934
13.875 	 0.442934
13.88 	 0.442934
13.885 	 0.442933
13.89 	 0.442933
13.895 	 0.442933
13.9 	 0.442932
13.905 	 0.442932
13.91 	 0.442932
13.915 	 0.442932
13.92 	 0.442931
13.925 	 0.442931
13.93 	 0.442931
13.935 	 0.442931
13.94 	 0.44293
13.945 	 0.44293
13.95 	 0.44293
13.955 	 0.442929
13.96 	 0.442929
13.965 	 0.442929
13.97 	 0.442929
13.975 	 0.442928
13.98 	 0.442928
13.985 	 0.442928
13.99 	 0.442928
13.995 	 0.442927
14 	 0.442927
14.005 	 0.442927
14.01 	 0.442927
14.015 	 0.442926
14.02 	 0.442926
14.025 	 0.442926
14.03 	 0.442925
14.035 	 0.442925
14.04 	 0.442925
14.045 	 0.442925
14.05 	 0.442924
14.055 	 0.442924
14.06 	 0.442924
14.065 	 0.442924
14.07 	 0.442923
14.075 	 0.442923
14.08 	 0.442923
14.085 	 0.442923
14.09 	 0.442922
14.095 	 0.442922
14.1 	 0.442922
14.105 	 0.442921
14.11 	 0.442921
14.115 	 0.442921
14.12 	 0.442921
14.125 	 0.44292
14.13 	 0.44292
14.135 	 0.44292
14.14 	 0.44292
14.145 	 0.442919
14.15 	 0.442919
14.155 	 0.442919
14.16 	 0.442919
14.165 	 0.442918
14.17 	 0.442918
14.175 	 0.442918
14.18 	 0.442917
14.185 	 0.442917
14.19 	 0.442917
14.195 	 0.442917
14.2 	 0.442916
14.205 	 0.442916
14.21 	 0.442916
14.215 	 0.442916
14.22 	 0.442915
14.225 	 0.442915
14.23 	 0.442915
14.235 	 0.442915
14.24 	 0.442914
14.245 	 0.442914
14.25 	 0.442914
14.255 	 0.442914
14.26 	 0.442913
14.265 	 0.442913
14.27 	 0.442913
14.275 	 0.442912
14.28 	 0.442912
14.285 	 0.442912
14.29 	 0.442912
14.295 	 0.442911
14.3 	 0.442911
14.305 	 0.442911
14.31 	 0.442911
14.315 	 0.44291
14.32 	 0.44291
14.325 	 0.44291
14.33 	 0.44291
14.335 	 0.442909
14.34 	 0.442909
14.345 	 0.442909
14.35 	 0.442909
14.355 	 0.442908
14.36 	 0.442908
14.365 	 0.442908
14.37 	 0.442907
14.375 	 0.442907
14.38 	 0.442907
14.385 	 0.442907
14.39 	 0.442906
14.395 	 0.442906
14.4 	 0.442906
14.405 	 0.442906
14.41 	 0.442905
14.415 	 0.442905
14.42 	 0.442905
14.425 	 0.442905
14.43 	 0.442904
14.435 	 0.442904
14.44 	 0.442904
14.445 	 0.442904
14.45 	 0.442903
14.455 	 0.442903
14.46 	 0.442903
14.465 	 0.442902
14.47 	 0.442902
14.475 	 0.442902
14.48 	 0.442902
14.485 	 0.442901
14.49 	 0.442901
14.495 	 0.442901
14.5 	 0.442901
14.505 	 0.4429
14.51 	 0.4429
14.515 	 0.4429
14.52 	 0.4429
14.525 	 0.442899
14.53 	 0.442899
14.535 	 0.442899
14.54 	 0.442899
14.545 	 0.442898
14.55 	 0.442898
14.555 	 0.442898
14.56 	 0.442898
14.565 	 0.442897
14.57 	 0.442897
14.575 	 0.442897
14.58 	 0.442896
14.585 	 0.442896
14.59 	 0.442896
14.595 	 0.442896
14.6 	 0.442895
14.605 	 0.442895
14.61 	 0.442895
14.615 	 0.442895
14.62 	 0.442894
14.625 	 0.442894
14.63 	 0.442894
14.635 	 0.442894
14.64 	 0.442893
14.645 	 0.442893
14.65 	 0.442893
14.655 	 0.442893
14.66 	 0.442892
14.665 	 0.442892
14.67 	 0.442892
14.675 	 0.442892
14.68 	 0.442891
14.685 	 0.442891
14.69 	 0.442891
14.695 	 0.442891
14.7 	 0.44289
14.705 	 0.44289
14.71 	 0.44289
14.715 	 0.442889
14.72 	 0.442889
14.725 	 0.442889
14.73 	 0.442889
14.735 	 0.442888
14.74 	 0.442888
14.745 	 0.442888
14.75 	 0.442888
14.755 	 0.442887
14.76 	 0.442887
14.765 	 0.442887
14.77 	 0.442887
14.775 	 0.442886
14.78 	 0.442886
14.785 	 0.442886
14.79 	 0.442886
14.795 	 0.442885
14.8 	 0.442885
14.805 	 0.442885
14.81 	 0.442885
14.815 	 0.442884
14.82 	 0.442884
14.825 	 0.442884
14.83 	 0.442884
14.835 	 0.442883
14.84 	 0.442883
14.845 	 0.442883
14.85 	 0.442883
14.855 	 0.442882
14.86 	 0.442882
14.865 	 0.442882
14.87 	 0.442882
14.875 	 0.442881
14.88 	 0.442881
14.885 	 0.442881
14.89 	 0.44288
14.895 	 0.44288
14.9 	 0.44288
14.905 	 0.44288
14.91 	 0.442879
14.915 	 0.442879
14.92 	 0.442879
14.925 	 0.442879
14.93 	 0.442878
14.935 	 0.442878
14.94 	 0.442878
14.945 	 0.442878
14.95 	 0.442877
14.955 	 0.442877
14.96 	 0.442877
14.965 	 0.442877
14.97 	 0.442876
14.975 	 0.442876
14.98 	 0.442876
14.985 	 0.442876
14.99 	 0.442875
14.995 	 0.442875
15 	 0.442875
15.005 	 0.442875
15.01 	 0.442874
15.015 	 0.442874
15.02 	 0.442874
15.025 	 0.442874
15.03 	 0.442873
15.035 	 0.442873
15.04 	 0.442873
15.045 	 0.442873
15.05 	 0.442872
15.055 	 0.442872
15.06 	 0.442872
15.065 	 0.442872
15.07 	 0.442871
15.075 	 0.442871
15.08 	 0.442871
15.085 	 0.442871
15.09 	 0.44287
15.095 	 0.44287
15.1 	 0.44287
15.105 	 0.44287
15.11 	 0.442869
15.115 	 0.442869
15.12 	 0.442869
15.125 	 0.442869
15.13 	 0.442868
15.135 	 0.442868
15.14 	 0.442868
15.145 	 0.442868
15.15 	 0.442867
15.155 	 0.442867
15.16 	 0.442867
15.165 	 0.442867
15.17 	 0.442866
15.175 	 0.442866
15.18 	 0.442866
15.185 	 0.442866
15.19 	 0.442865
15.195 	 0.442865
15.2 	 0.442865
15.205 	 0.442864
15.21 	 0.442864
15.215 	 0.442864
15.22 	 0.442864
15.225 	 0.442863
15.23 	 0.442863
15.235 	 0.442863
15.24 	 0.442863
15.245 	 0.442862
15.25 	 0.442862
15.255 	 0.442862
15.26 	 0.442862
15.265 	 0.442861
15.27 	 0.442861
15.275 	 0.442861
15.28 	 0.442861
15.285 	 0.44286
15.29 	 0.44286
15.295 	 0.44286
15.3 	 0.44286
15.305 	 0.442859
15.31 	 0.442859
15.315 	 0.442859
15.32 	 0.442859
15.325 	 0.442858
15.33 	 0.442858
15.335 	 0.442858
15.34 	 0.442858
15.345 	 0.442857
15.35 	 0.442857
15.355 	 0.442857
15.36 	 0.442857
15.365 	 0.442856
15.37 	 0.442856
15.375 	 0.442856
15.38 	 0.442856
15.385 	 0.442855
15.39 	 0.442855
15.395 	 0.442855
15.4 	 0.442855
15.405 	 0.442854
15.41 	 0.442854
15.415 	 0.442854
15.42 	 0.442854
15.425 	 0.442853
15.43 	 0.442853
15.435 	 0.442853
15.44 	 0.442853
15.445 	 0.442852
15.45 	 0.442852
15.455 	 0.442852
15.46 	 0.442852
15.465 	 0.442851
15.47 	 0.442851
15.475 	 0.442851
15.48 	 0.442851
15.485 	 0.44285
15.49 	 0.44285
15.495 	 0.44285
15.5 	 0.44285
15.505 	 0.442849
15.51 	 0.442849
15.515 	 0.442849
15.52 	 0.442849
15.525 	 0.442849
15.53 	 0.442848
15.535 	 0.442848
15.54 	 0.442848
15.545 	 0.442848
15.55 	 0.442847
15.555 	 0.442847
15.56 	 0.442847
15.565 	 0.442847
15.57 	 0.442846
15.575 	 0.442846
15.58 	 0.442846
15.585 	 0.442846
15.59 	 0.442845
15.595 	 0.442845
15.6 	 0.442845
15.605 	 0.442845
15.61 	 0.442844
15.615 	 0.442844
15.62 	 0.442844
15.625 	 0.442844
15.63 	 0.442843
15.635 	 0.442843
15.64 	 0.442843
15.645 	 0.442843
15.65 	 0.442842
15.655 	 0.442842
15.66 	 0.442842
15.665 	 0.442842
15.67 	 0.442841
15.675 	 0.442841
15.68 	 0.442841
15.685 	 0.442841
15.69 	 0.44284
15.695 	 0.44284
15.7 	 0.44284
15.705 	 0.44284
15.71 	 0.442839
15.715 	 0.442839
15.72 	 0.442839
15.725 	 0.442839
15.73 	 0.442838
15.735 	 0.442838
15.74 	 0.442838
15.745 	 0.442838
15.75 	 0.442837
15.755 	 0.442837
15.76 	 0.442837
15.765 	 0.442837
15.77 	 0.442836
15.775 	 0.442836
15.78 	 0.442836
15.785 	 0.442836
15.79 	 0.442835
15.795 	 0.442835
15.8 	 0.442835
15.805 	 0.442835
15.81 	 0.442834
15.815 	 0.442834
15.82 	 0.442834
15.825 	 0.442834
15.83 	 0.442833
15.835 	 0.442833
15.84 	 0.442833
15.845 	 0.442833
15.85 	 0.442833
15.855 	 0.442832
15.86 	 0.442832
15.865 	 0.442832
15.87 	 0.442832
15.875 	 0.442831
15.88 	 0.442831
15.885 	 0.442831
15.89 	 0.442831
15.895 	 0.44283
15.9 	 0.44283
15.905 	 0.44283
15.91 	 0.44283
15.915 	 0.442829
15.92 	 0.442829
15.925 	 0.442829
15.93 	 0.442829
15.935 	 0.442828
15.94 	 0.442828
15.945 	 0.442828
15.95 	 0.442828
15.955 	 0.442827
15.96 	 0.442827
15.965 	 0.442827
15.97 	 0.442827
15.975 	 0.442826
15.98 	 0.442826
15.985 	 0.442826
15.99 	 0.442826
15.995 	 0.442825
16 	 0.442825
16.005 	 0.442825
16.01 	 0.442825
16.015 	 0.442824
16.02 	 0.442824
16.025 	 0.442824
16.03 	 0.442824
16.035 	 0.442824
16.04 	 0.442824
16.045 	 0.442823
16.05 	 0.442823
16.055 	 0.442823
16.06 	 0.442823
16.065 	 0.442822
16.07 	 0.442822
16.075 	 0.442822
16.08 	 0.442821
16.085 	 0.442821
16.09 	 0.442821
16.095 	 0.442821
16.1 	 0.44282
16.105 	 0.44282
16.11 	 0.44282
16.115 	 0.44282
16.12 	 0.442819
16.125 	 0.442819
16.13 	 0.442819
16.135 	 0.442819
16.14 	 0.442818
16.145 	 0.442818
16.15 	 0.442818
16.155 	 0.442818
16.16 	 0.442817
16.165 	 0.442817
16.17 	 0.442817
16.175 	 0.442817
16.18 	 0.442817
16.185 	 0.442817
16.19 	 0.442816
16.195 	 0.442816
16.2 	 0.442816
16.205 	 0.442815
16.21 	 0.442815
16.215 	 0.442815
16.22 	 0.442815
16.225 	 0.442814
16.23 	 0.442814
16.235 	 0.442814
16.24 	 0.442814
16.245 	 0.442813
16.25 	 0.442813
16.255 	 0.442813
16.26 	 0.442813
16.265 	 0.442812
16.27 	 0.442812
16.275 	 0.442812
16.28 	 0.442812
16.285 	 0.442811
16.29 	 0.442811
16.295 	 0.442811
16.3 	 0.442811
16.305 	 0.442811
16.31 	 0.442811
16.315 	 0.44281
16.32 	 0.44281
16.325 	 0.44281
16.33 	 0.442809
16.335 	 0.442809
16.34 	 0.442809
16.345 	 0.442809
16.35 	 0.442808
16.355 	 0.442808
16.36 	 0.442808
16.365 	 0.442808
16.37 	 0.442807
16.375 	 0.442807
16.38 	 0.442807
16.385 	 0.442807
16.39 	 0.442806
16.395 	 0.442806
16.4 	 0.442806
16.405 	 0.442806
16.41 	 0.442806
16.415 	 0.442806
16.42 	 0.442805
16.425 	 0.442805
16.43 	 0.442805
16.435 	 0.442805
16.44 	 0.442804
16.445 	 0.442804
16.45 	 0.442804
16.455 	 0.442803
16.46 	 0.442803
16.465 	 0.442803
16.47 	 0.442803
16.475 	 0.442802
16.48 	 0.442802
16.485 	 0.442802
16.49 	 0.442802
16.495 	 0.442802
16.5 	 0.442801
16.505 	 0.442801
16.51 	 0.442801
16.515 	 0.442801
16.52 	 0.4428
16.525 	 0.4428
16.53 	 0.4428
16.535 	 0.4428
16.54 	 0.4428
16.545 	 0.442799
16.55 	 0.442799
16.555 	 0.442799
16.56 	 0.442799
16.565 	 0.442798
16.57 	 0.442798
16.575 	 0.442798
16.58 	 0.442797
16.585 	 0.442797
16.59 	 0.442797
16.595 	 0.442797
16.6 	 0.442797
16.605 	 0.442796
16.61 	 0.442796
16.615 	 0.442796
16.62 	 0.442796
16.625 	 0.442795
16.63 	 0.442795
16.635 	 0.442795
16.64 	 0.442795
16.645 	 0.442794
16.65 	 0.442794
16.655 	 0.442794
16.66 	 0.442794
16.665 	 0.442794
16.67 	 0.442793
16.675 	 0.442793
16.68 	 0.442793
16.685 	 0.442793
16.69 	 0.442792
16.695 	 0.442792
16.7 	 0.442792
16.705 	 0.442792
16.71 	 0.442791
16.715 	 0.442791
16.72 	 0.442791
16.725 	 0.442791
16.73 	 0.44279
16.735 	 0.44279
16.74 	 0.44279
16.745 	 0.44279
16.75 	 0.442789
16.755 	 0.442789
16.76 	 0.442789
16.765 	 0.442789
16.77 	 0.442789
16.775 	 0.442789
16.78 	 0.442788
16.785 	 0.442788
16.79 	 0.442788
16.795 	 0.442787
16.8 	 0.442787
16.805 	 0.442787
16.81 	 0.442787
16.815 	 0.442786
16.82 	 0.442786
16.825 	 0.442786
16.83 	 0.442786
16.835 	 0.442786
16.84 	 0.442785
16.845 	 0.442785
16.85 	 0.442785
16.855 	 0.442785
16.86 	 0.442784
16.865 	 0.442784
16.87 	 0.442784
16.875 	 0.442784
16.88 	 0.442784
16.885 	 0.442783
16.89 	 0.442783
16.895 	 0.442783
16.9 	 0.442783
16.905 	 0.442782
16.91 	 0.442782
16.915 	 0.442782
16.92 	 0.442782
16.925 	 0.442781
16.93 	 0.442781
16.935 	 0.442781
16.94 	 0.442781
16.945 	 0.44278
16.95 	 0.44278
16.955 	 0.44278
16.96 	 0.44278
16.965 	 0.442779
16.97 	 0.442779
16.975 	 0.442779
16.98 	 0.442779
16.985 	 0.442779
16.99 	 0.442778
16.995 	 0.442778
17 	 0.442778
17.005 	 0.442778
17.01 	 0.442777
17.015 	 0.442777
17.02 	 0.442777
17.025 	 0.442777
17.03 	 0.442776
17.035 	 0.442776
17.04 	 0.442776
17.045 	 0.442776
17.05 	 0.442776
17.055 	 0.442775
17.06 	 0.442775
17.065 	 0.442775
17.07 	 0.442775
17.075 	 0.442774
17.08 	 0.442774
17.085 	 0.442774
17.09 	 0.442774
17.095 	 0.442774
17.1 	 0.442773
17.105 	 0.442773
17.11 	 0.442773
17.115 	 0.442773
17.12 	 0.442772
17.125 	 0.442772
17.13 	 0.442772
17.135 	 0.442772
17.14 	 0.442771
17.145 	 0.442771
17.15 	 0.442771
17.155 	 0.442771
17.16 	 0.44277
17.165 	 0.44277
17.17 	 0.44277
17.175 	 0.44277
17.18 	 0.44277
17.185 	 0.44277
17.19 	 0.442769
17.195 	 0.442769
17.2 	 0.442769
17.205 	 0.442768
17.21 	 0.442768
17.215 	 0.442768
17.22 	 0.442768
17.225 	 0.442767
17.23 	 0.442767
17.235 	 0.442767
17.24 	 0.442767
17.245 	 0.442767
17.25 	 0.442766
17.255 	 0.442766
17.26 	 0.442766
17.265 	 0.442766
17.27 	 0.442765
17.275 	 0.442765
17.28 	 0.442765
17.285 	 0.442765
17.29 	 0.442765
17.295 	 0.442764
17.3 	 0.442764
17.305 	 0.442764
17.31 	 0.442764
17.315 	 0.442763
17.32 	 0.442763
17.325 	 0.442763
17.33 	 0.442763
17.335 	 0.442762
17.34 	 0.442762
17.345 	 0.442762
17.35 	 0.442762
17.355 	 0.442762
17.36 	 0.442761
17.365 	 0.442761
17.37 	 0.442761
17.375 	 0.442761
17.38 	 0.442761
17.385 	 0.44276
17.39 	 0.44276
17.395 	 0.44276
17.4 	 0.442759
17.405 	 0.442759
17.41 	 0.442759
17.415 	 0.442759
17.42 	 0.442759
17.425 	 0.442758
17.43 	 0.442758
17.435 	 0.442758
17.44 	 0.442758
17.445 	 0.442757
17.45 	 0.442757
17.455 	 0.442757
17.46 	 0.442757
17.465 	 0.442757
17.47 	 0.442757
17.475 	 0.442756
17.48 	 0.442756
17.485 	 0.442756
17.49 	 0.442755
17.495 	 0.442755
17.5 	 0.442755
17.505 	 0.442755
17.51 	 0.442754
17.515 	 0.442754
17.52 	 0.442754
17.525 	 0.442754
17.53 	 0.442754
17.535 	 0.442753
17.54 	 0.442753
17.545 	 0.442753
17.55 	 0.442753
17.555 	 0.442752
17.56 	 0.442752
17.565 	 0.442752
17.57 	 0.442752
17.575 	 0.442752
17.58 	 0.442751
17.585 	 0.442751
17.59 	 0.442751
17.595 	 0.442751
17.6 	 0.44275
17.605 	 0.44275
17.61 	 0.44275
17.615 	 0.44275
17.62 	 0.44275
17.625 	 0.442749
17.63 	 0.442749
17.635 	 0.442749
17.64 	 0.442749
17.645 	 0.442748
17.65 	 0.442748
17.655 	 0.442748
17.66 	 0.442748
17.665 	 0.442748
17.67 	 0.442747
17.675 	 0.442747
17.68 	 0.442747
17.685 	 0.442747
17.69 	 0.442746
17.695 	 0.442746
17.7 	 0.442746
17.705 	 0.442746
17.71 	 0.442745
17.715 	 0.442745
17.72 	 0.442745
17.725 	 0.442745
17.73 	 0.442745
17.735 	 0.442744
17.74 	 0.442744
17.745 	 0.442744
17.75 	 0.442744
17.755 	 0.442744
17.76 	 0.442743
17.765 	 0.442743
17.77 	 0.442743
17.775 	 0.442743
17.78 	 0.442742
17.785 	 0.442742
17.79 	 0.442742
17.795 	 0.442742
17.8 	 0.442741
17.805 	 0.442741
17.81 	 0.442741
17.815 	 0.442741
17.82 	 0.442741
17.825 	 0.44274
17.83 	 0.44274
17.835 	 0.44274
17.84 	 0.44274
17.845 	 0.44274
17.85 	 0.442739
17.855 	 0.442739
17.86 	 0.442739
17.865 	 0.442739
17.87 	 0.442738
17.875 	 0.442738
17.88 	 0.442738
17.885 	 0.442738
17.89 	 0.442737
17.895 	 0.442737
17.9 	 0.442737
17.905 	 0.442737
17.91 	 0.442737
17.915 	 0.442737
17.92 	 0.442736
17.925 	 0.442736
17.93 	 0.442736
17.935 	 0.442736
17.94 	 0.442735
17.945 	 0.442735
17.95 	 0.442735
17.955 	 0.442735
17.96 	 0.442734
17.965 	 0.442734
17.97 	 0.442734
17.975 	 0.442734
17.98 	 0.442733
17.985 	 0.442733
17.99 	 0.442733
17.995 	 0.442733
18 	 0.442733
18.005 	 0.442733
18.01 	 0.442732
18.015 	 0.442732
18.02 	 0.442732
18.025 	 0.442731
18.03 	 0.442731
18.035 	 0.442731
18.04 	 0.442731
18.045 	 0.442731
18.05 	 0.44273
18.055 	 0.44273
18.06 	 0.44273
18.065 	 0.44273
18.07 	 0.442729
18.075 	 0.442729
18.08 	 0.442729
18.085 	 0.442729
18.09 	 0.442729
18.095 	 0.442729
18.1 	 0.442728
18.105 	 0.442728
18.11 	 0.442728
18.115 	 0.442727
18.12 	 0.442727
18.125 	 0.442727
18.13 	 0.442727
18.135 	 0.442727
18.14 	 0.442726
18.145 	 0.442726
18.15 	 0.442726
18.155 	 0.442726
18.16 	 0.442725
18.165 	 0.442725
18.17 	 0.442725
18.175 	 0.442725
18.18 	 0.442725
18.185 	 0.442725
18.19 	 0.442724
18.195 	 0.442724
18.2 	 0.442724
18.205 	 0.442723
18.21 	 0.442723
18.215 	 0.442723
18.22 	 0.442723
18.225 	 0.442723
18.23 	 0.442722
18.235 	 0.442722
18.24 	 0.442722
18.245 	 0.442722
18.25 	 0.442721
18.255 	 0.442721
18.26 	 0.442721
18.265 	 0.442721
18.27 	 0.442721
18.275 	 0.44272
18.28 	 0.44272
18.285 	 0.44272
18.29 	 0.44272
18.295 	 0.44272
18.3 	 0.442719
18.305 	 0.442719
18.31 	 0.442719
18.315 	 0.442719
18.32 	 0.442718
18.325 	 0.442718
18.33 	 0.442718
18.335 	 0.442718
18.34 	 0.442718
18.345 	 0.442718
18.35 	 0.442717
18.355 	 0.442717
18.36 	 0.442717
18.365 	 0.442716
18.37 	 0.442716
18.375 	 0.442716
18.38 	 0.442716
18.385 	 0.442716
18.39 	 0.442715
18.395 	 0.442715
18.4 	 0.442715
18.405 	 0.442715
18.41 	 0.442714
18.415 	 0.442714
18.42 	 0.442714
18.425 	 0.442714
18.43 	 0.442714
18.435 	 0.442714
18.44 	 0.442713
18.445 	 0.442713
18.45 	 0.442713
18.455 	 0.442713
18.46 	 0.442712
18.465 	 0.442712
18.47 	 0.442712
18.475 	 0.442712
18.48 	 0.442711
18.485 	 0.442711
18.49 	 0.442711
18.495 	 0.442711
18.5 	 0.442711
18.505 	 0.442711
18.51 	 0.44271
18.515 	 0.44271
18.52 	 0.44271
18.525 	 0.442709
18.53 	 0.442709
18.535 	 0.442709
18.54 	 0.442709
18.545 	 0.442709
18.55 	 0.442708
18.555 	 0.442708
18.56 	 0.442708
18.565 	 0.442708
18.57 	 0.442708
18.575 	 0.442707
18.58 	 0.442707
18.585 	 0.442707
18.59 	 0.442707
18.595 	 0.442707
18.6 	 0.442706
18.605 	 0.442706
18.61 	 0.442706
18.615 	 0.442706
18.62 	 0.442705
18.625 	 0.442705
18.63 	 0.442705
18.635 	 0.442705
18.64 	 0.442705
18.645 	 0.442704
18.65 	 0.442704
18.655 	 0.442704
18.66 	 0.442704
18.665 	 0.442704
18.67 	 0.442703
18.675 	 0.442703
18.68 	 0.442703
18.685 	 0.442703
18.69 	 0.442702
18.695 	 0.442702
18.7 	 0.442702
18.705 	 0.442702
18.71 	 0.442701
18.715 	 0.442701
18.72 	 0.442701
18.725 	 0.442701
18.73 	 0.442701
18.735 	 0.4427
18.74 	 0.4427
18.745 	 0.4427
18.75 	 0.4427
18.755 	 0.4427
18.76 	 0.442699
18.765 	 0.442699
18.77 	 0.442699
18.775 	 0.442699
18.78 	 0.442698
18.785 	 0.442698
18.79 	 0.442698
18.795 	 0.442698
18.8 	 0.442698
18.805 	 0.442697
18.81 	 0.442697
18.815 	 0.442697
18.82 	 0.442697
18.825 	 0.442697
18.83 	 0.442696
18.835 	 0.442696
18.84 	 0.442696
18.845 	 0.442696
18.85 	 0.442695
18.855 	 0.442695
18.86 	 0.442695
18.865 	 0.442695
18.87 	 0.442695
18.875 	 0.442694
18.88 	 0.442694
18.885 	 0.442694
18.89 	 0.442694
18.895 	 0.442694
18.9 	 0.442693
18.905 	 0.442693
18.91 	 0.442693
18.915 	 0.442693
18.92 	 0.442692
18.925 	 0.442692
18.93 	 0.442692
18.935 	 0.442692
18.94 	 0.442692
18.945 	 0.442691
18.95 	 0.442691
18.955 	 0.442691
18.96 	 0.442691
18.965 	 0.442691
18.97 	 0.442691
18.975 	 0.44269
18.98 	 0.44269
18.985 	 0.44269
18.99 	 0.442689
18.995 	 0.442689
19 	 0.442689
19.005 	 0.442689
19.01 	 0.442689
19.015 	 0.442688
19.02 	 0.442688
19.025 	 0.442688
19.03 	 0.442688
19.035 	 0.442688
19.04 	 0.442688
19.045 	 0.442687
19.05 	 0.442687
19.055 	 0.442687
19.06 	 0.442687
19.065 	 0.442686
19.07 	 0.442686
19.075 	 0.442686
19.08 	 0.442686
19.085 	 0.442685
19.09 	 0.442685
19.095 	 0.442685
19.1 	 0.442685
19.105 	 0.442685
19.11 	 0.442684
19.115 	 0.442684
19.12 	 0.442684
19.125 	 0.442684
19.13 	 0.442684
19.135 	 0.442683
19.14 	 0.442683
19.145 	 0.442683
19.15 	 0.442683
19.155 	 0.442682
19.16 	 0.442682
19.165 	 0.442682
19.17 	 0.442682
19.175 	 0.442682
19.18 	 0.442681
19.185 	 0.442681
19.19 	 0.442681
19.195 	 0.442681
19.2 	 0.442681
19.205 	 0.44268
19.21 	 0.44268
19.215 	 0.44268
19.22 	 0.44268
19.225 	 0.44268
19.23 	 0.442679
19.235 	 0.442679
19.24 	 0.442679
19.245 	 0.442679
19.25 	 0.442678
19.255 	 0.442678
19.26 	 0.442678
19.265 	 0.442678
19.27 	 0.442678
19.275 	 0.442677
19.28 	 0.442677
19.285 	 0.442677
19.29 	 0.442677
19.295 	 0.442677
19.3 	 0.442676
19.305 	 0.442676
19.31 	 0.442676
19.315 	 0.442676
19.32 	 0.442676
19.325 	 0.442675
19.33 	 0.442675
19.335 	 0.442675
19.34 	 0.442675
19.345 	 0.442675
19.35 	 0.442674
19.355 	 0.442674
19.36 	 0.442674
19.365 	 0.442674
19.37 	 0.442673
19.375 	 0.442673
19.38 	 0.442673
19.385 	 0.442673
19.39 	 0.442673
19.395 	 0.442672
19.4 	 0.442672
19.405 	 0.442672
19.41 	 0.442672
19.415 	 0.442672
19.42 	 0.442671
19.425 	 0.442671
19.43 	 0.442671
19.435 	 0.442671
19.44 	 0.44267
19.445 	 0.44267
19.45 	 0.44267
19.455 	 0.44267
19.46 	 0.44267
19.465 	 0.442669
19.47 	 0.442669
19.475 	 0.442669
19.48 	 0.442669
19.485 	 0.442669
19.49 	 0.442668
19.495 	 0.442668
19.5 	 0.442668
19.505 	 0.442668
19.51 	 0.442668
19.515 	 0.442667
19.52 	 0.442667
19.525 	 0.442667
19.53 	 0.442667
19.535 	 0.442667
19.54 	 0.442667
19.545 	 0.442666
19.55 	 0.442666
19.555 	 0.442666
19.56 	 0.442666
19.565 	 0.442665
19.57 	 0.442665
19.575 	 0.442665
19.58 	 0.442665
19.585 	 0.442664
19.59 	 0.442664
19.595 	 0.442664
19.6 	 0.442664
19.605 	 0.442664
19.61 	 0.442663
19.615 	 0.442663
19.62 	 0.442663
19.625 	 0.442663
19.63 	 0.442663
19.635 	 0.442662
19.64 	 0.442662
19.645 	 0.442662
19.65 	 0.442662
19.655 	 0.442662
19.66 	 0.442661
19.665 	 0.442661
19.67 	 0.442661
19.675 	 0.442661
19.68 	 0.44266
19.685 	 0.44266
19.69 	 0.44266
19.695 	 0.44266
19.7 	 0.44266
19.705 	 0.442659
19.71 	 0.442659
19.715 	 0.442659
19.72 	 0.442659
19.725 	 0.442659
19.73 	 0.442658
19.735 	 0.442658
19.74 	 0.442658
19.745 	 0.442658
19.75 	 0.442658
19.755 	 0.442658
19.76 	 0.442657
19.765 	 0.442657
19.77 	 0.442657
19.775 	 0.442657
19.78 	 0.442656
19.785 	 0.442656
19.79 	 0.442656
19.795 	 0.442656
19.8 	 0.442656
19.805 	 0.442655
19.81 	 0.442655
19.815 	 0.442655
19.82 	 0.442655
19.825 	 0.442654
19.83 	 0.442654
19.835 	 0.442654
19.84 	 0.442654
19.845 	 0.442654
19.85 	 0.442653
19.855 	 0.442653
19.86 	 0.442653
19.865 	 0.442653
19.87 	 0.442653
19.875 	 0.442652
19.88 	 0.442652
19.885 	 0.442652
19.89 	 0.442652
19.895 	 0.442652
19.9 	 0.442651
19.905 	 0.442651
19.91 	 0.442651
19.915 	 0.442651
19.92 	 0.442651
19.925 	 0.44265
19.93 	 0.44265
19.935 	 0.44265
19.94 	 0.44265
19.945 	 0.44265
19.95 	 0.442649
19.955 	 0.442649
19.96 	 0.442649
19.965 	 0.442649
19.97 	 0.442649
19.975 	 0.442648
19.98 	 0.442648
19.985 	 0.442648
19.99 	 0.442648
19.995 	 0.442647
20 	 0.442647
