0.05 	 0.430437
0.1 	 0.429705
0.15 	 0.42917
0.2 	 0.428744
0.25 	 0.428388
0.3 	 0.42808
0.35 	 0.427807
0.4 	 0.427561
0.45 	 0.427337
0.5 	 0.42713
0.55 	 0.426938
0.6 	 0.426759
0.65 	 0.42659
0.7 	 0.426431
0.75 	 0.426281
0.8 	 0.426137
0.85 	 0.426001
0.9 	 0.42587
0.95 	 0.425744
1 	 0.425624
1.05 	 0.425508
1.1 	 0.425396
1.15 	 0.425288
1.2 	 0.425183
1.25 	 0.425081
1.3 	 0.424983
1.35 	 0.424887
1.4 	 0.424794
1.45 	 0.424704
1.5 	 0.424616
1.55 	 0.42453
1.6 	 0.424446
1.65 	 0.424364
1.7 	 0.424284
1.75 	 0.424206
1.8 	 0.424129
1.85 	 0.424054
1.9 	 0.423981
1.95 	 0.423909
2 	 0.423838
2.05 	 0.423769
2.1 	 0.423701
2.15 	 0.423701
2.2 	 0.423568
2.25 	 0.423504
2.3 	 0.42344
2.35 	 0.423378
2.4 	 0.423316
2.45 	 0.423256
2.5 	 0.423196
2.55 	 0.423138
2.6 	 0.42308
2.65 	 0.423023
2.7 	 0.422967
2.75 	 0.422912
2.8 	 0.422857
2.85 	 0.422803
2.9 	 0.42275
2.95 	 0.422698
3 	 0.422646
3.05 	 0.422595
3.1 	 0.422544
3.15 	 0.422494
3.2 	 0.422445
3.25 	 0.422396
3.3 	 0.422348
3.35 	 0.422301
3.4 	 0.422253
3.45 	 0.422207
3.5 	 0.422161
3.55 	 0.422115
3.6 	 0.42207
3.65 	 0.422026
3.7 	 0.421982
3.75 	 0.421938
3.8 	 0.421895
3.85 	 0.421852
3.9 	 0.421809
3.95 	 0.421767
4 	 0.421726
4.05 	 0.421726
4.1 	 0.421644
4.15 	 0.421604
4.2 	 0.421563
4.25 	 0.421524
4.3 	 0.421524
4.35 	 0.421445
4.4 	 0.421407
4.45 	 0.421368
4.5 	 0.42133
4.55 	 0.42133
4.6 	 0.421255
4.65 	 0.421218
4.7 	 0.421182
4.75 	 0.421145
4.8 	 0.421109
4.85 	 0.421073
4.9 	 0.421038
4.95 	 0.421002
5 	 0.420967
5.05 	 0.420932
5.1 	 0.420898
5.15 	 0.420864
5.2 	 0.42083
5.25 	 0.420796
5.3 	 0.420762
5.35 	 0.420729
5.4 	 0.420696
5.45 	 0.420663
5.5 	 0.420631
5.55 	 0.420598
5.6 	 0.420566
5.65 	 0.420534
5.7 	 0.420503
5.75 	 0.420471
5.8 	 0.42044
5.85 	 0.420409
5.9 	 0.420378
5.95 	 0.420347
6 	 0.420317
6.05 	 0.420286
6.1 	 0.420256
6.15 	 0.420226
6.2 	 0.420197
6.25 	 0.420167
6.3 	 0.420138
6.35 	 0.420108
6.4 	 0.420079
6.45 	 0.42005
6.5 	 0.420022
6.55 	 0.419993
6.6 	 0.419965
6.65 	 0.419937
6.7 	 0.419909
6.75 	 0.419881
6.8 	 0.419853
6.85 	 0.419825
6.9 	 0.419798
6.95 	 0.419771
7 	 0.419744
7.05 	 0.419717
7.1 	 0.41969
7.15 	 0.419663
7.2 	 0.419637
7.25 	 0.41961
7.3 	 0.419584
7.35 	 0.419558
7.4 	 0.419532
7.45 	 0.419506
7.5 	 0.41948
7.55 	 0.419454
7.6 	 0.419429
7.65 	 0.419404
7.7 	 0.419378
7.75 	 0.419353
7.8 	 0.419328
7.85 	 0.419303
7.9 	 0.419278
7.95 	 0.419254
8 	 0.419229
8.05 	 0.419205
8.1 	 0.419205
8.15 	 0.419156
8.2 	 0.419132
8.25 	 0.419108
8.3 	 0.419084
8.35 	 0.419084
8.4 	 0.419037
8.45 	 0.419013
8.5 	 0.41899
8.55 	 0.418966
8.6 	 0.418966
8.65 	 0.41892
8.7 	 0.418897
8.75 	 0.418874
8.8 	 0.418851
8.85 	 0.418851
8.9 	 0.418805
8.95 	 0.418783
9 	 0.41876
9.05 	 0.418738
9.1 	 0.418738
9.15 	 0.418693
9.2 	 0.418671
9.25 	 0.418649
9.3 	 0.418627
9.35 	 0.418627
9.4 	 0.418583
9.45 	 0.418562
9.5 	 0.41854
9.55 	 0.418518
9.6 	 0.418497
9.65 	 0.418476
9.7 	 0.418454
9.75 	 0.418433
9.8 	 0.418412
9.85 	 0.418391
9.9 	 0.41837
9.95 	 0.418349
10 	 0.418328
10.05 	 0.418307
10.1 	 0.418286
10.15 	 0.418266
10.2 	 0.418245
10.25 	 0.418225
10.3 	 0.418204
10.35 	 0.418184
10.4 	 0.418164
10.45 	 0.418144
10.5 	 0.418123
10.55 	 0.418103
10.6 	 0.418083
10.65 	 0.418063
10.7 	 0.418044
10.75 	 0.418024
10.8 	 0.418004
10.85 	 0.417984
10.9 	 0.417965
10.95 	 0.417945
11 	 0.417926
11.05 	 0.417906
11.1 	 0.417887
11.15 	 0.417868
11.2 	 0.417848
11.25 	 0.417829
11.3 	 0.41781
11.35 	 0.417791
11.4 	 0.417772
11.45 	 0.417753
11.5 	 0.417734
11.55 	 0.417716
11.6 	 0.417697
11.65 	 0.417678
11.7 	 0.41766
11.75 	 0.417641
11.8 	 0.417622
11.85 	 0.417604
11.9 	 0.417586
11.95 	 0.417567
12 	 0.417549
12.05 	 0.417531
12.1 	 0.417513
12.15 	 0.417494
12.2 	 0.417476
12.25 	 0.417458
12.3 	 0.41744
12.35 	 0.417422
12.4 	 0.417404
12.45 	 0.417387
12.5 	 0.417369
12.55 	 0.417351
12.6 	 0.417334
12.65 	 0.417316
12.7 	 0.417298
12.75 	 0.417281
12.8 	 0.417263
12.85 	 0.417246
12.9 	 0.417229
12.95 	 0.417211
13 	 0.417194
13.05 	 0.417177
13.1 	 0.41716
13.15 	 0.417142
13.2 	 0.417125
13.25 	 0.417108
13.3 	 0.417091
13.35 	 0.417074
13.4 	 0.417057
13.45 	 0.417041
13.5 	 0.417024
13.55 	 0.417007
13.6 	 0.41699
13.65 	 0.416974
13.7 	 0.416957
13.75 	 0.41694
13.8 	 0.416924
13.85 	 0.416907
13.9 	 0.416891
13.95 	 0.416874
14 	 0.416858
14.05 	 0.416842
14.1 	 0.416825
14.15 	 0.416809
14.2 	 0.416793
14.25 	 0.416777
14.3 	 0.416761
14.35 	 0.416744
14.4 	 0.416728
14.45 	 0.416712
14.5 	 0.416696
14.55 	 0.416681
14.6 	 0.416665
14.65 	 0.416649
14.7 	 0.416633
14.75 	 0.416617
14.8 	 0.416601
14.85 	 0.416586
14.9 	 0.41657
14.95 	 0.416554
15 	 0.416539
15.05 	 0.416523
15.1 	 0.416508
15.15 	 0.416492
15.2 	 0.416477
15.25 	 0.416462
15.3 	 0.416446
15.35 	 0.416431
15.4 	 0.416416
15.45 	 0.4164
15.5 	 0.416385
15.55 	 0.41637
15.6 	 0.416355
15.65 	 0.41634
15.7 	 0.416325
15.75 	 0.41631
15.8 	 0.416295
15.85 	 0.41628
15.9 	 0.416265
15.95 	 0.41625
16 	 0.416235
16.05 	 0.41622
16.1 	 0.416205
16.15 	 0.416191
16.2 	 0.416191
16.25 	 0.416161
16.3 	 0.416147
16.35 	 0.416132
16.4 	 0.416117
16.45 	 0.416117
16.5 	 0.416088
16.55 	 0.416074
16.6 	 0.416059
16.65 	 0.416045
16.7 	 0.416045
16.75 	 0.416016
16.8 	 0.416002
16.85 	 0.415988
16.9 	 0.415973
16.95 	 0.415973
17 	 0.415945
17.05 	 0.415931
17.1 	 0.415917
17.15 	 0.415902
17.2 	 0.415902
17.25 	 0.415874
17.3 	 0.41586
17.35 	 0.415846
17.4 	 0.415832
17.45 	 0.415832
17.5 	 0.415805
17.55 	 0.415791
17.6 	 0.415777
17.65 	 0.415763
17.7 	 0.415763
17.75 	 0.415735
17.8 	 0.415722
17.85 	 0.415708
17.9 	 0.415694
17.95 	 0.415694
18 	 0.415667
18.05 	 0.415654
18.1 	 0.41564
18.15 	 0.415627
18.2 	 0.415627
18.25 	 0.4156
18.3 	 0.415586
18.35 	 0.415573
18.4 	 0.415559
18.45 	 0.415559
18.5 	 0.415533
18.55 	 0.415519
18.6 	 0.415506
18.65 	 0.415493
18.7 	 0.415493
18.75 	 0.415467
18.8 	 0.415453
18.85 	 0.41544
18.9 	 0.415427
18.95 	 0.415427
19 	 0.415401
19.05 	 0.415388
19.1 	 0.415375
19.15 	 0.415362
19.2 	 0.415349
19.25 	 0.415336
19.3 	 0.415323
19.35 	 0.41531
19.4 	 0.415298
19.45 	 0.415285
19.5 	 0.415272
19.55 	 0.415259
19.6 	 0.415247
19.65 	 0.415234
19.7 	 0.415221
19.75 	 0.415208
19.8 	 0.415196
19.85 	 0.415183
19.9 	 0.415171
19.95 	 0.415158
20 	 0.415146
