0.05 	 0.35226
0.1 	 0.352257
0.15 	 0.352255
0.2 	 0.352253
0.25 	 0.35225
0.3 	 0.352248
0.35 	 0.352245
0.4 	 0.352243
0.45 	 0.35224
0.5 	 0.352238
0.55 	 0.352235
0.6 	 0.352233
0.65 	 0.35223
0.7 	 0.352228
0.75 	 0.352226
0.8 	 0.352223
0.85 	 0.352221
0.9 	 0.352218
0.95 	 0.352216
1 	 0.352213
1.05 	 0.352211
1.1 	 0.352208
1.15 	 0.352206
1.2 	 0.352204
1.25 	 0.352201
1.3 	 0.352199
1.35 	 0.352196
1.4 	 0.352194
1.45 	 0.352191
1.5 	 0.352189
1.55 	 0.352186
1.6 	 0.352184
1.65 	 0.352182
1.7 	 0.352179
1.75 	 0.352177
1.8 	 0.352174
1.85 	 0.352172
1.9 	 0.352169
1.95 	 0.352167
2 	 0.352164
2.05 	 0.352162
2.1 	 0.35216
2.15 	 0.35216
2.2 	 0.352155
2.25 	 0.352152
2.3 	 0.35215
2.35 	 0.352147
2.4 	 0.352145
2.45 	 0.352142
2.5 	 0.35214
2.55 	 0.352138
2.6 	 0.352135
2.65 	 0.352133
2.7 	 0.35213
2.75 	 0.352128
2.8 	 0.352125
2.85 	 0.352123
2.9 	 0.352121
2.95 	 0.352118
3 	 0.352116
3.05 	 0.352113
3.1 	 0.352111
3.15 	 0.352108
3.2 	 0.352106
3.25 	 0.352104
3.3 	 0.352101
3.35 	 0.352099
3.4 	 0.352096
3.45 	 0.352094
3.5 	 0.352091
3.55 	 0.352089
3.6 	 0.352086
3.65 	 0.352084
3.7 	 0.352082
3.75 	 0.352079
3.8 	 0.352077
3.85 	 0.352074
3.9 	 0.352072
3.95 	 0.352069
4 	 0.352067
4.05 	 0.352067
4.1 	 0.352062
4.15 	 0.35206
4.2 	 0.352057
4.25 	 0.352055
4.3 	 0.352055
4.35 	 0.35205
4.4 	 0.352048
4.45 	 0.352045
4.5 	 0.352043
4.55 	 0.352043
4.6 	 0.352038
4.65 	 0.352036
4.7 	 0.352033
4.75 	 0.352031
4.8 	 0.352028
4.85 	 0.352026
4.9 	 0.352023
4.95 	 0.352021
5 	 0.352019
5.05 	 0.352016
5.1 	 0.352014
5.15 	 0.352011
5.2 	 0.352009
5.25 	 0.352007
5.3 	 0.352004
5.35 	 0.352002
5.4 	 0.351999
5.45 	 0.351997
5.5 	 0.351994
5.55 	 0.351992
5.6 	 0.35199
5.65 	 0.351987
5.7 	 0.351985
5.75 	 0.351982
5.8 	 0.35198
5.85 	 0.351978
5.9 	 0.351975
5.95 	 0.351973
6 	 0.35197
6.05 	 0.351968
6.1 	 0.351965
6.15 	 0.351963
6.2 	 0.351961
6.25 	 0.351958
6.3 	 0.351956
6.35 	 0.351953
6.4 	 0.351951
6.45 	 0.351949
6.5 	 0.351946
6.55 	 0.351944
6.6 	 0.351941
6.65 	 0.351939
6.7 	 0.351937
6.75 	 0.351934
6.8 	 0.351932
6.85 	 0.351929
6.9 	 0.351927
6.95 	 0.351925
7 	 0.351922
7.05 	 0.35192
7.1 	 0.351917
7.15 	 0.351915
7.2 	 0.351913
7.25 	 0.35191
7.3 	 0.351908
7.35 	 0.351905
7.4 	 0.351903
7.45 	 0.351901
7.5 	 0.351898
7.55 	 0.351896
7.6 	 0.351893
7.65 	 0.351891
7.7 	 0.351888
7.75 	 0.351886
7.8 	 0.351884
7.85 	 0.351881
7.9 	 0.351879
7.95 	 0.351877
8 	 0.351874
8.05 	 0.351872
8.1 	 0.351872
8.15 	 0.351867
8.2 	 0.351865
8.25 	 0.351862
8.3 	 0.35186
8.35 	 0.35186
8.4 	 0.351855
8.45 	 0.351853
8.5 	 0.35185
8.55 	 0.351848
8.6 	 0.351848
8.65 	 0.351843
8.7 	 0.351841
8.75 	 0.351838
8.8 	 0.351836
8.85 	 0.351836
8.9 	 0.351831
8.95 	 0.351829
9 	 0.351826
9.05 	 0.351824
9.1 	 0.351824
9.15 	 0.351819
9.2 	 0.351817
9.25 	 0.351814
9.3 	 0.351812
9.35 	 0.351812
9.4 	 0.351807
9.45 	 0.351805
9.5 	 0.351802
9.55 	 0.3518
9.6 	 0.351798
9.65 	 0.351795
9.7 	 0.351793
9.75 	 0.35179
9.8 	 0.351788
9.85 	 0.351786
9.9 	 0.351783
9.95 	 0.351781
10 	 0.351778
10.05 	 0.351776
10.1 	 0.351774
10.15 	 0.351771
10.2 	 0.351769
10.25 	 0.351767
10.3 	 0.351764
10.35 	 0.351762
10.4 	 0.351759
10.45 	 0.351757
10.5 	 0.351755
10.55 	 0.351752
10.6 	 0.35175
10.65 	 0.351748
10.7 	 0.351745
10.75 	 0.351743
10.8 	 0.35174
10.85 	 0.351738
10.9 	 0.351736
10.95 	 0.351733
11 	 0.351731
11.05 	 0.351728
11.1 	 0.351726
11.15 	 0.351724
11.2 	 0.351721
11.25 	 0.351719
11.3 	 0.351717
11.35 	 0.351714
11.4 	 0.351712
11.45 	 0.351709
11.5 	 0.351707
11.55 	 0.351705
11.6 	 0.351702
11.65 	 0.3517
11.7 	 0.351698
11.75 	 0.351695
11.8 	 0.351693
11.85 	 0.351691
11.9 	 0.351688
11.95 	 0.351686
12 	 0.351683
12.05 	 0.351681
12.1 	 0.351679
12.15 	 0.351676
12.2 	 0.351674
12.25 	 0.351672
12.3 	 0.351669
12.35 	 0.351667
12.4 	 0.351664
12.45 	 0.351662
12.5 	 0.35166
12.55 	 0.351657
12.6 	 0.351655
12.65 	 0.351653
12.7 	 0.35165
12.75 	 0.351648
12.8 	 0.351646
12.85 	 0.351643
12.9 	 0.351641
12.95 	 0.351638
13 	 0.351636
13.05 	 0.351634
13.1 	 0.351631
13.15 	 0.351629
13.2 	 0.351627
13.25 	 0.351624
13.3 	 0.351622
13.35 	 0.35162
13.4 	 0.351617
13.45 	 0.351615
13.5 	 0.351612
13.55 	 0.35161
13.6 	 0.351608
13.65 	 0.351605
13.7 	 0.351603
13.75 	 0.351601
13.8 	 0.351598
13.85 	 0.351596
13.9 	 0.351594
13.95 	 0.351591
14 	 0.351589
14.05 	 0.351586
14.1 	 0.351584
14.15 	 0.351582
14.2 	 0.351579
14.25 	 0.351577
14.3 	 0.351575
14.35 	 0.351572
14.4 	 0.35157
14.45 	 0.351568
14.5 	 0.351565
14.55 	 0.351563
14.6 	 0.351561
14.65 	 0.351558
14.7 	 0.351556
14.75 	 0.351554
14.8 	 0.351551
14.85 	 0.351549
14.9 	 0.351546
14.95 	 0.351544
15 	 0.351542
15.05 	 0.351539
15.1 	 0.351537
15.15 	 0.351535
15.2 	 0.351532
15.25 	 0.35153
15.3 	 0.351528
15.35 	 0.351525
15.4 	 0.351523
15.45 	 0.351521
15.5 	 0.351518
15.55 	 0.351516
15.6 	 0.351514
15.65 	 0.351511
15.7 	 0.351509
15.75 	 0.351507
15.8 	 0.351504
15.85 	 0.351502
15.9 	 0.3515
15.95 	 0.351497
16 	 0.351495
16.05 	 0.351493
16.1 	 0.35149
16.15 	 0.351488
16.2 	 0.351488
16.25 	 0.351483
16.3 	 0.351481
16.35 	 0.351478
16.4 	 0.351476
16.45 	 0.351476
16.5 	 0.351471
16.55 	 0.351469
16.6 	 0.351467
16.65 	 0.351464
16.7 	 0.351464
16.75 	 0.35146
16.8 	 0.351457
16.85 	 0.351455
16.9 	 0.351453
16.95 	 0.351453
17 	 0.351448
17.05 	 0.351446
17.1 	 0.351443
17.15 	 0.351441
17.2 	 0.351441
17.25 	 0.351436
17.3 	 0.351434
17.35 	 0.351432
17.4 	 0.351429
17.45 	 0.351429
17.5 	 0.351425
17.55 	 0.351422
17.6 	 0.35142
17.65 	 0.351418
17.7 	 0.351418
17.75 	 0.351413
17.8 	 0.351411
17.85 	 0.351408
17.9 	 0.351406
17.95 	 0.351406
18 	 0.351401
18.05 	 0.351399
18.1 	 0.351397
18.15 	 0.351394
18.2 	 0.351394
18.25 	 0.35139
18.3 	 0.351387
18.35 	 0.351385
18.4 	 0.351383
18.45 	 0.351383
18.5 	 0.351378
18.55 	 0.351376
18.6 	 0.351373
18.65 	 0.351371
18.7 	 0.351371
18.75 	 0.351366
18.8 	 0.351364
18.85 	 0.351362
18.9 	 0.351359
18.95 	 0.351359
19 	 0.351355
19.05 	 0.351353
19.1 	 0.35135
19.15 	 0.351348
19.2 	 0.351346
19.25 	 0.351343
19.3 	 0.351341
19.35 	 0.351339
19.4 	 0.351336
19.45 	 0.351334
19.5 	 0.351332
19.55 	 0.351329
19.6 	 0.351327
19.65 	 0.351325
19.7 	 0.351322
19.75 	 0.35132
19.8 	 0.351318
19.85 	 0.351315
19.9 	 0.351313
19.95 	 0.351311
20 	 0.351308
