0.005 	 0.353845
0.01 	 0.353845
0.015 	 0.353845
0.02 	 0.353845
0.025 	 0.353845
0.03 	 0.353845
0.035 	 0.353845
0.04 	 0.353845
0.045 	 0.353845
0.05 	 0.353845
0.055 	 0.353845
0.06 	 0.353845
0.065 	 0.353845
0.07 	 0.353845
0.075 	 0.353845
0.08 	 0.353845
0.085 	 0.353845
0.09 	 0.353845
0.095 	 0.353845
0.1 	 0.353845
0.105 	 0.353845
0.11 	 0.353845
0.115 	 0.353845
0.12 	 0.353845
0.125 	 0.353845
0.13 	 0.353845
0.135 	 0.353845
0.14 	 0.353845
0.145 	 0.353845
0.15 	 0.353845
0.155 	 0.353845
0.16 	 0.353845
0.165 	 0.353845
0.17 	 0.353845
0.175 	 0.353845
0.18 	 0.353845
0.185 	 0.353845
0.19 	 0.353845
0.195 	 0.353845
0.2 	 0.353845
0.205 	 0.353845
0.21 	 0.353845
0.215 	 0.353845
0.22 	 0.353845
0.225 	 0.353845
0.23 	 0.353845
0.235 	 0.353845
0.24 	 0.353845
0.245 	 0.353845
0.25 	 0.353845
0.255 	 0.353845
0.26 	 0.353845
0.265 	 0.353845
0.27 	 0.353845
0.275 	 0.353845
0.28 	 0.353845
0.285 	 0.353845
0.29 	 0.353845
0.295 	 0.353845
0.3 	 0.353845
0.305 	 0.353845
0.31 	 0.353845
0.315 	 0.353845
0.32 	 0.353845
0.325 	 0.353845
0.33 	 0.353845
0.335 	 0.353845
0.34 	 0.353845
0.345 	 0.353845
0.35 	 0.353845
0.355 	 0.353845
0.36 	 0.353845
0.365 	 0.353845
0.37 	 0.353845
0.375 	 0.353845
0.38 	 0.353845
0.385 	 0.353845
0.39 	 0.353845
0.395 	 0.353845
0.4 	 0.353845
0.405 	 0.353845
0.41 	 0.353845
0.415 	 0.353845
0.42 	 0.353845
0.425 	 0.353845
0.43 	 0.353845
0.435 	 0.353845
0.44 	 0.353845
0.445 	 0.353845
0.45 	 0.353845
0.455 	 0.353845
0.46 	 0.353845
0.465 	 0.353845
0.47 	 0.353845
0.475 	 0.353845
0.48 	 0.353845
0.485 	 0.353845
0.49 	 0.353845
0.495 	 0.353845
0.5 	 0.353845
0.505 	 0.353845
0.51 	 0.353845
0.515 	 0.353845
0.52 	 0.353845
0.525 	 0.353845
0.53 	 0.353845
0.535 	 0.353845
0.54 	 0.353845
0.545 	 0.353845
0.55 	 0.353845
0.555 	 0.353845
0.56 	 0.353845
0.565 	 0.353845
0.57 	 0.353845
0.575 	 0.353845
0.58 	 0.353845
0.585 	 0.353845
0.59 	 0.353845
0.595 	 0.353845
0.6 	 0.353845
0.605 	 0.353845
0.61 	 0.353845
0.615 	 0.353845
0.62 	 0.353845
0.625 	 0.353845
0.63 	 0.353845
0.635 	 0.353845
0.64 	 0.353845
0.645 	 0.353845
0.65 	 0.353845
0.655 	 0.353845
0.66 	 0.353845
0.665 	 0.353845
0.67 	 0.353845
0.675 	 0.353845
0.68 	 0.353845
0.685 	 0.353845
0.69 	 0.353845
0.695 	 0.353845
0.7 	 0.353845
0.705 	 0.353845
0.71 	 0.353845
0.715 	 0.353845
0.72 	 0.353845
0.725 	 0.353845
0.73 	 0.353845
0.735 	 0.353845
0.74 	 0.353845
0.745 	 0.353845
0.75 	 0.353845
0.755 	 0.353845
0.76 	 0.353845
0.765 	 0.353845
0.77 	 0.353845
0.775 	 0.353845
0.78 	 0.353845
0.785 	 0.353845
0.79 	 0.353845
0.795 	 0.353845
0.8 	 0.353845
0.805 	 0.353845
0.81 	 0.353845
0.815 	 0.353845
0.82 	 0.353845
0.825 	 0.353845
0.83 	 0.353845
0.835 	 0.353845
0.84 	 0.353845
0.845 	 0.353845
0.85 	 0.353845
0.855 	 0.353845
0.86 	 0.353845
0.865 	 0.353845
0.87 	 0.353845
0.875 	 0.353845
0.88 	 0.353845
0.885 	 0.353845
0.89 	 0.353845
0.895 	 0.353845
0.9 	 0.353845
0.905 	 0.353845
0.91 	 0.353845
0.915 	 0.353845
0.92 	 0.353845
0.925 	 0.353845
0.93 	 0.353845
0.935 	 0.353845
0.94 	 0.353845
0.945 	 0.353845
0.95 	 0.353845
0.955 	 0.353845
0.96 	 0.353845
0.965 	 0.353845
0.97 	 0.353845
0.975 	 0.353845
0.98 	 0.353845
0.985 	 0.353845
0.99 	 0.353845
0.995 	 0.353845
1 	 0.353845
1.005 	 0.353845
1.01 	 0.353845
1.015 	 0.353845
1.02 	 0.353845
1.025 	 0.353845
1.03 	 0.353845
1.035 	 0.353845
1.04 	 0.353845
1.045 	 0.353845
1.05 	 0.353845
1.055 	 0.353845
1.06 	 0.353845
1.065 	 0.353845
1.07 	 0.353845
1.075 	 0.353845
1.08 	 0.353845
1.085 	 0.353845
1.09 	 0.353845
1.095 	 0.353845
1.1 	 0.353845
1.105 	 0.353845
1.11 	 0.353845
1.115 	 0.353845
1.12 	 0.353845
1.125 	 0.353845
1.13 	 0.353845
1.135 	 0.353845
1.14 	 0.353845
1.145 	 0.353845
1.15 	 0.353845
1.155 	 0.353845
1.16 	 0.353845
1.165 	 0.353845
1.17 	 0.353845
1.175 	 0.353845
1.18 	 0.353845
1.185 	 0.353845
1.19 	 0.353845
1.195 	 0.353845
1.2 	 0.353845
1.205 	 0.353845
1.21 	 0.353845
1.215 	 0.353845
1.22 	 0.353845
1.225 	 0.353845
1.23 	 0.353845
1.235 	 0.353845
1.24 	 0.353845
1.245 	 0.353845
1.25 	 0.353845
1.255 	 0.353845
1.26 	 0.353845
1.265 	 0.353845
1.27 	 0.353845
1.275 	 0.353845
1.28 	 0.353845
1.285 	 0.353845
1.29 	 0.353845
1.295 	 0.353845
1.3 	 0.353845
1.305 	 0.353845
1.31 	 0.353845
1.315 	 0.353845
1.32 	 0.353845
1.325 	 0.353845
1.33 	 0.353845
1.335 	 0.353845
1.34 	 0.353845
1.345 	 0.353845
1.35 	 0.353845
1.355 	 0.353845
1.36 	 0.353845
1.365 	 0.353845
1.37 	 0.353845
1.375 	 0.353845
1.38 	 0.353845
1.385 	 0.353845
1.39 	 0.353845
1.395 	 0.353845
1.4 	 0.353845
1.405 	 0.353845
1.41 	 0.353845
1.415 	 0.353845
1.42 	 0.353845
1.425 	 0.353845
1.43 	 0.353845
1.435 	 0.353845
1.44 	 0.353845
1.445 	 0.353845
1.45 	 0.353845
1.455 	 0.353845
1.46 	 0.353845
1.465 	 0.353845
1.47 	 0.353845
1.475 	 0.353845
1.48 	 0.353845
1.485 	 0.353845
1.49 	 0.353845
1.495 	 0.353845
1.5 	 0.353845
1.505 	 0.353845
1.51 	 0.353845
1.515 	 0.353845
1.52 	 0.353845
1.525 	 0.353845
1.53 	 0.353845
1.535 	 0.353845
1.54 	 0.353845
1.545 	 0.353845
1.55 	 0.353845
1.555 	 0.353845
1.56 	 0.353845
1.565 	 0.353845
1.57 	 0.353845
1.575 	 0.353845
1.58 	 0.353845
1.585 	 0.353845
1.59 	 0.353845
1.595 	 0.353845
1.6 	 0.353845
1.605 	 0.353845
1.61 	 0.353845
1.615 	 0.353845
1.62 	 0.353845
1.625 	 0.353845
1.63 	 0.353845
1.635 	 0.353845
1.64 	 0.353845
1.645 	 0.353845
1.65 	 0.353845
1.655 	 0.353845
1.66 	 0.353845
1.665 	 0.353845
1.67 	 0.353845
1.675 	 0.353845
1.68 	 0.353845
1.685 	 0.353845
1.69 	 0.353845
1.695 	 0.353845
1.7 	 0.353845
1.705 	 0.353845
1.71 	 0.353845
1.715 	 0.353845
1.72 	 0.353845
1.725 	 0.353845
1.73 	 0.353845
1.735 	 0.353845
1.74 	 0.353845
1.745 	 0.353845
1.75 	 0.353845
1.755 	 0.353845
1.76 	 0.353845
1.765 	 0.353845
1.77 	 0.353845
1.775 	 0.353845
1.78 	 0.353845
1.785 	 0.353845
1.79 	 0.353845
1.795 	 0.353845
1.8 	 0.353845
1.805 	 0.353845
1.81 	 0.353845
1.815 	 0.353845
1.82 	 0.353845
1.825 	 0.353845
1.83 	 0.353845
1.835 	 0.353845
1.84 	 0.353845
1.845 	 0.353845
1.85 	 0.353845
1.855 	 0.353845
1.86 	 0.353845
1.865 	 0.353845
1.87 	 0.353845
1.875 	 0.353845
1.88 	 0.353845
1.885 	 0.353845
1.89 	 0.353845
1.895 	 0.353845
1.9 	 0.353845
1.905 	 0.353845
1.91 	 0.353845
1.915 	 0.353845
1.92 	 0.353845
1.925 	 0.353845
1.93 	 0.353845
1.935 	 0.353845
1.94 	 0.353845
1.945 	 0.353845
1.95 	 0.353845
1.955 	 0.353845
1.96 	 0.353845
1.965 	 0.353845
1.97 	 0.353845
1.975 	 0.353845
1.98 	 0.353845
1.985 	 0.353845
1.99 	 0.353845
1.995 	 0.353845
2 	 0.353845
2.005 	 0.353845
2.01 	 0.353845
2.015 	 0.353845
2.02 	 0.353845
2.025 	 0.353845
2.03 	 0.353845
2.035 	 0.353845
2.04 	 0.353845
2.045 	 0.353845
2.05 	 0.353845
2.055 	 0.353845
2.06 	 0.353845
2.065 	 0.353845
2.07 	 0.353845
2.075 	 0.353845
2.08 	 0.353845
2.085 	 0.353845
2.09 	 0.353845
2.095 	 0.353845
2.1 	 0.353845
2.105 	 0.353845
2.11 	 0.353845
2.115 	 0.353845
2.12 	 0.353845
2.125 	 0.353845
2.13 	 0.353845
2.135 	 0.353845
2.14 	 0.353845
2.145 	 0.353845
2.15 	 0.353845
2.155 	 0.353845
2.16 	 0.353845
2.165 	 0.353845
2.17 	 0.353845
2.175 	 0.353845
2.18 	 0.353845
2.185 	 0.353845
2.19 	 0.353845
2.195 	 0.353845
2.2 	 0.353845
2.205 	 0.353845
2.21 	 0.353845
2.215 	 0.353845
2.22 	 0.353845
2.225 	 0.353845
2.23 	 0.353845
2.235 	 0.353845
2.24 	 0.353845
2.245 	 0.353845
2.25 	 0.353845
2.255 	 0.353845
2.26 	 0.353845
2.265 	 0.353845
2.27 	 0.353845
2.275 	 0.353845
2.28 	 0.353845
2.285 	 0.353845
2.29 	 0.353845
2.295 	 0.353845
2.3 	 0.353845
2.305 	 0.353845
2.31 	 0.353845
2.315 	 0.353845
2.32 	 0.353845
2.325 	 0.353845
2.33 	 0.353845
2.335 	 0.353845
2.34 	 0.353845
2.345 	 0.353845
2.35 	 0.353845
2.355 	 0.353845
2.36 	 0.353845
2.365 	 0.353845
2.37 	 0.353845
2.375 	 0.353845
2.38 	 0.353845
2.385 	 0.353845
2.39 	 0.353845
2.395 	 0.353845
2.4 	 0.353845
2.405 	 0.353845
2.41 	 0.353845
2.415 	 0.353845
2.42 	 0.353845
2.425 	 0.353845
2.43 	 0.353845
2.435 	 0.353845
2.44 	 0.353845
2.445 	 0.353845
2.45 	 0.353845
2.455 	 0.353845
2.46 	 0.353845
2.465 	 0.353845
2.47 	 0.353845
2.475 	 0.353845
2.48 	 0.353845
2.485 	 0.353845
2.49 	 0.353845
2.495 	 0.353845
2.5 	 0.353845
2.505 	 0.353845
2.51 	 0.353845
2.515 	 0.353845
2.52 	 0.353845
2.525 	 0.353845
2.53 	 0.353845
2.535 	 0.353845
2.54 	 0.353845
2.545 	 0.353845
2.55 	 0.353845
2.555 	 0.353845
2.56 	 0.353845
2.565 	 0.353845
2.57 	 0.353845
2.575 	 0.353845
2.58 	 0.353845
2.585 	 0.353845
2.59 	 0.353845
2.595 	 0.353845
2.6 	 0.353845
2.605 	 0.353845
2.61 	 0.353845
2.615 	 0.353845
2.62 	 0.353845
2.625 	 0.353845
2.63 	 0.353845
2.635 	 0.353845
2.64 	 0.353845
2.645 	 0.353845
2.65 	 0.353845
2.655 	 0.353845
2.66 	 0.353845
2.665 	 0.353845
2.67 	 0.353845
2.675 	 0.353845
2.68 	 0.353845
2.685 	 0.353845
2.69 	 0.353845
2.695 	 0.353845
2.7 	 0.353845
2.705 	 0.353845
2.71 	 0.353845
2.715 	 0.353845
2.72 	 0.353845
2.725 	 0.353845
2.73 	 0.353845
2.735 	 0.353845
2.74 	 0.353845
2.745 	 0.353845
2.75 	 0.353845
2.755 	 0.353845
2.76 	 0.353845
2.765 	 0.353845
2.77 	 0.353845
2.775 	 0.353845
2.78 	 0.353845
2.785 	 0.353845
2.79 	 0.353845
2.795 	 0.353845
2.8 	 0.353845
2.805 	 0.353845
2.81 	 0.353845
2.815 	 0.353845
2.82 	 0.353845
2.825 	 0.353845
2.83 	 0.353845
2.835 	 0.353845
2.84 	 0.353845
2.845 	 0.353845
2.85 	 0.353845
2.855 	 0.353845
2.86 	 0.353845
2.865 	 0.353845
2.87 	 0.353845
2.875 	 0.353845
2.88 	 0.353845
2.885 	 0.353845
2.89 	 0.353845
2.895 	 0.353845
2.9 	 0.353845
2.905 	 0.353845
2.91 	 0.353845
2.915 	 0.353845
2.92 	 0.353845
2.925 	 0.353845
2.93 	 0.353845
2.935 	 0.353845
2.94 	 0.353845
2.945 	 0.353845
2.95 	 0.353845
2.955 	 0.353845
2.96 	 0.353845
2.965 	 0.353845
2.97 	 0.353845
2.975 	 0.353845
2.98 	 0.353845
2.985 	 0.353845
2.99 	 0.353845
2.995 	 0.353845
3 	 0.353845
3.005 	 0.353845
3.01 	 0.353845
3.015 	 0.353845
3.02 	 0.353845
3.025 	 0.353845
3.03 	 0.353845
3.035 	 0.353845
3.04 	 0.353845
3.045 	 0.353845
3.05 	 0.353845
3.055 	 0.353845
3.06 	 0.353845
3.065 	 0.353845
3.07 	 0.353845
3.075 	 0.353845
3.08 	 0.353845
3.085 	 0.353845
3.09 	 0.353845
3.095 	 0.353845
3.1 	 0.353845
3.105 	 0.353845
3.11 	 0.353845
3.115 	 0.353845
3.12 	 0.353845
3.125 	 0.353845
3.13 	 0.353845
3.135 	 0.353845
3.14 	 0.353845
3.145 	 0.353845
3.15 	 0.353845
3.155 	 0.353845
3.16 	 0.353845
3.165 	 0.353845
3.17 	 0.353845
3.175 	 0.353845
3.18 	 0.353845
3.185 	 0.353845
3.19 	 0.353845
3.195 	 0.353845
3.2 	 0.353845
3.205 	 0.353845
3.21 	 0.353845
3.215 	 0.353845
3.22 	 0.353845
3.225 	 0.353845
3.23 	 0.353845
3.235 	 0.353845
3.24 	 0.353845
3.245 	 0.353845
3.25 	 0.353845
3.255 	 0.353845
3.26 	 0.353845
3.265 	 0.353845
3.27 	 0.353845
3.275 	 0.353845
3.28 	 0.353845
3.285 	 0.353845
3.29 	 0.353845
3.295 	 0.353845
3.3 	 0.353845
3.305 	 0.353845
3.31 	 0.353845
3.315 	 0.353845
3.32 	 0.353845
3.325 	 0.353845
3.33 	 0.353845
3.335 	 0.353845
3.34 	 0.353845
3.345 	 0.353845
3.35 	 0.353845
3.355 	 0.353845
3.36 	 0.353845
3.365 	 0.353845
3.37 	 0.353845
3.375 	 0.353845
3.38 	 0.353845
3.385 	 0.353845
3.39 	 0.353845
3.395 	 0.353845
3.4 	 0.353845
3.405 	 0.353845
3.41 	 0.353845
3.415 	 0.353845
3.42 	 0.353845
3.425 	 0.353845
3.43 	 0.353845
3.435 	 0.353845
3.44 	 0.353845
3.445 	 0.353845
3.45 	 0.353845
3.455 	 0.353845
3.46 	 0.353845
3.465 	 0.353845
3.47 	 0.353845
3.475 	 0.353845
3.48 	 0.353845
3.485 	 0.353845
3.49 	 0.353845
3.495 	 0.353845
3.5 	 0.353845
3.505 	 0.353845
3.51 	 0.353845
3.515 	 0.353845
3.52 	 0.353845
3.525 	 0.353845
3.53 	 0.353845
3.535 	 0.353845
3.54 	 0.353845
3.545 	 0.353845
3.55 	 0.353845
3.555 	 0.353845
3.56 	 0.353845
3.565 	 0.353845
3.57 	 0.353845
3.575 	 0.353845
3.58 	 0.353845
3.585 	 0.353845
3.59 	 0.353845
3.595 	 0.353845
3.6 	 0.353845
3.605 	 0.353845
3.61 	 0.353845
3.615 	 0.353845
3.62 	 0.353845
3.625 	 0.353845
3.63 	 0.353845
3.635 	 0.353845
3.64 	 0.353845
3.645 	 0.353845
3.65 	 0.353845
3.655 	 0.353845
3.66 	 0.353845
3.665 	 0.353845
3.67 	 0.353845
3.675 	 0.353845
3.68 	 0.353845
3.685 	 0.353845
3.69 	 0.353845
3.695 	 0.353845
3.7 	 0.353845
3.705 	 0.353845
3.71 	 0.353845
3.715 	 0.353845
3.72 	 0.353845
3.725 	 0.353845
3.73 	 0.353845
3.735 	 0.353845
3.74 	 0.353845
3.745 	 0.353845
3.75 	 0.353845
3.755 	 0.353845
3.76 	 0.353845
3.765 	 0.353845
3.77 	 0.353845
3.775 	 0.353845
3.78 	 0.353845
3.785 	 0.353845
3.79 	 0.353845
3.795 	 0.353845
3.8 	 0.353845
3.805 	 0.353845
3.81 	 0.353845
3.815 	 0.353845
3.82 	 0.353845
3.825 	 0.353845
3.83 	 0.353845
3.835 	 0.353845
3.84 	 0.353845
3.845 	 0.353845
3.85 	 0.353845
3.855 	 0.353845
3.86 	 0.353845
3.865 	 0.353845
3.87 	 0.353845
3.875 	 0.353845
3.88 	 0.353845
3.885 	 0.353845
3.89 	 0.353845
3.895 	 0.353845
3.9 	 0.353845
3.905 	 0.353845
3.91 	 0.353845
3.915 	 0.353845
3.92 	 0.353845
3.925 	 0.353845
3.93 	 0.353845
3.935 	 0.353845
3.94 	 0.353845
3.945 	 0.353845
3.95 	 0.353845
3.955 	 0.353845
3.96 	 0.353845
3.965 	 0.353845
3.97 	 0.353845
3.975 	 0.353845
3.98 	 0.353845
3.985 	 0.353845
3.99 	 0.353845
3.995 	 0.353845
4 	 0.353845
4.005 	 0.353845
4.01 	 0.353845
4.015 	 0.353845
4.02 	 0.353845
4.025 	 0.353845
4.03 	 0.353845
4.035 	 0.353845
4.04 	 0.353845
4.045 	 0.353845
4.05 	 0.353845
4.055 	 0.353845
4.06 	 0.353845
4.065 	 0.353845
4.07 	 0.353845
4.075 	 0.353845
4.08 	 0.353845
4.085 	 0.353845
4.09 	 0.353845
4.095 	 0.353845
4.1 	 0.353845
4.105 	 0.353845
4.11 	 0.353845
4.115 	 0.353845
4.12 	 0.353845
4.125 	 0.353845
4.13 	 0.353845
4.135 	 0.353845
4.14 	 0.353845
4.145 	 0.353845
4.15 	 0.353845
4.155 	 0.353845
4.16 	 0.353845
4.165 	 0.353845
4.17 	 0.353845
4.175 	 0.353845
4.18 	 0.353845
4.185 	 0.353845
4.19 	 0.353845
4.195 	 0.353845
4.2 	 0.353845
4.205 	 0.353845
4.21 	 0.353845
4.215 	 0.353845
4.22 	 0.353845
4.225 	 0.353845
4.23 	 0.353845
4.235 	 0.353845
4.24 	 0.353845
4.245 	 0.353845
4.25 	 0.353845
4.255 	 0.353845
4.26 	 0.353845
4.265 	 0.353845
4.27 	 0.353845
4.275 	 0.353845
4.28 	 0.353845
4.285 	 0.353845
4.29 	 0.353845
4.295 	 0.353845
4.3 	 0.353845
4.305 	 0.353845
4.31 	 0.353845
4.315 	 0.353845
4.32 	 0.353845
4.325 	 0.353845
4.33 	 0.353845
4.335 	 0.353845
4.34 	 0.353845
4.345 	 0.353845
4.35 	 0.353845
4.355 	 0.353845
4.36 	 0.353845
4.365 	 0.353845
4.37 	 0.353845
4.375 	 0.353845
4.38 	 0.353845
4.385 	 0.353845
4.39 	 0.353845
4.395 	 0.353845
4.4 	 0.353845
4.405 	 0.353845
4.41 	 0.353845
4.415 	 0.353845
4.42 	 0.353845
4.425 	 0.353845
4.43 	 0.353845
4.435 	 0.353845
4.44 	 0.353845
4.445 	 0.353845
4.45 	 0.353845
4.455 	 0.353845
4.46 	 0.353845
4.465 	 0.353845
4.47 	 0.353845
4.475 	 0.353845
4.48 	 0.353845
4.485 	 0.353845
4.49 	 0.353845
4.495 	 0.353845
4.5 	 0.353845
4.505 	 0.353845
4.51 	 0.353845
4.515 	 0.353845
4.52 	 0.353845
4.525 	 0.353845
4.53 	 0.353845
4.535 	 0.353845
4.54 	 0.353845
4.545 	 0.353845
4.55 	 0.353845
4.555 	 0.353845
4.56 	 0.353845
4.565 	 0.353845
4.57 	 0.353845
4.575 	 0.353845
4.58 	 0.353845
4.585 	 0.353845
4.59 	 0.353845
4.595 	 0.353845
4.6 	 0.353845
4.605 	 0.353845
4.61 	 0.353845
4.615 	 0.353845
4.62 	 0.353845
4.625 	 0.353845
4.63 	 0.353845
4.635 	 0.353845
4.64 	 0.353845
4.645 	 0.353845
4.65 	 0.353845
4.655 	 0.353845
4.66 	 0.353845
4.665 	 0.353845
4.67 	 0.353845
4.675 	 0.353845
4.68 	 0.353845
4.685 	 0.353845
4.69 	 0.353845
4.695 	 0.353845
4.7 	 0.353845
4.705 	 0.353845
4.71 	 0.353845
4.715 	 0.353845
4.72 	 0.353845
4.725 	 0.353845
4.73 	 0.353845
4.735 	 0.353845
4.74 	 0.353845
4.745 	 0.353845
4.75 	 0.353845
4.755 	 0.353845
4.76 	 0.353845
4.765 	 0.353845
4.77 	 0.353845
4.775 	 0.353845
4.78 	 0.353845
4.785 	 0.353845
4.79 	 0.353845
4.795 	 0.353845
4.8 	 0.353845
4.805 	 0.353845
4.81 	 0.353845
4.815 	 0.353845
4.82 	 0.353845
4.825 	 0.353845
4.83 	 0.353845
4.835 	 0.353845
4.84 	 0.353845
4.845 	 0.353845
4.85 	 0.353845
4.855 	 0.353845
4.86 	 0.353845
4.865 	 0.353845
4.87 	 0.353845
4.875 	 0.353845
4.88 	 0.353845
4.885 	 0.353845
4.89 	 0.353845
4.895 	 0.353845
4.9 	 0.353845
4.905 	 0.353845
4.91 	 0.353845
4.915 	 0.353845
4.92 	 0.353845
4.925 	 0.353845
4.93 	 0.353845
4.935 	 0.353845
4.94 	 0.353845
4.945 	 0.353845
4.95 	 0.353845
4.955 	 0.353845
4.96 	 0.353845
4.965 	 0.353845
4.97 	 0.353845
4.975 	 0.353845
4.98 	 0.353845
4.985 	 0.353845
4.99 	 0.353845
4.995 	 0.353845
5 	 0.353845
5.005 	 0.353845
5.01 	 0.353845
5.015 	 0.353845
5.02 	 0.353845
5.025 	 0.353845
5.03 	 0.353845
5.035 	 0.353845
5.04 	 0.353845
5.045 	 0.353845
5.05 	 0.353845
5.055 	 0.353845
5.06 	 0.353845
5.065 	 0.353845
5.07 	 0.353845
5.075 	 0.353845
5.08 	 0.353845
5.085 	 0.353845
5.09 	 0.353845
5.095 	 0.353845
5.1 	 0.353845
5.105 	 0.353845
5.11 	 0.353845
5.115 	 0.353845
5.12 	 0.353845
5.125 	 0.353845
5.13 	 0.353845
5.135 	 0.353845
5.14 	 0.353845
5.145 	 0.353845
5.15 	 0.353845
5.155 	 0.353845
5.16 	 0.353845
5.165 	 0.353845
5.17 	 0.353845
5.175 	 0.353845
5.18 	 0.353845
5.185 	 0.353845
5.19 	 0.353845
5.195 	 0.353845
5.2 	 0.353845
5.205 	 0.353845
5.21 	 0.353845
5.215 	 0.353845
5.22 	 0.353845
5.225 	 0.353845
5.23 	 0.353845
5.235 	 0.353845
5.24 	 0.353845
5.245 	 0.353845
5.25 	 0.353845
5.255 	 0.353845
5.26 	 0.353845
5.265 	 0.353845
5.27 	 0.353845
5.275 	 0.353845
5.28 	 0.353845
5.285 	 0.353845
5.29 	 0.353845
5.295 	 0.353845
5.3 	 0.353845
5.305 	 0.353845
5.31 	 0.353845
5.315 	 0.353845
5.32 	 0.353845
5.325 	 0.353845
5.33 	 0.353845
5.335 	 0.353845
5.34 	 0.353845
5.345 	 0.353845
5.35 	 0.353845
5.355 	 0.353845
5.36 	 0.353845
5.365 	 0.353845
5.37 	 0.353845
5.375 	 0.353845
5.38 	 0.353845
5.385 	 0.353845
5.39 	 0.353845
5.395 	 0.353845
5.4 	 0.353845
5.405 	 0.353845
5.41 	 0.353845
5.415 	 0.353845
5.42 	 0.353845
5.425 	 0.353845
5.43 	 0.353845
5.435 	 0.353845
5.44 	 0.353845
5.445 	 0.353845
5.45 	 0.353845
5.455 	 0.353845
5.46 	 0.353845
5.465 	 0.353845
5.47 	 0.353845
5.475 	 0.353845
5.48 	 0.353845
5.485 	 0.353845
5.49 	 0.353845
5.495 	 0.353845
5.5 	 0.353845
5.505 	 0.353845
5.51 	 0.353845
5.515 	 0.353845
5.52 	 0.353845
5.525 	 0.353845
5.53 	 0.353845
5.535 	 0.353845
5.54 	 0.353845
5.545 	 0.353845
5.55 	 0.353845
5.555 	 0.353845
5.56 	 0.353845
5.565 	 0.353845
5.57 	 0.353845
5.575 	 0.353845
5.58 	 0.353845
5.585 	 0.353845
5.59 	 0.353845
5.595 	 0.353845
5.6 	 0.353845
5.605 	 0.353845
5.61 	 0.353845
5.615 	 0.353845
5.62 	 0.353845
5.625 	 0.353845
5.63 	 0.353845
5.635 	 0.353845
5.64 	 0.353845
5.645 	 0.353845
5.65 	 0.353845
5.655 	 0.353845
5.66 	 0.353845
5.665 	 0.353845
5.67 	 0.353845
5.675 	 0.353845
5.68 	 0.353845
5.685 	 0.353845
5.69 	 0.353845
5.695 	 0.353845
5.7 	 0.353845
5.705 	 0.353845
5.71 	 0.353845
5.715 	 0.353845
5.72 	 0.353845
5.725 	 0.353845
5.73 	 0.353845
5.735 	 0.353845
5.74 	 0.353845
5.745 	 0.353845
5.75 	 0.353845
5.755 	 0.353845
5.76 	 0.353845
5.765 	 0.353845
5.77 	 0.353845
5.775 	 0.353845
5.78 	 0.353845
5.785 	 0.353845
5.79 	 0.353845
5.795 	 0.353845
5.8 	 0.353845
5.805 	 0.353845
5.81 	 0.353845
5.815 	 0.353845
5.82 	 0.353845
5.825 	 0.353845
5.83 	 0.353845
5.835 	 0.353845
5.84 	 0.353845
5.845 	 0.353845
5.85 	 0.353845
5.855 	 0.353845
5.86 	 0.353845
5.865 	 0.353845
5.87 	 0.353845
5.875 	 0.353845
5.88 	 0.353845
5.885 	 0.353845
5.89 	 0.353845
5.895 	 0.353845
5.9 	 0.353845
5.905 	 0.353845
5.91 	 0.353845
5.915 	 0.353845
5.92 	 0.353845
5.925 	 0.353845
5.93 	 0.353845
5.935 	 0.353845
5.94 	 0.353845
5.945 	 0.353845
5.95 	 0.353845
5.955 	 0.353845
5.96 	 0.353845
5.965 	 0.353845
5.97 	 0.353845
5.975 	 0.353845
5.98 	 0.353845
5.985 	 0.353845
5.99 	 0.353845
5.995 	 0.353845
6 	 0.353845
6.005 	 0.353845
6.01 	 0.353845
6.015 	 0.353845
6.02 	 0.353845
6.025 	 0.353845
6.03 	 0.353845
6.035 	 0.353845
6.04 	 0.353845
6.045 	 0.353845
6.05 	 0.353845
6.055 	 0.353845
6.06 	 0.353845
6.065 	 0.353845
6.07 	 0.353845
6.075 	 0.353845
6.08 	 0.353845
6.085 	 0.353845
6.09 	 0.353845
6.095 	 0.353845
6.1 	 0.353845
6.105 	 0.353845
6.11 	 0.353845
6.115 	 0.353845
6.12 	 0.353845
6.125 	 0.353845
6.13 	 0.353845
6.135 	 0.353845
6.14 	 0.353845
6.145 	 0.353845
6.15 	 0.353845
6.155 	 0.353845
6.16 	 0.353845
6.165 	 0.353845
6.17 	 0.353845
6.175 	 0.353845
6.18 	 0.353845
6.185 	 0.353845
6.19 	 0.353845
6.195 	 0.353845
6.2 	 0.353845
6.205 	 0.353845
6.21 	 0.353845
6.215 	 0.353845
6.22 	 0.353845
6.225 	 0.353845
6.23 	 0.353845
6.235 	 0.353845
6.24 	 0.353845
6.245 	 0.353845
6.25 	 0.353845
6.255 	 0.353845
6.26 	 0.353845
6.265 	 0.353845
6.27 	 0.353845
6.275 	 0.353845
6.28 	 0.353845
6.285 	 0.353845
6.29 	 0.353845
6.295 	 0.353845
6.3 	 0.353845
6.305 	 0.353845
6.31 	 0.353845
6.315 	 0.353845
6.32 	 0.353845
6.325 	 0.353845
6.33 	 0.353845
6.335 	 0.353845
6.34 	 0.353845
6.345 	 0.353845
6.35 	 0.353845
6.355 	 0.353845
6.36 	 0.353845
6.365 	 0.353845
6.37 	 0.353845
6.375 	 0.353845
6.38 	 0.353845
6.385 	 0.353845
6.39 	 0.353845
6.395 	 0.353845
6.4 	 0.353845
6.405 	 0.353845
6.41 	 0.353845
6.415 	 0.353845
6.42 	 0.353845
6.425 	 0.353845
6.43 	 0.353845
6.435 	 0.353845
6.44 	 0.353845
6.445 	 0.353845
6.45 	 0.353845
6.455 	 0.353845
6.46 	 0.353845
6.465 	 0.353845
6.47 	 0.353845
6.475 	 0.353845
6.48 	 0.353845
6.485 	 0.353845
6.49 	 0.353845
6.495 	 0.353845
6.5 	 0.353845
6.505 	 0.353845
6.51 	 0.353845
6.515 	 0.353845
6.52 	 0.353845
6.525 	 0.353845
6.53 	 0.353845
6.535 	 0.353845
6.54 	 0.353845
6.545 	 0.353845
6.55 	 0.353845
6.555 	 0.353845
6.56 	 0.353845
6.565 	 0.353845
6.57 	 0.353845
6.575 	 0.353845
6.58 	 0.353845
6.585 	 0.353845
6.59 	 0.353845
6.595 	 0.353845
6.6 	 0.353845
6.605 	 0.353845
6.61 	 0.353845
6.615 	 0.353845
6.62 	 0.353845
6.625 	 0.353845
6.63 	 0.353845
6.635 	 0.353845
6.64 	 0.353845
6.645 	 0.353845
6.65 	 0.353845
6.655 	 0.353845
6.66 	 0.353845
6.665 	 0.353845
6.67 	 0.353845
6.675 	 0.353845
6.68 	 0.353845
6.685 	 0.353845
6.69 	 0.353845
6.695 	 0.353845
6.7 	 0.353845
6.705 	 0.353845
6.71 	 0.353845
6.715 	 0.353845
6.72 	 0.353845
6.725 	 0.353845
6.73 	 0.353845
6.735 	 0.353845
6.74 	 0.353845
6.745 	 0.353845
6.75 	 0.353845
6.755 	 0.353845
6.76 	 0.353845
6.765 	 0.353845
6.77 	 0.353845
6.775 	 0.353845
6.78 	 0.353845
6.785 	 0.353845
6.79 	 0.353845
6.795 	 0.353845
6.8 	 0.353845
6.805 	 0.353845
6.81 	 0.353845
6.815 	 0.353845
6.82 	 0.353845
6.825 	 0.353845
6.83 	 0.353845
6.835 	 0.353845
6.84 	 0.353845
6.845 	 0.353845
6.85 	 0.353845
6.855 	 0.353845
6.86 	 0.353845
6.865 	 0.353845
6.87 	 0.353845
6.875 	 0.353845
6.88 	 0.353845
6.885 	 0.353845
6.89 	 0.353845
6.895 	 0.353845
6.9 	 0.353845
6.905 	 0.353845
6.91 	 0.353845
6.915 	 0.353845
6.92 	 0.353845
6.925 	 0.353845
6.93 	 0.353845
6.935 	 0.353845
6.94 	 0.353845
6.945 	 0.353845
6.95 	 0.353845
6.955 	 0.353845
6.96 	 0.353845
6.965 	 0.353845
6.97 	 0.353845
6.975 	 0.353845
6.98 	 0.353845
6.985 	 0.353845
6.99 	 0.353845
6.995 	 0.353845
7 	 0.353845
7.005 	 0.353845
7.01 	 0.353845
7.015 	 0.353845
7.02 	 0.353845
7.025 	 0.353845
7.03 	 0.353845
7.035 	 0.353845
7.04 	 0.353845
7.045 	 0.353845
7.05 	 0.353845
7.055 	 0.353845
7.06 	 0.353845
7.065 	 0.353845
7.07 	 0.353845
7.075 	 0.353845
7.08 	 0.353845
7.085 	 0.353845
7.09 	 0.353845
7.095 	 0.353845
7.1 	 0.353845
7.105 	 0.353845
7.11 	 0.353845
7.115 	 0.353845
7.12 	 0.353845
7.125 	 0.353845
7.13 	 0.353845
7.135 	 0.353845
7.14 	 0.353845
7.145 	 0.353845
7.15 	 0.353845
7.155 	 0.353845
7.16 	 0.353845
7.165 	 0.353845
7.17 	 0.353845
7.175 	 0.353845
7.18 	 0.353845
7.185 	 0.353845
7.19 	 0.353845
7.195 	 0.353845
7.2 	 0.353845
7.205 	 0.353845
7.21 	 0.353845
7.215 	 0.353845
7.22 	 0.353845
7.225 	 0.353845
7.23 	 0.353845
7.235 	 0.353845
7.24 	 0.353845
7.245 	 0.353845
7.25 	 0.353845
7.255 	 0.353845
7.26 	 0.353845
7.265 	 0.353845
7.27 	 0.353845
7.275 	 0.353845
7.28 	 0.353845
7.285 	 0.353845
7.29 	 0.353845
7.295 	 0.353845
7.3 	 0.353845
7.305 	 0.353845
7.31 	 0.353845
7.315 	 0.353845
7.32 	 0.353845
7.325 	 0.353845
7.33 	 0.353845
7.335 	 0.353845
7.34 	 0.353845
7.345 	 0.353845
7.35 	 0.353845
7.355 	 0.353845
7.36 	 0.353845
7.365 	 0.353845
7.37 	 0.353845
7.375 	 0.353845
7.38 	 0.353845
7.385 	 0.353845
7.39 	 0.353845
7.395 	 0.353845
7.4 	 0.353845
7.405 	 0.353845
7.41 	 0.353845
7.415 	 0.353845
7.42 	 0.353845
7.425 	 0.353845
7.43 	 0.353845
7.435 	 0.353845
7.44 	 0.353845
7.445 	 0.353845
7.45 	 0.353845
7.455 	 0.353845
7.46 	 0.353845
7.465 	 0.353845
7.47 	 0.353845
7.475 	 0.353845
7.48 	 0.353845
7.485 	 0.353845
7.49 	 0.353845
7.495 	 0.353845
7.5 	 0.353845
7.505 	 0.353845
7.51 	 0.353845
7.515 	 0.353845
7.52 	 0.353845
7.525 	 0.353845
7.53 	 0.353845
7.535 	 0.353845
7.54 	 0.353845
7.545 	 0.353845
7.55 	 0.353845
7.555 	 0.353845
7.56 	 0.353845
7.565 	 0.353845
7.57 	 0.353845
7.575 	 0.353845
7.58 	 0.353845
7.585 	 0.353845
7.59 	 0.353845
7.595 	 0.353845
7.6 	 0.353845
7.605 	 0.353845
7.61 	 0.353845
7.615 	 0.353845
7.62 	 0.353845
7.625 	 0.353845
7.63 	 0.353845
7.635 	 0.353845
7.64 	 0.353845
7.645 	 0.353845
7.65 	 0.353845
7.655 	 0.353845
7.66 	 0.353845
7.665 	 0.353845
7.67 	 0.353845
7.675 	 0.353845
7.68 	 0.353845
7.685 	 0.353845
7.69 	 0.353845
7.695 	 0.353845
7.7 	 0.353845
7.705 	 0.353845
7.71 	 0.353845
7.715 	 0.353845
7.72 	 0.353845
7.725 	 0.353845
7.73 	 0.353845
7.735 	 0.353845
7.74 	 0.353845
7.745 	 0.353845
7.75 	 0.353845
7.755 	 0.353845
7.76 	 0.353845
7.765 	 0.353845
7.77 	 0.353845
7.775 	 0.353845
7.78 	 0.353845
7.785 	 0.353845
7.79 	 0.353845
7.795 	 0.353845
7.8 	 0.353845
7.805 	 0.353845
7.81 	 0.353845
7.815 	 0.353845
7.82 	 0.353845
7.825 	 0.353845
7.83 	 0.353845
7.835 	 0.353845
7.84 	 0.353845
7.845 	 0.353845
7.85 	 0.353845
7.855 	 0.353845
7.86 	 0.353845
7.865 	 0.353845
7.87 	 0.353845
7.875 	 0.353844
7.88 	 0.353844
7.885 	 0.353844
7.89 	 0.353844
7.895 	 0.353844
7.9 	 0.353844
7.905 	 0.353844
7.91 	 0.353844
7.915 	 0.353844
7.92 	 0.353844
7.925 	 0.353844
7.93 	 0.353844
7.935 	 0.353844
7.94 	 0.353844
7.945 	 0.353844
7.95 	 0.353844
7.955 	 0.353844
7.96 	 0.353844
7.965 	 0.353844
7.97 	 0.353844
7.975 	 0.353844
7.98 	 0.353844
7.985 	 0.353844
7.99 	 0.353844
7.995 	 0.353844
8 	 0.353844
8.005 	 0.353844
8.01 	 0.353844
8.015 	 0.353844
8.02 	 0.353844
8.025 	 0.353844
8.03 	 0.353844
8.035 	 0.353844
8.04 	 0.353844
8.045 	 0.353844
8.05 	 0.353844
8.055 	 0.353844
8.06 	 0.353844
8.065 	 0.353844
8.07 	 0.353844
8.075 	 0.353844
8.08 	 0.353844
8.085 	 0.353844
8.09 	 0.353844
8.095 	 0.353844
8.1 	 0.353844
8.105 	 0.353844
8.11 	 0.353844
8.115 	 0.353844
8.12 	 0.353844
8.125 	 0.353844
8.13 	 0.353844
8.135 	 0.353844
8.14 	 0.353844
8.145 	 0.353844
8.15 	 0.353844
8.155 	 0.353844
8.16 	 0.353844
8.165 	 0.353844
8.17 	 0.353844
8.175 	 0.353844
8.18 	 0.353844
8.185 	 0.353844
8.19 	 0.353844
8.195 	 0.353844
8.2 	 0.353844
8.205 	 0.353844
8.21 	 0.353844
8.215 	 0.353844
8.22 	 0.353844
8.225 	 0.353844
8.23 	 0.353844
8.235 	 0.353844
8.24 	 0.353844
8.245 	 0.353844
8.25 	 0.353844
8.255 	 0.353844
8.26 	 0.353844
8.265 	 0.353844
8.27 	 0.353844
8.275 	 0.353844
8.28 	 0.353844
8.285 	 0.353844
8.29 	 0.353844
8.295 	 0.353844
8.3 	 0.353844
8.305 	 0.353844
8.31 	 0.353844
8.315 	 0.353844
8.32 	 0.353844
8.325 	 0.353844
8.33 	 0.353844
8.335 	 0.353844
8.34 	 0.353844
8.345 	 0.353844
8.35 	 0.353844
8.355 	 0.353844
8.36 	 0.353844
8.365 	 0.353844
8.37 	 0.353844
8.375 	 0.353844
8.38 	 0.353844
8.385 	 0.353844
8.39 	 0.353844
8.395 	 0.353844
8.4 	 0.353844
8.405 	 0.353844
8.41 	 0.353844
8.415 	 0.353844
8.42 	 0.353844
8.425 	 0.353844
8.43 	 0.353844
8.435 	 0.353844
8.44 	 0.353844
8.445 	 0.353844
8.45 	 0.353844
8.455 	 0.353844
8.46 	 0.353844
8.465 	 0.353844
8.47 	 0.353844
8.475 	 0.353844
8.48 	 0.353844
8.485 	 0.353844
8.49 	 0.353844
8.495 	 0.353844
8.5 	 0.353844
8.505 	 0.353844
8.51 	 0.353844
8.515 	 0.353844
8.52 	 0.353844
8.525 	 0.353844
8.53 	 0.353844
8.535 	 0.353844
8.54 	 0.353844
8.545 	 0.353844
8.55 	 0.353844
8.555 	 0.353844
8.56 	 0.353844
8.565 	 0.353844
8.57 	 0.353844
8.575 	 0.353844
8.58 	 0.353844
8.585 	 0.353844
8.59 	 0.353844
8.595 	 0.353844
8.6 	 0.353844
8.605 	 0.353844
8.61 	 0.353844
8.615 	 0.353844
8.62 	 0.353844
8.625 	 0.353844
8.63 	 0.353844
8.635 	 0.353844
8.64 	 0.353844
8.645 	 0.353844
8.65 	 0.353844
8.655 	 0.353844
8.66 	 0.353844
8.665 	 0.353844
8.67 	 0.353844
8.675 	 0.353844
8.68 	 0.353844
8.685 	 0.353844
8.69 	 0.353844
8.695 	 0.353844
8.7 	 0.353844
8.705 	 0.353844
8.71 	 0.353844
8.715 	 0.353844
8.72 	 0.353844
8.725 	 0.353844
8.73 	 0.353844
8.735 	 0.353844
8.74 	 0.353844
8.745 	 0.353844
8.75 	 0.353844
8.755 	 0.353844
8.76 	 0.353844
8.765 	 0.353844
8.77 	 0.353844
8.775 	 0.353844
8.78 	 0.353844
8.785 	 0.353844
8.79 	 0.353844
8.795 	 0.353844
8.8 	 0.353844
8.805 	 0.353844
8.81 	 0.353844
8.815 	 0.353844
8.82 	 0.353844
8.825 	 0.353844
8.83 	 0.353844
8.835 	 0.353844
8.84 	 0.353844
8.845 	 0.353844
8.85 	 0.353844
8.855 	 0.353844
8.86 	 0.353844
8.865 	 0.353844
8.87 	 0.353844
8.875 	 0.353844
8.88 	 0.353844
8.885 	 0.353844
8.89 	 0.353844
8.895 	 0.353844
8.9 	 0.353844
8.905 	 0.353844
8.91 	 0.353844
8.915 	 0.353844
8.92 	 0.353844
8.925 	 0.353844
8.93 	 0.353844
8.935 	 0.353844
8.94 	 0.353844
8.945 	 0.353844
8.95 	 0.353844
8.955 	 0.353844
8.96 	 0.353844
8.965 	 0.353844
8.97 	 0.353844
8.975 	 0.353844
8.98 	 0.353844
8.985 	 0.353844
8.99 	 0.353844
8.995 	 0.353844
9 	 0.353844
9.005 	 0.353844
9.01 	 0.353844
9.015 	 0.353844
9.02 	 0.353844
9.025 	 0.353844
9.03 	 0.353844
9.035 	 0.353844
9.04 	 0.353844
9.045 	 0.353844
9.05 	 0.353844
9.055 	 0.353844
9.06 	 0.353844
9.065 	 0.353844
9.07 	 0.353844
9.075 	 0.353844
9.08 	 0.353844
9.085 	 0.353844
9.09 	 0.353844
9.095 	 0.353844
9.1 	 0.353844
9.105 	 0.353844
9.11 	 0.353844
9.115 	 0.353844
9.12 	 0.353844
9.125 	 0.353844
9.13 	 0.353844
9.135 	 0.353844
9.14 	 0.353844
9.145 	 0.353844
9.15 	 0.353844
9.155 	 0.353844
9.16 	 0.353844
9.165 	 0.353844
9.17 	 0.353844
9.175 	 0.353844
9.18 	 0.353844
9.185 	 0.353844
9.19 	 0.353844
9.195 	 0.353844
9.2 	 0.353844
9.205 	 0.353844
9.21 	 0.353844
9.215 	 0.353844
9.22 	 0.353844
9.225 	 0.353844
9.23 	 0.353844
9.235 	 0.353844
9.24 	 0.353844
9.245 	 0.353844
9.25 	 0.353844
9.255 	 0.353844
9.26 	 0.353844
9.265 	 0.353844
9.27 	 0.353844
9.275 	 0.353844
9.28 	 0.353844
9.285 	 0.353844
9.29 	 0.353844
9.295 	 0.353844
9.3 	 0.353844
9.305 	 0.353844
9.31 	 0.353844
9.315 	 0.353844
9.32 	 0.353844
9.325 	 0.353844
9.33 	 0.353844
9.335 	 0.353844
9.34 	 0.353844
9.345 	 0.353844
9.35 	 0.353844
9.355 	 0.353844
9.36 	 0.353844
9.365 	 0.353844
9.37 	 0.353844
9.375 	 0.353844
9.38 	 0.353844
9.385 	 0.353844
9.39 	 0.353844
9.395 	 0.353844
9.4 	 0.353844
9.405 	 0.353844
9.41 	 0.353844
9.415 	 0.353844
9.42 	 0.353844
9.425 	 0.353844
9.43 	 0.353844
9.435 	 0.353844
9.44 	 0.353844
9.445 	 0.353844
9.45 	 0.353844
9.455 	 0.353844
9.46 	 0.353844
9.465 	 0.353844
9.47 	 0.353844
9.475 	 0.353844
9.48 	 0.353844
9.485 	 0.353844
9.49 	 0.353844
9.495 	 0.353844
9.5 	 0.353844
9.505 	 0.353844
9.51 	 0.353844
9.515 	 0.353844
9.52 	 0.353844
9.525 	 0.353844
9.53 	 0.353844
9.535 	 0.353844
9.54 	 0.353844
9.545 	 0.353844
9.55 	 0.353844
9.555 	 0.353844
9.56 	 0.353844
9.565 	 0.353844
9.57 	 0.353844
9.575 	 0.353844
9.58 	 0.353844
9.585 	 0.353844
9.59 	 0.353844
9.595 	 0.353844
9.6 	 0.353844
9.605 	 0.353844
9.61 	 0.353844
9.615 	 0.353844
9.62 	 0.353844
9.625 	 0.353844
9.63 	 0.353844
9.635 	 0.353844
9.64 	 0.353844
9.645 	 0.353844
9.65 	 0.353844
9.655 	 0.353844
9.66 	 0.353844
9.665 	 0.353844
9.67 	 0.353844
9.675 	 0.353844
9.68 	 0.353844
9.685 	 0.353844
9.69 	 0.353844
9.695 	 0.353844
9.7 	 0.353844
9.705 	 0.353844
9.71 	 0.353844
9.715 	 0.353844
9.72 	 0.353844
9.725 	 0.353844
9.73 	 0.353844
9.735 	 0.353844
9.74 	 0.353844
9.745 	 0.353844
9.75 	 0.353844
9.755 	 0.353844
9.76 	 0.353844
9.765 	 0.353844
9.77 	 0.353844
9.775 	 0.353844
9.78 	 0.353844
9.785 	 0.353844
9.79 	 0.353844
9.795 	 0.353844
9.8 	 0.353844
9.805 	 0.353844
9.81 	 0.353844
9.815 	 0.353844
9.82 	 0.353844
9.825 	 0.353844
9.83 	 0.353844
9.835 	 0.353844
9.84 	 0.353844
9.845 	 0.353844
9.85 	 0.353844
9.855 	 0.353844
9.86 	 0.353844
9.865 	 0.353844
9.87 	 0.353844
9.875 	 0.353844
9.88 	 0.353844
9.885 	 0.353844
9.89 	 0.353844
9.895 	 0.353844
9.9 	 0.353844
9.905 	 0.353844
9.91 	 0.353844
9.915 	 0.353844
9.92 	 0.353844
9.925 	 0.353844
9.93 	 0.353844
9.935 	 0.353844
9.94 	 0.353844
9.945 	 0.353844
9.95 	 0.353844
9.955 	 0.353844
9.96 	 0.353844
9.965 	 0.353844
9.97 	 0.353844
9.975 	 0.353844
9.98 	 0.353844
9.985 	 0.353844
9.99 	 0.353844
9.995 	 0.353844
10 	 0.353844
10.005 	 0.353844
10.01 	 0.353844
10.015 	 0.353844
10.02 	 0.353844
10.025 	 0.353844
10.03 	 0.353844
10.035 	 0.353844
10.04 	 0.353844
10.045 	 0.353844
10.05 	 0.353844
10.055 	 0.353844
10.06 	 0.353844
10.065 	 0.353844
10.07 	 0.353844
10.075 	 0.353844
10.08 	 0.353844
10.085 	 0.353844
10.09 	 0.353844
10.095 	 0.353844
10.1 	 0.353844
10.105 	 0.353844
10.11 	 0.353844
10.115 	 0.353844
10.12 	 0.353844
10.125 	 0.353844
10.13 	 0.353844
10.135 	 0.353844
10.14 	 0.353844
10.145 	 0.353844
10.15 	 0.353844
10.155 	 0.353844
10.16 	 0.353844
10.165 	 0.353844
10.17 	 0.353844
10.175 	 0.353844
10.18 	 0.353844
10.185 	 0.353844
10.19 	 0.353844
10.195 	 0.353844
10.2 	 0.353844
10.205 	 0.353844
10.21 	 0.353844
10.215 	 0.353844
10.22 	 0.353844
10.225 	 0.353844
10.23 	 0.353844
10.235 	 0.353844
10.24 	 0.353844
10.245 	 0.353844
10.25 	 0.353844
10.255 	 0.353844
10.26 	 0.353844
10.265 	 0.353844
10.27 	 0.353844
10.275 	 0.353844
10.28 	 0.353844
10.285 	 0.353844
10.29 	 0.353844
10.295 	 0.353844
10.3 	 0.353844
10.305 	 0.353844
10.31 	 0.353844
10.315 	 0.353844
10.32 	 0.353844
10.325 	 0.353844
10.33 	 0.353844
10.335 	 0.353844
10.34 	 0.353844
10.345 	 0.353844
10.35 	 0.353844
10.355 	 0.353844
10.36 	 0.353844
10.365 	 0.353844
10.37 	 0.353844
10.375 	 0.353844
10.38 	 0.353844
10.385 	 0.353844
10.39 	 0.353844
10.395 	 0.353844
10.4 	 0.353844
10.405 	 0.353844
10.41 	 0.353844
10.415 	 0.353844
10.42 	 0.353844
10.425 	 0.353844
10.43 	 0.353844
10.435 	 0.353844
10.44 	 0.353844
10.445 	 0.353844
10.45 	 0.353844
10.455 	 0.353844
10.46 	 0.353844
10.465 	 0.353844
10.47 	 0.353844
10.475 	 0.353844
10.48 	 0.353844
10.485 	 0.353844
10.49 	 0.353844
10.495 	 0.353844
10.5 	 0.353844
10.505 	 0.353844
10.51 	 0.353844
10.515 	 0.353844
10.52 	 0.353844
10.525 	 0.353844
10.53 	 0.353844
10.535 	 0.353844
10.54 	 0.353844
10.545 	 0.353844
10.55 	 0.353844
10.555 	 0.353844
10.56 	 0.353844
10.565 	 0.353844
10.57 	 0.353844
10.575 	 0.353844
10.58 	 0.353844
10.585 	 0.353844
10.59 	 0.353844
10.595 	 0.353844
10.6 	 0.353844
10.605 	 0.353844
10.61 	 0.353844
10.615 	 0.353844
10.62 	 0.353844
10.625 	 0.353844
10.63 	 0.353844
10.635 	 0.353844
10.64 	 0.353844
10.645 	 0.353844
10.65 	 0.353844
10.655 	 0.353844
10.66 	 0.353844
10.665 	 0.353844
10.67 	 0.353844
10.675 	 0.353844
10.68 	 0.353844
10.685 	 0.353844
10.69 	 0.353844
10.695 	 0.353844
10.7 	 0.353844
10.705 	 0.353844
10.71 	 0.353844
10.715 	 0.353844
10.72 	 0.353844
10.725 	 0.353844
10.73 	 0.353844
10.735 	 0.353844
10.74 	 0.353844
10.745 	 0.353844
10.75 	 0.353844
10.755 	 0.353844
10.76 	 0.353844
10.765 	 0.353844
10.77 	 0.353844
10.775 	 0.353844
10.78 	 0.353844
10.785 	 0.353844
10.79 	 0.353844
10.795 	 0.353844
10.8 	 0.353844
10.805 	 0.353844
10.81 	 0.353844
10.815 	 0.353844
10.82 	 0.353844
10.825 	 0.353844
10.83 	 0.353844
10.835 	 0.353844
10.84 	 0.353844
10.845 	 0.353844
10.85 	 0.353844
10.855 	 0.353844
10.86 	 0.353844
10.865 	 0.353844
10.87 	 0.353844
10.875 	 0.353844
10.88 	 0.353844
10.885 	 0.353844
10.89 	 0.353844
10.895 	 0.353844
10.9 	 0.353844
10.905 	 0.353844
10.91 	 0.353844
10.915 	 0.353844
10.92 	 0.353844
10.925 	 0.353844
10.93 	 0.353844
10.935 	 0.353844
10.94 	 0.353844
10.945 	 0.353844
10.95 	 0.353844
10.955 	 0.353844
10.96 	 0.353844
10.965 	 0.353844
10.97 	 0.353844
10.975 	 0.353844
10.98 	 0.353844
10.985 	 0.353844
10.99 	 0.353844
10.995 	 0.353844
11 	 0.353844
11.005 	 0.353844
11.01 	 0.353844
11.015 	 0.353844
11.02 	 0.353844
11.025 	 0.353844
11.03 	 0.353844
11.035 	 0.353844
11.04 	 0.353844
11.045 	 0.353844
11.05 	 0.353844
11.055 	 0.353844
11.06 	 0.353844
11.065 	 0.353844
11.07 	 0.353844
11.075 	 0.353844
11.08 	 0.353844
11.085 	 0.353844
11.09 	 0.353844
11.095 	 0.353844
11.1 	 0.353844
11.105 	 0.353844
11.11 	 0.353844
11.115 	 0.353844
11.12 	 0.353844
11.125 	 0.353844
11.13 	 0.353844
11.135 	 0.353844
11.14 	 0.353844
11.145 	 0.353844
11.15 	 0.353844
11.155 	 0.353844
11.16 	 0.353844
11.165 	 0.353844
11.17 	 0.353844
11.175 	 0.353844
11.18 	 0.353844
11.185 	 0.353844
11.19 	 0.353844
11.195 	 0.353844
11.2 	 0.353844
11.205 	 0.353844
11.21 	 0.353844
11.215 	 0.353844
11.22 	 0.353844
11.225 	 0.353844
11.23 	 0.353844
11.235 	 0.353844
11.24 	 0.353844
11.245 	 0.353844
11.25 	 0.353844
11.255 	 0.353844
11.26 	 0.353844
11.265 	 0.353844
11.27 	 0.353844
11.275 	 0.353844
11.28 	 0.353844
11.285 	 0.353844
11.29 	 0.353844
11.295 	 0.353844
11.3 	 0.353844
11.305 	 0.353844
11.31 	 0.353844
11.315 	 0.353844
11.32 	 0.353844
11.325 	 0.353844
11.33 	 0.353844
11.335 	 0.353844
11.34 	 0.353844
11.345 	 0.353844
11.35 	 0.353844
11.355 	 0.353844
11.36 	 0.353844
11.365 	 0.353844
11.37 	 0.353844
11.375 	 0.353844
11.38 	 0.353844
11.385 	 0.353844
11.39 	 0.353844
11.395 	 0.353844
11.4 	 0.353844
11.405 	 0.353844
11.41 	 0.353844
11.415 	 0.353844
11.42 	 0.353844
11.425 	 0.353844
11.43 	 0.353844
11.435 	 0.353844
11.44 	 0.353844
11.445 	 0.353844
11.45 	 0.353844
11.455 	 0.353844
11.46 	 0.353844
11.465 	 0.353844
11.47 	 0.353844
11.475 	 0.353844
11.48 	 0.353844
11.485 	 0.353844
11.49 	 0.353844
11.495 	 0.353844
11.5 	 0.353844
11.505 	 0.353844
11.51 	 0.353844
11.515 	 0.353844
11.52 	 0.353844
11.525 	 0.353844
11.53 	 0.353844
11.535 	 0.353844
11.54 	 0.353844
11.545 	 0.353844
11.55 	 0.353844
11.555 	 0.353844
11.56 	 0.353844
11.565 	 0.353844
11.57 	 0.353844
11.575 	 0.353844
11.58 	 0.353844
11.585 	 0.353844
11.59 	 0.353844
11.595 	 0.353844
11.6 	 0.353844
11.605 	 0.353844
11.61 	 0.353844
11.615 	 0.353844
11.62 	 0.353844
11.625 	 0.353844
11.63 	 0.353844
11.635 	 0.353844
11.64 	 0.353844
11.645 	 0.353844
11.65 	 0.353844
11.655 	 0.353844
11.66 	 0.353844
11.665 	 0.353844
11.67 	 0.353844
11.675 	 0.353844
11.68 	 0.353844
11.685 	 0.353844
11.69 	 0.353844
11.695 	 0.353844
11.7 	 0.353844
11.705 	 0.353844
11.71 	 0.353844
11.715 	 0.353844
11.72 	 0.353844
11.725 	 0.353844
11.73 	 0.353844
11.735 	 0.353844
11.74 	 0.353844
11.745 	 0.353844
11.75 	 0.353844
11.755 	 0.353844
11.76 	 0.353844
11.765 	 0.353844
11.77 	 0.353844
11.775 	 0.353844
11.78 	 0.353844
11.785 	 0.353844
11.79 	 0.353844
11.795 	 0.353844
11.8 	 0.353844
11.805 	 0.353844
11.81 	 0.353844
11.815 	 0.353844
11.82 	 0.353844
11.825 	 0.353844
11.83 	 0.353844
11.835 	 0.353844
11.84 	 0.353844
11.845 	 0.353844
11.85 	 0.353844
11.855 	 0.353844
11.86 	 0.353844
11.865 	 0.353844
11.87 	 0.353844
11.875 	 0.353844
11.88 	 0.353844
11.885 	 0.353844
11.89 	 0.353844
11.895 	 0.353844
11.9 	 0.353844
11.905 	 0.353844
11.91 	 0.353844
11.915 	 0.353844
11.92 	 0.353844
11.925 	 0.353844
11.93 	 0.353844
11.935 	 0.353844
11.94 	 0.353844
11.945 	 0.353844
11.95 	 0.353844
11.955 	 0.353844
11.96 	 0.353844
11.965 	 0.353844
11.97 	 0.353844
11.975 	 0.353844
11.98 	 0.353844
11.985 	 0.353844
11.99 	 0.353844
11.995 	 0.353844
12 	 0.353844
12.005 	 0.353844
12.01 	 0.353844
12.015 	 0.353844
12.02 	 0.353844
12.025 	 0.353844
12.03 	 0.353844
12.035 	 0.353844
12.04 	 0.353844
12.045 	 0.353844
12.05 	 0.353844
12.055 	 0.353844
12.06 	 0.353844
12.065 	 0.353844
12.07 	 0.353844
12.075 	 0.353844
12.08 	 0.353844
12.085 	 0.353844
12.09 	 0.353844
12.095 	 0.353844
12.1 	 0.353844
12.105 	 0.353844
12.11 	 0.353844
12.115 	 0.353844
12.12 	 0.353844
12.125 	 0.353844
12.13 	 0.353844
12.135 	 0.353844
12.14 	 0.353844
12.145 	 0.353844
12.15 	 0.353844
12.155 	 0.353844
12.16 	 0.353844
12.165 	 0.353844
12.17 	 0.353844
12.175 	 0.353844
12.18 	 0.353844
12.185 	 0.353844
12.19 	 0.353844
12.195 	 0.353844
12.2 	 0.353844
12.205 	 0.353844
12.21 	 0.353844
12.215 	 0.353844
12.22 	 0.353844
12.225 	 0.353844
12.23 	 0.353844
12.235 	 0.353844
12.24 	 0.353844
12.245 	 0.353844
12.25 	 0.353844
12.255 	 0.353844
12.26 	 0.353844
12.265 	 0.353844
12.27 	 0.353844
12.275 	 0.353844
12.28 	 0.353844
12.285 	 0.353844
12.29 	 0.353844
12.295 	 0.353844
12.3 	 0.353844
12.305 	 0.353844
12.31 	 0.353844
12.315 	 0.353844
12.32 	 0.353844
12.325 	 0.353844
12.33 	 0.353844
12.335 	 0.353844
12.34 	 0.353844
12.345 	 0.353844
12.35 	 0.353844
12.355 	 0.353844
12.36 	 0.353844
12.365 	 0.353844
12.37 	 0.353844
12.375 	 0.353844
12.38 	 0.353844
12.385 	 0.353844
12.39 	 0.353844
12.395 	 0.353844
12.4 	 0.353844
12.405 	 0.353844
12.41 	 0.353844
12.415 	 0.353844
12.42 	 0.353844
12.425 	 0.353844
12.43 	 0.353844
12.435 	 0.353844
12.44 	 0.353844
12.445 	 0.353844
12.45 	 0.353844
12.455 	 0.353844
12.46 	 0.353844
12.465 	 0.353844
12.47 	 0.353844
12.475 	 0.353844
12.48 	 0.353844
12.485 	 0.353844
12.49 	 0.353844
12.495 	 0.353844
12.5 	 0.353844
12.505 	 0.353844
12.51 	 0.353844
12.515 	 0.353844
12.52 	 0.353844
12.525 	 0.353844
12.53 	 0.353844
12.535 	 0.353844
12.54 	 0.353844
12.545 	 0.353844
12.55 	 0.353844
12.555 	 0.353844
12.56 	 0.353844
12.565 	 0.353844
12.57 	 0.353844
12.575 	 0.353844
12.58 	 0.353844
12.585 	 0.353844
12.59 	 0.353844
12.595 	 0.353844
12.6 	 0.353844
12.605 	 0.353844
12.61 	 0.353844
12.615 	 0.353844
12.62 	 0.353844
12.625 	 0.353844
12.63 	 0.353844
12.635 	 0.353844
12.64 	 0.353844
12.645 	 0.353844
12.65 	 0.353844
12.655 	 0.353844
12.66 	 0.353844
12.665 	 0.353844
12.67 	 0.353844
12.675 	 0.353844
12.68 	 0.353844
12.685 	 0.353844
12.69 	 0.353844
12.695 	 0.353844
12.7 	 0.353844
12.705 	 0.353844
12.71 	 0.353844
12.715 	 0.353844
12.72 	 0.353844
12.725 	 0.353844
12.73 	 0.353844
12.735 	 0.353844
12.74 	 0.353844
12.745 	 0.353844
12.75 	 0.353844
12.755 	 0.353844
12.76 	 0.353844
12.765 	 0.353844
12.77 	 0.353844
12.775 	 0.353844
12.78 	 0.353844
12.785 	 0.353844
12.79 	 0.353844
12.795 	 0.353844
12.8 	 0.353844
12.805 	 0.353844
12.81 	 0.353844
12.815 	 0.353844
12.82 	 0.353844
12.825 	 0.353844
12.83 	 0.353844
12.835 	 0.353844
12.84 	 0.353844
12.845 	 0.353844
12.85 	 0.353844
12.855 	 0.353844
12.86 	 0.353844
12.865 	 0.353844
12.87 	 0.353844
12.875 	 0.353844
12.88 	 0.353844
12.885 	 0.353844
12.89 	 0.353844
12.895 	 0.353844
12.9 	 0.353844
12.905 	 0.353844
12.91 	 0.353844
12.915 	 0.353844
12.92 	 0.353844
12.925 	 0.353844
12.93 	 0.353844
12.935 	 0.353844
12.94 	 0.353844
12.945 	 0.353844
12.95 	 0.353844
12.955 	 0.353844
12.96 	 0.353844
12.965 	 0.353844
12.97 	 0.353844
12.975 	 0.353844
12.98 	 0.353844
12.985 	 0.353844
12.99 	 0.353844
12.995 	 0.353844
13 	 0.353844
13.005 	 0.353844
13.01 	 0.353844
13.015 	 0.353844
13.02 	 0.353844
13.025 	 0.353844
13.03 	 0.353844
13.035 	 0.353844
13.04 	 0.353844
13.045 	 0.353844
13.05 	 0.353844
13.055 	 0.353844
13.06 	 0.353844
13.065 	 0.353844
13.07 	 0.353844
13.075 	 0.353844
13.08 	 0.353844
13.085 	 0.353844
13.09 	 0.353844
13.095 	 0.353844
13.1 	 0.353844
13.105 	 0.353844
13.11 	 0.353844
13.115 	 0.353844
13.12 	 0.353844
13.125 	 0.353844
13.13 	 0.353844
13.135 	 0.353844
13.14 	 0.353844
13.145 	 0.353844
13.15 	 0.353844
13.155 	 0.353844
13.16 	 0.353844
13.165 	 0.353844
13.17 	 0.353844
13.175 	 0.353844
13.18 	 0.353844
13.185 	 0.353844
13.19 	 0.353844
13.195 	 0.353844
13.2 	 0.353844
13.205 	 0.353844
13.21 	 0.353844
13.215 	 0.353844
13.22 	 0.353844
13.225 	 0.353844
13.23 	 0.353844
13.235 	 0.353844
13.24 	 0.353844
13.245 	 0.353844
13.25 	 0.353844
13.255 	 0.353844
13.26 	 0.353844
13.265 	 0.353844
13.27 	 0.353844
13.275 	 0.353844
13.28 	 0.353844
13.285 	 0.353844
13.29 	 0.353844
13.295 	 0.353844
13.3 	 0.353844
13.305 	 0.353844
13.31 	 0.353844
13.315 	 0.353844
13.32 	 0.353844
13.325 	 0.353844
13.33 	 0.353844
13.335 	 0.353844
13.34 	 0.353844
13.345 	 0.353844
13.35 	 0.353844
13.355 	 0.353844
13.36 	 0.353844
13.365 	 0.353844
13.37 	 0.353844
13.375 	 0.353844
13.38 	 0.353844
13.385 	 0.353844
13.39 	 0.353844
13.395 	 0.353844
13.4 	 0.353844
13.405 	 0.353844
13.41 	 0.353844
13.415 	 0.353844
13.42 	 0.353844
13.425 	 0.353844
13.43 	 0.353844
13.435 	 0.353844
13.44 	 0.353844
13.445 	 0.353844
13.45 	 0.353844
13.455 	 0.353844
13.46 	 0.353844
13.465 	 0.353844
13.47 	 0.353844
13.475 	 0.353844
13.48 	 0.353844
13.485 	 0.353844
13.49 	 0.353844
13.495 	 0.353844
13.5 	 0.353844
13.505 	 0.353844
13.51 	 0.353844
13.515 	 0.353844
13.52 	 0.353844
13.525 	 0.353844
13.53 	 0.353844
13.535 	 0.353844
13.54 	 0.353844
13.545 	 0.353844
13.55 	 0.353844
13.555 	 0.353844
13.56 	 0.353844
13.565 	 0.353844
13.57 	 0.353844
13.575 	 0.353844
13.58 	 0.353844
13.585 	 0.353844
13.59 	 0.353844
13.595 	 0.353844
13.6 	 0.353844
13.605 	 0.353844
13.61 	 0.353844
13.615 	 0.353844
13.62 	 0.353844
13.625 	 0.353844
13.63 	 0.353844
13.635 	 0.353844
13.64 	 0.353844
13.645 	 0.353844
13.65 	 0.353844
13.655 	 0.353844
13.66 	 0.353844
13.665 	 0.353844
13.67 	 0.353844
13.675 	 0.353844
13.68 	 0.353844
13.685 	 0.353844
13.69 	 0.353844
13.695 	 0.353844
13.7 	 0.353844
13.705 	 0.353844
13.71 	 0.353844
13.715 	 0.353844
13.72 	 0.353844
13.725 	 0.353844
13.73 	 0.353844
13.735 	 0.353844
13.74 	 0.353844
13.745 	 0.353844
13.75 	 0.353844
13.755 	 0.353844
13.76 	 0.353844
13.765 	 0.353844
13.77 	 0.353844
13.775 	 0.353844
13.78 	 0.353844
13.785 	 0.353844
13.79 	 0.353844
13.795 	 0.353844
13.8 	 0.353844
13.805 	 0.353844
13.81 	 0.353844
13.815 	 0.353844
13.82 	 0.353844
13.825 	 0.353844
13.83 	 0.353844
13.835 	 0.353844
13.84 	 0.353844
13.845 	 0.353844
13.85 	 0.353844
13.855 	 0.353844
13.86 	 0.353844
13.865 	 0.353844
13.87 	 0.353844
13.875 	 0.353844
13.88 	 0.353844
13.885 	 0.353844
13.89 	 0.353844
13.895 	 0.353844
13.9 	 0.353844
13.905 	 0.353844
13.91 	 0.353844
13.915 	 0.353844
13.92 	 0.353844
13.925 	 0.353844
13.93 	 0.353844
13.935 	 0.353844
13.94 	 0.353844
13.945 	 0.353844
13.95 	 0.353844
13.955 	 0.353844
13.96 	 0.353844
13.965 	 0.353844
13.97 	 0.353844
13.975 	 0.353844
13.98 	 0.353844
13.985 	 0.353844
13.99 	 0.353844
13.995 	 0.353844
14 	 0.353844
14.005 	 0.353844
14.01 	 0.353844
14.015 	 0.353844
14.02 	 0.353844
14.025 	 0.353844
14.03 	 0.353844
14.035 	 0.353844
14.04 	 0.353844
14.045 	 0.353844
14.05 	 0.353844
14.055 	 0.353844
14.06 	 0.353844
14.065 	 0.353844
14.07 	 0.353844
14.075 	 0.353844
14.08 	 0.353844
14.085 	 0.353844
14.09 	 0.353844
14.095 	 0.353844
14.1 	 0.353844
14.105 	 0.353844
14.11 	 0.353844
14.115 	 0.353844
14.12 	 0.353844
14.125 	 0.353844
14.13 	 0.353844
14.135 	 0.353844
14.14 	 0.353844
14.145 	 0.353844
14.15 	 0.353844
14.155 	 0.353844
14.16 	 0.353844
14.165 	 0.353844
14.17 	 0.353844
14.175 	 0.353844
14.18 	 0.353844
14.185 	 0.353844
14.19 	 0.353844
14.195 	 0.353844
14.2 	 0.353844
14.205 	 0.353844
14.21 	 0.353844
14.215 	 0.353844
14.22 	 0.353844
14.225 	 0.353844
14.23 	 0.353844
14.235 	 0.353844
14.24 	 0.353844
14.245 	 0.353844
14.25 	 0.353844
14.255 	 0.353844
14.26 	 0.353844
14.265 	 0.353844
14.27 	 0.353844
14.275 	 0.353844
14.28 	 0.353844
14.285 	 0.353844
14.29 	 0.353844
14.295 	 0.353844
14.3 	 0.353844
14.305 	 0.353844
14.31 	 0.353844
14.315 	 0.353844
14.32 	 0.353844
14.325 	 0.353844
14.33 	 0.353844
14.335 	 0.353844
14.34 	 0.353844
14.345 	 0.353844
14.35 	 0.353844
14.355 	 0.353844
14.36 	 0.353844
14.365 	 0.353844
14.37 	 0.353844
14.375 	 0.353844
14.38 	 0.353844
14.385 	 0.353844
14.39 	 0.353844
14.395 	 0.353844
14.4 	 0.353844
14.405 	 0.353844
14.41 	 0.353844
14.415 	 0.353844
14.42 	 0.353844
14.425 	 0.353844
14.43 	 0.353844
14.435 	 0.353844
14.44 	 0.353844
14.445 	 0.353844
14.45 	 0.353844
14.455 	 0.353844
14.46 	 0.353844
14.465 	 0.353844
14.47 	 0.353844
14.475 	 0.353844
14.48 	 0.353844
14.485 	 0.353844
14.49 	 0.353844
14.495 	 0.353844
14.5 	 0.353844
14.505 	 0.353844
14.51 	 0.353844
14.515 	 0.353844
14.52 	 0.353844
14.525 	 0.353844
14.53 	 0.353844
14.535 	 0.353844
14.54 	 0.353844
14.545 	 0.353844
14.55 	 0.353844
14.555 	 0.353844
14.56 	 0.353844
14.565 	 0.353844
14.57 	 0.353844
14.575 	 0.353844
14.58 	 0.353844
14.585 	 0.353844
14.59 	 0.353844
14.595 	 0.353844
14.6 	 0.353844
14.605 	 0.353844
14.61 	 0.353844
14.615 	 0.353844
14.62 	 0.353844
14.625 	 0.353844
14.63 	 0.353844
14.635 	 0.353844
14.64 	 0.353844
14.645 	 0.353844
14.65 	 0.353844
14.655 	 0.353844
14.66 	 0.353844
14.665 	 0.353844
14.67 	 0.353844
14.675 	 0.353844
14.68 	 0.353844
14.685 	 0.353844
14.69 	 0.353844
14.695 	 0.353844
14.7 	 0.353844
14.705 	 0.353844
14.71 	 0.353844
14.715 	 0.353844
14.72 	 0.353844
14.725 	 0.353844
14.73 	 0.353844
14.735 	 0.353844
14.74 	 0.353844
14.745 	 0.353844
14.75 	 0.353844
14.755 	 0.353844
14.76 	 0.353844
14.765 	 0.353844
14.77 	 0.353844
14.775 	 0.353844
14.78 	 0.353844
14.785 	 0.353844
14.79 	 0.353844
14.795 	 0.353844
14.8 	 0.353844
14.805 	 0.353844
14.81 	 0.353844
14.815 	 0.353844
14.82 	 0.353844
14.825 	 0.353844
14.83 	 0.353844
14.835 	 0.353844
14.84 	 0.353844
14.845 	 0.353844
14.85 	 0.353844
14.855 	 0.353844
14.86 	 0.353844
14.865 	 0.353844
14.87 	 0.353844
14.875 	 0.353844
14.88 	 0.353844
14.885 	 0.353844
14.89 	 0.353844
14.895 	 0.353844
14.9 	 0.353844
14.905 	 0.353844
14.91 	 0.353844
14.915 	 0.353844
14.92 	 0.353844
14.925 	 0.353844
14.93 	 0.353844
14.935 	 0.353844
14.94 	 0.353844
14.945 	 0.353844
14.95 	 0.353844
14.955 	 0.353844
14.96 	 0.353844
14.965 	 0.353844
14.97 	 0.353844
14.975 	 0.353844
14.98 	 0.353844
14.985 	 0.353844
14.99 	 0.353844
14.995 	 0.353844
15 	 0.353844
15.005 	 0.353844
15.01 	 0.353844
15.015 	 0.353844
15.02 	 0.353844
15.025 	 0.353844
15.03 	 0.353844
15.035 	 0.353844
15.04 	 0.353844
15.045 	 0.353844
15.05 	 0.353844
15.055 	 0.353844
15.06 	 0.353844
15.065 	 0.353844
15.07 	 0.353844
15.075 	 0.353844
15.08 	 0.353844
15.085 	 0.353844
15.09 	 0.353844
15.095 	 0.353844
15.1 	 0.353844
15.105 	 0.353844
15.11 	 0.353844
15.115 	 0.353844
15.12 	 0.353844
15.125 	 0.353844
15.13 	 0.353844
15.135 	 0.353844
15.14 	 0.353844
15.145 	 0.353844
15.15 	 0.353844
15.155 	 0.353844
15.16 	 0.353844
15.165 	 0.353844
15.17 	 0.353844
15.175 	 0.353844
15.18 	 0.353844
15.185 	 0.353844
15.19 	 0.353844
15.195 	 0.353844
15.2 	 0.353844
15.205 	 0.353844
15.21 	 0.353844
15.215 	 0.353844
15.22 	 0.353844
15.225 	 0.353844
15.23 	 0.353844
15.235 	 0.353844
15.24 	 0.353844
15.245 	 0.353844
15.25 	 0.353844
15.255 	 0.353844
15.26 	 0.353844
15.265 	 0.353844
15.27 	 0.353844
15.275 	 0.353844
15.28 	 0.353844
15.285 	 0.353844
15.29 	 0.353844
15.295 	 0.353844
15.3 	 0.353844
15.305 	 0.353844
15.31 	 0.353844
15.315 	 0.353844
15.32 	 0.353844
15.325 	 0.353844
15.33 	 0.353844
15.335 	 0.353844
15.34 	 0.353844
15.345 	 0.353844
15.35 	 0.353844
15.355 	 0.353844
15.36 	 0.353844
15.365 	 0.353844
15.37 	 0.353844
15.375 	 0.353844
15.38 	 0.353844
15.385 	 0.353844
15.39 	 0.353844
15.395 	 0.353844
15.4 	 0.353844
15.405 	 0.353844
15.41 	 0.353844
15.415 	 0.353844
15.42 	 0.353844
15.425 	 0.353844
15.43 	 0.353844
15.435 	 0.353844
15.44 	 0.353844
15.445 	 0.353844
15.45 	 0.353844
15.455 	 0.353844
15.46 	 0.353844
15.465 	 0.353844
15.47 	 0.353844
15.475 	 0.353844
15.48 	 0.353844
15.485 	 0.353844
15.49 	 0.353844
15.495 	 0.353844
15.5 	 0.353844
15.505 	 0.353844
15.51 	 0.353844
15.515 	 0.353844
15.52 	 0.353844
15.525 	 0.353844
15.53 	 0.353844
15.535 	 0.353844
15.54 	 0.353844
15.545 	 0.353844
15.55 	 0.353844
15.555 	 0.353844
15.56 	 0.353844
15.565 	 0.353844
15.57 	 0.353844
15.575 	 0.353844
15.58 	 0.353844
15.585 	 0.353844
15.59 	 0.353844
15.595 	 0.353844
15.6 	 0.353844
15.605 	 0.353844
15.61 	 0.353844
15.615 	 0.353844
15.62 	 0.353844
15.625 	 0.353844
15.63 	 0.353844
15.635 	 0.353844
15.64 	 0.353844
15.645 	 0.353844
15.65 	 0.353844
15.655 	 0.353844
15.66 	 0.353844
15.665 	 0.353844
15.67 	 0.353844
15.675 	 0.353844
15.68 	 0.353844
15.685 	 0.353844
15.69 	 0.353844
15.695 	 0.353844
15.7 	 0.353844
15.705 	 0.353844
15.71 	 0.353844
15.715 	 0.353844
15.72 	 0.353844
15.725 	 0.353844
15.73 	 0.353844
15.735 	 0.353844
15.74 	 0.353844
15.745 	 0.353844
15.75 	 0.353844
15.755 	 0.353844
15.76 	 0.353844
15.765 	 0.353844
15.77 	 0.353844
15.775 	 0.353844
15.78 	 0.353844
15.785 	 0.353844
15.79 	 0.353844
15.795 	 0.353844
15.8 	 0.353844
15.805 	 0.353844
15.81 	 0.353844
15.815 	 0.353844
15.82 	 0.353844
15.825 	 0.353844
15.83 	 0.353844
15.835 	 0.353844
15.84 	 0.353844
15.845 	 0.353844
15.85 	 0.353844
15.855 	 0.353844
15.86 	 0.353844
15.865 	 0.353844
15.87 	 0.353844
15.875 	 0.353844
15.88 	 0.353844
15.885 	 0.353844
15.89 	 0.353844
15.895 	 0.353844
15.9 	 0.353844
15.905 	 0.353844
15.91 	 0.353844
15.915 	 0.353844
15.92 	 0.353844
15.925 	 0.353844
15.93 	 0.353844
15.935 	 0.353844
15.94 	 0.353844
15.945 	 0.353844
15.95 	 0.353844
15.955 	 0.353844
15.96 	 0.353844
15.965 	 0.353844
15.97 	 0.353844
15.975 	 0.353844
15.98 	 0.353844
15.985 	 0.353844
15.99 	 0.353844
15.995 	 0.353844
16 	 0.353844
16.005 	 0.353844
16.01 	 0.353844
16.015 	 0.353844
16.02 	 0.353844
16.025 	 0.353844
16.03 	 0.353844
16.035 	 0.353844
16.04 	 0.353844
16.045 	 0.353844
16.05 	 0.353844
16.055 	 0.353844
16.06 	 0.353844
16.065 	 0.353844
16.07 	 0.353844
16.075 	 0.353844
16.08 	 0.353844
16.085 	 0.353844
16.09 	 0.353844
16.095 	 0.353844
16.1 	 0.353844
16.105 	 0.353844
16.11 	 0.353844
16.115 	 0.353844
16.12 	 0.353844
16.125 	 0.353844
16.13 	 0.353844
16.135 	 0.353844
16.14 	 0.353844
16.145 	 0.353844
16.15 	 0.353844
16.155 	 0.353844
16.16 	 0.353844
16.165 	 0.353844
16.17 	 0.353844
16.175 	 0.353844
16.18 	 0.353844
16.185 	 0.353844
16.19 	 0.353844
16.195 	 0.353844
16.2 	 0.353844
16.205 	 0.353844
16.21 	 0.353844
16.215 	 0.353844
16.22 	 0.353844
16.225 	 0.353844
16.23 	 0.353844
16.235 	 0.353844
16.24 	 0.353844
16.245 	 0.353844
16.25 	 0.353844
16.255 	 0.353844
16.26 	 0.353844
16.265 	 0.353844
16.27 	 0.353844
16.275 	 0.353844
16.28 	 0.353844
16.285 	 0.353844
16.29 	 0.353844
16.295 	 0.353844
16.3 	 0.353844
16.305 	 0.353844
16.31 	 0.353844
16.315 	 0.353844
16.32 	 0.353844
16.325 	 0.353844
16.33 	 0.353844
16.335 	 0.353844
16.34 	 0.353844
16.345 	 0.353844
16.35 	 0.353844
16.355 	 0.353844
16.36 	 0.353844
16.365 	 0.353844
16.37 	 0.353844
16.375 	 0.353844
16.38 	 0.353844
16.385 	 0.353844
16.39 	 0.353844
16.395 	 0.353844
16.4 	 0.353844
16.405 	 0.353844
16.41 	 0.353844
16.415 	 0.353844
16.42 	 0.353844
16.425 	 0.353844
16.43 	 0.353844
16.435 	 0.353844
16.44 	 0.353844
16.445 	 0.353844
16.45 	 0.353844
16.455 	 0.353844
16.46 	 0.353844
16.465 	 0.353844
16.47 	 0.353844
16.475 	 0.353844
16.48 	 0.353844
16.485 	 0.353844
16.49 	 0.353844
16.495 	 0.353844
16.5 	 0.353844
16.505 	 0.353844
16.51 	 0.353844
16.515 	 0.353844
16.52 	 0.353844
16.525 	 0.353844
16.53 	 0.353844
16.535 	 0.353844
16.54 	 0.353844
16.545 	 0.353844
16.55 	 0.353844
16.555 	 0.353844
16.56 	 0.353844
16.565 	 0.353844
16.57 	 0.353844
16.575 	 0.353844
16.58 	 0.353844
16.585 	 0.353844
16.59 	 0.353844
16.595 	 0.353844
16.6 	 0.353844
16.605 	 0.353844
16.61 	 0.353844
16.615 	 0.353844
16.62 	 0.353844
16.625 	 0.353844
16.63 	 0.353844
16.635 	 0.353844
16.64 	 0.353844
16.645 	 0.353844
16.65 	 0.353844
16.655 	 0.353844
16.66 	 0.353844
16.665 	 0.353844
16.67 	 0.353844
16.675 	 0.353844
16.68 	 0.353844
16.685 	 0.353844
16.69 	 0.353844
16.695 	 0.353844
16.7 	 0.353844
16.705 	 0.353844
16.71 	 0.353844
16.715 	 0.353844
16.72 	 0.353844
16.725 	 0.353844
16.73 	 0.353844
16.735 	 0.353844
16.74 	 0.353844
16.745 	 0.353844
16.75 	 0.353844
16.755 	 0.353844
16.76 	 0.353844
16.765 	 0.353844
16.77 	 0.353844
16.775 	 0.353844
16.78 	 0.353844
16.785 	 0.353844
16.79 	 0.353844
16.795 	 0.353844
16.8 	 0.353844
16.805 	 0.353844
16.81 	 0.353844
16.815 	 0.353844
16.82 	 0.353844
16.825 	 0.353844
16.83 	 0.353844
16.835 	 0.353844
16.84 	 0.353844
16.845 	 0.353844
16.85 	 0.353844
16.855 	 0.353844
16.86 	 0.353844
16.865 	 0.353844
16.87 	 0.353844
16.875 	 0.353844
16.88 	 0.353844
16.885 	 0.353844
16.89 	 0.353844
16.895 	 0.353844
16.9 	 0.353844
16.905 	 0.353844
16.91 	 0.353844
16.915 	 0.353844
16.92 	 0.353844
16.925 	 0.353844
16.93 	 0.353844
16.935 	 0.353844
16.94 	 0.353844
16.945 	 0.353844
16.95 	 0.353844
16.955 	 0.353844
16.96 	 0.353844
16.965 	 0.353844
16.97 	 0.353844
16.975 	 0.353844
16.98 	 0.353844
16.985 	 0.353844
16.99 	 0.353844
16.995 	 0.353844
17 	 0.353844
17.005 	 0.353844
17.01 	 0.353844
17.015 	 0.353844
17.02 	 0.353844
17.025 	 0.353844
17.03 	 0.353844
17.035 	 0.353844
17.04 	 0.353844
17.045 	 0.353844
17.05 	 0.353844
17.055 	 0.353844
17.06 	 0.353844
17.065 	 0.353844
17.07 	 0.353844
17.075 	 0.353844
17.08 	 0.353844
17.085 	 0.353844
17.09 	 0.353844
17.095 	 0.353844
17.1 	 0.353844
17.105 	 0.353844
17.11 	 0.353844
17.115 	 0.353844
17.12 	 0.353844
17.125 	 0.353844
17.13 	 0.353844
17.135 	 0.353844
17.14 	 0.353844
17.145 	 0.353844
17.15 	 0.353844
17.155 	 0.353844
17.16 	 0.353844
17.165 	 0.353844
17.17 	 0.353844
17.175 	 0.353844
17.18 	 0.353844
17.185 	 0.353844
17.19 	 0.353844
17.195 	 0.353844
17.2 	 0.353844
17.205 	 0.353844
17.21 	 0.353844
17.215 	 0.353844
17.22 	 0.353844
17.225 	 0.353844
17.23 	 0.353844
17.235 	 0.353844
17.24 	 0.353844
17.245 	 0.353844
17.25 	 0.353844
17.255 	 0.353844
17.26 	 0.353844
17.265 	 0.353844
17.27 	 0.353844
17.275 	 0.353844
17.28 	 0.353844
17.285 	 0.353844
17.29 	 0.353844
17.295 	 0.353844
17.3 	 0.353844
17.305 	 0.353844
17.31 	 0.353844
17.315 	 0.353844
17.32 	 0.353844
17.325 	 0.353844
17.33 	 0.353844
17.335 	 0.353844
17.34 	 0.353844
17.345 	 0.353844
17.35 	 0.353844
17.355 	 0.353844
17.36 	 0.353844
17.365 	 0.353844
17.37 	 0.353844
17.375 	 0.353844
17.38 	 0.353844
17.385 	 0.353844
17.39 	 0.353844
17.395 	 0.353844
17.4 	 0.353844
17.405 	 0.353844
17.41 	 0.353844
17.415 	 0.353844
17.42 	 0.353844
17.425 	 0.353844
17.43 	 0.353844
17.435 	 0.353844
17.44 	 0.353844
17.445 	 0.353844
17.45 	 0.353844
17.455 	 0.353844
17.46 	 0.353844
17.465 	 0.353844
17.47 	 0.353844
17.475 	 0.353844
17.48 	 0.353844
17.485 	 0.353844
17.49 	 0.353844
17.495 	 0.353844
17.5 	 0.353844
17.505 	 0.353844
17.51 	 0.353844
17.515 	 0.353844
17.52 	 0.353844
17.525 	 0.353844
17.53 	 0.353844
17.535 	 0.353844
17.54 	 0.353844
17.545 	 0.353844
17.55 	 0.353844
17.555 	 0.353844
17.56 	 0.353844
17.565 	 0.353844
17.57 	 0.353844
17.575 	 0.353844
17.58 	 0.353844
17.585 	 0.353844
17.59 	 0.353844
17.595 	 0.353844
17.6 	 0.353844
17.605 	 0.353844
17.61 	 0.353844
17.615 	 0.353844
17.62 	 0.353844
17.625 	 0.353844
17.63 	 0.353844
17.635 	 0.353844
17.64 	 0.353844
17.645 	 0.353844
17.65 	 0.353844
17.655 	 0.353844
17.66 	 0.353844
17.665 	 0.353844
17.67 	 0.353844
17.675 	 0.353844
17.68 	 0.353844
17.685 	 0.353844
17.69 	 0.353844
17.695 	 0.353844
17.7 	 0.353844
17.705 	 0.353844
17.71 	 0.353844
17.715 	 0.353844
17.72 	 0.353844
17.725 	 0.353844
17.73 	 0.353844
17.735 	 0.353844
17.74 	 0.353844
17.745 	 0.353844
17.75 	 0.353844
17.755 	 0.353844
17.76 	 0.353844
17.765 	 0.353844
17.77 	 0.353844
17.775 	 0.353844
17.78 	 0.353844
17.785 	 0.353844
17.79 	 0.353844
17.795 	 0.353844
17.8 	 0.353844
17.805 	 0.353844
17.81 	 0.353844
17.815 	 0.353844
17.82 	 0.353844
17.825 	 0.353844
17.83 	 0.353844
17.835 	 0.353844
17.84 	 0.353844
17.845 	 0.353844
17.85 	 0.353844
17.855 	 0.353844
17.86 	 0.353844
17.865 	 0.353844
17.87 	 0.353844
17.875 	 0.353844
17.88 	 0.353844
17.885 	 0.353844
17.89 	 0.353844
17.895 	 0.353844
17.9 	 0.353844
17.905 	 0.353844
17.91 	 0.353844
17.915 	 0.353844
17.92 	 0.353844
17.925 	 0.353844
17.93 	 0.353844
17.935 	 0.353844
17.94 	 0.353844
17.945 	 0.353844
17.95 	 0.353844
17.955 	 0.353844
17.96 	 0.353844
17.965 	 0.353844
17.97 	 0.353844
17.975 	 0.353844
17.98 	 0.353844
17.985 	 0.353844
17.99 	 0.353844
17.995 	 0.353844
18 	 0.353844
18.005 	 0.353844
18.01 	 0.353844
18.015 	 0.353844
18.02 	 0.353844
18.025 	 0.353844
18.03 	 0.353844
18.035 	 0.353844
18.04 	 0.353844
18.045 	 0.353844
18.05 	 0.353844
18.055 	 0.353844
18.06 	 0.353844
18.065 	 0.353844
18.07 	 0.353844
18.075 	 0.353844
18.08 	 0.353844
18.085 	 0.353844
18.09 	 0.353844
18.095 	 0.353844
18.1 	 0.353844
18.105 	 0.353844
18.11 	 0.353844
18.115 	 0.353844
18.12 	 0.353844
18.125 	 0.353844
18.13 	 0.353844
18.135 	 0.353844
18.14 	 0.353844
18.145 	 0.353844
18.15 	 0.353844
18.155 	 0.353844
18.16 	 0.353844
18.165 	 0.353844
18.17 	 0.353844
18.175 	 0.353844
18.18 	 0.353844
18.185 	 0.353844
18.19 	 0.353844
18.195 	 0.353844
18.2 	 0.353844
18.205 	 0.353844
18.21 	 0.353844
18.215 	 0.353844
18.22 	 0.353844
18.225 	 0.353844
18.23 	 0.353844
18.235 	 0.353844
18.24 	 0.353844
18.245 	 0.353844
18.25 	 0.353844
18.255 	 0.353844
18.26 	 0.353844
18.265 	 0.353844
18.27 	 0.353844
18.275 	 0.353844
18.28 	 0.353844
18.285 	 0.353844
18.29 	 0.353844
18.295 	 0.353844
18.3 	 0.353844
18.305 	 0.353844
18.31 	 0.353844
18.315 	 0.353844
18.32 	 0.353844
18.325 	 0.353844
18.33 	 0.353844
18.335 	 0.353844
18.34 	 0.353844
18.345 	 0.353844
18.35 	 0.353844
18.355 	 0.353844
18.36 	 0.353844
18.365 	 0.353844
18.37 	 0.353844
18.375 	 0.353844
18.38 	 0.353844
18.385 	 0.353844
18.39 	 0.353844
18.395 	 0.353844
18.4 	 0.353844
18.405 	 0.353844
18.41 	 0.353844
18.415 	 0.353844
18.42 	 0.353844
18.425 	 0.353844
18.43 	 0.353844
18.435 	 0.353844
18.44 	 0.353844
18.445 	 0.353844
18.45 	 0.353844
18.455 	 0.353844
18.46 	 0.353844
18.465 	 0.353844
18.47 	 0.353844
18.475 	 0.353844
18.48 	 0.353844
18.485 	 0.353844
18.49 	 0.353844
18.495 	 0.353844
18.5 	 0.353844
18.505 	 0.353844
18.51 	 0.353844
18.515 	 0.353844
18.52 	 0.353844
18.525 	 0.353844
18.53 	 0.353844
18.535 	 0.353844
18.54 	 0.353844
18.545 	 0.353844
18.55 	 0.353844
18.555 	 0.353844
18.56 	 0.353844
18.565 	 0.353844
18.57 	 0.353844
18.575 	 0.353844
18.58 	 0.353844
18.585 	 0.353844
18.59 	 0.353844
18.595 	 0.353844
18.6 	 0.353844
18.605 	 0.353844
18.61 	 0.353844
18.615 	 0.353844
18.62 	 0.353844
18.625 	 0.353844
18.63 	 0.353844
18.635 	 0.353844
18.64 	 0.353844
18.645 	 0.353844
18.65 	 0.353844
18.655 	 0.353844
18.66 	 0.353844
18.665 	 0.353844
18.67 	 0.353844
18.675 	 0.353844
18.68 	 0.353844
18.685 	 0.353844
18.69 	 0.353844
18.695 	 0.353844
18.7 	 0.353844
18.705 	 0.353844
18.71 	 0.353844
18.715 	 0.353844
18.72 	 0.353844
18.725 	 0.353844
18.73 	 0.353844
18.735 	 0.353844
18.74 	 0.353844
18.745 	 0.353844
18.75 	 0.353844
18.755 	 0.353844
18.76 	 0.353844
18.765 	 0.353844
18.77 	 0.353844
18.775 	 0.353844
18.78 	 0.353844
18.785 	 0.353844
18.79 	 0.353844
18.795 	 0.353844
18.8 	 0.353844
18.805 	 0.353844
18.81 	 0.353844
18.815 	 0.353844
18.82 	 0.353844
18.825 	 0.353844
18.83 	 0.353844
18.835 	 0.353844
18.84 	 0.353844
18.845 	 0.353844
18.85 	 0.353844
18.855 	 0.353844
18.86 	 0.353844
18.865 	 0.353844
18.87 	 0.353844
18.875 	 0.353844
18.88 	 0.353844
18.885 	 0.353844
18.89 	 0.353844
18.895 	 0.353844
18.9 	 0.353844
18.905 	 0.353844
18.91 	 0.353844
18.915 	 0.353844
18.92 	 0.353844
18.925 	 0.353844
18.93 	 0.353844
18.935 	 0.353844
18.94 	 0.353844
18.945 	 0.353844
18.95 	 0.353844
18.955 	 0.353844
18.96 	 0.353844
18.965 	 0.353844
18.97 	 0.353844
18.975 	 0.353844
18.98 	 0.353844
18.985 	 0.353844
18.99 	 0.353844
18.995 	 0.353844
19 	 0.353844
19.005 	 0.353844
19.01 	 0.353844
19.015 	 0.353844
19.02 	 0.353844
19.025 	 0.353844
19.03 	 0.353844
19.035 	 0.353844
19.04 	 0.353844
19.045 	 0.353844
19.05 	 0.353844
19.055 	 0.353844
19.06 	 0.353844
19.065 	 0.353844
19.07 	 0.353844
19.075 	 0.353844
19.08 	 0.353844
19.085 	 0.353844
19.09 	 0.353844
19.095 	 0.353844
19.1 	 0.353844
19.105 	 0.353844
19.11 	 0.353844
19.115 	 0.353844
19.12 	 0.353844
19.125 	 0.353844
19.13 	 0.353844
19.135 	 0.353844
19.14 	 0.353844
19.145 	 0.353844
19.15 	 0.353844
19.155 	 0.353844
19.16 	 0.353844
19.165 	 0.353844
19.17 	 0.353844
19.175 	 0.353844
19.18 	 0.353844
19.185 	 0.353844
19.19 	 0.353844
19.195 	 0.353844
19.2 	 0.353844
19.205 	 0.353844
19.21 	 0.353844
19.215 	 0.353844
19.22 	 0.353844
19.225 	 0.353844
19.23 	 0.353844
19.235 	 0.353844
19.24 	 0.353844
19.245 	 0.353844
19.25 	 0.353844
19.255 	 0.353844
19.26 	 0.353844
19.265 	 0.353844
19.27 	 0.353844
19.275 	 0.353844
19.28 	 0.353844
19.285 	 0.353844
19.29 	 0.353844
19.295 	 0.353844
19.3 	 0.353844
19.305 	 0.353844
19.31 	 0.353844
19.315 	 0.353844
19.32 	 0.353844
19.325 	 0.353844
19.33 	 0.353844
19.335 	 0.353844
19.34 	 0.353844
19.345 	 0.353844
19.35 	 0.353844
19.355 	 0.353844
19.36 	 0.353844
19.365 	 0.353844
19.37 	 0.353844
19.375 	 0.353844
19.38 	 0.353844
19.385 	 0.353844
19.39 	 0.353844
19.395 	 0.353844
19.4 	 0.353844
19.405 	 0.353844
19.41 	 0.353844
19.415 	 0.353844
19.42 	 0.353844
19.425 	 0.353844
19.43 	 0.353844
19.435 	 0.353844
19.44 	 0.353844
19.445 	 0.353844
19.45 	 0.353844
19.455 	 0.353844
19.46 	 0.353844
19.465 	 0.353844
19.47 	 0.353844
19.475 	 0.353844
19.48 	 0.353844
19.485 	 0.353844
19.49 	 0.353844
19.495 	 0.353844
19.5 	 0.353844
19.505 	 0.353844
19.51 	 0.353844
19.515 	 0.353844
19.52 	 0.353844
19.525 	 0.353844
19.53 	 0.353844
19.535 	 0.353844
19.54 	 0.353844
19.545 	 0.353844
19.55 	 0.353844
19.555 	 0.353844
19.56 	 0.353844
19.565 	 0.353844
19.57 	 0.353844
19.575 	 0.353844
19.58 	 0.353844
19.585 	 0.353844
19.59 	 0.353844
19.595 	 0.353844
19.6 	 0.353844
19.605 	 0.353844
19.61 	 0.353844
19.615 	 0.353844
19.62 	 0.353844
19.625 	 0.353844
19.63 	 0.353844
19.635 	 0.353844
19.64 	 0.353844
19.645 	 0.353844
19.65 	 0.353844
19.655 	 0.353844
19.66 	 0.353844
19.665 	 0.353844
19.67 	 0.353844
19.675 	 0.353844
19.68 	 0.353844
19.685 	 0.353844
19.69 	 0.353844
19.695 	 0.353844
19.7 	 0.353844
19.705 	 0.353844
19.71 	 0.353844
19.715 	 0.353844
19.72 	 0.353844
19.725 	 0.353844
19.73 	 0.353844
19.735 	 0.353844
19.74 	 0.353844
19.745 	 0.353844
19.75 	 0.353844
19.755 	 0.353844
19.76 	 0.353844
19.765 	 0.353844
19.77 	 0.353844
19.775 	 0.353844
19.78 	 0.353844
19.785 	 0.353844
19.79 	 0.353844
19.795 	 0.353844
19.8 	 0.353844
19.805 	 0.353844
19.81 	 0.353844
19.815 	 0.353844
19.82 	 0.353844
19.825 	 0.353844
19.83 	 0.353844
19.835 	 0.353844
19.84 	 0.353844
19.845 	 0.353844
19.85 	 0.353844
19.855 	 0.353844
19.86 	 0.353844
19.865 	 0.353844
19.87 	 0.353844
19.875 	 0.353844
19.88 	 0.353844
19.885 	 0.353844
19.89 	 0.353844
19.895 	 0.353844
19.9 	 0.353844
19.905 	 0.353844
19.91 	 0.353844
19.915 	 0.353844
19.92 	 0.353844
19.925 	 0.353844
19.93 	 0.353844
19.935 	 0.353844
19.94 	 0.353844
19.945 	 0.353844
19.95 	 0.353844
19.955 	 0.353844
19.96 	 0.353844
19.965 	 0.353844
19.97 	 0.353844
19.975 	 0.353844
19.98 	 0.353844
19.985 	 0.353844
19.99 	 0.353844
19.995 	 0.353844
20 	 0.353844
