0 	 0.00354647 	 	 
0.015 	 0.00354647 	 	 
0.03 	 0.00354647 	 	 
0.045 	 0.00354647 	 	 
0.06 	 0.00354647 	 	 
0.075 	 0.00354647 	 	 
0.09 	 0.00354647 	 	 
0.105 	 0.00354647 	 	 
0.12 	 0.00354647 	 	 
0.135 	 0.00354647 	 	 
0.15 	 0.00354647 	 	 
0.165 	 0.00354647 	 	 
0.18 	 0.00354647 	 	 
0.195 	 0.00354647 	 	 
0.21 	 0.00354647 	 	 
0.225 	 0.00354647 	 	 
0.24 	 0.00354647 	 	 
0.255 	 0.00354646 	 	 
0.27 	 0.00354646 	 	 
0.285 	 0.00354646 	 	 
0.3 	 0.00354646 	 	 
0.315 	 0.00354646 	 	 
0.33 	 0.00354646 	 	 
0.345 	 0.00354646 	 	 
0.36 	 0.00354646 	 	 
0.375 	 0.00354646 	 	 
0.39 	 0.00354646 	 	 
0.405 	 0.00354646 	 	 
0.42 	 0.00354646 	 	 
0.435 	 0.00354646 	 	 
0.45 	 0.00354646 	 	 
0.465 	 0.00354646 	 	 
0.48 	 0.00354646 	 	 
0.495 	 0.00354646 	 	 
0.51 	 0.00354646 	 	 
0.525 	 0.00354646 	 	 
0.54 	 0.00354646 	 	 
0.555 	 0.00354646 	 	 
0.57 	 0.00354646 	 	 
0.585 	 0.00354646 	 	 
0.6 	 0.00354646 	 	 
0.615 	 0.00354646 	 	 
0.63 	 0.00354646 	 	 
0.645 	 0.00354646 	 	 
0.66 	 0.00354646 	 	 
0.675 	 0.00354646 	 	 
0.69 	 0.00354646 	 	 
0.705 	 0.00354646 	 	 
0.72 	 0.00354646 	 	 
0.735 	 0.00354646 	 	 
0.75 	 0.00354646 	 	 
0.765 	 0.00354646 	 	 
0.78 	 0.00354646 	 	 
0.795 	 0.00354646 	 	 
0.81 	 0.00354646 	 	 
0.825 	 0.00354646 	 	 
0.84 	 0.00354646 	 	 
0.855 	 0.00354646 	 	 
0.87 	 0.00354646 	 	 
0.885 	 0.00354646 	 	 
0.9 	 0.00354646 	 	 
0.915 	 0.00354646 	 	 
0.93 	 0.00354646 	 	 
0.945 	 0.00354646 	 	 
0.96 	 0.00354646 	 	 
0.975 	 0.00354646 	 	 
0.99 	 0.00354646 	 	 
1.005 	 0.00354646 	 	 
1.02 	 0.00354646 	 	 
1.035 	 0.00354646 	 	 
1.05 	 0.00354646 	 	 
1.065 	 0.00354646 	 	 
1.08 	 0.00354646 	 	 
1.095 	 0.00354646 	 	 
1.11 	 0.00354646 	 	 
1.125 	 0.00354646 	 	 
1.14 	 0.00354646 	 	 
1.155 	 0.00354646 	 	 
1.17 	 0.00354646 	 	 
1.185 	 0.00354646 	 	 
1.2 	 0.00354646 	 	 
1.215 	 0.00354646 	 	 
1.23 	 0.00354646 	 	 
1.245 	 0.00354646 	 	 
1.26 	 0.00354646 	 	 
1.275 	 0.00354646 	 	 
1.29 	 0.00354646 	 	 
1.305 	 0.00354646 	 	 
1.32 	 0.00354645 	 	 
1.335 	 0.00354645 	 	 
1.35 	 0.00354645 	 	 
1.365 	 0.00354645 	 	 
1.38 	 0.00354645 	 	 
1.395 	 0.00354645 	 	 
1.41 	 0.00354645 	 	 
1.425 	 0.00354645 	 	 
1.44 	 0.00354645 	 	 
1.455 	 0.00354645 	 	 
1.47 	 0.00354645 	 	 
1.485 	 0.00354645 	 	 
1.5 	 0.00354645 	 	 
1.515 	 0.00354645 	 	 
1.53 	 0.00354645 	 	 
1.545 	 0.00354645 	 	 
1.56 	 0.00354645 	 	 
1.575 	 0.00354645 	 	 
1.59 	 0.00354645 	 	 
1.605 	 0.00354645 	 	 
1.62 	 0.00354645 	 	 
1.635 	 0.00354645 	 	 
1.65 	 0.00354645 	 	 
1.665 	 0.00354645 	 	 
1.68 	 0.00354645 	 	 
1.695 	 0.00354645 	 	 
1.71 	 0.00354645 	 	 
1.725 	 0.00354645 	 	 
1.74 	 0.00354645 	 	 
1.755 	 0.00354645 	 	 
1.77 	 0.00354645 	 	 
1.785 	 0.00354645 	 	 
1.8 	 0.00354645 	 	 
1.815 	 0.00354645 	 	 
1.83 	 0.00354644 	 	 
1.845 	 0.00354644 	 	 
1.86 	 0.00354644 	 	 
1.875 	 0.00354644 	 	 
1.89 	 0.00354644 	 	 
1.905 	 0.00354644 	 	 
1.92 	 0.00354644 	 	 
1.935 	 0.00354644 	 	 
1.95 	 0.00354644 	 	 
1.965 	 0.00354644 	 	 
1.98 	 0.00354644 	 	 
1.995 	 0.00354644 	 	 
2.01 	 0.00354644 	 	 
2.025 	 0.00354644 	 	 
2.04 	 0.00354644 	 	 
2.055 	 0.00354644 	 	 
2.07 	 0.00354644 	 	 
2.085 	 0.00354644 	 	 
2.1 	 0.00354644 	 	 
2.115 	 0.00354644 	 	 
2.13 	 0.00354644 	 	 
2.145 	 0.00354644 	 	 
2.16 	 0.00354643 	 	 
2.175 	 0.00354643 	 	 
2.19 	 0.00354643 	 	 
2.205 	 0.00354643 	 	 
2.22 	 0.00354643 	 	 
2.235 	 0.00354643 	 	 
2.25 	 0.00354643 	 	 
2.265 	 0.00354643 	 	 
2.28 	 0.00354643 	 	 
2.295 	 0.00354643 	 	 
2.31 	 0.00354643 	 	 
2.325 	 0.00354643 	 	 
2.34 	 0.00354643 	 	 
2.355 	 0.00354643 	 	 
2.37 	 0.00354643 	 	 
2.385 	 0.00354643 	 	 
2.4 	 0.00354643 	 	 
2.415 	 0.00354642 	 	 
2.43 	 0.00354642 	 	 
2.445 	 0.00354642 	 	 
2.46 	 0.00354642 	 	 
2.475 	 0.00354642 	 	 
2.49 	 0.00354642 	 	 
2.505 	 0.00354642 	 	 
2.52 	 0.00354642 	 	 
2.535 	 0.00354642 	 	 
2.55 	 0.00354642 	 	 
2.565 	 0.00354642 	 	 
2.58 	 0.00354642 	 	 
2.595 	 0.00354642 	 	 
2.61 	 0.00354641 	 	 
2.625 	 0.00354641 	 	 
2.64 	 0.00354641 	 	 
2.655 	 0.00354641 	 	 
2.67 	 0.00354641 	 	 
2.685 	 0.00354641 	 	 
2.7 	 0.00354641 	 	 
2.715 	 0.00354641 	 	 
2.73 	 0.00354641 	 	 
2.745 	 0.00354641 	 	 
2.76 	 0.00354641 	 	 
2.775 	 0.00354641 	 	 
2.79 	 0.0035464 	 	 
2.805 	 0.0035464 	 	 
2.82 	 0.0035464 	 	 
2.835 	 0.0035464 	 	 
2.85 	 0.0035464 	 	 
2.865 	 0.0035464 	 	 
2.88 	 0.0035464 	 	 
2.895 	 0.0035464 	 	 
2.91 	 0.0035464 	 	 
2.925 	 0.00354639 	 	 
2.94 	 0.00354639 	 	 
2.955 	 0.00354639 	 	 
2.97 	 0.00354639 	 	 
2.985 	 0.00354639 	 	 
3 	 0.00354639 	 	 
3.015 	 0.00354639 	 	 
3.03 	 0.00354639 	 	 
3.045 	 0.00354638 	 	 
3.06 	 0.00354638 	 	 
3.075 	 0.00354638 	 	 
3.09 	 0.00354638 	 	 
3.105 	 0.00354638 	 	 
3.12 	 0.00354638 	 	 
3.135 	 0.00354638 	 	 
3.15 	 0.00354638 	 	 
3.165 	 0.00354637 	 	 
3.18 	 0.00354637 	 	 
3.195 	 0.00354637 	 	 
3.21 	 0.00354637 	 	 
3.225 	 0.00354637 	 	 
3.24 	 0.00354637 	 	 
3.255 	 0.00354636 	 	 
3.27 	 0.00354636 	 	 
3.285 	 0.00354636 	 	 
3.3 	 0.00354636 	 	 
3.315 	 0.00354636 	 	 
3.33 	 0.00354636 	 	 
3.345 	 0.00354635 	 	 
3.36 	 0.00354635 	 	 
3.375 	 0.00354635 	 	 
3.39 	 0.00354635 	 	 
3.405 	 0.00354635 	 	 
3.42 	 0.00354635 	 	 
3.435 	 0.00354634 	 	 
3.45 	 0.00354634 	 	 
3.465 	 0.00354634 	 	 
3.48 	 0.00354634 	 	 
3.495 	 0.00354634 	 	 
3.51 	 0.00354633 	 	 
3.525 	 0.00354633 	 	 
3.54 	 0.00354633 	 	 
3.555 	 0.00354633 	 	 
3.57 	 0.00354633 	 	 
3.585 	 0.00354632 	 	 
3.6 	 0.00354632 	 	 
3.615 	 0.00354632 	 	 
3.63 	 0.00354632 	 	 
3.645 	 0.00354631 	 	 
3.66 	 0.00354631 	 	 
3.675 	 0.00354631 	 	 
3.69 	 0.00354631 	 	 
3.705 	 0.00354631 	 	 
3.72 	 0.0035463 	 	 
3.735 	 0.0035463 	 	 
3.75 	 0.0035463 	 	 
3.765 	 0.00354629 	 	 
3.78 	 0.00354629 	 	 
3.795 	 0.00354629 	 	 
3.81 	 0.00354629 	 	 
3.825 	 0.00354628 	 	 
3.84 	 0.00354628 	 	 
3.855 	 0.00354628 	 	 
3.87 	 0.00354628 	 	 
3.885 	 0.00354627 	 	 
3.9 	 0.00354627 	 	 
3.915 	 0.00354627 	 	 
3.93 	 0.00354626 	 	 
3.945 	 0.00354626 	 	 
3.96 	 0.00354626 	 	 
3.975 	 0.00354625 	 	 
3.99 	 0.00354625 	 	 
4.005 	 0.00354625 	 	 
4.02 	 0.00354624 	 	 
4.035 	 0.00354624 	 	 
4.05 	 0.00354624 	 	 
4.065 	 0.00354623 	 	 
4.08 	 0.00354623 	 	 
4.095 	 0.00354623 	 	 
4.11 	 0.00354622 	 	 
4.125 	 0.00354622 	 	 
4.14 	 0.00354622 	 	 
4.155 	 0.00354621 	 	 
4.17 	 0.00354621 	 	 
4.185 	 0.0035462 	 	 
4.2 	 0.0035462 	 	 
4.215 	 0.0035462 	 	 
4.23 	 0.00354619 	 	 
4.245 	 0.00354619 	 	 
4.26 	 0.00354618 	 	 
4.275 	 0.00354618 	 	 
4.29 	 0.00354617 	 	 
4.305 	 0.00354617 	 	 
4.32 	 0.00354616 	 	 
4.335 	 0.00354616 	 	 
4.35 	 0.00354616 	 	 
4.365 	 0.00354615 	 	 
4.38 	 0.00354615 	 	 
4.395 	 0.00354614 	 	 
4.41 	 0.00354614 	 	 
4.425 	 0.00354613 	 	 
4.44 	 0.00354613 	 	 
4.455 	 0.00354612 	 	 
4.47 	 0.00354612 	 	 
4.485 	 0.00354611 	 	 
4.5 	 0.0035461 	 	 
4.515 	 0.0035461 	 	 
4.53 	 0.00354609 	 	 
4.545 	 0.00354609 	 	 
4.56 	 0.00354608 	 	 
4.575 	 0.00354608 	 	 
4.59 	 0.00354607 	 	 
4.605 	 0.00354606 	 	 
4.62 	 0.00354606 	 	 
4.635 	 0.00354605 	 	 
4.65 	 0.00354605 	 	 
4.665 	 0.00354604 	 	 
4.68 	 0.00354603 	 	 
4.695 	 0.00354603 	 	 
4.71 	 0.00354602 	 	 
4.725 	 0.00354601 	 	 
4.74 	 0.00354601 	 	 
4.755 	 0.003546 	 	 
4.77 	 0.00354599 	 	 
4.785 	 0.00354598 	 	 
4.8 	 0.00354598 	 	 
4.815 	 0.00354597 	 	 
4.83 	 0.00354596 	 	 
4.845 	 0.00354595 	 	 
4.86 	 0.00354595 	 	 
4.875 	 0.00354594 	 	 
4.89 	 0.00354593 	 	 
4.905 	 0.00354592 	 	 
4.92 	 0.00354591 	 	 
4.935 	 0.00354591 	 	 
4.95 	 0.0035459 	 	 
4.965 	 0.00354589 	 	 
4.98 	 0.00354588 	 	 
4.995 	 0.00354587 	 	 
5.01 	 0.00354586 	 	 
5.025 	 0.00354585 	 	 
5.04 	 0.00354584 	 	 
5.055 	 0.00354583 	 	 
5.07 	 0.00354582 	 	 
5.085 	 0.00354581 	 	 
5.1 	 0.0035458 	 	 
5.115 	 0.00354579 	 	 
5.13 	 0.00354578 	 	 
5.145 	 0.00354577 	 	 
5.16 	 0.00354576 	 	 
5.175 	 0.00354575 	 	 
5.19 	 0.00354574 	 	 
5.205 	 0.00354573 	 	 
5.22 	 0.00354572 	 	 
5.235 	 0.00354571 	 	 
5.25 	 0.0035457 	 	 
5.265 	 0.00354568 	 	 
5.28 	 0.00354567 	 	 
5.295 	 0.00354566 	 	 
5.31 	 0.00354565 	 	 
5.325 	 0.00354564 	 	 
5.34 	 0.00354562 	 	 
5.355 	 0.00354561 	 	 
5.37 	 0.0035456 	 	 
5.385 	 0.00354558 	 	 
5.4 	 0.00354557 	 	 
5.415 	 0.00354556 	 	 
5.43 	 0.00354554 	 	 
5.445 	 0.00354553 	 	 
5.46 	 0.00354552 	 	 
5.475 	 0.0035455 	 	 
5.49 	 0.00354549 	 	 
5.505 	 0.00354547 	 	 
5.52 	 0.00354546 	 	 
5.535 	 0.00354544 	 	 
5.55 	 0.00354543 	 	 
5.565 	 0.00354541 	 	 
5.58 	 0.00354539 	 	 
5.595 	 0.00354538 	 	 
5.61 	 0.00354536 	 	 
5.625 	 0.00354534 	 	 
5.64 	 0.00354533 	 	 
5.655 	 0.00354531 	 	 
5.67 	 0.00354529 	 	 
5.685 	 0.00354527 	 	 
5.7 	 0.00354526 	 	 
5.715 	 0.00354524 	 	 
5.73 	 0.00354522 	 	 
5.745 	 0.0035452 	 	 
5.76 	 0.00354518 	 	 
5.775 	 0.00354516 	 	 
5.79 	 0.00354514 	 	 
5.805 	 0.00354512 	 	 
5.82 	 0.0035451 	 	 
5.835 	 0.00354508 	 	 
5.85 	 0.00354506 	 	 
5.865 	 0.00354504 	 	 
5.88 	 0.00354502 	 	 
5.895 	 0.003545 	 	 
5.91 	 0.00354497 	 	 
5.925 	 0.00354495 	 	 
5.94 	 0.00354493 	 	 
5.955 	 0.0035449 	 	 
5.97 	 0.00354488 	 	 
5.985 	 0.00354486 	 	 
6 	 0.00354483 	 	 
6.015 	 0.00354481 	 	 
6.03 	 0.00354478 	 	 
6.045 	 0.00354476 	 	 
6.06 	 0.00354473 	 	 
6.075 	 0.0035447 	 	 
6.09 	 0.00354468 	 	 
6.105 	 0.00354465 	 	 
6.12 	 0.00354462 	 	 
6.135 	 0.0035446 	 	 
6.15 	 0.00354457 	 	 
6.165 	 0.00354454 	 	 
6.18 	 0.00354451 	 	 
6.195 	 0.00354448 	 	 
6.21 	 0.00354445 	 	 
6.225 	 0.00354442 	 	 
6.24 	 0.00354439 	 	 
6.255 	 0.00354436 	 	 
6.27 	 0.00354432 	 	 
6.285 	 0.00354429 	 	 
6.3 	 0.00354426 	 	 
6.315 	 0.00354423 	 	 
6.33 	 0.00354419 	 	 
6.345 	 0.00354416 	 	 
6.36 	 0.00354412 	 	 
6.375 	 0.00354409 	 	 
6.39 	 0.00354405 	 	 
6.405 	 0.00354401 	 	 
6.42 	 0.00354398 	 	 
6.435 	 0.00354394 	 	 
6.45 	 0.0035439 	 	 
6.465 	 0.00354386 	 	 
6.48 	 0.00354382 	 	 
6.495 	 0.00354378 	 	 
6.51 	 0.00354374 	 	 
6.525 	 0.0035437 	 	 
6.54 	 0.00354366 	 	 
6.555 	 0.00354362 	 	 
6.57 	 0.00354357 	 	 
6.585 	 0.00354353 	 	 
6.6 	 0.00354349 	 	 
6.615 	 0.00354344 	 	 
6.63 	 0.0035434 	 	 
6.645 	 0.00354335 	 	 
6.66 	 0.0035433 	 	 
6.675 	 0.00354325 	 	 
6.69 	 0.00354321 	 	 
6.705 	 0.00354316 	 	 
6.72 	 0.00354311 	 	 
6.735 	 0.00354306 	 	 
6.75 	 0.003543 	 	 
6.765 	 0.00354295 	 	 
6.78 	 0.0035429 	 	 
6.795 	 0.00354285 	 	 
6.81 	 0.00354279 	 	 
6.825 	 0.00354273 	 	 
6.84 	 0.00354268 	 	 
6.855 	 0.00354262 	 	 
6.87 	 0.00354256 	 	 
6.885 	 0.0035425 	 	 
6.9 	 0.00354244 	 	 
6.915 	 0.00354238 	 	 
6.93 	 0.00354232 	 	 
6.945 	 0.00354226 	 	 
6.96 	 0.0035422 	 	 
6.975 	 0.00354213 	 	 
6.99 	 0.00354207 	 	 
7.005 	 0.003542 	 	 
7.02 	 0.00354193 	 	 
7.035 	 0.00354186 	 	 
7.05 	 0.00354179 	 	 
7.065 	 0.00354172 	 	 
7.08 	 0.00354165 	 	 
7.095 	 0.00354158 	 	 
7.11 	 0.0035415 	 	 
7.125 	 0.00354143 	 	 
7.14 	 0.00354135 	 	 
7.155 	 0.00354128 	 	 
7.17 	 0.0035412 	 	 
7.185 	 0.00354112 	 	 
7.2 	 0.00354104 	 	 
7.215 	 0.00354096 	 	 
7.23 	 0.00354087 	 	 
7.245 	 0.00354079 	 	 
7.26 	 0.0035407 	 	 
7.275 	 0.00354062 	 	 
7.29 	 0.00354053 	 	 
7.305 	 0.00354044 	 	 
7.32 	 0.00354035 	 	 
7.335 	 0.00354025 	 	 
7.35 	 0.00354016 	 	 
7.365 	 0.00354007 	 	 
7.38 	 0.00353997 	 	 
7.395 	 0.00353987 	 	 
7.41 	 0.00353977 	 	 
7.425 	 0.00353967 	 	 
7.44 	 0.00353957 	 	 
7.455 	 0.00353946 	 	 
7.47 	 0.00353936 	 	 
7.485 	 0.00353925 	 	 
7.5 	 0.00353914 	 	 
7.515 	 0.00353903 	 	 
7.53 	 0.00353892 	 	 
7.545 	 0.0035388 	 	 
7.56 	 0.00353869 	 	 
7.575 	 0.00353857 	 	 
7.59 	 0.00353845 	 	 
7.605 	 0.00353833 	 	 
7.62 	 0.00353821 	 	 
7.635 	 0.00353808 	 	 
7.65 	 0.00353796 	 	 
7.665 	 0.00353783 	 	 
7.68 	 0.0035377 	 	 
7.695 	 0.00353757 	 	 
7.71 	 0.00353743 	 	 
7.725 	 0.0035373 	 	 
7.74 	 0.00353716 	 	 
7.755 	 0.00353702 	 	 
7.77 	 0.00353688 	 	 
7.785 	 0.00353673 	 	 
7.8 	 0.00353658 	 	 
7.815 	 0.00353644 	 	 
7.83 	 0.00353628 	 	 
7.845 	 0.00353613 	 	 
7.86 	 0.00353597 	 	 
7.875 	 0.00353582 	 	 
7.89 	 0.00353566 	 	 
7.905 	 0.00353549 	 	 
7.92 	 0.00353533 	 	 
7.935 	 0.00353516 	 	 
7.95 	 0.00353499 	 	 
7.965 	 0.00353482 	 	 
7.98 	 0.00353464 	 	 
7.995 	 0.00353446 	 	 
8.01 	 0.00353428 	 	 
8.025 	 0.0035341 	 	 
8.04 	 0.00353391 	 	 
8.055 	 0.00353372 	 	 
8.07 	 0.00353353 	 	 
8.085 	 0.00353334 	 	 
8.1 	 0.00353314 	 	 
8.115 	 0.00353294 	 	 
8.13 	 0.00353273 	 	 
8.145 	 0.00353253 	 	 
8.16 	 0.00353232 	 	 
8.175 	 0.0035321 	 	 
8.19 	 0.00353189 	 	 
8.205 	 0.00353167 	 	 
8.22 	 0.00353145 	 	 
8.235 	 0.00353122 	 	 
8.25 	 0.00353099 	 	 
8.265 	 0.00353076 	 	 
8.28 	 0.00353052 	 	 
8.295 	 0.00353028 	 	 
8.31 	 0.00353004 	 	 
8.325 	 0.00352979 	 	 
8.34 	 0.00352954 	 	 
8.355 	 0.00352929 	 	 
8.37 	 0.00352903 	 	 
8.385 	 0.00352876 	 	 
8.4 	 0.0035285 	 	 
8.415 	 0.00352823 	 	 
8.43 	 0.00352795 	 	 
8.445 	 0.00352768 	 	 
8.46 	 0.00352739 	 	 
8.475 	 0.00352711 	 	 
8.49 	 0.00352681 	 	 
8.505 	 0.00352652 	 	 
8.52 	 0.00352622 	 	 
8.535 	 0.00352592 	 	 
8.55 	 0.00352561 	 	 
8.565 	 0.00352529 	 	 
8.58 	 0.00352498 	 	 
8.595 	 0.00352465 	 	 
8.61 	 0.00352432 	 	 
8.625 	 0.00352399 	 	 
8.64 	 0.00352365 	 	 
8.655 	 0.00352331 	 	 
8.67 	 0.00352296 	 	 
8.685 	 0.00352261 	 	 
8.7 	 0.00352225 	 	 
8.715 	 0.00352189 	 	 
8.73 	 0.00352152 	 	 
8.745 	 0.00352115 	 	 
8.76 	 0.00352077 	 	 
8.775 	 0.00352038 	 	 
8.79 	 0.00351999 	 	 
8.805 	 0.00351959 	 	 
8.82 	 0.00351919 	 	 
8.835 	 0.00351878 	 	 
8.85 	 0.00351837 	 	 
8.865 	 0.00351794 	 	 
8.88 	 0.00351752 	 	 
8.895 	 0.00351708 	 	 
8.91 	 0.00351664 	 	 
8.925 	 0.0035162 	 	 
8.94 	 0.00351574 	 	 
8.955 	 0.00351528 	 	 
8.97 	 0.00351481 	 	 
8.985 	 0.00351434 	 	 
9 	 0.00351386 	 	 
9.015 	 0.00351337 	 	 
9.03 	 0.00351287 	 	 
9.045 	 0.00351237 	 	 
9.06 	 0.00351186 	 	 
9.075 	 0.00351134 	 	 
9.09 	 0.00351082 	 	 
9.105 	 0.00351029 	 	 
9.12 	 0.00350974 	 	 
9.135 	 0.00350919 	 	 
9.15 	 0.00350864 	 	 
9.165 	 0.00350807 	 	 
9.18 	 0.0035075 	 	 
9.195 	 0.00350692 	 	 
9.21 	 0.00350632 	 	 
9.225 	 0.00350572 	 	 
9.24 	 0.00350512 	 	 
9.255 	 0.0035045 	 	 
9.27 	 0.00350387 	 	 
9.285 	 0.00350324 	 	 
9.3 	 0.00350259 	 	 
9.315 	 0.00350194 	 	 
9.33 	 0.00350127 	 	 
9.345 	 0.0035006 	 	 
9.36 	 0.00349991 	 	 
9.375 	 0.00349922 	 	 
9.39 	 0.00349851 	 	 
9.405 	 0.0034978 	 	 
9.42 	 0.00349707 	 	 
9.435 	 0.00349634 	 	 
9.45 	 0.00349559 	 	 
9.465 	 0.00349483 	 	 
9.48 	 0.00349406 	 	 
9.495 	 0.00349328 	 	 
9.51 	 0.00349249 	 	 
9.525 	 0.00349169 	 	 
9.54 	 0.00349087 	 	 
9.555 	 0.00349005 	 	 
9.57 	 0.00348921 	 	 
9.585 	 0.00348836 	 	 
9.6 	 0.00348749 	 	 
9.615 	 0.00348662 	 	 
9.63 	 0.00348573 	 	 
9.645 	 0.00348483 	 	 
9.66 	 0.00348391 	 	 
9.675 	 0.00348298 	 	 
9.69 	 0.00348204 	 	 
9.705 	 0.00348109 	 	 
9.72 	 0.00348012 	 	 
9.735 	 0.00347913 	 	 
9.75 	 0.00347813 	 	 
9.765 	 0.00347712 	 	 
9.78 	 0.00347609 	 	 
9.795 	 0.00347505 	 	 
9.81 	 0.00347399 	 	 
9.825 	 0.00347292 	 	 
9.84 	 0.00347183 	 	 
9.855 	 0.00347073 	 	 
9.87 	 0.00346961 	 	 
9.885 	 0.00346847 	 	 
9.9 	 0.00346732 	 	 
9.915 	 0.00346615 	 	 
9.93 	 0.00346497 	 	 
9.945 	 0.00346376 	 	 
9.96 	 0.00346254 	 	 
9.975 	 0.0034613 	 	 
9.99 	 0.00346005 	 	 
10.005 	 0.00345878 	 	 
10.02 	 0.00345748 	 	 
10.035 	 0.00345617 	 	 
10.05 	 0.00345484 	 	 
10.065 	 0.00345349 	 	 
10.08 	 0.00345213 	 	 
10.095 	 0.00345074 	 	 
10.11 	 0.00344933 	 	 
10.125 	 0.00344791 	 	 
10.14 	 0.00344646 	 	 
10.155 	 0.00344499 	 	 
10.17 	 0.0034435 	 	 
10.185 	 0.00344199 	 	 
10.2 	 0.00344046 	 	 
10.215 	 0.0034389 	 	 
10.23 	 0.00343733 	 	 
10.245 	 0.00343573 	 	 
10.26 	 0.00343411 	 	 
10.275 	 0.00343247 	 	 
10.29 	 0.0034308 	 	 
10.305 	 0.00342911 	 	 
10.32 	 0.0034274 	 	 
10.335 	 0.00342566 	 	 
10.35 	 0.00342389 	 	 
10.365 	 0.00342211 	 	 
10.38 	 0.00342029 	 	 
10.395 	 0.00341846 	 	 
10.41 	 0.00341659 	 	 
10.425 	 0.0034147 	 	 
10.44 	 0.00341279 	 	 
10.455 	 0.00341084 	 	 
10.47 	 0.00340887 	 	 
10.485 	 0.00340688 	 	 
10.5 	 0.00340485 	 	 
10.515 	 0.0034028 	 	 
10.53 	 0.00340071 	 	 
10.545 	 0.0033986 	 	 
10.56 	 0.00339646 	 	 
10.575 	 0.00339429 	 	 
10.59 	 0.00339209 	 	 
10.605 	 0.00338986 	 	 
10.62 	 0.0033876 	 	 
10.635 	 0.00338531 	 	 
10.65 	 0.00338299 	 	 
10.665 	 0.00338063 	 	 
10.68 	 0.00337824 	 	 
10.695 	 0.00337582 	 	 
10.71 	 0.00337337 	 	 
10.725 	 0.00337089 	 	 
10.74 	 0.00336836 	 	 
10.755 	 0.00336581 	 	 
10.77 	 0.00336322 	 	 
10.785 	 0.0033606 	 	 
10.8 	 0.00335794 	 	 
10.815 	 0.00335524 	 	 
10.83 	 0.00335251 	 	 
10.845 	 0.00334974 	 	 
10.86 	 0.00334693 	 	 
10.875 	 0.00334409 	 	 
10.89 	 0.00334121 	 	 
10.905 	 0.00333829 	 	 
10.92 	 0.00333533 	 	 
10.935 	 0.00333233 	 	 
10.95 	 0.00332929 	 	 
10.965 	 0.00332622 	 	 
10.98 	 0.0033231 	 	 
10.995 	 0.00331994 	 	 
11.01 	 0.00331673 	 	 
11.025 	 0.00331349 	 	 
11.04 	 0.0033102 	 	 
11.055 	 0.00330687 	 	 
11.07 	 0.0033035 	 	 
11.085 	 0.00330009 	 	 
11.1 	 0.00329662 	 	 
11.115 	 0.00329312 	 	 
11.13 	 0.00328957 	 	 
11.145 	 0.00328597 	 	 
11.16 	 0.00328232 	 	 
11.175 	 0.00327863 	 	 
11.19 	 0.0032749 	 	 
11.205 	 0.00327111 	 	 
11.22 	 0.00326728 	 	 
11.235 	 0.00326339 	 	 
11.25 	 0.00325946 	 	 
11.265 	 0.00325548 	 	 
11.28 	 0.00325145 	 	 
11.295 	 0.00324737 	 	 
11.31 	 0.00324323 	 	 
11.325 	 0.00323905 	 	 
11.34 	 0.00323481 	 	 
11.355 	 0.00323052 	 	 
11.37 	 0.00322617 	 	 
11.385 	 0.00322178 	 	 
11.4 	 0.00321733 	 	 
11.415 	 0.00321282 	 	 
11.43 	 0.00320826 	 	 
11.445 	 0.00320364 	 	 
11.46 	 0.00319897 	 	 
11.475 	 0.00319424 	 	 
11.49 	 0.00318945 	 	 
11.505 	 0.0031846 	 	 
11.52 	 0.0031797 	 	 
11.535 	 0.00317474 	 	 
11.55 	 0.00316972 	 	 
11.565 	 0.00316464 	 	 
11.58 	 0.0031595 	 	 
11.595 	 0.00315429 	 	 
11.61 	 0.00314903 	 	 
11.625 	 0.00314371 	 	 
11.64 	 0.00313832 	 	 
11.655 	 0.00313287 	 	 
11.67 	 0.00312736 	 	 
11.685 	 0.00312178 	 	 
11.7 	 0.00311614 	 	 
11.715 	 0.00311044 	 	 
11.73 	 0.00310467 	 	 
11.745 	 0.00309884 	 	 
11.76 	 0.00309294 	 	 
11.775 	 0.00308697 	 	 
11.79 	 0.00308094 	 	 
11.805 	 0.00307484 	 	 
11.82 	 0.00306867 	 	 
11.835 	 0.00306243 	 	 
11.85 	 0.00305613 	 	 
11.865 	 0.00304976 	 	 
11.88 	 0.00304332 	 	 
11.895 	 0.00303681 	 	 
11.91 	 0.00303022 	 	 
11.925 	 0.00302357 	 	 
11.94 	 0.00301685 	 	 
11.955 	 0.00301006 	 	 
11.97 	 0.00300319 	 	 
11.985 	 0.00299625 	 	 
12 	 0.00298925 	 	 
12.015 	 0.00298216 	 	 
12.03 	 0.00297501 	 	 
12.045 	 0.00296778 	 	 
12.06 	 0.00296048 	 	 
12.075 	 0.00295311 	 	 
12.09 	 0.00294566 	 	 
12.105 	 0.00293814 	 	 
12.12 	 0.00293054 	 	 
12.135 	 0.00292287 	 	 
12.15 	 0.00291512 	 	 
12.165 	 0.0029073 	 	 
12.18 	 0.0028994 	 	 
12.195 	 0.00289143 	 	 
12.21 	 0.00288338 	 	 
12.225 	 0.00287526 	 	 
12.24 	 0.00286705 	 	 
12.255 	 0.00285878 	 	 
12.27 	 0.00285042 	 	 
12.285 	 0.00284199 	 	 
12.3 	 0.00283349 	 	 
12.315 	 0.00282491 	 	 
12.33 	 0.00281625 	 	 
12.345 	 0.00280751 	 	 
12.36 	 0.0027987 	 	 
12.375 	 0.00278981 	 	 
12.39 	 0.00278084 	 	 
12.405 	 0.0027718 	 	 
12.42 	 0.00276268 	 	 
12.435 	 0.00275348 	 	 
12.45 	 0.00274421 	 	 
12.465 	 0.00273486 	 	 
12.48 	 0.00272543 	 	 
12.495 	 0.00271593 	 	 
12.51 	 0.00270635 	 	 
12.525 	 0.00269669 	 	 
12.54 	 0.00268696 	 	 
12.555 	 0.00267716 	 	 
12.57 	 0.00266728 	 	 
12.585 	 0.00265732 	 	 
12.6 	 0.00264729 	 	 
12.615 	 0.00263718 	 	 
12.63 	 0.00262701 	 	 
12.645 	 0.00261675 	 	 
12.66 	 0.00260643 	 	 
12.675 	 0.00259603 	 	 
12.69 	 0.00258555 	 	 
12.705 	 0.00257501 	 	 
12.72 	 0.00256439 	 	 
12.735 	 0.00255371 	 	 
12.75 	 0.00254295 	 	 
12.765 	 0.00253212 	 	 
12.78 	 0.00252122 	 	 
12.795 	 0.00251025 	 	 
12.81 	 0.00249922 	 	 
12.825 	 0.00248811 	 	 
12.84 	 0.00247694 	 	 
12.855 	 0.0024657 	 	 
12.87 	 0.0024544 	 	 
12.885 	 0.00244303 	 	 
12.9 	 0.0024316 	 	 
12.915 	 0.0024201 	 	 
12.93 	 0.00240854 	 	 
12.945 	 0.00239692 	 	 
12.96 	 0.00238523 	 	 
12.975 	 0.00237349 	 	 
12.99 	 0.00236168 	 	 
13.005 	 0.00234982 	 	 
13.02 	 0.00233789 	 	 
13.035 	 0.00232591 	 	 
13.05 	 0.00231388 	 	 
13.065 	 0.00230179 	 	 
13.08 	 0.00228964 	 	 
13.095 	 0.00227745 	 	 
13.11 	 0.0022652 	 	 
13.125 	 0.0022529 	 	 
13.14 	 0.00224055 	 	 
13.155 	 0.00222815 	 	 
13.17 	 0.0022157 	 	 
13.185 	 0.0022032 	 	 
13.2 	 0.00219066 	 	 
13.215 	 0.00217808 	 	 
13.23 	 0.00216545 	 	 
13.245 	 0.00215278 	 	 
13.26 	 0.00214007 	 	 
13.275 	 0.00212732 	 	 
13.29 	 0.00211453 	 	 
13.305 	 0.00210171 	 	 
13.32 	 0.00208885 	 	 
13.335 	 0.00207595 	 	 
13.35 	 0.00206303 	 	 
13.365 	 0.00205007 	 	 
13.38 	 0.00203708 	 	 
13.395 	 0.00202406 	 	 
13.41 	 0.00201101 	 	 
13.425 	 0.00199794 	 	 
13.44 	 0.00198484 	 	 
13.455 	 0.00197172 	 	 
13.47 	 0.00195857 	 	 
13.485 	 0.00194541 	 	 
13.5 	 0.00193223 	 	 
13.515 	 0.00191903 	 	 
13.53 	 0.00190581 	 	 
13.545 	 0.00189258 	 	 
13.56 	 0.00187933 	 	 
13.575 	 0.00186607 	 	 
13.59 	 0.00185281 	 	 
13.605 	 0.00183953 	 	 
13.62 	 0.00182625 	 	 
13.635 	 0.00181296 	 	 
13.65 	 0.00179966 	 	 
13.665 	 0.00178636 	 	 
13.68 	 0.00177306 	 	 
13.695 	 0.00175977 	 	 
13.71 	 0.00174647 	 	 
13.725 	 0.00173317 	 	 
13.74 	 0.00171988 	 	 
13.755 	 0.0017066 	 	 
13.77 	 0.00169332 	 	 
13.785 	 0.00168006 	 	 
13.8 	 0.0016668 	 	 
13.815 	 0.00165355 	 	 
13.83 	 0.00164032 	 	 
13.845 	 0.0016271 	 	 
13.86 	 0.0016139 	 	 
13.875 	 0.00160072 	 	 
13.89 	 0.00158756 	 	 
13.905 	 0.00157442 	 	 
13.92 	 0.00156129 	 	 
13.935 	 0.0015482 	 	 
13.95 	 0.00153512 	 	 
13.965 	 0.00152208 	 	 
13.98 	 0.00150906 	 	 
13.995 	 0.00149607 	 	 
14.01 	 0.00148311 	 	 
14.025 	 0.00147018 	 	 
14.04 	 0.00145729 	 	 
14.055 	 0.00144443 	 	 
14.07 	 0.00143161 	 	 
14.085 	 0.00141882 	 	 
14.1 	 0.00140607 	 	 
14.115 	 0.00139336 	 	 
14.13 	 0.00138069 	 	 
14.145 	 0.00136807 	 	 
14.16 	 0.00135548 	 	 
14.175 	 0.00134295 	 	 
14.19 	 0.00133045 	 	 
14.205 	 0.00131801 	 	 
14.22 	 0.00130561 	 	 
14.235 	 0.00129326 	 	 
14.25 	 0.00128096 	 	 
14.265 	 0.00126871 	 	 
14.28 	 0.00125651 	 	 
14.295 	 0.00124437 	 	 
14.31 	 0.00123228 	 	 
14.325 	 0.00122025 	 	 
14.34 	 0.00120827 	 	 
14.355 	 0.00119635 	 	 
14.37 	 0.00118449 	 	 
14.385 	 0.00117268 	 	 
14.4 	 0.00116094 	 	 
14.415 	 0.00114926 	 	 
14.43 	 0.00113763 	 	 
14.445 	 0.00112608 	 	 
14.46 	 0.00111458 	 	 
14.475 	 0.00110315 	 	 
14.49 	 0.00109178 	 	 
14.505 	 0.00108048 	 	 
14.52 	 0.00106924 	 	 
14.535 	 0.00105807 	 	 
14.55 	 0.00104697 	 	 
14.565 	 0.00103593 	 	 
14.58 	 0.00102497 	 	 
14.595 	 0.00101407 	 	 
14.61 	 0.00100325 	 	 
14.625 	 0.000992489 	 	 
14.64 	 0.000981804 	 	 
14.655 	 0.000971189 	 	 
14.67 	 0.000960647 	 	 
14.685 	 0.000950177 	 	 
14.7 	 0.000939779 	 	 
14.715 	 0.000929454 	 	 
14.73 	 0.000919203 	 	 
14.745 	 0.000909026 	 	 
14.76 	 0.000898922 	 	 
14.775 	 0.000888894 	 	 
14.79 	 0.000878939 	 	 
14.805 	 0.00086906 	 	 
14.82 	 0.000859257 	 	 
14.835 	 0.000849528 	 	 
14.85 	 0.000839876 	 	 
14.865 	 0.000830299 	 	 
14.88 	 0.000820799 	 	 
14.895 	 0.000811374 	 	 
14.91 	 0.000802026 	 	 
14.925 	 0.000792755 	 	 
14.94 	 0.00078356 	 	 
14.955 	 0.000774442 	 	 
14.97 	 0.0007654 	 	 
14.985 	 0.000756435 	 	 
15 	 0.000747547 	 	 
15.015 	 0.000738736 	 	 
15.03 	 0.000730002 	 	 
15.045 	 0.000721344 	 	 
15.06 	 0.000712763 	 	 
15.075 	 0.000704258 	 	 
15.09 	 0.000695831 	 	 
15.105 	 0.000687479 	 	 
15.12 	 0.000679204 	 	 
15.135 	 0.000671005 	 	 
15.15 	 0.000662883 	 	 
15.165 	 0.000654836 	 	 
15.18 	 0.000646865 	 	 
15.195 	 0.000638969 	 	 
15.21 	 0.000631149 	 	 
15.225 	 0.000623405 	 	 
15.24 	 0.000615735 	 	 
15.255 	 0.00060814 	 	 
15.27 	 0.000600619 	 	 
15.285 	 0.000593173 	 	 
15.3 	 0.0005858 	 	 
15.315 	 0.000578501 	 	 
15.33 	 0.000571276 	 	 
15.345 	 0.000564124 	 	 
15.36 	 0.000557044 	 	 
15.375 	 0.000550037 	 	 
15.39 	 0.000543102 	 	 
15.405 	 0.000536239 	 	 
15.42 	 0.000529447 	 	 
15.435 	 0.000522727 	 	 
15.45 	 0.000516077 	 	 
15.465 	 0.000509497 	 	 
15.48 	 0.000502988 	 	 
15.495 	 0.000496547 	 	 
15.51 	 0.000490177 	 	 
15.525 	 0.000483875 	 	 
15.54 	 0.000477641 	 	 
15.555 	 0.000471475 	 	 
15.57 	 0.000465377 	 	 
15.585 	 0.000459346 	 	 
15.6 	 0.000453381 	 	 
15.615 	 0.000447483 	 	 
15.63 	 0.00044165 	 	 
15.645 	 0.000435883 	 	 
15.66 	 0.000430181 	 	 
15.675 	 0.000424543 	 	 
15.69 	 0.000418969 	 	 
15.705 	 0.000413459 	 	 
15.72 	 0.000408011 	 	 
15.735 	 0.000402626 	 	 
15.75 	 0.000397304 	 	 
15.765 	 0.000392042 	 	 
15.78 	 0.000386842 	 	 
15.795 	 0.000381703 	 	 
15.81 	 0.000376624 	 	 
15.825 	 0.000371604 	 	 
15.84 	 0.000366643 	 	 
15.855 	 0.000361742 	 	 
15.87 	 0.000356898 	 	 
15.885 	 0.000352112 	 	 
15.9 	 0.000347383 	 	 
15.915 	 0.000342711 	 	 
15.93 	 0.000338095 	 	 
15.945 	 0.000333535 	 	 
15.96 	 0.00032903 	 	 
15.975 	 0.00032458 	 	 
15.99 	 0.000320184 	 	 
16.005 	 0.000315841 	 	 
16.02 	 0.000311552 	 	 
16.035 	 0.000307316 	 	 
16.05 	 0.000303131 	 	 
16.065 	 0.000298999 	 	 
16.08 	 0.000294917 	 	 
16.095 	 0.000290887 	 	 
16.11 	 0.000286906 	 	 
16.125 	 0.000282976 	 	 
16.14 	 0.000279094 	 	 
16.155 	 0.000275262 	 	 
16.17 	 0.000271477 	 	 
16.185 	 0.000267741 	 	 
16.2 	 0.000264051 	 	 
16.215 	 0.000260409 	 	 
16.23 	 0.000256813 	 	 
16.245 	 0.000253262 	 	 
16.26 	 0.000249757 	 	 
16.275 	 0.000246297 	 	 
16.29 	 0.000242881 	 	 
16.305 	 0.000239509 	 	 
16.32 	 0.000236181 	 	 
16.335 	 0.000232896 	 	 
16.35 	 0.000229653 	 	 
16.365 	 0.000226452 	 	 
16.38 	 0.000223293 	 	 
16.395 	 0.000220175 	 	 
16.41 	 0.000217098 	 	 
16.425 	 0.00021406 	 	 
16.44 	 0.000211063 	 	 
16.455 	 0.000208105 	 	 
16.47 	 0.000205186 	 	 
16.485 	 0.000202306 	 	 
16.5 	 0.000199463 	 	 
16.515 	 0.000196658 	 	 
16.53 	 0.00019389 	 	 
16.545 	 0.000191159 	 	 
16.56 	 0.000188465 	 	 
16.575 	 0.000185806 	 	 
16.59 	 0.000183182 	 	 
16.605 	 0.000180594 	 	 
16.62 	 0.00017804 	 	 
16.635 	 0.000175521 	 	 
16.65 	 0.000173035 	 	 
16.665 	 0.000170583 	 	 
16.68 	 0.000168164 	 	 
16.695 	 0.000165777 	 	 
16.71 	 0.000163423 	 	 
16.725 	 0.0001611 	 	 
16.74 	 0.000158809 	 	 
16.755 	 0.000156549 	 	 
16.77 	 0.00015432 	 	 
16.785 	 0.000152121 	 	 
16.8 	 0.000149952 	 	 
16.815 	 0.000147812 	 	 
16.83 	 0.000145702 	 	 
16.845 	 0.000143621 	 	 
16.86 	 0.000141568 	 	 
16.875 	 0.000139543 	 	 
16.89 	 0.000137546 	 	 
16.905 	 0.000135577 	 	 
16.92 	 0.000133634 	 	 
16.935 	 0.000131719 	 	 
16.95 	 0.000129829 	 	 
16.965 	 0.000127966 	 	 
16.98 	 0.000126129 	 	 
16.995 	 0.000124317 	 	 
17.01 	 0.00012253 	 	 
17.025 	 0.000120768 	 	 
17.04 	 0.00011903 	 	 
17.055 	 0.000117317 	 	 
17.07 	 0.000115627 	 	 
17.085 	 0.000113961 	 	 
17.1 	 0.000112318 	 	 
17.115 	 0.000110698 	 	 
17.13 	 0.0001091 	 	 
17.145 	 0.000107525 	 	 
17.16 	 0.000105972 	 	 
17.175 	 0.000104441 	 	 
17.19 	 0.000102931 	 	 
17.205 	 0.000101443 	 	 
17.22 	 9.99751e-05 	 	 
17.235 	 9.8528e-05 	 	 
17.25 	 9.71012e-05 	 	 
17.265 	 9.56946e-05 	 	 
17.28 	 9.43078e-05 	 	 
17.295 	 9.29405e-05 	 	 
17.31 	 9.15925e-05 	 	 
17.325 	 9.02636e-05 	 	 
17.34 	 8.89535e-05 	 	 
17.355 	 8.76619e-05 	 	 
17.37 	 8.63885e-05 	 	 
17.385 	 8.51333e-05 	 	 
17.4 	 8.38958e-05 	 	 
17.415 	 8.26758e-05 	 	 
17.43 	 8.14732e-05 	 	 
17.445 	 8.02877e-05 	 	 
17.46 	 7.91191e-05 	 	 
17.475 	 7.7967e-05 	 	 
17.49 	 7.68314e-05 	 	 
17.505 	 7.57119e-05 	 	 
17.52 	 7.46085e-05 	 	 
17.535 	 7.35207e-05 	 	 
17.55 	 7.24485e-05 	 	 
17.565 	 7.13916e-05 	 	 
17.58 	 7.03498e-05 	 	 
17.595 	 6.93229e-05 	 	 
17.61 	 6.83107e-05 	 	 
17.625 	 6.7313e-05 	 	 
17.64 	 6.63296e-05 	 	 
17.655 	 6.53602e-05 	 	 
17.67 	 6.44048e-05 	 	 
17.685 	 6.34631e-05 	 	 
17.7 	 6.25349e-05 	 	 
17.715 	 6.16201e-05 	 	 
17.73 	 6.07184e-05 	 	 
17.745 	 5.98297e-05 	 	 
17.76 	 5.89537e-05 	 	 
17.775 	 5.80904e-05 	 	 
17.79 	 5.72395e-05 	 	 
17.805 	 5.64009e-05 	 	 
17.82 	 5.55743e-05 	 	 
17.835 	 5.47597e-05 	 	 
17.85 	 5.39568e-05 	 	 
17.865 	 5.31656e-05 	 	 
17.88 	 5.23857e-05 	 	 
17.895 	 5.16172e-05 	 	 
17.91 	 5.08597e-05 	 	 
17.925 	 5.01132e-05 	 	 
17.94 	 4.93775e-05 	 	 
17.955 	 4.86524e-05 	 	 
17.97 	 4.79379e-05 	 	 
17.985 	 4.72337e-05 	 	 
18 	 4.65397e-05 	 	 
18.015 	 4.58558e-05 	 	 
18.03 	 4.51818e-05 	 	 
18.045 	 4.45176e-05 	 	 
18.06 	 4.3863e-05 	 	 
18.075 	 4.32179e-05 	 	 
18.09 	 4.25822e-05 	 	 
18.105 	 4.19557e-05 	 	 
18.12 	 4.13384e-05 	 	 
18.135 	 4.073e-05 	 	 
18.15 	 4.01305e-05 	 	 
18.165 	 3.95397e-05 	 	 
18.18 	 3.89574e-05 	 	 
18.195 	 3.83837e-05 	 	 
18.21 	 3.78184e-05 	 	 
18.225 	 3.72612e-05 	 	 
18.24 	 3.67122e-05 	 	 
18.255 	 3.61712e-05 	 	 
18.27 	 3.56381e-05 	 	 
18.285 	 3.51128e-05 	 	 
18.3 	 3.45951e-05 	 	 
18.315 	 3.4085e-05 	 	 
18.33 	 3.35824e-05 	 	 
18.345 	 3.30871e-05 	 	 
18.36 	 3.2599e-05 	 	 
18.375 	 3.2118e-05 	 	 
18.39 	 3.16441e-05 	 	 
18.405 	 3.11772e-05 	 	 
18.42 	 3.0717e-05 	 	 
18.435 	 3.02636e-05 	 	 
18.45 	 2.98168e-05 	 	 
18.465 	 2.93766e-05 	 	 
18.48 	 2.89428e-05 	 	 
18.495 	 2.85154e-05 	 	 
18.51 	 2.80942e-05 	 	 
18.525 	 2.76792e-05 	 	 
18.54 	 2.72703e-05 	 	 
18.555 	 2.68673e-05 	 	 
18.57 	 2.64703e-05 	 	 
18.585 	 2.60791e-05 	 	 
18.6 	 2.56937e-05 	 	 
18.615 	 2.53139e-05 	 	 
18.63 	 2.49396e-05 	 	 
18.645 	 2.45709e-05 	 	 
18.66 	 2.42076e-05 	 	 
18.675 	 2.38496e-05 	 	 
18.69 	 2.34969e-05 	 	 
18.705 	 2.31494e-05 	 	 
18.72 	 2.28069e-05 	 	 
18.735 	 2.24695e-05 	 	 
18.75 	 2.21371e-05 	 	 
18.765 	 2.18095e-05 	 	 
18.78 	 2.14868e-05 	 	 
18.795 	 2.11688e-05 	 	 
18.81 	 2.08555e-05 	 	 
18.825 	 2.05468e-05 	 	 
18.84 	 2.02426e-05 	 	 
18.855 	 1.9943e-05 	 	 
18.87 	 1.96477e-05 	 	 
18.885 	 1.93568e-05 	 	 
18.9 	 1.90701e-05 	 	 
18.915 	 1.87877e-05 	 	 
18.93 	 1.85095e-05 	 	 
18.945 	 1.82353e-05 	 	 
18.96 	 1.79652e-05 	 	 
18.975 	 1.76991e-05 	 	 
18.99 	 1.74369e-05 	 	 
19.005 	 1.71785e-05 	 	 
19.02 	 1.6924e-05 	 	 
19.035 	 1.66732e-05 	 	 
19.05 	 1.64261e-05 	 	 
19.065 	 1.61827e-05 	 	 
19.08 	 1.59428e-05 	 	 
19.095 	 1.57065e-05 	 	 
19.11 	 1.54737e-05 	 	 
19.125 	 1.52443e-05 	 	 
19.14 	 1.50183e-05 	 	 
19.155 	 1.47957e-05 	 	 
19.17 	 1.45763e-05 	 	 
19.185 	 1.43602e-05 	 	 
19.2 	 1.41472e-05 	 	 
19.215 	 1.39374e-05 	 	 
19.23 	 1.37307e-05 	 	 
19.245 	 1.35271e-05 	 	 
19.26 	 1.33265e-05 	 	 
19.275 	 1.31288e-05 	 	 
19.29 	 1.2934e-05 	 	 
19.305 	 1.27422e-05 	 	 
19.32 	 1.25531e-05 	 	 
19.335 	 1.23669e-05 	 	 
19.35 	 1.21834e-05 	 	 
19.365 	 1.20026e-05 	 	 
19.38 	 1.18245e-05 	 	 
19.395 	 1.16491e-05 	 	 
19.41 	 1.14762e-05 	 	 
19.425 	 1.13059e-05 	 	 
19.44 	 1.11381e-05 	 	 
19.455 	 1.09728e-05 	 	 
19.47 	 1.08099e-05 	 	 
19.485 	 1.06495e-05 	 	 
19.5 	 1.04914e-05 	 	 
19.515 	 1.03356e-05 	 	 
19.53 	 1.01822e-05 	 	 
19.545 	 1.0031e-05 	 	 
19.56 	 9.8821e-06 	 	 
19.575 	 9.73538e-06 	 	 
19.59 	 9.59083e-06 	 	 
19.605 	 9.44842e-06 	 	 
19.62 	 9.30812e-06 	 	 
19.635 	 9.1699e-06 	 	 
19.65 	 9.03373e-06 	 	 
19.665 	 8.89957e-06 	 	 
19.68 	 8.7674e-06 	 	 
19.695 	 8.63719e-06 	 	 
19.71 	 8.50891e-06 	 	 
19.725 	 8.38253e-06 	 	 
19.74 	 8.25802e-06 	 	 
19.755 	 8.13535e-06 	 	 
19.77 	 8.01451e-06 	 	 
19.785 	 7.89545e-06 	 	 
19.8 	 7.77816e-06 	 	 
19.815 	 7.66261e-06 	 	 
19.83 	 7.54877e-06 	 	 
19.845 	 7.43662e-06 	 	 
19.86 	 7.32613e-06 	 	 
19.875 	 7.21728e-06 	 	 
19.89 	 7.11005e-06 	 	 
19.905 	 7.0044e-06 	 	 
19.92 	 6.90032e-06 	 	 
19.935 	 6.79779e-06 	 	 
19.95 	 6.69677e-06 	 	 
19.965 	 6.59726e-06 	 	 
19.98 	 6.49921e-06 	 	 
