0 	 0.00323076 	 	 
0.015 	 0.00323074 	 	 
0.03 	 0.00323073 	 	 
0.045 	 0.00323071 	 	 
0.06 	 0.00323069 	 	 
0.075 	 0.00323067 	 	 
0.09 	 0.00323066 	 	 
0.105 	 0.00323064 	 	 
0.12 	 0.00323062 	 	 
0.135 	 0.0032306 	 	 
0.15 	 0.00323058 	 	 
0.165 	 0.00323056 	 	 
0.18 	 0.00323054 	 	 
0.195 	 0.00323053 	 	 
0.21 	 0.00323051 	 	 
0.225 	 0.00323049 	 	 
0.24 	 0.00323046 	 	 
0.255 	 0.00323044 	 	 
0.27 	 0.00323042 	 	 
0.285 	 0.0032304 	 	 
0.3 	 0.00323038 	 	 
0.315 	 0.00323036 	 	 
0.33 	 0.00323033 	 	 
0.345 	 0.00323031 	 	 
0.36 	 0.00323029 	 	 
0.375 	 0.00323027 	 	 
0.39 	 0.00323024 	 	 
0.405 	 0.00323022 	 	 
0.42 	 0.00323019 	 	 
0.435 	 0.00323017 	 	 
0.45 	 0.00323014 	 	 
0.465 	 0.00323012 	 	 
0.48 	 0.00323009 	 	 
0.495 	 0.00323006 	 	 
0.51 	 0.00323004 	 	 
0.525 	 0.00323001 	 	 
0.54 	 0.00322998 	 	 
0.555 	 0.00322995 	 	 
0.57 	 0.00322993 	 	 
0.585 	 0.0032299 	 	 
0.6 	 0.00322987 	 	 
0.615 	 0.00322984 	 	 
0.63 	 0.00322981 	 	 
0.645 	 0.00322978 	 	 
0.66 	 0.00322975 	 	 
0.675 	 0.00322971 	 	 
0.69 	 0.00322968 	 	 
0.705 	 0.00322965 	 	 
0.72 	 0.00322962 	 	 
0.735 	 0.00322958 	 	 
0.75 	 0.00322955 	 	 
0.765 	 0.00322951 	 	 
0.78 	 0.00322948 	 	 
0.795 	 0.00322944 	 	 
0.81 	 0.00322941 	 	 
0.825 	 0.00322937 	 	 
0.84 	 0.00322933 	 	 
0.855 	 0.00322929 	 	 
0.87 	 0.00322926 	 	 
0.885 	 0.00322922 	 	 
0.9 	 0.00322918 	 	 
0.915 	 0.00322914 	 	 
0.93 	 0.0032291 	 	 
0.945 	 0.00322906 	 	 
0.96 	 0.00322901 	 	 
0.975 	 0.00322897 	 	 
0.99 	 0.00322893 	 	 
1.005 	 0.00322888 	 	 
1.02 	 0.00322884 	 	 
1.035 	 0.00322879 	 	 
1.05 	 0.00322875 	 	 
1.065 	 0.0032287 	 	 
1.08 	 0.00322865 	 	 
1.095 	 0.0032286 	 	 
1.11 	 0.00322856 	 	 
1.125 	 0.00322851 	 	 
1.14 	 0.00322846 	 	 
1.155 	 0.0032284 	 	 
1.17 	 0.00322835 	 	 
1.185 	 0.0032283 	 	 
1.2 	 0.00322825 	 	 
1.215 	 0.00322819 	 	 
1.23 	 0.00322814 	 	 
1.245 	 0.00322808 	 	 
1.26 	 0.00322802 	 	 
1.275 	 0.00322797 	 	 
1.29 	 0.00322791 	 	 
1.305 	 0.00322785 	 	 
1.32 	 0.00322779 	 	 
1.335 	 0.00322773 	 	 
1.35 	 0.00322767 	 	 
1.365 	 0.0032276 	 	 
1.38 	 0.00322754 	 	 
1.395 	 0.00322747 	 	 
1.41 	 0.00322741 	 	 
1.425 	 0.00322734 	 	 
1.44 	 0.00322727 	 	 
1.455 	 0.0032272 	 	 
1.47 	 0.00322713 	 	 
1.485 	 0.00322706 	 	 
1.5 	 0.00322699 	 	 
1.515 	 0.00322692 	 	 
1.53 	 0.00322684 	 	 
1.545 	 0.00322677 	 	 
1.56 	 0.00322669 	 	 
1.575 	 0.00322661 	 	 
1.59 	 0.00322653 	 	 
1.605 	 0.00322645 	 	 
1.62 	 0.00322637 	 	 
1.635 	 0.00322629 	 	 
1.65 	 0.00322621 	 	 
1.665 	 0.00322612 	 	 
1.68 	 0.00322604 	 	 
1.695 	 0.00322595 	 	 
1.71 	 0.00322586 	 	 
1.725 	 0.00322577 	 	 
1.74 	 0.00322568 	 	 
1.755 	 0.00322558 	 	 
1.77 	 0.00322549 	 	 
1.785 	 0.00322539 	 	 
1.8 	 0.0032253 	 	 
1.815 	 0.0032252 	 	 
1.83 	 0.0032251 	 	 
1.845 	 0.003225 	 	 
1.86 	 0.00322489 	 	 
1.875 	 0.00322479 	 	 
1.89 	 0.00322468 	 	 
1.905 	 0.00322457 	 	 
1.92 	 0.00322446 	 	 
1.935 	 0.00322435 	 	 
1.95 	 0.00322424 	 	 
1.965 	 0.00322413 	 	 
1.98 	 0.00322401 	 	 
1.995 	 0.00322389 	 	 
2.01 	 0.00322377 	 	 
2.025 	 0.00322365 	 	 
2.04 	 0.00322353 	 	 
2.055 	 0.0032234 	 	 
2.07 	 0.00322327 	 	 
2.085 	 0.00322314 	 	 
2.1 	 0.00322301 	 	 
2.115 	 0.00322288 	 	 
2.13 	 0.00322274 	 	 
2.145 	 0.00322261 	 	 
2.16 	 0.00322247 	 	 
2.175 	 0.00322233 	 	 
2.19 	 0.00322218 	 	 
2.205 	 0.00322204 	 	 
2.22 	 0.00322189 	 	 
2.235 	 0.00322174 	 	 
2.25 	 0.00322159 	 	 
2.265 	 0.00322143 	 	 
2.28 	 0.00322128 	 	 
2.295 	 0.00322112 	 	 
2.31 	 0.00322096 	 	 
2.325 	 0.00322079 	 	 
2.34 	 0.00322063 	 	 
2.355 	 0.00322046 	 	 
2.37 	 0.00322029 	 	 
2.385 	 0.00322011 	 	 
2.4 	 0.00321994 	 	 
2.415 	 0.00321976 	 	 
2.43 	 0.00321957 	 	 
2.445 	 0.00321939 	 	 
2.46 	 0.0032192 	 	 
2.475 	 0.00321901 	 	 
2.49 	 0.00321882 	 	 
2.505 	 0.00321862 	 	 
2.52 	 0.00321842 	 	 
2.535 	 0.00321822 	 	 
2.55 	 0.00321802 	 	 
2.565 	 0.00321781 	 	 
2.58 	 0.0032176 	 	 
2.595 	 0.00321738 	 	 
2.61 	 0.00321717 	 	 
2.625 	 0.00321694 	 	 
2.64 	 0.00321672 	 	 
2.655 	 0.00321649 	 	 
2.67 	 0.00321626 	 	 
2.685 	 0.00321603 	 	 
2.7 	 0.00321579 	 	 
2.715 	 0.00321555 	 	 
2.73 	 0.0032153 	 	 
2.745 	 0.00321506 	 	 
2.76 	 0.0032148 	 	 
2.775 	 0.00321455 	 	 
2.79 	 0.00321429 	 	 
2.805 	 0.00321402 	 	 
2.82 	 0.00321376 	 	 
2.835 	 0.00321348 	 	 
2.85 	 0.00321321 	 	 
2.865 	 0.00321293 	 	 
2.88 	 0.00321264 	 	 
2.895 	 0.00321235 	 	 
2.91 	 0.00321206 	 	 
2.925 	 0.00321177 	 	 
2.94 	 0.00321146 	 	 
2.955 	 0.00321116 	 	 
2.97 	 0.00321085 	 	 
2.985 	 0.00321053 	 	 
3 	 0.00321021 	 	 
3.015 	 0.00320989 	 	 
3.03 	 0.00320956 	 	 
3.045 	 0.00320922 	 	 
3.06 	 0.00320888 	 	 
3.075 	 0.00320854 	 	 
3.09 	 0.00320819 	 	 
3.105 	 0.00320784 	 	 
3.12 	 0.00320747 	 	 
3.135 	 0.00320711 	 	 
3.15 	 0.00320674 	 	 
3.165 	 0.00320636 	 	 
3.18 	 0.00320598 	 	 
3.195 	 0.00320559 	 	 
3.21 	 0.0032052 	 	 
3.225 	 0.0032048 	 	 
3.24 	 0.00320439 	 	 
3.255 	 0.00320398 	 	 
3.27 	 0.00320357 	 	 
3.285 	 0.00320314 	 	 
3.3 	 0.00320271 	 	 
3.315 	 0.00320228 	 	 
3.33 	 0.00320183 	 	 
3.345 	 0.00320138 	 	 
3.36 	 0.00320093 	 	 
3.375 	 0.00320047 	 	 
3.39 	 0.0032 	 	 
3.405 	 0.00319952 	 	 
3.42 	 0.00319904 	 	 
3.435 	 0.00319855 	 	 
3.45 	 0.00319805 	 	 
3.465 	 0.00319754 	 	 
3.48 	 0.00319703 	 	 
3.495 	 0.00319651 	 	 
3.51 	 0.00319598 	 	 
3.525 	 0.00319545 	 	 
3.54 	 0.0031949 	 	 
3.555 	 0.00319435 	 	 
3.57 	 0.00319379 	 	 
3.585 	 0.00319322 	 	 
3.6 	 0.00319265 	 	 
3.615 	 0.00319206 	 	 
3.63 	 0.00319147 	 	 
3.645 	 0.00319086 	 	 
3.66 	 0.00319025 	 	 
3.675 	 0.00318963 	 	 
3.69 	 0.003189 	 	 
3.705 	 0.00318836 	 	 
3.72 	 0.00318772 	 	 
3.735 	 0.00318706 	 	 
3.75 	 0.00318639 	 	 
3.765 	 0.00318571 	 	 
3.78 	 0.00318503 	 	 
3.795 	 0.00318433 	 	 
3.81 	 0.00318362 	 	 
3.825 	 0.0031829 	 	 
3.84 	 0.00318218 	 	 
3.855 	 0.00318144 	 	 
3.87 	 0.00318069 	 	 
3.885 	 0.00317993 	 	 
3.9 	 0.00317916 	 	 
3.915 	 0.00317837 	 	 
3.93 	 0.00317758 	 	 
3.945 	 0.00317677 	 	 
3.96 	 0.00317595 	 	 
3.975 	 0.00317512 	 	 
3.99 	 0.00317428 	 	 
4.005 	 0.00317343 	 	 
4.02 	 0.00317256 	 	 
4.035 	 0.00317168 	 	 
4.05 	 0.00317079 	 	 
4.065 	 0.00316988 	 	 
4.08 	 0.00316897 	 	 
4.095 	 0.00316803 	 	 
4.11 	 0.00316709 	 	 
4.125 	 0.00316613 	 	 
4.14 	 0.00316516 	 	 
4.155 	 0.00316417 	 	 
4.17 	 0.00316317 	 	 
4.185 	 0.00316216 	 	 
4.2 	 0.00316113 	 	 
4.215 	 0.00316008 	 	 
4.23 	 0.00315902 	 	 
4.245 	 0.00315794 	 	 
4.26 	 0.00315685 	 	 
4.275 	 0.00315575 	 	 
4.29 	 0.00315462 	 	 
4.305 	 0.00315349 	 	 
4.32 	 0.00315233 	 	 
4.335 	 0.00315116 	 	 
4.35 	 0.00314997 	 	 
4.365 	 0.00314877 	 	 
4.38 	 0.00314754 	 	 
4.395 	 0.0031463 	 	 
4.41 	 0.00314504 	 	 
4.425 	 0.00314377 	 	 
4.44 	 0.00314247 	 	 
4.455 	 0.00314116 	 	 
4.47 	 0.00313983 	 	 
4.485 	 0.00313848 	 	 
4.5 	 0.00313711 	 	 
4.515 	 0.00313572 	 	 
4.53 	 0.00313431 	 	 
4.545 	 0.00313288 	 	 
4.56 	 0.00313143 	 	 
4.575 	 0.00312996 	 	 
4.59 	 0.00312847 	 	 
4.605 	 0.00312696 	 	 
4.62 	 0.00312543 	 	 
4.635 	 0.00312387 	 	 
4.65 	 0.0031223 	 	 
4.665 	 0.0031207 	 	 
4.68 	 0.00311908 	 	 
4.695 	 0.00311743 	 	 
4.71 	 0.00311577 	 	 
4.725 	 0.00311408 	 	 
4.74 	 0.00311236 	 	 
4.755 	 0.00311063 	 	 
4.77 	 0.00310886 	 	 
4.785 	 0.00310708 	 	 
4.8 	 0.00310526 	 	 
4.815 	 0.00310343 	 	 
4.83 	 0.00310157 	 	 
4.845 	 0.00309968 	 	 
4.86 	 0.00309776 	 	 
4.875 	 0.00309582 	 	 
4.89 	 0.00309385 	 	 
4.905 	 0.00309186 	 	 
4.92 	 0.00308984 	 	 
4.935 	 0.00308779 	 	 
4.95 	 0.00308571 	 	 
4.965 	 0.0030836 	 	 
4.98 	 0.00308146 	 	 
4.995 	 0.0030793 	 	 
5.01 	 0.0030771 	 	 
5.025 	 0.00307488 	 	 
5.04 	 0.00307262 	 	 
5.055 	 0.00307034 	 	 
5.07 	 0.00306802 	 	 
5.085 	 0.00306567 	 	 
5.1 	 0.00306329 	 	 
5.115 	 0.00306088 	 	 
5.13 	 0.00305843 	 	 
5.145 	 0.00305595 	 	 
5.16 	 0.00305344 	 	 
5.175 	 0.0030509 	 	 
5.19 	 0.00304832 	 	 
5.205 	 0.0030457 	 	 
5.22 	 0.00304306 	 	 
5.235 	 0.00304037 	 	 
5.25 	 0.00303765 	 	 
5.265 	 0.0030349 	 	 
5.28 	 0.0030321 	 	 
5.295 	 0.00302927 	 	 
5.31 	 0.00302641 	 	 
5.325 	 0.0030235 	 	 
5.34 	 0.00302056 	 	 
5.355 	 0.00301758 	 	 
5.37 	 0.00301456 	 	 
5.385 	 0.0030115 	 	 
5.4 	 0.0030084 	 	 
5.415 	 0.00300526 	 	 
5.43 	 0.00300208 	 	 
5.445 	 0.00299885 	 	 
5.46 	 0.00299559 	 	 
5.475 	 0.00299228 	 	 
5.49 	 0.00298894 	 	 
5.505 	 0.00298555 	 	 
5.52 	 0.00298211 	 	 
5.535 	 0.00297863 	 	 
5.55 	 0.00297511 	 	 
5.565 	 0.00297154 	 	 
5.58 	 0.00296793 	 	 
5.595 	 0.00296427 	 	 
5.61 	 0.00296057 	 	 
5.625 	 0.00295682 	 	 
5.64 	 0.00295302 	 	 
5.655 	 0.00294917 	 	 
5.67 	 0.00294528 	 	 
5.685 	 0.00294134 	 	 
5.7 	 0.00293735 	 	 
5.715 	 0.00293331 	 	 
5.73 	 0.00292922 	 	 
5.745 	 0.00292508 	 	 
5.76 	 0.00292089 	 	 
5.775 	 0.00291665 	 	 
5.79 	 0.00291235 	 	 
5.805 	 0.00290801 	 	 
5.82 	 0.00290361 	 	 
5.835 	 0.00289916 	 	 
5.85 	 0.00289466 	 	 
5.865 	 0.0028901 	 	 
5.88 	 0.00288549 	 	 
5.895 	 0.00288083 	 	 
5.91 	 0.0028761 	 	 
5.925 	 0.00287133 	 	 
5.94 	 0.0028665 	 	 
5.955 	 0.00286161 	 	 
5.97 	 0.00285666 	 	 
5.985 	 0.00285166 	 	 
6 	 0.0028466 	 	 
6.015 	 0.00284148 	 	 
6.03 	 0.0028363 	 	 
6.045 	 0.00283106 	 	 
6.06 	 0.00282577 	 	 
6.075 	 0.00282041 	 	 
6.09 	 0.002815 	 	 
6.105 	 0.00280952 	 	 
6.12 	 0.00280398 	 	 
6.135 	 0.00279838 	 	 
6.15 	 0.00279272 	 	 
6.165 	 0.002787 	 	 
6.18 	 0.00278121 	 	 
6.195 	 0.00277537 	 	 
6.21 	 0.00276945 	 	 
6.225 	 0.00276348 	 	 
6.24 	 0.00275744 	 	 
6.255 	 0.00275134 	 	 
6.27 	 0.00274517 	 	 
6.285 	 0.00273893 	 	 
6.3 	 0.00273263 	 	 
6.315 	 0.00272627 	 	 
6.33 	 0.00271984 	 	 
6.345 	 0.00271334 	 	 
6.36 	 0.00270678 	 	 
6.375 	 0.00270015 	 	 
6.39 	 0.00269345 	 	 
6.405 	 0.00268669 	 	 
6.42 	 0.00267986 	 	 
6.435 	 0.00267296 	 	 
6.45 	 0.00266599 	 	 
6.465 	 0.00265896 	 	 
6.48 	 0.00265185 	 	 
6.495 	 0.00264468 	 	 
6.51 	 0.00263744 	 	 
6.525 	 0.00263013 	 	 
6.54 	 0.00262275 	 	 
6.555 	 0.0026153 	 	 
6.57 	 0.00260778 	 	 
6.585 	 0.00260019 	 	 
6.6 	 0.00259253 	 	 
6.615 	 0.0025848 	 	 
6.63 	 0.00257701 	 	 
6.645 	 0.00256914 	 	 
6.66 	 0.0025612 	 	 
6.675 	 0.0025532 	 	 
6.69 	 0.00254512 	 	 
6.705 	 0.00253697 	 	 
6.72 	 0.00252875 	 	 
6.735 	 0.00252047 	 	 
6.75 	 0.00251211 	 	 
6.765 	 0.00250368 	 	 
6.78 	 0.00249519 	 	 
6.795 	 0.00248662 	 	 
6.81 	 0.00247799 	 	 
6.825 	 0.00246928 	 	 
6.84 	 0.00246051 	 	 
6.855 	 0.00245166 	 	 
6.87 	 0.00244275 	 	 
6.885 	 0.00243377 	 	 
6.9 	 0.00242472 	 	 
6.915 	 0.0024156 	 	 
6.93 	 0.00240642 	 	 
6.945 	 0.00239717 	 	 
6.96 	 0.00238785 	 	 
6.975 	 0.00237846 	 	 
6.99 	 0.00236901 	 	 
7.005 	 0.00235949 	 	 
7.02 	 0.0023499 	 	 
7.035 	 0.00234025 	 	 
7.05 	 0.00233053 	 	 
7.065 	 0.00232075 	 	 
7.08 	 0.0023109 	 	 
7.095 	 0.00230099 	 	 
7.11 	 0.00229102 	 	 
7.125 	 0.00228099 	 	 
7.14 	 0.00227089 	 	 
7.155 	 0.00226073 	 	 
7.17 	 0.00225051 	 	 
7.185 	 0.00224023 	 	 
7.2 	 0.00222989 	 	 
7.215 	 0.00221949 	 	 
7.23 	 0.00220903 	 	 
7.245 	 0.00219852 	 	 
7.26 	 0.00218794 	 	 
7.275 	 0.00217732 	 	 
7.29 	 0.00216663 	 	 
7.305 	 0.00215589 	 	 
7.32 	 0.0021451 	 	 
7.335 	 0.00213425 	 	 
7.35 	 0.00212335 	 	 
7.365 	 0.0021124 	 	 
7.38 	 0.0021014 	 	 
7.395 	 0.00209035 	 	 
7.41 	 0.00207925 	 	 
7.425 	 0.00206811 	 	 
7.44 	 0.00205691 	 	 
7.455 	 0.00204567 	 	 
7.47 	 0.00203439 	 	 
7.485 	 0.00202306 	 	 
7.5 	 0.00201169 	 	 
7.515 	 0.00200028 	 	 
7.53 	 0.00198882 	 	 
7.545 	 0.00197733 	 	 
7.56 	 0.0019658 	 	 
7.575 	 0.00195423 	 	 
7.59 	 0.00194262 	 	 
7.605 	 0.00193098 	 	 
7.62 	 0.0019193 	 	 
7.635 	 0.0019076 	 	 
7.65 	 0.00189586 	 	 
7.665 	 0.00188408 	 	 
7.68 	 0.00187228 	 	 
7.695 	 0.00186046 	 	 
7.71 	 0.0018486 	 	 
7.725 	 0.00183672 	 	 
7.74 	 0.00182482 	 	 
7.755 	 0.00181289 	 	 
7.77 	 0.00180094 	 	 
7.785 	 0.00178897 	 	 
7.8 	 0.00177698 	 	 
7.815 	 0.00176497 	 	 
7.83 	 0.00175294 	 	 
7.845 	 0.0017409 	 	 
7.86 	 0.00172885 	 	 
7.875 	 0.00171678 	 	 
7.89 	 0.00170471 	 	 
7.905 	 0.00169262 	 	 
7.92 	 0.00168052 	 	 
7.935 	 0.00166842 	 	 
7.95 	 0.00165631 	 	 
7.965 	 0.0016442 	 	 
7.98 	 0.00163208 	 	 
7.995 	 0.00161996 	 	 
8.01 	 0.00160784 	 	 
8.025 	 0.00159572 	 	 
8.04 	 0.00158361 	 	 
8.055 	 0.00157149 	 	 
8.07 	 0.00155939 	 	 
8.085 	 0.00154729 	 	 
8.1 	 0.00153519 	 	 
8.115 	 0.00152311 	 	 
8.13 	 0.00151103 	 	 
8.145 	 0.00149897 	 	 
8.16 	 0.00148692 	 	 
8.175 	 0.00147489 	 	 
8.19 	 0.00146287 	 	 
8.205 	 0.00145087 	 	 
8.22 	 0.00143888 	 	 
8.235 	 0.00142692 	 	 
8.25 	 0.00141498 	 	 
8.265 	 0.00140306 	 	 
8.28 	 0.00139116 	 	 
8.295 	 0.00137929 	 	 
8.31 	 0.00136744 	 	 
8.325 	 0.00135562 	 	 
8.34 	 0.00134383 	 	 
8.355 	 0.00133207 	 	 
8.37 	 0.00132034 	 	 
8.385 	 0.00130864 	 	 
8.4 	 0.00129698 	 	 
8.415 	 0.00128535 	 	 
8.43 	 0.00127375 	 	 
8.445 	 0.0012622 	 	 
8.46 	 0.00125068 	 	 
8.475 	 0.0012392 	 	 
8.49 	 0.00122776 	 	 
8.505 	 0.00121636 	 	 
8.52 	 0.001205 	 	 
8.535 	 0.00119369 	 	 
8.55 	 0.00118242 	 	 
8.565 	 0.00117119 	 	 
8.58 	 0.00116001 	 	 
8.595 	 0.00114888 	 	 
8.61 	 0.0011378 	 	 
8.625 	 0.00112677 	 	 
8.64 	 0.00111578 	 	 
8.655 	 0.00110485 	 	 
8.67 	 0.00109397 	 	 
8.685 	 0.00108314 	 	 
8.7 	 0.00107236 	 	 
8.715 	 0.00106164 	 	 
8.73 	 0.00105098 	 	 
8.745 	 0.00104037 	 	 
8.76 	 0.00102981 	 	 
8.775 	 0.00101932 	 	 
8.79 	 0.00100888 	 	 
8.805 	 0.0009985 	 	 
8.82 	 0.00098818 	 	 
8.835 	 0.00097792 	 	 
8.85 	 0.00096772 	 	 
8.865 	 0.000957581 	 	 
8.88 	 0.000947504 	 	 
8.895 	 0.00093749 	 	 
8.91 	 0.000927538 	 	 
8.925 	 0.00091765 	 	 
8.94 	 0.000907826 	 	 
8.955 	 0.000898066 	 	 
8.97 	 0.00088837 	 	 
8.985 	 0.00087874 	 	 
9 	 0.000869176 	 	 
9.015 	 0.000859678 	 	 
9.03 	 0.000850246 	 	 
9.045 	 0.000840881 	 	 
9.06 	 0.000831584 	 	 
9.075 	 0.000822353 	 	 
9.09 	 0.000813191 	 	 
9.105 	 0.000804096 	 	 
9.12 	 0.00079507 	 	 
9.135 	 0.000786112 	 	 
9.15 	 0.000777223 	 	 
9.165 	 0.000768403 	 	 
9.18 	 0.000759652 	 	 
9.195 	 0.00075097 	 	 
9.21 	 0.000742358 	 	 
9.225 	 0.000733815 	 	 
9.24 	 0.000725342 	 	 
9.255 	 0.000716938 	 	 
9.27 	 0.000708605 	 	 
9.285 	 0.000700341 	 	 
9.3 	 0.000692148 	 	 
9.315 	 0.000684024 	 	 
9.33 	 0.00067597 	 	 
9.345 	 0.000667986 	 	 
9.36 	 0.000660072 	 	 
9.375 	 0.000652228 	 	 
9.39 	 0.000644454 	 	 
9.405 	 0.00063675 	 	 
9.42 	 0.000629116 	 	 
9.435 	 0.000621551 	 	 
9.45 	 0.000614055 	 	 
9.465 	 0.000606629 	 	 
9.48 	 0.000599272 	 	 
9.495 	 0.000591984 	 	 
9.51 	 0.000584766 	 	 
9.525 	 0.000577616 	 	 
9.54 	 0.000570534 	 	 
9.555 	 0.000563521 	 	 
9.57 	 0.000556576 	 	 
9.585 	 0.000549699 	 	 
9.6 	 0.00054289 	 	 
9.615 	 0.000536148 	 	 
9.63 	 0.000529474 	 	 
9.645 	 0.000522866 	 	 
9.66 	 0.000516326 	 	 
9.675 	 0.000509851 	 	 
9.69 	 0.000503443 	 	 
9.705 	 0.000497101 	 	 
9.72 	 0.000490824 	 	 
9.735 	 0.000484612 	 	 
9.75 	 0.000478465 	 	 
9.765 	 0.000472383 	 	 
9.78 	 0.000466365 	 	 
9.795 	 0.000460411 	 	 
9.81 	 0.00045452 	 	 
9.825 	 0.000448693 	 	 
9.84 	 0.000442928 	 	 
9.855 	 0.000437226 	 	 
9.87 	 0.000431586 	 	 
9.885 	 0.000426007 	 	 
9.9 	 0.00042049 	 	 
9.915 	 0.000415034 	 	 
9.93 	 0.000409638 	 	 
9.945 	 0.000404302 	 	 
9.96 	 0.000399026 	 	 
9.975 	 0.000393809 	 	 
9.99 	 0.000388651 	 	 
10.005 	 0.000383552 	 	 
10.02 	 0.00037851 	 	 
10.035 	 0.000373526 	 	 
10.05 	 0.000368599 	 	 
10.065 	 0.000363729 	 	 
10.08 	 0.000358915 	 	 
10.095 	 0.000354157 	 	 
10.11 	 0.000349455 	 	 
10.125 	 0.000344807 	 	 
10.14 	 0.000340214 	 	 
10.155 	 0.000335675 	 	 
10.17 	 0.00033119 	 	 
10.185 	 0.000326757 	 	 
10.2 	 0.000322378 	 	 
10.215 	 0.000318051 	 	 
10.23 	 0.000313775 	 	 
10.245 	 0.000309551 	 	 
10.26 	 0.000305378 	 	 
10.275 	 0.000301255 	 	 
10.29 	 0.000297183 	 	 
10.305 	 0.000293159 	 	 
10.32 	 0.000289185 	 	 
10.335 	 0.00028526 	 	 
10.35 	 0.000281383 	 	 
10.365 	 0.000277553 	 	 
10.38 	 0.000273771 	 	 
10.395 	 0.000270036 	 	 
10.41 	 0.000266347 	 	 
10.425 	 0.000262704 	 	 
10.44 	 0.000259106 	 	 
10.455 	 0.000255554 	 	 
10.47 	 0.000252046 	 	 
10.485 	 0.000248582 	 	 
10.5 	 0.000245162 	 	 
10.515 	 0.000241785 	 	 
10.53 	 0.000238451 	 	 
10.545 	 0.000235159 	 	 
10.56 	 0.000231909 	 	 
10.575 	 0.000228701 	 	 
10.59 	 0.000225533 	 	 
10.605 	 0.000222407 	 	 
10.62 	 0.00021932 	 	 
10.635 	 0.000216273 	 	 
10.65 	 0.000213266 	 	 
10.665 	 0.000210298 	 	 
10.68 	 0.000207368 	 	 
10.695 	 0.000204476 	 	 
10.71 	 0.000201621 	 	 
10.725 	 0.000198804 	 	 
10.74 	 0.000196024 	 	 
10.755 	 0.00019328 	 	 
10.77 	 0.000190572 	 	 
10.785 	 0.0001879 	 	 
10.8 	 0.000185263 	 	 
10.815 	 0.00018266 	 	 
10.83 	 0.000180092 	 	 
10.845 	 0.000177559 	 	 
10.86 	 0.000175058 	 	 
10.875 	 0.000172591 	 	 
10.89 	 0.000170157 	 	 
10.905 	 0.000167755 	 	 
10.92 	 0.000165385 	 	 
10.935 	 0.000163047 	 	 
10.95 	 0.000160741 	 	 
10.965 	 0.000158465 	 	 
10.98 	 0.00015622 	 	 
10.995 	 0.000154005 	 	 
11.01 	 0.000151819 	 	 
11.025 	 0.000149664 	 	 
11.04 	 0.000147537 	 	 
11.055 	 0.00014544 	 	 
11.07 	 0.00014337 	 	 
11.085 	 0.000141329 	 	 
11.1 	 0.000139316 	 	 
11.115 	 0.00013733 	 	 
11.13 	 0.000135371 	 	 
11.145 	 0.000133439 	 	 
11.16 	 0.000131533 	 	 
11.175 	 0.000129653 	 	 
11.19 	 0.000127799 	 	 
11.205 	 0.000125971 	 	 
11.22 	 0.000124167 	 	 
11.235 	 0.000122389 	 	 
11.25 	 0.000120635 	 	 
11.265 	 0.000118905 	 	 
11.28 	 0.000117199 	 	 
11.295 	 0.000115516 	 	 
11.31 	 0.000113857 	 	 
11.325 	 0.000112221 	 	 
11.34 	 0.000110607 	 	 
11.355 	 0.000109016 	 	 
11.37 	 0.000107447 	 	 
11.385 	 0.0001059 	 	 
11.4 	 0.000104374 	 	 
11.415 	 0.000102869 	 	 
11.43 	 0.000101386 	 	 
11.445 	 9.99231e-05 	 	 
11.46 	 9.84808e-05 	 	 
11.475 	 9.70586e-05 	 	 
11.49 	 9.56564e-05 	 	 
11.505 	 9.42738e-05 	 	 
11.52 	 9.29106e-05 	 	 
11.535 	 9.15665e-05 	 	 
11.55 	 9.02414e-05 	 	 
11.565 	 8.89348e-05 	 	 
11.58 	 8.76466e-05 	 	 
11.595 	 8.63766e-05 	 	 
11.61 	 8.51245e-05 	 	 
11.625 	 8.38901e-05 	 	 
11.64 	 8.26731e-05 	 	 
11.655 	 8.14733e-05 	 	 
11.67 	 8.02904e-05 	 	 
11.685 	 7.91243e-05 	 	 
11.7 	 7.79747e-05 	 	 
11.715 	 7.68414e-05 	 	 
11.73 	 7.57242e-05 	 	 
11.745 	 7.46229e-05 	 	 
11.76 	 7.35372e-05 	 	 
11.775 	 7.24669e-05 	 	 
11.79 	 7.14118e-05 	 	 
11.805 	 7.03718e-05 	 	 
11.82 	 6.93466e-05 	 	 
11.835 	 6.8336e-05 	 	 
11.85 	 6.73398e-05 	 	 
11.865 	 6.63578e-05 	 	 
11.88 	 6.53899e-05 	 	 
11.895 	 6.44357e-05 	 	 
11.91 	 6.34953e-05 	 	 
11.925 	 6.25682e-05 	 	 
11.94 	 6.16545e-05 	 	 
11.955 	 6.07538e-05 	 	 
11.97 	 5.98661e-05 	 	 
11.985 	 5.89911e-05 	 	 
12 	 5.81286e-05 	 	 
12.015 	 5.72785e-05 	 	 
12.03 	 5.64406e-05 	 	 
12.045 	 5.56148e-05 	 	 
12.06 	 5.48008e-05 	 	 
12.075 	 5.39986e-05 	 	 
12.09 	 5.32079e-05 	 	 
12.105 	 5.24286e-05 	 	 
12.12 	 5.16605e-05 	 	 
12.135 	 5.09035e-05 	 	 
12.15 	 5.01574e-05 	 	 
12.165 	 4.94221e-05 	 	 
12.18 	 4.86974e-05 	 	 
12.195 	 4.79831e-05 	 	 
12.21 	 4.72792e-05 	 	 
12.225 	 4.65854e-05 	 	 
12.24 	 4.59017e-05 	 	 
12.255 	 4.52279e-05 	 	 
12.27 	 4.45638e-05 	 	 
12.285 	 4.39094e-05 	 	 
12.3 	 4.32644e-05 	 	 
12.315 	 4.26288e-05 	 	 
12.33 	 4.20024e-05 	 	 
12.345 	 4.1385e-05 	 	 
12.36 	 4.07767e-05 	 	 
12.375 	 4.01771e-05 	 	 
12.39 	 3.95863e-05 	 	 
12.405 	 3.90041e-05 	 	 
12.42 	 3.84303e-05 	 	 
12.435 	 3.78648e-05 	 	 
12.45 	 3.73076e-05 	 	 
12.465 	 3.67585e-05 	 	 
12.48 	 3.62173e-05 	 	 
12.495 	 3.56841e-05 	 	 
12.51 	 3.51586e-05 	 	 
12.525 	 3.46408e-05 	 	 
12.54 	 3.41305e-05 	 	 
12.555 	 3.36276e-05 	 	 
12.57 	 3.31321e-05 	 	 
12.585 	 3.26438e-05 	 	 
12.6 	 3.21627e-05 	 	 
12.615 	 3.16885e-05 	 	 
12.63 	 3.12213e-05 	 	 
12.645 	 3.07609e-05 	 	 
12.66 	 3.03072e-05 	 	 
12.675 	 2.98602e-05 	 	 
12.69 	 2.94197e-05 	 	 
12.705 	 2.89856e-05 	 	 
12.72 	 2.85579e-05 	 	 
12.735 	 2.81364e-05 	 	 
12.75 	 2.77211e-05 	 	 
12.765 	 2.73119e-05 	 	 
12.78 	 2.69086e-05 	 	 
12.795 	 2.65113e-05 	 	 
12.81 	 2.61198e-05 	 	 
12.825 	 2.5734e-05 	 	 
12.84 	 2.53539e-05 	 	 
12.855 	 2.49793e-05 	 	 
12.87 	 2.46103e-05 	 	 
12.885 	 2.42466e-05 	 	 
12.9 	 2.38883e-05 	 	 
12.915 	 2.35352e-05 	 	 
12.93 	 2.31874e-05 	 	 
12.945 	 2.28446e-05 	 	 
12.96 	 2.25068e-05 	 	 
12.975 	 2.21741e-05 	 	 
12.99 	 2.18462e-05 	 	 
13.005 	 2.15231e-05 	 	 
13.02 	 2.12047e-05 	 	 
13.035 	 2.08911e-05 	 	 
13.05 	 2.0582e-05 	 	 
13.065 	 2.02775e-05 	 	 
13.08 	 1.99775e-05 	 	 
13.095 	 1.96819e-05 	 	 
13.11 	 1.93906e-05 	 	 
13.125 	 1.91036e-05 	 	 
13.14 	 1.88209e-05 	 	 
13.155 	 1.85423e-05 	 	 
13.17 	 1.82678e-05 	 	 
13.185 	 1.79973e-05 	 	 
13.2 	 1.77309e-05 	 	 
13.215 	 1.74683e-05 	 	 
13.23 	 1.72096e-05 	 	 
13.245 	 1.69547e-05 	 	 
13.26 	 1.67036e-05 	 	 
13.275 	 1.64562e-05 	 	 
13.29 	 1.62124e-05 	 	 
13.305 	 1.59723e-05 	 	 
13.32 	 1.57356e-05 	 	 
13.335 	 1.55025e-05 	 	 
13.35 	 1.52728e-05 	 	 
13.365 	 1.50464e-05 	 	 
13.38 	 1.48234e-05 	 	 
13.395 	 1.46038e-05 	 	 
13.41 	 1.43873e-05 	 	 
13.425 	 1.4174e-05 	 	 
13.44 	 1.39639e-05 	 	 
13.455 	 1.37569e-05 	 	 
13.47 	 1.3553e-05 	 	 
13.485 	 1.3352e-05 	 	 
13.5 	 1.3154e-05 	 	 
13.515 	 1.2959e-05 	 	 
13.53 	 1.27668e-05 	 	 
13.545 	 1.25775e-05 	 	 
13.56 	 1.23909e-05 	 	 
13.575 	 1.22072e-05 	 	 
13.59 	 1.20261e-05 	 	 
13.605 	 1.18477e-05 	 	 
13.62 	 1.1672e-05 	 	 
13.635 	 1.14988e-05 	 	 
13.65 	 1.13282e-05 	 	 
13.665 	 1.11601e-05 	 	 
13.68 	 1.09946e-05 	 	 
13.695 	 1.08314e-05 	 	 
13.71 	 1.06707e-05 	 	 
13.725 	 1.05123e-05 	 	 
13.74 	 1.03563e-05 	 	 
13.755 	 1.02026e-05 	 	 
13.77 	 1.00512e-05 	 	 
13.785 	 9.90202e-06 	 	 
13.8 	 9.75505e-06 	 	 
13.815 	 9.61024e-06 	 	 
13.83 	 9.46758e-06 	 	 
13.845 	 9.32704e-06 	 	 
13.86 	 9.18857e-06 	 	 
13.875 	 9.05215e-06 	 	 
13.89 	 8.91776e-06 	 	 
13.905 	 8.78535e-06 	 	 
13.92 	 8.6549e-06 	 	 
13.935 	 8.52639e-06 	 	 
13.95 	 8.39978e-06 	 	 
13.965 	 8.27504e-06 	 	 
13.98 	 8.15215e-06 	 	 
13.995 	 8.03108e-06 	 	 
14.01 	 7.91181e-06 	 	 
14.025 	 7.7943e-06 	 	 
14.04 	 7.67854e-06 	 	 
14.055 	 7.56448e-06 	 	 
14.07 	 7.45212e-06 	 	 
14.085 	 7.34143e-06 	 	 
14.1 	 7.23237e-06 	 	 
14.115 	 7.12493e-06 	 	 
14.13 	 7.01909e-06 	 	 
14.145 	 6.91481e-06 	 	 
14.16 	 6.81208e-06 	 	 
14.175 	 6.71087e-06 	 	 
14.19 	 6.61116e-06 	 	 
14.205 	 6.51294e-06 	 	 
14.22 	 6.41616e-06 	 	 
14.235 	 6.32083e-06 	 	 
14.25 	 6.2269e-06 	 	 
14.265 	 6.13437e-06 	 	 
14.28 	 6.04321e-06 	 	 
14.295 	 5.95341e-06 	 	 
14.31 	 5.86493e-06 	 	 
14.325 	 5.77777e-06 	 	 
14.34 	 5.6919e-06 	 	 
14.355 	 5.60731e-06 	 	 
14.37 	 5.52397e-06 	 	 
14.385 	 5.44187e-06 	 	 
14.4 	 5.36098e-06 	 	 
14.415 	 5.2813e-06 	 	 
14.43 	 5.2028e-06 	 	 
14.445 	 5.12546e-06 	 	 
14.46 	 5.04927e-06 	 	 
14.475 	 4.97421e-06 	 	 
14.49 	 4.90027e-06 	 	 
14.505 	 4.82742e-06 	 	 
14.52 	 4.75566e-06 	 	 
14.535 	 4.68496e-06 	 	 
14.55 	 4.61531e-06 	 	 
14.565 	 4.54669e-06 	 	 
14.58 	 4.47909e-06 	 	 
14.595 	 4.4125e-06 	 	 
14.61 	 4.34689e-06 	 	 
14.625 	 4.28226e-06 	 	 
14.64 	 4.21859e-06 	 	 
14.655 	 4.15587e-06 	 	 
14.67 	 4.09407e-06 	 	 
14.685 	 4.03319e-06 	 	 
14.7 	 3.97322e-06 	 	 
14.715 	 3.91414e-06 	 	 
14.73 	 3.85594e-06 	 	 
14.745 	 3.7986e-06 	 	 
14.76 	 3.74211e-06 	 	 
14.775 	 3.68646e-06 	 	 
14.79 	 3.63164e-06 	 	 
14.805 	 3.57763e-06 	 	 
14.82 	 3.52442e-06 	 	 
14.835 	 3.47201e-06 	 	 
14.85 	 3.42037e-06 	 	 
14.865 	 3.3695e-06 	 	 
14.88 	 3.31939e-06 	 	 
14.895 	 3.27002e-06 	 	 
14.91 	 3.22138e-06 	 	 
14.925 	 3.17347e-06 	 	 
14.94 	 3.12627e-06 	 	 
14.955 	 3.07977e-06 	 	 
14.97 	 3.03396e-06 	 	 
14.985 	 2.98883e-06 	 	 
15 	 2.94437e-06 	 	 
15.015 	 2.90058e-06 	 	 
15.03 	 2.85743e-06 	 	 
15.045 	 2.81493e-06 	 	 
15.06 	 2.77305e-06 	 	 
15.075 	 2.7318e-06 	 	 
15.09 	 2.69117e-06 	 	 
15.105 	 2.65113e-06 	 	 
15.12 	 2.61169e-06 	 	 
15.135 	 2.57284e-06 	 	 
15.15 	 2.53457e-06 	 	 
15.165 	 2.49686e-06 	 	 
15.18 	 2.45972e-06 	 	 
15.195 	 2.42312e-06 	 	 
15.21 	 2.38707e-06 	 	 
15.225 	 2.35156e-06 	 	 
15.24 	 2.31658e-06 	 	 
15.255 	 2.28211e-06 	 	 
15.27 	 2.24816e-06 	 	 
15.285 	 2.21471e-06 	 	 
15.3 	 2.18176e-06 	 	 
15.315 	 2.1493e-06 	 	 
15.33 	 2.11732e-06 	 	 
15.345 	 2.08582e-06 	 	 
15.36 	 2.05479e-06 	 	 
15.375 	 2.02421e-06 	 	 
15.39 	 1.9941e-06 	 	 
15.405 	 1.96442e-06 	 	 
15.42 	 1.9352e-06 	 	 
15.435 	 1.9064e-06 	 	 
15.45 	 1.87804e-06 	 	 
15.465 	 1.85009e-06 	 	 
15.48 	 1.82256e-06 	 	 
15.495 	 1.79544e-06 	 	 
15.51 	 1.76873e-06 	 	 
15.525 	 1.74241e-06 	 	 
15.54 	 1.71648e-06 	 	 
15.555 	 1.69094e-06 	 	 
15.57 	 1.66578e-06 	 	 
15.585 	 1.64099e-06 	 	 
15.6 	 1.61657e-06 	 	 
15.615 	 1.59252e-06 	 	 
15.63 	 1.56882e-06 	 	 
15.645 	 1.54547e-06 	 	 
15.66 	 1.52247e-06 	 	 
15.675 	 1.49982e-06 	 	 
15.69 	 1.4775e-06 	 	 
15.705 	 1.45551e-06 	 	 
15.72 	 1.43385e-06 	 	 
15.735 	 1.41251e-06 	 	 
15.75 	 1.39149e-06 	 	 
15.765 	 1.37078e-06 	 	 
15.78 	 1.35038e-06 	 	 
15.795 	 1.33029e-06 	 	 
15.81 	 1.31049e-06 	 	 
15.825 	 1.29099e-06 	 	 
15.84 	 1.27178e-06 	 	 
15.855 	 1.25285e-06 	 	 
15.87 	 1.2342e-06 	 	 
15.885 	 1.21584e-06 	 	 
15.9 	 1.19774e-06 	 	 
15.915 	 1.17992e-06 	 	 
15.93 	 1.16235e-06 	 	 
15.945 	 1.14506e-06 	 	 
15.96 	 1.12801e-06 	 	 
15.975 	 1.11123e-06 	 	 
15.99 	 1.09469e-06 	 	 
16.005 	 1.0784e-06 	 	 
16.02 	 1.06235e-06 	 	 
16.035 	 1.04653e-06 	 	 
16.05 	 1.03096e-06 	 	 
16.065 	 1.01561e-06 	 	 
16.08 	 1.0005e-06 	 	 
16.095 	 9.85607e-07 	 	 
16.11 	 9.70938e-07 	 	 
16.125 	 9.56487e-07 	 	 
16.14 	 9.42251e-07 	 	 
16.155 	 9.28226e-07 	 	 
16.17 	 9.14411e-07 	 	 
16.185 	 9.00801e-07 	 	 
16.2 	 8.87393e-07 	 	 
16.215 	 8.74185e-07 	 	 
16.23 	 8.61174e-07 	 	 
16.245 	 8.48356e-07 	 	 
16.26 	 8.35729e-07 	 	 
16.275 	 8.2329e-07 	 	 
16.29 	 8.11036e-07 	 	 
16.305 	 7.98964e-07 	 	 
16.32 	 7.87072e-07 	 	 
16.335 	 7.75357e-07 	 	 
16.35 	 7.63816e-07 	 	 
16.365 	 7.52447e-07 	 	 
16.38 	 7.41247e-07 	 	 
16.395 	 7.30213e-07 	 	 
16.41 	 7.19344e-07 	 	 
16.425 	 7.08637e-07 	 	 
16.44 	 6.98089e-07 	 	 
16.455 	 6.87698e-07 	 	 
16.47 	 6.77462e-07 	 	 
16.485 	 6.67378e-07 	 	 
16.5 	 6.57444e-07 	 	 
16.515 	 6.47658e-07 	 	 
16.53 	 6.38017e-07 	 	 
16.545 	 6.2852e-07 	 	 
16.56 	 6.19165e-07 	 	 
16.575 	 6.09948e-07 	 	 
16.59 	 6.00869e-07 	 	 
16.605 	 5.91925e-07 	 	 
16.62 	 5.83114e-07 	 	 
16.635 	 5.74434e-07 	 	 
16.65 	 5.65883e-07 	 	 
16.665 	 5.5746e-07 	 	 
16.68 	 5.49162e-07 	 	 
16.695 	 5.40987e-07 	 	 
16.71 	 5.32934e-07 	 	 
16.725 	 5.25001e-07 	 	 
16.74 	 5.17186e-07 	 	 
16.755 	 5.09487e-07 	 	 
16.77 	 5.01903e-07 	 	 
16.785 	 4.94432e-07 	 	 
16.8 	 4.87072e-07 	 	 
16.815 	 4.79822e-07 	 	 
16.83 	 4.72679e-07 	 	 
16.845 	 4.65643e-07 	 	 
16.86 	 4.58711e-07 	 	 
16.875 	 4.51883e-07 	 	 
16.89 	 4.45156e-07 	 	 
16.905 	 4.3853e-07 	 	 
16.92 	 4.32002e-07 	 	 
16.935 	 4.25571e-07 	 	 
16.95 	 4.19236e-07 	 	 
16.965 	 4.12995e-07 	 	 
16.98 	 4.06847e-07 	 	 
16.995 	 4.00791e-07 	 	 
17.01 	 3.94824e-07 	 	 
17.025 	 3.88947e-07 	 	 
17.04 	 3.83157e-07 	 	 
17.055 	 3.77453e-07 	 	 
17.07 	 3.71834e-07 	 	 
17.085 	 3.66299e-07 	 	 
17.1 	 3.60846e-07 	 	 
17.115 	 3.55474e-07 	 	 
17.13 	 3.50183e-07 	 	 
17.145 	 3.4497e-07 	 	 
17.16 	 3.39834e-07 	 	 
17.175 	 3.34775e-07 	 	 
17.19 	 3.29792e-07 	 	 
17.205 	 3.24882e-07 	 	 
17.22 	 3.20046e-07 	 	 
17.235 	 3.15281e-07 	 	 
17.25 	 3.10588e-07 	 	 
17.265 	 3.05964e-07 	 	 
17.28 	 3.01409e-07 	 	 
17.295 	 2.96922e-07 	 	 
17.31 	 2.92502e-07 	 	 
17.325 	 2.88148e-07 	 	 
17.34 	 2.83858e-07 	 	 
17.355 	 2.79633e-07 	 	 
17.37 	 2.7547e-07 	 	 
17.385 	 2.71369e-07 	 	 
17.4 	 2.67329e-07 	 	 
17.415 	 2.63349e-07 	 	 
17.43 	 2.59429e-07 	 	 
17.445 	 2.55567e-07 	 	 
17.46 	 2.51762e-07 	 	 
17.475 	 2.48014e-07 	 	 
17.49 	 2.44322e-07 	 	 
17.505 	 2.40685e-07 	 	 
17.52 	 2.37102e-07 	 	 
17.535 	 2.33572e-07 	 	 
17.55 	 2.30095e-07 	 	 
17.565 	 2.26669e-07 	 	 
17.58 	 2.23295e-07 	 	 
17.595 	 2.19971e-07 	 	 
17.61 	 2.16696e-07 	 	 
17.625 	 2.1347e-07 	 	 
17.64 	 2.10292e-07 	 	 
17.655 	 2.07162e-07 	 	 
17.67 	 2.04077e-07 	 	 
17.685 	 2.01039e-07 	 	 
17.7 	 1.98046e-07 	 	 
17.715 	 1.95098e-07 	 	 
17.73 	 1.92194e-07 	 	 
17.745 	 1.89332e-07 	 	 
17.76 	 1.86514e-07 	 	 
17.775 	 1.83737e-07 	 	 
17.79 	 1.81002e-07 	 	 
17.805 	 1.78307e-07 	 	 
17.82 	 1.75653e-07 	 	 
17.835 	 1.73038e-07 	 	 
17.85 	 1.70462e-07 	 	 
17.865 	 1.67924e-07 	 	 
17.88 	 1.65424e-07 	 	 
17.895 	 1.62961e-07 	 	 
17.91 	 1.60535e-07 	 	 
17.925 	 1.58145e-07 	 	 
17.94 	 1.55791e-07 	 	 
17.955 	 1.53472e-07 	 	 
17.97 	 1.51187e-07 	 	 
17.985 	 1.48936e-07 	 	 
18 	 1.46719e-07 	 	 
18.015 	 1.44534e-07 	 	 
18.03 	 1.42383e-07 	 	 
18.045 	 1.40263e-07 	 	 
18.06 	 1.38175e-07 	 	 
18.075 	 1.36118e-07 	 	 
18.09 	 1.34091e-07 	 	 
18.105 	 1.32095e-07 	 	 
18.12 	 1.30129e-07 	 	 
18.135 	 1.28191e-07 	 	 
18.15 	 1.26283e-07 	 	 
18.165 	 1.24403e-07 	 	 
18.18 	 1.22551e-07 	 	 
18.195 	 1.20726e-07 	 	 
18.21 	 1.18929e-07 	 	 
18.225 	 1.17158e-07 	 	 
18.24 	 1.15414e-07 	 	 
18.255 	 1.13696e-07 	 	 
18.27 	 1.12003e-07 	 	 
18.285 	 1.10336e-07 	 	 
18.3 	 1.08693e-07 	 	 
18.315 	 1.07075e-07 	 	 
18.33 	 1.05481e-07 	 	 
18.345 	 1.03911e-07 	 	 
18.36 	 1.02364e-07 	 	 
18.375 	 1.0084e-07 	 	 
18.39 	 9.93384e-08 	 	 
18.405 	 9.78595e-08 	 	 
18.42 	 9.64026e-08 	 	 
18.435 	 9.49674e-08 	 	 
18.45 	 9.35535e-08 	 	 
18.465 	 9.21608e-08 	 	 
18.48 	 9.07887e-08 	 	 
18.495 	 8.94371e-08 	 	 
18.51 	 8.81056e-08 	 	 
18.525 	 8.67939e-08 	 	 
18.54 	 8.55017e-08 	 	 
18.555 	 8.42288e-08 	 	 
18.57 	 8.29748e-08 	 	 
18.585 	 8.17395e-08 	 	 
18.6 	 8.05226e-08 	 	 
18.615 	 7.93238e-08 	 	 
18.63 	 7.81429e-08 	 	 
18.645 	 7.69795e-08 	 	 
18.66 	 7.58334e-08 	 	 
18.675 	 7.47045e-08 	 	 
18.69 	 7.35923e-08 	 	 
18.705 	 7.24967e-08 	 	 
18.72 	 7.14173e-08 	 	 
18.735 	 7.03541e-08 	 	 
18.75 	 6.93067e-08 	 	 
18.765 	 6.82749e-08 	 	 
18.78 	 6.72584e-08 	 	 
18.795 	 6.62571e-08 	 	 
18.81 	 6.52707e-08 	 	 
18.825 	 6.42989e-08 	 	 
18.84 	 6.33417e-08 	 	 
18.855 	 6.23986e-08 	 	 
18.87 	 6.14697e-08 	 	 
18.885 	 6.05545e-08 	 	 
18.9 	 5.9653e-08 	 	 
18.915 	 5.87649e-08 	 	 
18.93 	 5.789e-08 	 	 
18.945 	 5.70282e-08 	 	 
18.96 	 5.61791e-08 	 	 
18.975 	 5.53428e-08 	 	 
18.99 	 5.45188e-08 	 	 
19.005 	 5.37072e-08 	 	 
19.02 	 5.29076e-08 	 	 
19.035 	 5.21199e-08 	 	 
19.05 	 5.13439e-08 	 	 
19.065 	 5.05795e-08 	 	 
19.08 	 4.98265e-08 	 	 
19.095 	 4.90847e-08 	 	 
19.11 	 4.83539e-08 	 	 
19.125 	 4.76341e-08 	 	 
19.14 	 4.69249e-08 	 	 
19.155 	 4.62263e-08 	 	 
19.17 	 4.55381e-08 	 	 
19.185 	 4.48601e-08 	 	 
19.2 	 4.41922e-08 	 	 
19.215 	 4.35343e-08 	 	 
19.23 	 4.28862e-08 	 	 
19.245 	 4.22477e-08 	 	 
19.26 	 4.16187e-08 	 	 
19.275 	 4.09991e-08 	 	 
19.29 	 4.03887e-08 	 	 
19.305 	 3.97874e-08 	 	 
19.32 	 3.91951e-08 	 	 
19.335 	 3.86115e-08 	 	 
19.35 	 3.80367e-08 	 	 
19.365 	 3.74704e-08 	 	 
19.38 	 3.69125e-08 	 	 
19.395 	 3.6363e-08 	 	 
19.41 	 3.58216e-08 	 	 
19.425 	 3.52883e-08 	 	 
19.44 	 3.47629e-08 	 	 
19.455 	 3.42454e-08 	 	 
19.47 	 3.37356e-08 	 	 
19.485 	 3.32333e-08 	 	 
19.5 	 3.27385e-08 	 	 
19.515 	 3.22511e-08 	 	 
19.53 	 3.1771e-08 	 	 
19.545 	 3.1298e-08 	 	 
19.56 	 3.0832e-08 	 	 
19.575 	 3.0373e-08 	 	 
19.59 	 2.99208e-08 	 	 
19.605 	 2.94753e-08 	 	 
19.62 	 2.90365e-08 	 	 
19.635 	 2.86042e-08 	 	 
19.65 	 2.81784e-08 	 	 
19.665 	 2.77588e-08 	 	 
19.68 	 2.73456e-08 	 	 
19.695 	 2.69384e-08 	 	 
19.71 	 2.65374e-08 	 	 
19.725 	 2.61423e-08 	 	 
19.74 	 2.57531e-08 	 	 
19.755 	 2.53697e-08 	 	 
19.77 	 2.4992e-08 	 	 
19.785 	 2.46199e-08 	 	 
19.8 	 2.42534e-08 	 	 
19.815 	 2.38923e-08 	 	 
19.83 	 2.35366e-08 	 	 
19.845 	 2.31862e-08 	 	 
19.86 	 2.2841e-08 	 	 
19.875 	 2.25009e-08 	 	 
19.89 	 2.21659e-08 	 	 
19.905 	 2.18359e-08 	 	 
19.92 	 2.15108e-08 	 	 
19.935 	 2.11906e-08 	 	 
19.95 	 2.08751e-08 	 	 
19.965 	 2.05643e-08 	 	 
19.98 	 2.02581e-08 	 	 
