0 	 0.00265675 	 	 
0.015 	 0.00265692 	 	 
0.03 	 0.00265719 	 	 
0.045 	 0.00265758 	 	 
0.06 	 0.00265808 	 	 
0.075 	 0.00265869 	 	 
0.09 	 0.00265941 	 	 
0.105 	 0.00266024 	 	 
0.12 	 0.00266119 	 	 
0.135 	 0.00266224 	 	 
0.15 	 0.0026634 	 	 
0.165 	 0.00266468 	 	 
0.18 	 0.00266606 	 	 
0.195 	 0.00266756 	 	 
0.21 	 0.00266917 	 	 
0.225 	 0.00267088 	 	 
0.24 	 0.00267271 	 	 
0.255 	 0.00267464 	 	 
0.27 	 0.00267669 	 	 
0.285 	 0.00267884 	 	 
0.3 	 0.00268111 	 	 
0.315 	 0.00268348 	 	 
0.33 	 0.00268596 	 	 
0.345 	 0.00268855 	 	 
0.36 	 0.00269124 	 	 
0.375 	 0.00269405 	 	 
0.39 	 0.00269696 	 	 
0.405 	 0.00269998 	 	 
0.42 	 0.0027031 	 	 
0.435 	 0.00270633 	 	 
0.45 	 0.00270967 	 	 
0.465 	 0.00271311 	 	 
0.48 	 0.00271666 	 	 
0.495 	 0.00272032 	 	 
0.51 	 0.00272407 	 	 
0.525 	 0.00272794 	 	 
0.54 	 0.0027319 	 	 
0.555 	 0.00273597 	 	 
0.57 	 0.00274014 	 	 
0.585 	 0.00274442 	 	 
0.6 	 0.00274879 	 	 
0.615 	 0.00275327 	 	 
0.63 	 0.00275785 	 	 
0.645 	 0.00276253 	 	 
0.66 	 0.00276731 	 	 
0.675 	 0.00277219 	 	 
0.69 	 0.00277717 	 	 
0.705 	 0.00278225 	 	 
0.72 	 0.00278742 	 	 
0.735 	 0.00279269 	 	 
0.75 	 0.00279806 	 	 
0.765 	 0.00280353 	 	 
0.78 	 0.00280909 	 	 
0.795 	 0.00281475 	 	 
0.81 	 0.0028205 	 	 
0.825 	 0.00282634 	 	 
0.84 	 0.00283228 	 	 
0.855 	 0.00283832 	 	 
0.87 	 0.00284444 	 	 
0.885 	 0.00285065 	 	 
0.9 	 0.00285696 	 	 
0.915 	 0.00286336 	 	 
0.93 	 0.00286984 	 	 
0.945 	 0.00287642 	 	 
0.96 	 0.00288308 	 	 
0.975 	 0.00288983 	 	 
0.99 	 0.00289666 	 	 
1.005 	 0.00290358 	 	 
1.02 	 0.00291059 	 	 
1.035 	 0.00291768 	 	 
1.05 	 0.00292486 	 	 
1.065 	 0.00293212 	 	 
1.08 	 0.00293946 	 	 
1.095 	 0.00294688 	 	 
1.11 	 0.00295438 	 	 
1.125 	 0.00296196 	 	 
1.14 	 0.00296962 	 	 
1.155 	 0.00297736 	 	 
1.17 	 0.00298517 	 	 
1.185 	 0.00299306 	 	 
1.2 	 0.00300103 	 	 
1.215 	 0.00300907 	 	 
1.23 	 0.00301718 	 	 
1.245 	 0.00302537 	 	 
1.26 	 0.00303363 	 	 
1.275 	 0.00304196 	 	 
1.29 	 0.00305036 	 	 
1.305 	 0.00305883 	 	 
1.32 	 0.00306737 	 	 
1.335 	 0.00307598 	 	 
1.35 	 0.00308465 	 	 
1.365 	 0.00309338 	 	 
1.38 	 0.00310219 	 	 
1.395 	 0.00311105 	 	 
1.41 	 0.00311998 	 	 
1.425 	 0.00312897 	 	 
1.44 	 0.00313802 	 	 
1.455 	 0.00314712 	 	 
1.47 	 0.00315629 	 	 
1.485 	 0.00316552 	 	 
1.5 	 0.0031748 	 	 
1.515 	 0.00318413 	 	 
1.53 	 0.00319352 	 	 
1.545 	 0.00320297 	 	 
1.56 	 0.00321246 	 	 
1.575 	 0.00322201 	 	 
1.59 	 0.00323161 	 	 
1.605 	 0.00324125 	 	 
1.62 	 0.00325094 	 	 
1.635 	 0.00326068 	 	 
1.65 	 0.00327047 	 	 
1.665 	 0.0032803 	 	 
1.68 	 0.00329017 	 	 
1.695 	 0.00330009 	 	 
1.71 	 0.00331005 	 	 
1.725 	 0.00332004 	 	 
1.74 	 0.00333008 	 	 
1.755 	 0.00334015 	 	 
1.77 	 0.00335026 	 	 
1.785 	 0.0033604 	 	 
1.8 	 0.00337058 	 	 
1.815 	 0.00338079 	 	 
1.83 	 0.00339104 	 	 
1.845 	 0.00340131 	 	 
1.86 	 0.00341162 	 	 
1.875 	 0.00342195 	 	 
1.89 	 0.00343231 	 	 
1.905 	 0.00344269 	 	 
1.92 	 0.0034531 	 	 
1.935 	 0.00346353 	 	 
1.95 	 0.00347398 	 	 
1.965 	 0.00348446 	 	 
1.98 	 0.00349495 	 	 
1.995 	 0.00350546 	 	 
2.01 	 0.00351599 	 	 
2.025 	 0.00352654 	 	 
2.04 	 0.0035371 	 	 
2.055 	 0.00354767 	 	 
2.07 	 0.00355825 	 	 
2.085 	 0.00356885 	 	 
2.1 	 0.00357945 	 	 
2.115 	 0.00359006 	 	 
2.13 	 0.00360068 	 	 
2.145 	 0.0036113 	 	 
2.16 	 0.00362193 	 	 
2.175 	 0.00363256 	 	 
2.19 	 0.0036432 	 	 
2.205 	 0.00365383 	 	 
2.22 	 0.00366446 	 	 
2.235 	 0.00367509 	 	 
2.25 	 0.00368571 	 	 
2.265 	 0.00369633 	 	 
2.28 	 0.00370695 	 	 
2.295 	 0.00371755 	 	 
2.31 	 0.00372815 	 	 
2.325 	 0.00373874 	 	 
2.34 	 0.00374931 	 	 
2.355 	 0.00375987 	 	 
2.37 	 0.00377042 	 	 
2.385 	 0.00378095 	 	 
2.4 	 0.00379147 	 	 
2.415 	 0.00380196 	 	 
2.43 	 0.00381244 	 	 
2.445 	 0.00382289 	 	 
2.46 	 0.00383332 	 	 
2.475 	 0.00384373 	 	 
2.49 	 0.00385411 	 	 
2.505 	 0.00386447 	 	 
2.52 	 0.0038748 	 	 
2.535 	 0.0038851 	 	 
2.55 	 0.00389537 	 	 
2.565 	 0.0039056 	 	 
2.58 	 0.0039158 	 	 
2.595 	 0.00392597 	 	 
2.61 	 0.0039361 	 	 
2.625 	 0.0039462 	 	 
2.64 	 0.00395625 	 	 
2.655 	 0.00396627 	 	 
2.67 	 0.00397624 	 	 
2.685 	 0.00398617 	 	 
2.7 	 0.00399606 	 	 
2.715 	 0.0040059 	 	 
2.73 	 0.0040157 	 	 
2.745 	 0.00402544 	 	 
2.76 	 0.00403514 	 	 
2.775 	 0.00404478 	 	 
2.79 	 0.00405438 	 	 
2.805 	 0.00406391 	 	 
2.82 	 0.0040734 	 	 
2.835 	 0.00408283 	 	 
2.85 	 0.0040922 	 	 
2.865 	 0.00410151 	 	 
2.88 	 0.00411076 	 	 
2.895 	 0.00411994 	 	 
2.91 	 0.00412907 	 	 
2.925 	 0.00413813 	 	 
2.94 	 0.00414713 	 	 
2.955 	 0.00415605 	 	 
2.97 	 0.00416491 	 	 
2.985 	 0.0041737 	 	 
3 	 0.00418242 	 	 
3.015 	 0.00419107 	 	 
3.03 	 0.00419964 	 	 
3.045 	 0.00420814 	 	 
3.06 	 0.00421657 	 	 
3.075 	 0.00422491 	 	 
3.09 	 0.00423318 	 	 
3.105 	 0.00424136 	 	 
3.12 	 0.00424947 	 	 
3.135 	 0.00425749 	 	 
3.15 	 0.00426543 	 	 
3.165 	 0.00427328 	 	 
3.18 	 0.00428105 	 	 
3.195 	 0.00428873 	 	 
3.21 	 0.00429632 	 	 
3.225 	 0.00430383 	 	 
3.24 	 0.00431124 	 	 
3.255 	 0.00431856 	 	 
3.27 	 0.00432578 	 	 
3.285 	 0.00433291 	 	 
3.3 	 0.00433994 	 	 
3.315 	 0.00434688 	 	 
3.33 	 0.00435372 	 	 
3.345 	 0.00436046 	 	 
3.36 	 0.0043671 	 	 
3.375 	 0.00437363 	 	 
3.39 	 0.00438007 	 	 
3.405 	 0.0043864 	 	 
3.42 	 0.00439262 	 	 
3.435 	 0.00439874 	 	 
3.45 	 0.00440475 	 	 
3.465 	 0.00441065 	 	 
3.48 	 0.00441645 	 	 
3.495 	 0.00442213 	 	 
3.51 	 0.0044277 	 	 
3.525 	 0.00443316 	 	 
3.54 	 0.0044385 	 	 
3.555 	 0.00444373 	 	 
3.57 	 0.00444885 	 	 
3.585 	 0.00445384 	 	 
3.6 	 0.00445872 	 	 
3.615 	 0.00446348 	 	 
3.63 	 0.00446812 	 	 
3.645 	 0.00447264 	 	 
3.66 	 0.00447704 	 	 
3.675 	 0.00448131 	 	 
3.69 	 0.00448546 	 	 
3.705 	 0.00448949 	 	 
3.72 	 0.00449339 	 	 
3.735 	 0.00449716 	 	 
3.75 	 0.00450081 	 	 
3.765 	 0.00450433 	 	 
3.78 	 0.00450772 	 	 
3.795 	 0.00451098 	 	 
3.81 	 0.00451411 	 	 
3.825 	 0.0045171 	 	 
3.84 	 0.00451997 	 	 
3.855 	 0.0045227 	 	 
3.87 	 0.0045253 	 	 
3.885 	 0.00452776 	 	 
3.9 	 0.00453009 	 	 
3.915 	 0.00453228 	 	 
3.93 	 0.00453433 	 	 
3.945 	 0.00453625 	 	 
3.96 	 0.00453803 	 	 
3.975 	 0.00453967 	 	 
3.99 	 0.00454116 	 	 
4.005 	 0.00454252 	 	 
4.02 	 0.00454374 	 	 
4.035 	 0.00454482 	 	 
4.05 	 0.00454575 	 	 
4.065 	 0.00454654 	 	 
4.08 	 0.00454719 	 	 
4.095 	 0.00454769 	 	 
4.11 	 0.00454805 	 	 
4.125 	 0.00454826 	 	 
4.14 	 0.00454833 	 	 
4.155 	 0.00454825 	 	 
4.17 	 0.00454802 	 	 
4.185 	 0.00454765 	 	 
4.2 	 0.00454713 	 	 
4.215 	 0.00454646 	 	 
4.23 	 0.00454565 	 	 
4.245 	 0.00454468 	 	 
4.26 	 0.00454356 	 	 
4.275 	 0.0045423 	 	 
4.29 	 0.00454089 	 	 
4.305 	 0.00453932 	 	 
4.32 	 0.00453761 	 	 
4.335 	 0.00453574 	 	 
4.35 	 0.00453372 	 	 
4.365 	 0.00453155 	 	 
4.38 	 0.00452923 	 	 
4.395 	 0.00452676 	 	 
4.41 	 0.00452414 	 	 
4.425 	 0.00452136 	 	 
4.44 	 0.00451843 	 	 
4.455 	 0.00451535 	 	 
4.47 	 0.00451212 	 	 
4.485 	 0.00450873 	 	 
4.5 	 0.00450519 	 	 
4.515 	 0.0045015 	 	 
4.53 	 0.00449765 	 	 
4.545 	 0.00449365 	 	 
4.56 	 0.0044895 	 	 
4.575 	 0.00448519 	 	 
4.59 	 0.00448073 	 	 
4.605 	 0.00447612 	 	 
4.62 	 0.00447136 	 	 
4.635 	 0.00446644 	 	 
4.65 	 0.00446137 	 	 
4.665 	 0.00445614 	 	 
4.68 	 0.00445077 	 	 
4.695 	 0.00444524 	 	 
4.71 	 0.00443956 	 	 
4.725 	 0.00443372 	 	 
4.74 	 0.00442774 	 	 
4.755 	 0.0044216 	 	 
4.77 	 0.00441531 	 	 
4.785 	 0.00440887 	 	 
4.8 	 0.00440228 	 	 
4.815 	 0.00439554 	 	 
4.83 	 0.00438864 	 	 
4.845 	 0.0043816 	 	 
4.86 	 0.00437441 	 	 
4.875 	 0.00436707 	 	 
4.89 	 0.00435958 	 	 
4.905 	 0.00435194 	 	 
4.92 	 0.00434416 	 	 
4.935 	 0.00433622 	 	 
4.95 	 0.00432814 	 	 
4.965 	 0.00431991 	 	 
4.98 	 0.00431154 	 	 
4.995 	 0.00430302 	 	 
5.01 	 0.00429436 	 	 
5.025 	 0.00428555 	 	 
5.04 	 0.0042766 	 	 
5.055 	 0.0042675 	 	 
5.07 	 0.00425826 	 	 
5.085 	 0.00424888 	 	 
5.1 	 0.00423936 	 	 
5.115 	 0.0042297 	 	 
5.13 	 0.0042199 	 	 
5.145 	 0.00420996 	 	 
5.16 	 0.00419988 	 	 
5.175 	 0.00418966 	 	 
5.19 	 0.00417931 	 	 
5.205 	 0.00416882 	 	 
5.22 	 0.0041582 	 	 
5.235 	 0.00414744 	 	 
5.25 	 0.00413654 	 	 
5.265 	 0.00412552 	 	 
5.28 	 0.00411436 	 	 
5.295 	 0.00410307 	 	 
5.31 	 0.00409165 	 	 
5.325 	 0.0040801 	 	 
5.34 	 0.00406843 	 	 
5.355 	 0.00405662 	 	 
5.37 	 0.00404469 	 	 
5.385 	 0.00403264 	 	 
5.4 	 0.00402046 	 	 
5.415 	 0.00400816 	 	 
5.43 	 0.00399573 	 	 
5.445 	 0.00398318 	 	 
5.46 	 0.00397052 	 	 
5.475 	 0.00395773 	 	 
5.49 	 0.00394483 	 	 
5.505 	 0.00393181 	 	 
5.52 	 0.00391868 	 	 
5.535 	 0.00390543 	 	 
5.55 	 0.00389207 	 	 
5.565 	 0.00387859 	 	 
5.58 	 0.00386501 	 	 
5.595 	 0.00385131 	 	 
5.61 	 0.00383751 	 	 
5.625 	 0.0038236 	 	 
5.64 	 0.00380958 	 	 
5.655 	 0.00379546 	 	 
5.67 	 0.00378123 	 	 
5.685 	 0.0037669 	 	 
5.7 	 0.00375248 	 	 
5.715 	 0.00373795 	 	 
5.73 	 0.00372332 	 	 
5.745 	 0.0037086 	 	 
5.76 	 0.00369378 	 	 
5.775 	 0.00367887 	 	 
5.79 	 0.00366386 	 	 
5.805 	 0.00364877 	 	 
5.82 	 0.00363358 	 	 
5.835 	 0.00361831 	 	 
5.85 	 0.00360294 	 	 
5.865 	 0.00358749 	 	 
5.88 	 0.00357196 	 	 
5.895 	 0.00355635 	 	 
5.91 	 0.00354065 	 	 
5.925 	 0.00352487 	 	 
5.94 	 0.00350902 	 	 
5.955 	 0.00349308 	 	 
5.97 	 0.00347708 	 	 
5.985 	 0.00346099 	 	 
6 	 0.00344484 	 	 
6.015 	 0.00342861 	 	 
6.03 	 0.00341232 	 	 
6.045 	 0.00339595 	 	 
6.06 	 0.00337952 	 	 
6.075 	 0.00336303 	 	 
6.09 	 0.00334647 	 	 
6.105 	 0.00332985 	 	 
6.12 	 0.00331317 	 	 
6.135 	 0.00329643 	 	 
6.15 	 0.00327963 	 	 
6.165 	 0.00326278 	 	 
6.18 	 0.00324587 	 	 
6.195 	 0.00322891 	 	 
6.21 	 0.0032119 	 	 
6.225 	 0.00319484 	 	 
6.24 	 0.00317773 	 	 
6.255 	 0.00316058 	 	 
6.27 	 0.00314338 	 	 
6.285 	 0.00312613 	 	 
6.3 	 0.00310885 	 	 
6.315 	 0.00309152 	 	 
6.33 	 0.00307416 	 	 
6.345 	 0.00305676 	 	 
6.36 	 0.00303933 	 	 
6.375 	 0.00302186 	 	 
6.39 	 0.00300436 	 	 
6.405 	 0.00298683 	 	 
6.42 	 0.00296927 	 	 
6.435 	 0.00295168 	 	 
6.45 	 0.00293407 	 	 
6.465 	 0.00291643 	 	 
6.48 	 0.00289877 	 	 
6.495 	 0.00288109 	 	 
6.51 	 0.00286339 	 	 
6.525 	 0.00284567 	 	 
6.54 	 0.00282793 	 	 
6.555 	 0.00281018 	 	 
6.57 	 0.00279242 	 	 
6.585 	 0.00277465 	 	 
6.6 	 0.00275686 	 	 
6.615 	 0.00273907 	 	 
6.63 	 0.00272127 	 	 
6.645 	 0.00270346 	 	 
6.66 	 0.00268565 	 	 
6.675 	 0.00266784 	 	 
6.69 	 0.00265003 	 	 
6.705 	 0.00263221 	 	 
6.72 	 0.0026144 	 	 
6.735 	 0.0025966 	 	 
6.75 	 0.0025788 	 	 
6.765 	 0.002561 	 	 
6.78 	 0.00254322 	 	 
6.795 	 0.00252544 	 	 
6.81 	 0.00250767 	 	 
6.825 	 0.00248992 	 	 
6.84 	 0.00247218 	 	 
6.855 	 0.00245446 	 	 
6.87 	 0.00243675 	 	 
6.885 	 0.00241906 	 	 
6.9 	 0.00240139 	 	 
6.915 	 0.00238375 	 	 
6.93 	 0.00236612 	 	 
6.945 	 0.00234852 	 	 
6.96 	 0.00233095 	 	 
6.975 	 0.0023134 	 	 
6.99 	 0.00229588 	 	 
7.005 	 0.00227839 	 	 
7.02 	 0.00226093 	 	 
7.035 	 0.0022435 	 	 
7.05 	 0.0022261 	 	 
7.065 	 0.00220874 	 	 
7.08 	 0.00219142 	 	 
7.095 	 0.00217414 	 	 
7.11 	 0.00215689 	 	 
7.125 	 0.00213968 	 	 
7.14 	 0.00212251 	 	 
7.155 	 0.00210539 	 	 
7.17 	 0.00208831 	 	 
7.185 	 0.00207127 	 	 
7.2 	 0.00205429 	 	 
7.215 	 0.00203734 	 	 
7.23 	 0.00202045 	 	 
7.245 	 0.0020036 	 	 
7.26 	 0.00198681 	 	 
7.275 	 0.00197007 	 	 
7.29 	 0.00195338 	 	 
7.305 	 0.00193675 	 	 
7.32 	 0.00192017 	 	 
7.335 	 0.00190364 	 	 
7.35 	 0.00188718 	 	 
7.365 	 0.00187077 	 	 
7.38 	 0.00185442 	 	 
7.395 	 0.00183814 	 	 
7.41 	 0.00182191 	 	 
7.425 	 0.00180575 	 	 
7.44 	 0.00178965 	 	 
7.455 	 0.00177361 	 	 
7.47 	 0.00175764 	 	 
7.485 	 0.00174174 	 	 
7.5 	 0.0017259 	 	 
7.515 	 0.00171014 	 	 
7.53 	 0.00169444 	 	 
7.545 	 0.00167881 	 	 
7.56 	 0.00166325 	 	 
7.575 	 0.00164776 	 	 
7.59 	 0.00163235 	 	 
7.605 	 0.00161701 	 	 
7.62 	 0.00160174 	 	 
7.635 	 0.00158655 	 	 
7.65 	 0.00157144 	 	 
7.665 	 0.0015564 	 	 
7.68 	 0.00154143 	 	 
7.695 	 0.00152655 	 	 
7.71 	 0.00151174 	 	 
7.725 	 0.00149702 	 	 
7.74 	 0.00148237 	 	 
7.755 	 0.0014678 	 	 
7.77 	 0.00145332 	 	 
7.785 	 0.00143892 	 	 
7.8 	 0.0014246 	 	 
7.815 	 0.00141036 	 	 
7.83 	 0.00139621 	 	 
7.845 	 0.00138214 	 	 
7.86 	 0.00136815 	 	 
7.875 	 0.00135425 	 	 
7.89 	 0.00134044 	 	 
7.905 	 0.00132671 	 	 
7.92 	 0.00131307 	 	 
7.935 	 0.00129952 	 	 
7.95 	 0.00128605 	 	 
7.965 	 0.00127268 	 	 
7.98 	 0.00125939 	 	 
7.995 	 0.00124619 	 	 
8.01 	 0.00123308 	 	 
8.025 	 0.00122005 	 	 
8.04 	 0.00120712 	 	 
8.055 	 0.00119428 	 	 
8.07 	 0.00118153 	 	 
8.085 	 0.00116887 	 	 
8.1 	 0.0011563 	 	 
8.115 	 0.00114383 	 	 
8.13 	 0.00113144 	 	 
8.145 	 0.00111915 	 	 
8.16 	 0.00110694 	 	 
8.175 	 0.00109483 	 	 
8.19 	 0.00108282 	 	 
8.205 	 0.00107089 	 	 
8.22 	 0.00105906 	 	 
8.235 	 0.00104731 	 	 
8.25 	 0.00103566 	 	 
8.265 	 0.00102411 	 	 
8.28 	 0.00101264 	 	 
8.295 	 0.00100127 	 	 
8.31 	 0.00098999 	 	 
8.325 	 0.000978802 	 	 
8.34 	 0.000967706 	 	 
8.355 	 0.000956702 	 	 
8.37 	 0.00094579 	 	 
8.385 	 0.000934969 	 	 
8.4 	 0.000924241 	 	 
8.415 	 0.000913604 	 	 
8.43 	 0.000903058 	 	 
8.445 	 0.000892603 	 	 
8.46 	 0.00088224 	 	 
8.475 	 0.000871967 	 	 
8.49 	 0.000861785 	 	 
8.505 	 0.000851693 	 	 
8.52 	 0.000841692 	 	 
8.535 	 0.00083178 	 	 
8.55 	 0.000821958 	 	 
8.565 	 0.000812225 	 	 
8.58 	 0.000802581 	 	 
8.595 	 0.000793026 	 	 
8.61 	 0.00078356 	 	 
8.625 	 0.000774181 	 	 
8.64 	 0.000764891 	 	 
8.655 	 0.000755687 	 	 
8.67 	 0.000746571 	 	 
8.685 	 0.000737542 	 	 
8.7 	 0.000728599 	 	 
8.715 	 0.000719743 	 	 
8.73 	 0.000710971 	 	 
8.745 	 0.000702286 	 	 
8.76 	 0.000693685 	 	 
8.775 	 0.000685168 	 	 
8.79 	 0.000676736 	 	 
8.805 	 0.000668387 	 	 
8.82 	 0.000660122 	 	 
8.835 	 0.000651939 	 	 
8.85 	 0.000643839 	 	 
8.865 	 0.000635821 	 	 
8.88 	 0.000627884 	 	 
8.895 	 0.000620028 	 	 
8.91 	 0.000612253 	 	 
8.925 	 0.000604558 	 	 
8.94 	 0.000596943 	 	 
8.955 	 0.000589407 	 	 
8.97 	 0.000581949 	 	 
8.985 	 0.00057457 	 	 
9 	 0.000567269 	 	 
9.015 	 0.000560044 	 	 
9.03 	 0.000552897 	 	 
9.045 	 0.000545825 	 	 
9.06 	 0.00053883 	 	 
9.075 	 0.00053191 	 	 
9.09 	 0.000525064 	 	 
9.105 	 0.000518293 	 	 
9.12 	 0.000511595 	 	 
9.135 	 0.000504971 	 	 
9.15 	 0.000498419 	 	 
9.165 	 0.000491939 	 	 
9.18 	 0.000485531 	 	 
9.195 	 0.000479194 	 	 
9.21 	 0.000472928 	 	 
9.225 	 0.000466732 	 	 
9.24 	 0.000460606 	 	 
9.255 	 0.000454548 	 	 
9.27 	 0.000448559 	 	 
9.285 	 0.000442638 	 	 
9.3 	 0.000436784 	 	 
9.315 	 0.000430997 	 	 
9.33 	 0.000425276 	 	 
9.345 	 0.000419622 	 	 
9.36 	 0.000414032 	 	 
9.375 	 0.000408507 	 	 
9.39 	 0.000403047 	 	 
9.405 	 0.000397649 	 	 
9.42 	 0.000392315 	 	 
9.435 	 0.000387044 	 	 
9.45 	 0.000381835 	 	 
9.465 	 0.000376687 	 	 
9.48 	 0.0003716 	 	 
9.495 	 0.000366573 	 	 
9.51 	 0.000361607 	 	 
9.525 	 0.000356699 	 	 
9.54 	 0.000351851 	 	 
9.555 	 0.000347061 	 	 
9.57 	 0.000342328 	 	 
9.585 	 0.000337653 	 	 
9.6 	 0.000333034 	 	 
9.615 	 0.000328472 	 	 
9.63 	 0.000323965 	 	 
9.645 	 0.000319513 	 	 
9.66 	 0.000315116 	 	 
9.675 	 0.000310773 	 	 
9.69 	 0.000306484 	 	 
9.705 	 0.000302247 	 	 
9.72 	 0.000298063 	 	 
9.735 	 0.000293931 	 	 
9.75 	 0.000289851 	 	 
9.765 	 0.000285821 	 	 
9.78 	 0.000281842 	 	 
9.795 	 0.000277913 	 	 
9.81 	 0.000274033 	 	 
9.825 	 0.000270202 	 	 
9.84 	 0.00026642 	 	 
9.855 	 0.000262686 	 	 
9.87 	 0.000258999 	 	 
9.885 	 0.000255359 	 	 
9.9 	 0.000251765 	 	 
9.915 	 0.000248218 	 	 
9.93 	 0.000244716 	 	 
9.945 	 0.000241259 	 	 
9.96 	 0.000237846 	 	 
9.975 	 0.000234478 	 	 
9.99 	 0.000231153 	 	 
10.005 	 0.000227871 	 	 
10.02 	 0.000224632 	 	 
10.035 	 0.000221435 	 	 
10.05 	 0.00021828 	 	 
10.065 	 0.000215166 	 	 
10.08 	 0.000212093 	 	 
10.095 	 0.000209061 	 	 
10.11 	 0.000206068 	 	 
10.125 	 0.000203115 	 	 
10.14 	 0.0002002 	 	 
10.155 	 0.000197324 	 	 
10.17 	 0.000194487 	 	 
10.185 	 0.000191687 	 	 
10.2 	 0.000188924 	 	 
10.215 	 0.000186199 	 	 
10.23 	 0.000183509 	 	 
10.245 	 0.000180856 	 	 
10.26 	 0.000178238 	 	 
10.275 	 0.000175656 	 	 
10.29 	 0.000173108 	 	 
10.305 	 0.000170595 	 	 
10.32 	 0.000168115 	 	 
10.335 	 0.000165669 	 	 
10.35 	 0.000163257 	 	 
10.365 	 0.000160877 	 	 
10.38 	 0.000158529 	 	 
10.395 	 0.000156214 	 	 
10.41 	 0.00015393 	 	 
10.425 	 0.000151677 	 	 
10.44 	 0.000149455 	 	 
10.455 	 0.000147264 	 	 
10.47 	 0.000145103 	 	 
10.485 	 0.000142971 	 	 
10.5 	 0.000140869 	 	 
10.515 	 0.000138796 	 	 
10.53 	 0.000136751 	 	 
10.545 	 0.000134735 	 	 
10.56 	 0.000132747 	 	 
10.575 	 0.000130786 	 	 
10.59 	 0.000128853 	 	 
10.605 	 0.000126947 	 	 
10.62 	 0.000125067 	 	 
10.635 	 0.000123213 	 	 
10.65 	 0.000121386 	 	 
10.665 	 0.000119584 	 	 
10.68 	 0.000117807 	 	 
10.695 	 0.000116055 	 	 
10.71 	 0.000114328 	 	 
10.725 	 0.000112625 	 	 
10.74 	 0.000110947 	 	 
10.755 	 0.000109291 	 	 
10.77 	 0.00010766 	 	 
10.785 	 0.000106051 	 	 
10.8 	 0.000104466 	 	 
10.815 	 0.000102902 	 	 
10.83 	 0.000101361 	 	 
10.845 	 9.98423e-05 	 	 
10.86 	 9.83449e-05 	 	 
10.875 	 9.68688e-05 	 	 
10.89 	 9.54139e-05 	 	 
10.905 	 9.39797e-05 	 	 
10.92 	 9.25661e-05 	 	 
10.935 	 9.11728e-05 	 	 
10.95 	 8.97994e-05 	 	 
10.965 	 8.84458e-05 	 	 
10.98 	 8.71116e-05 	 	 
10.995 	 8.57967e-05 	 	 
11.01 	 8.45008e-05 	 	 
11.025 	 8.32235e-05 	 	 
11.04 	 8.19647e-05 	 	 
11.055 	 8.07241e-05 	 	 
11.07 	 7.95015e-05 	 	 
11.085 	 7.82966e-05 	 	 
11.1 	 7.71093e-05 	 	 
11.115 	 7.59391e-05 	 	 
11.13 	 7.4786e-05 	 	 
11.145 	 7.36497e-05 	 	 
11.16 	 7.25299e-05 	 	 
11.175 	 7.14265e-05 	 	 
11.19 	 7.03392e-05 	 	 
11.205 	 6.92678e-05 	 	 
11.22 	 6.8212e-05 	 	 
11.235 	 6.71718e-05 	 	 
11.25 	 6.61468e-05 	 	 
11.265 	 6.51368e-05 	 	 
11.28 	 6.41417e-05 	 	 
11.295 	 6.31612e-05 	 	 
11.31 	 6.21951e-05 	 	 
11.325 	 6.12433e-05 	 	 
11.34 	 6.03055e-05 	 	 
11.355 	 5.93815e-05 	 	 
11.37 	 5.84712e-05 	 	 
11.385 	 5.75744e-05 	 	 
11.4 	 5.66908e-05 	 	 
11.415 	 5.58203e-05 	 	 
11.43 	 5.49627e-05 	 	 
11.445 	 5.41179e-05 	 	 
11.46 	 5.32855e-05 	 	 
11.475 	 5.24656e-05 	 	 
11.49 	 5.16579e-05 	 	 
11.505 	 5.08621e-05 	 	 
11.52 	 5.00783e-05 	 	 
11.535 	 4.93061e-05 	 	 
11.55 	 4.85455e-05 	 	 
11.565 	 4.77962e-05 	 	 
11.58 	 4.70581e-05 	 	 
11.595 	 4.63311e-05 	 	 
11.61 	 4.56149e-05 	 	 
11.625 	 4.49095e-05 	 	 
11.64 	 4.42146e-05 	 	 
11.655 	 4.35302e-05 	 	 
11.67 	 4.28561e-05 	 	 
11.685 	 4.21921e-05 	 	 
11.7 	 4.1538e-05 	 	 
11.715 	 4.08939e-05 	 	 
11.73 	 4.02594e-05 	 	 
11.745 	 3.96345e-05 	 	 
11.76 	 3.9019e-05 	 	 
11.775 	 3.84128e-05 	 	 
11.79 	 3.78158e-05 	 	 
11.805 	 3.72277e-05 	 	 
11.82 	 3.66486e-05 	 	 
11.835 	 3.60783e-05 	 	 
11.85 	 3.55165e-05 	 	 
11.865 	 3.49633e-05 	 	 
11.88 	 3.44185e-05 	 	 
11.895 	 3.3882e-05 	 	 
11.91 	 3.33536e-05 	 	 
11.925 	 3.28332e-05 	 	 
11.94 	 3.23208e-05 	 	 
11.955 	 3.18161e-05 	 	 
11.97 	 3.13191e-05 	 	 
11.985 	 3.08297e-05 	 	 
12 	 3.03478e-05 	 	 
12.015 	 2.98732e-05 	 	 
12.03 	 2.94059e-05 	 	 
12.045 	 2.89456e-05 	 	 
12.06 	 2.84925e-05 	 	 
12.075 	 2.80462e-05 	 	 
12.09 	 2.76068e-05 	 	 
12.105 	 2.71741e-05 	 	 
12.12 	 2.6748e-05 	 	 
12.135 	 2.63285e-05 	 	 
12.15 	 2.59154e-05 	 	 
12.165 	 2.55086e-05 	 	 
12.18 	 2.51081e-05 	 	 
12.195 	 2.47137e-05 	 	 
12.21 	 2.43254e-05 	 	 
12.225 	 2.39431e-05 	 	 
12.24 	 2.35666e-05 	 	 
12.255 	 2.3196e-05 	 	 
12.27 	 2.2831e-05 	 	 
12.285 	 2.24717e-05 	 	 
12.3 	 2.21179e-05 	 	 
12.315 	 2.17695e-05 	 	 
12.33 	 2.14266e-05 	 	 
12.345 	 2.10889e-05 	 	 
12.36 	 2.07565e-05 	 	 
12.375 	 2.04292e-05 	 	 
12.39 	 2.01069e-05 	 	 
12.405 	 1.97897e-05 	 	 
12.42 	 1.94773e-05 	 	 
12.435 	 1.91698e-05 	 	 
12.45 	 1.8867e-05 	 	 
12.465 	 1.8569e-05 	 	 
12.48 	 1.82756e-05 	 	 
12.495 	 1.79867e-05 	 	 
12.51 	 1.77023e-05 	 	 
12.525 	 1.74223e-05 	 	 
12.54 	 1.71467e-05 	 	 
12.555 	 1.68753e-05 	 	 
12.57 	 1.66082e-05 	 	 
12.585 	 1.63452e-05 	 	 
12.6 	 1.60863e-05 	 	 
12.615 	 1.58315e-05 	 	 
12.63 	 1.55806e-05 	 	 
12.645 	 1.53336e-05 	 	 
12.66 	 1.50905e-05 	 	 
12.675 	 1.48512e-05 	 	 
12.69 	 1.46156e-05 	 	 
12.705 	 1.43837e-05 	 	 
12.72 	 1.41554e-05 	 	 
12.735 	 1.39306e-05 	 	 
12.75 	 1.37094e-05 	 	 
12.765 	 1.34916e-05 	 	 
12.78 	 1.32773e-05 	 	 
12.795 	 1.30663e-05 	 	 
12.81 	 1.28586e-05 	 	 
12.825 	 1.26541e-05 	 	 
12.84 	 1.24529e-05 	 	 
12.855 	 1.22548e-05 	 	 
12.87 	 1.20598e-05 	 	 
12.885 	 1.18679e-05 	 	 
12.9 	 1.1679e-05 	 	 
12.915 	 1.1493e-05 	 	 
12.93 	 1.131e-05 	 	 
12.945 	 1.11298e-05 	 	 
12.96 	 1.09525e-05 	 	 
12.975 	 1.0778e-05 	 	 
12.99 	 1.06062e-05 	 	 
13.005 	 1.04371e-05 	 	 
13.02 	 1.02706e-05 	 	 
13.035 	 1.01068e-05 	 	 
13.05 	 9.94556e-06 	 	 
13.065 	 9.78686e-06 	 	 
13.08 	 9.63066e-06 	 	 
13.095 	 9.47691e-06 	 	 
13.11 	 9.3256e-06 	 	 
13.125 	 9.17667e-06 	 	 
13.14 	 9.03008e-06 	 	 
13.155 	 8.88581e-06 	 	 
13.17 	 8.74382e-06 	 	 
13.185 	 8.60407e-06 	 	 
13.2 	 8.46652e-06 	 	 
13.215 	 8.33115e-06 	 	 
13.23 	 8.19792e-06 	 	 
13.245 	 8.06679e-06 	 	 
13.26 	 7.93773e-06 	 	 
13.275 	 7.81072e-06 	 	 
13.29 	 7.68571e-06 	 	 
13.305 	 7.56269e-06 	 	 
13.32 	 7.44161e-06 	 	 
13.335 	 7.32244e-06 	 	 
13.35 	 7.20517e-06 	 	 
13.365 	 7.08975e-06 	 	 
13.38 	 6.97616e-06 	 	 
13.395 	 6.86437e-06 	 	 
13.41 	 6.75435e-06 	 	 
13.425 	 6.64608e-06 	 	 
13.44 	 6.53953e-06 	 	 
13.455 	 6.43466e-06 	 	 
13.47 	 6.33146e-06 	 	 
13.485 	 6.2299e-06 	 	 
13.5 	 6.12995e-06 	 	 
13.515 	 6.03159e-06 	 	 
13.53 	 5.93479e-06 	 	 
13.545 	 5.83953e-06 	 	 
13.56 	 5.74578e-06 	 	 
13.575 	 5.65353e-06 	 	 
13.59 	 5.56274e-06 	 	 
13.605 	 5.47339e-06 	 	 
13.62 	 5.38547e-06 	 	 
13.635 	 5.29894e-06 	 	 
13.65 	 5.2138e-06 	 	 
13.665 	 5.13e-06 	 	 
13.68 	 5.04755e-06 	 	 
13.695 	 4.9664e-06 	 	 
13.71 	 4.88655e-06 	 	 
13.725 	 4.80797e-06 	 	 
13.74 	 4.73064e-06 	 	 
13.755 	 4.65455e-06 	 	 
13.77 	 4.57967e-06 	 	 
13.785 	 4.50598e-06 	 	 
13.8 	 4.43347e-06 	 	 
13.815 	 4.36211e-06 	 	 
13.83 	 4.2919e-06 	 	 
13.845 	 4.2228e-06 	 	 
13.86 	 4.15481e-06 	 	 
13.875 	 4.0879e-06 	 	 
13.89 	 4.02206e-06 	 	 
13.905 	 3.95728e-06 	 	 
13.92 	 3.89352e-06 	 	 
13.935 	 3.83079e-06 	 	 
13.95 	 3.76906e-06 	 	 
13.965 	 3.70832e-06 	 	 
13.98 	 3.64854e-06 	 	 
13.995 	 3.58973e-06 	 	 
14.01 	 3.53185e-06 	 	 
14.025 	 3.4749e-06 	 	 
14.04 	 3.41886e-06 	 	 
14.055 	 3.36372e-06 	 	 
14.07 	 3.30946e-06 	 	 
14.085 	 3.25607e-06 	 	 
14.1 	 3.20353e-06 	 	 
14.115 	 3.15184e-06 	 	 
14.13 	 3.10097e-06 	 	 
14.145 	 3.05092e-06 	 	 
14.16 	 3.00167e-06 	 	 
14.175 	 2.95321e-06 	 	 
14.19 	 2.90552e-06 	 	 
14.205 	 2.8586e-06 	 	 
14.22 	 2.81244e-06 	 	 
14.235 	 2.76701e-06 	 	 
14.25 	 2.72231e-06 	 	 
14.265 	 2.67833e-06 	 	 
14.28 	 2.63505e-06 	 	 
14.295 	 2.59247e-06 	 	 
14.31 	 2.55057e-06 	 	 
14.325 	 2.50934e-06 	 	 
14.34 	 2.46878e-06 	 	 
14.355 	 2.42886e-06 	 	 
14.37 	 2.38959e-06 	 	 
14.385 	 2.35095e-06 	 	 
14.4 	 2.31293e-06 	 	 
14.415 	 2.27551e-06 	 	 
14.43 	 2.2387e-06 	 	 
14.445 	 2.20248e-06 	 	 
14.46 	 2.16685e-06 	 	 
14.475 	 2.13178e-06 	 	 
14.49 	 2.09728e-06 	 	 
14.505 	 2.06334e-06 	 	 
14.52 	 2.02994e-06 	 	 
14.535 	 1.99707e-06 	 	 
14.55 	 1.96474e-06 	 	 
14.565 	 1.93292e-06 	 	 
14.58 	 1.90162e-06 	 	 
14.595 	 1.87082e-06 	 	 
14.61 	 1.84052e-06 	 	 
14.625 	 1.8107e-06 	 	 
14.64 	 1.78136e-06 	 	 
14.655 	 1.7525e-06 	 	 
14.67 	 1.7241e-06 	 	 
14.685 	 1.69615e-06 	 	 
14.7 	 1.66866e-06 	 	 
14.715 	 1.64161e-06 	 	 
14.73 	 1.615e-06 	 	 
14.745 	 1.58881e-06 	 	 
14.76 	 1.56304e-06 	 	 
14.775 	 1.53769e-06 	 	 
14.79 	 1.51275e-06 	 	 
14.805 	 1.48821e-06 	 	 
14.82 	 1.46407e-06 	 	 
14.835 	 1.44031e-06 	 	 
14.85 	 1.41694e-06 	 	 
14.865 	 1.39395e-06 	 	 
14.88 	 1.37132e-06 	 	 
14.895 	 1.34906e-06 	 	 
14.91 	 1.32716e-06 	 	 
14.925 	 1.30561e-06 	 	 
14.94 	 1.28441e-06 	 	 
14.955 	 1.26355e-06 	 	 
14.97 	 1.24303e-06 	 	 
14.985 	 1.22284e-06 	 	 
15 	 1.20297e-06 	 	 
15.015 	 1.18343e-06 	 	 
15.03 	 1.1642e-06 	 	 
15.045 	 1.14528e-06 	 	 
15.06 	 1.12666e-06 	 	 
15.075 	 1.10835e-06 	 	 
15.09 	 1.09033e-06 	 	 
15.105 	 1.0726e-06 	 	 
15.12 	 1.05516e-06 	 	 
15.135 	 1.038e-06 	 	 
15.15 	 1.02111e-06 	 	 
15.165 	 1.0045e-06 	 	 
15.18 	 9.88161e-07 	 	 
15.195 	 9.72083e-07 	 	 
15.21 	 9.56263e-07 	 	 
15.225 	 9.407e-07 	 	 
15.24 	 9.25388e-07 	 	 
15.255 	 9.10323e-07 	 	 
15.27 	 8.95501e-07 	 	 
15.285 	 8.80919e-07 	 	 
15.3 	 8.66572e-07 	 	 
15.315 	 8.52457e-07 	 	 
15.33 	 8.3857e-07 	 	 
15.345 	 8.24908e-07 	 	 
15.36 	 8.11466e-07 	 	 
15.375 	 7.98241e-07 	 	 
15.39 	 7.8523e-07 	 	 
15.405 	 7.7243e-07 	 	 
15.42 	 7.59836e-07 	 	 
15.435 	 7.47446e-07 	 	 
15.45 	 7.35256e-07 	 	 
15.465 	 7.23263e-07 	 	 
15.48 	 7.11464e-07 	 	 
15.495 	 6.99856e-07 	 	 
15.51 	 6.88435e-07 	 	 
15.525 	 6.772e-07 	 	 
15.54 	 6.66145e-07 	 	 
15.555 	 6.5527e-07 	 	 
15.57 	 6.4457e-07 	 	 
15.585 	 6.34044e-07 	 	 
15.6 	 6.23687e-07 	 	 
15.615 	 6.13499e-07 	 	 
15.63 	 6.03475e-07 	 	 
15.645 	 5.93613e-07 	 	 
15.66 	 5.8391e-07 	 	 
15.675 	 5.74365e-07 	 	 
15.69 	 5.64974e-07 	 	 
15.705 	 5.55735e-07 	 	 
15.72 	 5.46645e-07 	 	 
15.735 	 5.37703e-07 	 	 
15.75 	 5.28905e-07 	 	 
15.765 	 5.2025e-07 	 	 
15.78 	 5.11734e-07 	 	 
15.795 	 5.03357e-07 	 	 
15.81 	 4.95115e-07 	 	 
15.825 	 4.87006e-07 	 	 
15.84 	 4.79029e-07 	 	 
15.855 	 4.7118e-07 	 	 
15.87 	 4.63459e-07 	 	 
15.885 	 4.55863e-07 	 	 
15.9 	 4.4839e-07 	 	 
15.915 	 4.41038e-07 	 	 
15.93 	 4.33804e-07 	 	 
15.945 	 4.26688e-07 	 	 
15.96 	 4.19687e-07 	 	 
15.975 	 4.128e-07 	 	 
15.99 	 4.06024e-07 	 	 
16.005 	 3.99357e-07 	 	 
16.02 	 3.92799e-07 	 	 
16.035 	 3.86347e-07 	 	 
16.05 	 3.79999e-07 	 	 
16.065 	 3.73754e-07 	 	 
16.08 	 3.6761e-07 	 	 
16.095 	 3.61566e-07 	 	 
16.11 	 3.5562e-07 	 	 
16.125 	 3.4977e-07 	 	 
16.14 	 3.44015e-07 	 	 
16.155 	 3.38353e-07 	 	 
16.17 	 3.32782e-07 	 	 
16.185 	 3.27302e-07 	 	 
16.2 	 3.21911e-07 	 	 
16.215 	 3.16607e-07 	 	 
16.23 	 3.11389e-07 	 	 
16.245 	 3.06256e-07 	 	 
16.26 	 3.01205e-07 	 	 
16.275 	 2.96237e-07 	 	 
16.29 	 2.91349e-07 	 	 
16.305 	 2.8654e-07 	 	 
16.32 	 2.8181e-07 	 	 
16.335 	 2.77155e-07 	 	 
16.35 	 2.72577e-07 	 	 
16.365 	 2.68072e-07 	 	 
16.38 	 2.63641e-07 	 	 
16.395 	 2.59281e-07 	 	 
16.41 	 2.54992e-07 	 	 
16.425 	 2.50773e-07 	 	 
16.44 	 2.46622e-07 	 	 
16.455 	 2.42538e-07 	 	 
16.47 	 2.38521e-07 	 	 
16.485 	 2.34568e-07 	 	 
16.5 	 2.3068e-07 	 	 
16.515 	 2.26855e-07 	 	 
16.53 	 2.23092e-07 	 	 
16.545 	 2.1939e-07 	 	 
16.56 	 2.15748e-07 	 	 
16.575 	 2.12164e-07 	 	 
16.59 	 2.0864e-07 	 	 
16.605 	 2.05172e-07 	 	 
16.62 	 2.0176e-07 	 	 
16.635 	 1.98404e-07 	 	 
16.65 	 1.95102e-07 	 	 
16.665 	 1.91854e-07 	 	 
16.68 	 1.88659e-07 	 	 
16.695 	 1.85515e-07 	 	 
16.71 	 1.82423e-07 	 	 
16.725 	 1.7938e-07 	 	 
16.74 	 1.76387e-07 	 	 
16.755 	 1.73443e-07 	 	 
16.77 	 1.70546e-07 	 	 
16.785 	 1.67696e-07 	 	 
16.8 	 1.64893e-07 	 	 
16.815 	 1.62135e-07 	 	 
16.83 	 1.59422e-07 	 	 
16.845 	 1.56753e-07 	 	 
16.86 	 1.54127e-07 	 	 
16.875 	 1.51544e-07 	 	 
16.89 	 1.49003e-07 	 	 
16.905 	 1.46503e-07 	 	 
16.92 	 1.44044e-07 	 	 
16.935 	 1.41625e-07 	 	 
16.95 	 1.39245e-07 	 	 
16.965 	 1.36903e-07 	 	 
16.98 	 1.346e-07 	 	 
16.995 	 1.32334e-07 	 	 
17.01 	 1.30105e-07 	 	 
17.025 	 1.27912e-07 	 	 
17.04 	 1.25755e-07 	 	 
17.055 	 1.23633e-07 	 	 
17.07 	 1.21545e-07 	 	 
17.085 	 1.19491e-07 	 	 
17.1 	 1.17471e-07 	 	 
17.115 	 1.15484e-07 	 	 
17.13 	 1.13529e-07 	 	 
17.145 	 1.11605e-07 	 	 
17.16 	 1.09713e-07 	 	 
17.175 	 1.07852e-07 	 	 
17.19 	 1.06021e-07 	 	 
17.205 	 1.0422e-07 	 	 
17.22 	 1.02448e-07 	 	 
17.235 	 1.00705e-07 	 	 
17.25 	 9.89901e-08 	 	 
17.265 	 9.73034e-08 	 	 
17.28 	 9.56441e-08 	 	 
17.295 	 9.40118e-08 	 	 
17.31 	 9.24061e-08 	 	 
17.325 	 9.08266e-08 	 	 
17.34 	 8.92728e-08 	 	 
17.355 	 8.77443e-08 	 	 
17.37 	 8.62408e-08 	 	 
17.385 	 8.47617e-08 	 	 
17.4 	 8.33068e-08 	 	 
17.415 	 8.18756e-08 	 	 
17.43 	 8.04677e-08 	 	 
17.445 	 7.90828e-08 	 	 
17.46 	 7.77205e-08 	 	 
17.475 	 7.63804e-08 	 	 
17.49 	 7.50622e-08 	 	 
17.505 	 7.37655e-08 	 	 
17.52 	 7.249e-08 	 	 
17.535 	 7.12353e-08 	 	 
17.55 	 7.00011e-08 	 	 
17.565 	 6.87871e-08 	 	 
17.58 	 6.75929e-08 	 	 
17.595 	 6.64183e-08 	 	 
17.61 	 6.52628e-08 	 	 
17.625 	 6.41263e-08 	 	 
17.64 	 6.30083e-08 	 	 
17.655 	 6.19087e-08 	 	 
17.67 	 6.0827e-08 	 	 
17.685 	 5.9763e-08 	 	 
17.7 	 5.87165e-08 	 	 
17.715 	 5.76871e-08 	 	 
17.73 	 5.66746e-08 	 	 
17.745 	 5.56787e-08 	 	 
17.76 	 5.46992e-08 	 	 
17.775 	 5.37357e-08 	 	 
17.79 	 5.2788e-08 	 	 
17.805 	 5.18558e-08 	 	 
17.82 	 5.0939e-08 	 	 
17.835 	 5.00372e-08 	 	 
17.85 	 4.91503e-08 	 	 
17.865 	 4.8278e-08 	 	 
17.88 	 4.74199e-08 	 	 
17.895 	 4.65761e-08 	 	 
17.91 	 4.57461e-08 	 	 
17.925 	 4.49297e-08 	 	 
17.94 	 4.41269e-08 	 	 
17.955 	 4.33372e-08 	 	 
17.97 	 4.25606e-08 	 	 
17.985 	 4.17968e-08 	 	 
18 	 4.10457e-08 	 	 
18.015 	 4.03069e-08 	 	 
18.03 	 3.95803e-08 	 	 
18.045 	 3.88658e-08 	 	 
18.06 	 3.81631e-08 	 	 
18.075 	 3.7472e-08 	 	 
18.09 	 3.67923e-08 	 	 
18.105 	 3.6124e-08 	 	 
18.12 	 3.54667e-08 	 	 
18.135 	 3.48203e-08 	 	 
18.15 	 3.41847e-08 	 	 
18.165 	 3.35596e-08 	 	 
18.18 	 3.2945e-08 	 	 
18.195 	 3.23405e-08 	 	 
18.21 	 3.17462e-08 	 	 
18.225 	 3.11617e-08 	 	 
18.24 	 3.0587e-08 	 	 
18.255 	 3.00219e-08 	 	 
18.27 	 2.94662e-08 	 	 
18.285 	 2.89199e-08 	 	 
18.3 	 2.83827e-08 	 	 
18.315 	 2.78545e-08 	 	 
18.33 	 2.73351e-08 	 	 
18.345 	 2.68245e-08 	 	 
18.36 	 2.63224e-08 	 	 
18.375 	 2.58289e-08 	 	 
18.39 	 2.53436e-08 	 	 
18.405 	 2.48665e-08 	 	 
18.42 	 2.43974e-08 	 	 
18.435 	 2.39363e-08 	 	 
18.45 	 2.3483e-08 	 	 
18.465 	 2.30374e-08 	 	 
18.48 	 2.25994e-08 	 	 
18.495 	 2.21687e-08 	 	 
18.51 	 2.17454e-08 	 	 
18.525 	 2.13294e-08 	 	 
18.54 	 2.09204e-08 	 	 
18.555 	 2.05184e-08 	 	 
18.57 	 2.01233e-08 	 	 
18.585 	 1.97349e-08 	 	 
18.6 	 1.93532e-08 	 	 
18.615 	 1.89781e-08 	 	 
18.63 	 1.86095e-08 	 	 
18.645 	 1.82472e-08 	 	 
18.66 	 1.78911e-08 	 	 
18.675 	 1.75413e-08 	 	 
18.69 	 1.71975e-08 	 	 
18.705 	 1.68597e-08 	 	 
18.72 	 1.65277e-08 	 	 
18.735 	 1.62016e-08 	 	 
18.75 	 1.58811e-08 	 	 
18.765 	 1.55663e-08 	 	 
18.78 	 1.5257e-08 	 	 
18.795 	 1.49532e-08 	 	 
18.81 	 1.46547e-08 	 	 
18.825 	 1.43615e-08 	 	 
18.84 	 1.40736e-08 	 	 
18.855 	 1.37907e-08 	 	 
18.87 	 1.35129e-08 	 	 
18.885 	 1.324e-08 	 	 
18.9 	 1.29721e-08 	 	 
18.915 	 1.27089e-08 	 	 
18.93 	 1.24506e-08 	 	 
18.945 	 1.21969e-08 	 	 
18.96 	 1.19478e-08 	 	 
18.975 	 1.17032e-08 	 	 
18.99 	 1.14631e-08 	 	 
19.005 	 1.12274e-08 	 	 
19.02 	 1.09961e-08 	 	 
19.035 	 1.07691e-08 	 	 
19.05 	 1.05462e-08 	 	 
19.065 	 1.03275e-08 	 	 
19.08 	 1.01129e-08 	 	 
19.095 	 9.90235e-09 	 	 
19.11 	 9.69575e-09 	 	 
19.125 	 9.49308e-09 	 	 
19.14 	 9.29426e-09 	 	 
19.155 	 9.09925e-09 	 	 
19.17 	 8.90798e-09 	 	 
19.185 	 8.72042e-09 	 	 
19.2 	 8.53649e-09 	 	 
19.215 	 8.35616e-09 	 	 
19.23 	 8.17938e-09 	 	 
19.245 	 8.00608e-09 	 	 
19.26 	 7.83623e-09 	 	 
19.275 	 7.66977e-09 	 	 
19.29 	 7.50666e-09 	 	 
19.305 	 7.34686e-09 	 	 
19.32 	 7.19031e-09 	 	 
19.335 	 7.03697e-09 	 	 
19.35 	 6.88681e-09 	 	 
19.365 	 6.73977e-09 	 	 
19.38 	 6.59581e-09 	 	 
19.395 	 6.4549e-09 	 	 
19.41 	 6.31699e-09 	 	 
19.425 	 6.18204e-09 	 	 
19.44 	 6.05002e-09 	 	 
19.455 	 5.92089e-09 	 	 
19.47 	 5.7946e-09 	 	 
19.485 	 5.67113e-09 	 	 
19.5 	 5.55044e-09 	 	 
19.515 	 5.43248e-09 	 	 
19.53 	 5.31724e-09 	 	 
19.545 	 5.20466e-09 	 	 
19.56 	 5.09473e-09 	 	 
19.575 	 4.98741e-09 	 	 
19.59 	 4.88266e-09 	 	 
19.605 	 4.78046e-09 	 	 
19.62 	 4.68078e-09 	 	 
19.635 	 4.58358e-09 	 	 
19.65 	 4.48883e-09 	 	 
19.665 	 4.39652e-09 	 	 
19.68 	 4.3066e-09 	 	 
19.695 	 4.21906e-09 	 	 
19.71 	 4.13386e-09 	 	 
19.725 	 4.05099e-09 	 	 
19.74 	 3.97041e-09 	 	 
19.755 	 3.8921e-09 	 	 
19.77 	 3.81603e-09 	 	 
19.785 	 3.74219e-09 	 	 
19.8 	 3.67055e-09 	 	 
19.815 	 3.60108e-09 	 	 
19.83 	 3.53377e-09 	 	 
19.845 	 3.46859e-09 	 	 
19.86 	 3.40552e-09 	 	 
19.875 	 3.34455e-09 	 	 
19.89 	 3.28564e-09 	 	 
19.905 	 3.22879e-09 	 	 
19.92 	 3.17397e-09 	 	 
19.935 	 3.12117e-09 	 	 
19.95 	 3.07037e-09 	 	 
19.965 	 3.02154e-09 	 	 
19.98 	 2.97468e-09 	 	 
