0 	 0.00189613 	 	 
0.015 	 0.00189619 	 	 
0.03 	 0.00189628 	 	 
0.045 	 0.00189641 	 	 
0.06 	 0.00189658 	 	 
0.075 	 0.00189678 	 	 
0.09 	 0.00189702 	 	 
0.105 	 0.0018973 	 	 
0.12 	 0.00189762 	 	 
0.135 	 0.00189797 	 	 
0.15 	 0.00189837 	 	 
0.165 	 0.00189879 	 	 
0.18 	 0.00189926 	 	 
0.195 	 0.00189976 	 	 
0.21 	 0.0019003 	 	 
0.225 	 0.00190088 	 	 
0.24 	 0.0019015 	 	 
0.255 	 0.00190215 	 	 
0.27 	 0.00190284 	 	 
0.285 	 0.00190357 	 	 
0.3 	 0.00190434 	 	 
0.315 	 0.00190514 	 	 
0.33 	 0.00190598 	 	 
0.345 	 0.00190686 	 	 
0.36 	 0.00190778 	 	 
0.375 	 0.00190873 	 	 
0.39 	 0.00190972 	 	 
0.405 	 0.00191075 	 	 
0.42 	 0.00191182 	 	 
0.435 	 0.00191292 	 	 
0.45 	 0.00191407 	 	 
0.465 	 0.00191525 	 	 
0.48 	 0.00191647 	 	 
0.495 	 0.00191773 	 	 
0.51 	 0.00191902 	 	 
0.525 	 0.00192036 	 	 
0.54 	 0.00192173 	 	 
0.555 	 0.00192314 	 	 
0.57 	 0.00192459 	 	 
0.585 	 0.00192608 	 	 
0.6 	 0.0019276 	 	 
0.615 	 0.00192917 	 	 
0.63 	 0.00193077 	 	 
0.645 	 0.00193241 	 	 
0.66 	 0.00193409 	 	 
0.675 	 0.00193581 	 	 
0.69 	 0.00193757 	 	 
0.705 	 0.00193937 	 	 
0.72 	 0.00194121 	 	 
0.735 	 0.00194308 	 	 
0.75 	 0.001945 	 	 
0.765 	 0.00194695 	 	 
0.78 	 0.00194894 	 	 
0.795 	 0.00195098 	 	 
0.81 	 0.00195305 	 	 
0.825 	 0.00195516 	 	 
0.84 	 0.00195732 	 	 
0.855 	 0.00195951 	 	 
0.87 	 0.00196174 	 	 
0.885 	 0.00196401 	 	 
0.9 	 0.00196632 	 	 
0.915 	 0.00196868 	 	 
0.93 	 0.00197107 	 	 
0.945 	 0.0019735 	 	 
0.96 	 0.00197597 	 	 
0.975 	 0.00197849 	 	 
0.99 	 0.00198104 	 	 
1.005 	 0.00198363 	 	 
1.02 	 0.00198627 	 	 
1.035 	 0.00198895 	 	 
1.05 	 0.00199166 	 	 
1.065 	 0.00199442 	 	 
1.08 	 0.00199722 	 	 
1.095 	 0.00200006 	 	 
1.11 	 0.00200294 	 	 
1.125 	 0.00200587 	 	 
1.14 	 0.00200883 	 	 
1.155 	 0.00201184 	 	 
1.17 	 0.00201489 	 	 
1.185 	 0.00201797 	 	 
1.2 	 0.00202111 	 	 
1.215 	 0.00202428 	 	 
1.23 	 0.00202749 	 	 
1.245 	 0.00203075 	 	 
1.26 	 0.00203405 	 	 
1.275 	 0.00203739 	 	 
1.29 	 0.00204078 	 	 
1.305 	 0.0020442 	 	 
1.32 	 0.00204767 	 	 
1.335 	 0.00205119 	 	 
1.35 	 0.00205474 	 	 
1.365 	 0.00205834 	 	 
1.38 	 0.00206198 	 	 
1.395 	 0.00206566 	 	 
1.41 	 0.00206939 	 	 
1.425 	 0.00207316 	 	 
1.44 	 0.00207697 	 	 
1.455 	 0.00208083 	 	 
1.47 	 0.00208473 	 	 
1.485 	 0.00208867 	 	 
1.5 	 0.00209266 	 	 
1.515 	 0.00209669 	 	 
1.53 	 0.00210076 	 	 
1.545 	 0.00210488 	 	 
1.56 	 0.00210904 	 	 
1.575 	 0.00211325 	 	 
1.59 	 0.0021175 	 	 
1.605 	 0.00212179 	 	 
1.62 	 0.00212613 	 	 
1.635 	 0.00213051 	 	 
1.65 	 0.00213494 	 	 
1.665 	 0.00213941 	 	 
1.68 	 0.00214392 	 	 
1.695 	 0.00214848 	 	 
1.71 	 0.00215308 	 	 
1.725 	 0.00215773 	 	 
1.74 	 0.00216243 	 	 
1.755 	 0.00216716 	 	 
1.77 	 0.00217195 	 	 
1.785 	 0.00217677 	 	 
1.8 	 0.00218165 	 	 
1.815 	 0.00218656 	 	 
1.83 	 0.00219153 	 	 
1.845 	 0.00219653 	 	 
1.86 	 0.00220158 	 	 
1.875 	 0.00220668 	 	 
1.89 	 0.00221182 	 	 
1.905 	 0.00221701 	 	 
1.92 	 0.00222224 	 	 
1.935 	 0.00222752 	 	 
1.95 	 0.00223284 	 	 
1.965 	 0.00223821 	 	 
1.98 	 0.00224362 	 	 
1.995 	 0.00224908 	 	 
2.01 	 0.00225459 	 	 
2.025 	 0.00226013 	 	 
2.04 	 0.00226573 	 	 
2.055 	 0.00227137 	 	 
2.07 	 0.00227705 	 	 
2.085 	 0.00228278 	 	 
2.1 	 0.00228856 	 	 
2.115 	 0.00229438 	 	 
2.13 	 0.00230024 	 	 
2.145 	 0.00230615 	 	 
2.16 	 0.00231211 	 	 
2.175 	 0.00231811 	 	 
2.19 	 0.00232416 	 	 
2.205 	 0.00233025 	 	 
2.22 	 0.00233639 	 	 
2.235 	 0.00234257 	 	 
2.25 	 0.00234879 	 	 
2.265 	 0.00235507 	 	 
2.28 	 0.00236138 	 	 
2.295 	 0.00236774 	 	 
2.31 	 0.00237415 	 	 
2.325 	 0.0023806 	 	 
2.34 	 0.0023871 	 	 
2.355 	 0.00239364 	 	 
2.37 	 0.00240022 	 	 
2.385 	 0.00240685 	 	 
2.4 	 0.00241353 	 	 
2.415 	 0.00242024 	 	 
2.43 	 0.00242701 	 	 
2.445 	 0.00243381 	 	 
2.46 	 0.00244067 	 	 
2.475 	 0.00244756 	 	 
2.49 	 0.0024545 	 	 
2.505 	 0.00246148 	 	 
2.52 	 0.00246851 	 	 
2.535 	 0.00247558 	 	 
2.55 	 0.00248269 	 	 
2.565 	 0.00248985 	 	 
2.58 	 0.00249705 	 	 
2.595 	 0.0025043 	 	 
2.61 	 0.00251158 	 	 
2.625 	 0.00251891 	 	 
2.64 	 0.00252628 	 	 
2.655 	 0.0025337 	 	 
2.67 	 0.00254116 	 	 
2.685 	 0.00254866 	 	 
2.7 	 0.0025562 	 	 
2.715 	 0.00256378 	 	 
2.73 	 0.00257141 	 	 
2.745 	 0.00257908 	 	 
2.76 	 0.00258679 	 	 
2.775 	 0.00259454 	 	 
2.79 	 0.00260233 	 	 
2.805 	 0.00261016 	 	 
2.82 	 0.00261803 	 	 
2.835 	 0.00262595 	 	 
2.85 	 0.0026339 	 	 
2.865 	 0.00264189 	 	 
2.88 	 0.00264993 	 	 
2.895 	 0.002658 	 	 
2.91 	 0.00266612 	 	 
2.925 	 0.00267427 	 	 
2.94 	 0.00268246 	 	 
2.955 	 0.00269069 	 	 
2.97 	 0.00269896 	 	 
2.985 	 0.00270726 	 	 
3 	 0.00271561 	 	 
3.015 	 0.00272399 	 	 
3.03 	 0.00273241 	 	 
3.045 	 0.00274087 	 	 
3.06 	 0.00274936 	 	 
3.075 	 0.00275789 	 	 
3.09 	 0.00276646 	 	 
3.105 	 0.00277506 	 	 
3.12 	 0.0027837 	 	 
3.135 	 0.00279237 	 	 
3.15 	 0.00280108 	 	 
3.165 	 0.00280983 	 	 
3.18 	 0.00281861 	 	 
3.195 	 0.00282742 	 	 
3.21 	 0.00283627 	 	 
3.225 	 0.00284515 	 	 
3.24 	 0.00285406 	 	 
3.255 	 0.00286301 	 	 
3.27 	 0.00287199 	 	 
3.285 	 0.002881 	 	 
3.3 	 0.00289004 	 	 
3.315 	 0.00289912 	 	 
3.33 	 0.00290822 	 	 
3.345 	 0.00291736 	 	 
3.36 	 0.00292653 	 	 
3.375 	 0.00293572 	 	 
3.39 	 0.00294495 	 	 
3.405 	 0.00295421 	 	 
3.42 	 0.00296349 	 	 
3.435 	 0.00297281 	 	 
3.45 	 0.00298215 	 	 
3.465 	 0.00299152 	 	 
3.48 	 0.00300091 	 	 
3.495 	 0.00301033 	 	 
3.51 	 0.00301978 	 	 
3.525 	 0.00302926 	 	 
3.54 	 0.00303876 	 	 
3.555 	 0.00304828 	 	 
3.57 	 0.00305783 	 	 
3.585 	 0.00306741 	 	 
3.6 	 0.003077 	 	 
3.615 	 0.00308662 	 	 
3.63 	 0.00309627 	 	 
3.645 	 0.00310593 	 	 
3.66 	 0.00311562 	 	 
3.675 	 0.00312533 	 	 
3.69 	 0.00313506 	 	 
3.705 	 0.00314481 	 	 
3.72 	 0.00315458 	 	 
3.735 	 0.00316436 	 	 
3.75 	 0.00317417 	 	 
3.765 	 0.003184 	 	 
3.78 	 0.00319384 	 	 
3.795 	 0.0032037 	 	 
3.81 	 0.00321358 	 	 
3.825 	 0.00322347 	 	 
3.84 	 0.00323338 	 	 
3.855 	 0.0032433 	 	 
3.87 	 0.00325323 	 	 
3.885 	 0.00326319 	 	 
3.9 	 0.00327315 	 	 
3.915 	 0.00328313 	 	 
3.93 	 0.00329311 	 	 
3.945 	 0.00330311 	 	 
3.96 	 0.00331313 	 	 
3.975 	 0.00332315 	 	 
3.99 	 0.00333318 	 	 
4.005 	 0.00334322 	 	 
4.02 	 0.00335327 	 	 
4.035 	 0.00336332 	 	 
4.05 	 0.00337338 	 	 
4.065 	 0.00338345 	 	 
4.08 	 0.00339353 	 	 
4.095 	 0.00340361 	 	 
4.11 	 0.0034137 	 	 
4.125 	 0.00342379 	 	 
4.14 	 0.00343388 	 	 
4.155 	 0.00344398 	 	 
4.17 	 0.00345408 	 	 
4.185 	 0.00346418 	 	 
4.2 	 0.00347428 	 	 
4.215 	 0.00348438 	 	 
4.23 	 0.00349448 	 	 
4.245 	 0.00350457 	 	 
4.26 	 0.00351467 	 	 
4.275 	 0.00352476 	 	 
4.29 	 0.00353485 	 	 
4.305 	 0.00354494 	 	 
4.32 	 0.00355502 	 	 
4.335 	 0.0035651 	 	 
4.35 	 0.00357517 	 	 
4.365 	 0.00358523 	 	 
4.38 	 0.00359529 	 	 
4.395 	 0.00360533 	 	 
4.41 	 0.00361537 	 	 
4.425 	 0.0036254 	 	 
4.44 	 0.00363541 	 	 
4.455 	 0.00364542 	 	 
4.47 	 0.00365541 	 	 
4.485 	 0.00366539 	 	 
4.5 	 0.00367536 	 	 
4.515 	 0.00368531 	 	 
4.53 	 0.00369525 	 	 
4.545 	 0.00370517 	 	 
4.56 	 0.00371508 	 	 
4.575 	 0.00372496 	 	 
4.59 	 0.00373483 	 	 
4.605 	 0.00374468 	 	 
4.62 	 0.00375451 	 	 
4.635 	 0.00376432 	 	 
4.65 	 0.00377411 	 	 
4.665 	 0.00378388 	 	 
4.68 	 0.00379362 	 	 
4.695 	 0.00380334 	 	 
4.71 	 0.00381303 	 	 
4.725 	 0.0038227 	 	 
4.74 	 0.00383234 	 	 
4.755 	 0.00384196 	 	 
4.77 	 0.00385155 	 	 
4.785 	 0.0038611 	 	 
4.8 	 0.00387063 	 	 
4.815 	 0.00388013 	 	 
4.83 	 0.0038896 	 	 
4.845 	 0.00389903 	 	 
4.86 	 0.00390844 	 	 
4.875 	 0.0039178 	 	 
4.89 	 0.00392714 	 	 
4.905 	 0.00393644 	 	 
4.92 	 0.0039457 	 	 
4.935 	 0.00395492 	 	 
4.95 	 0.00396411 	 	 
4.965 	 0.00397325 	 	 
4.98 	 0.00398236 	 	 
4.995 	 0.00399143 	 	 
5.01 	 0.00400045 	 	 
5.025 	 0.00400943 	 	 
5.04 	 0.00401837 	 	 
5.055 	 0.00402727 	 	 
5.07 	 0.00403612 	 	 
5.085 	 0.00404492 	 	 
5.1 	 0.00405367 	 	 
5.115 	 0.00406238 	 	 
5.13 	 0.00407104 	 	 
5.145 	 0.00407965 	 	 
5.16 	 0.00408821 	 	 
5.175 	 0.00409672 	 	 
5.19 	 0.00410518 	 	 
5.205 	 0.00411358 	 	 
5.22 	 0.00412193 	 	 
5.235 	 0.00413022 	 	 
5.25 	 0.00413846 	 	 
5.265 	 0.00414664 	 	 
5.28 	 0.00415477 	 	 
5.295 	 0.00416283 	 	 
5.31 	 0.00417084 	 	 
5.325 	 0.00417879 	 	 
5.34 	 0.00418667 	 	 
5.355 	 0.00419449 	 	 
5.37 	 0.00420225 	 	 
5.385 	 0.00420995 	 	 
5.4 	 0.00421758 	 	 
5.415 	 0.00422514 	 	 
5.43 	 0.00423264 	 	 
5.445 	 0.00424007 	 	 
5.46 	 0.00424743 	 	 
5.475 	 0.00425473 	 	 
5.49 	 0.00426195 	 	 
5.505 	 0.0042691 	 	 
5.52 	 0.00427618 	 	 
5.535 	 0.00428318 	 	 
5.55 	 0.00429012 	 	 
5.565 	 0.00429697 	 	 
5.58 	 0.00430375 	 	 
5.595 	 0.00431046 	 	 
5.61 	 0.00431709 	 	 
5.625 	 0.00432364 	 	 
5.64 	 0.00433011 	 	 
5.655 	 0.0043365 	 	 
5.67 	 0.0043428 	 	 
5.685 	 0.00434903 	 	 
5.7 	 0.00435518 	 	 
5.715 	 0.00436124 	 	 
5.73 	 0.00436721 	 	 
5.745 	 0.0043731 	 	 
5.76 	 0.00437891 	 	 
5.775 	 0.00438462 	 	 
5.79 	 0.00439025 	 	 
5.805 	 0.00439579 	 	 
5.82 	 0.00440124 	 	 
5.835 	 0.0044066 	 	 
5.85 	 0.00441187 	 	 
5.865 	 0.00441704 	 	 
5.88 	 0.00442212 	 	 
5.895 	 0.00442711 	 	 
5.91 	 0.004432 	 	 
5.925 	 0.0044368 	 	 
5.94 	 0.0044415 	 	 
5.955 	 0.0044461 	 	 
5.97 	 0.00445061 	 	 
5.985 	 0.00445501 	 	 
6 	 0.00445932 	 	 
6.015 	 0.00446352 	 	 
6.03 	 0.00446763 	 	 
6.045 	 0.00447163 	 	 
6.06 	 0.00447552 	 	 
6.075 	 0.00447932 	 	 
6.09 	 0.00448301 	 	 
6.105 	 0.00448659 	 	 
6.12 	 0.00449007 	 	 
6.135 	 0.00449344 	 	 
6.15 	 0.0044967 	 	 
6.165 	 0.00449985 	 	 
6.18 	 0.0045029 	 	 
6.195 	 0.00450583 	 	 
6.21 	 0.00450865 	 	 
6.225 	 0.00451137 	 	 
6.24 	 0.00451396 	 	 
6.255 	 0.00451645 	 	 
6.27 	 0.00451882 	 	 
6.285 	 0.00452108 	 	 
6.3 	 0.00452322 	 	 
6.315 	 0.00452525 	 	 
6.33 	 0.00452716 	 	 
6.345 	 0.00452896 	 	 
6.36 	 0.00453063 	 	 
6.375 	 0.00453219 	 	 
6.39 	 0.00453363 	 	 
6.405 	 0.00453495 	 	 
6.42 	 0.00453614 	 	 
6.435 	 0.00453722 	 	 
6.45 	 0.00453818 	 	 
6.465 	 0.00453901 	 	 
6.48 	 0.00453972 	 	 
6.495 	 0.00454031 	 	 
6.51 	 0.00454077 	 	 
6.525 	 0.00454111 	 	 
6.54 	 0.00454132 	 	 
6.555 	 0.00454141 	 	 
6.57 	 0.00454137 	 	 
6.585 	 0.00454121 	 	 
6.6 	 0.00454091 	 	 
6.615 	 0.00454049 	 	 
6.63 	 0.00453994 	 	 
6.645 	 0.00453927 	 	 
6.66 	 0.00453846 	 	 
6.675 	 0.00453753 	 	 
6.69 	 0.00453646 	 	 
6.705 	 0.00453526 	 	 
6.72 	 0.00453394 	 	 
6.735 	 0.00453248 	 	 
6.75 	 0.00453089 	 	 
6.765 	 0.00452916 	 	 
6.78 	 0.00452731 	 	 
6.795 	 0.00452532 	 	 
6.81 	 0.0045232 	 	 
6.825 	 0.00452095 	 	 
6.84 	 0.00451856 	 	 
6.855 	 0.00451603 	 	 
6.87 	 0.00451338 	 	 
6.885 	 0.00451059 	 	 
6.9 	 0.00450766 	 	 
6.915 	 0.0045046 	 	 
6.93 	 0.0045014 	 	 
6.945 	 0.00449806 	 	 
6.96 	 0.00449459 	 	 
6.975 	 0.00449099 	 	 
6.99 	 0.00448725 	 	 
7.005 	 0.00448337 	 	 
7.02 	 0.00447935 	 	 
7.035 	 0.0044752 	 	 
7.05 	 0.00447091 	 	 
7.065 	 0.00446648 	 	 
7.08 	 0.00446192 	 	 
7.095 	 0.00445722 	 	 
7.11 	 0.00445238 	 	 
7.125 	 0.00444741 	 	 
7.14 	 0.00444229 	 	 
7.155 	 0.00443704 	 	 
7.17 	 0.00443165 	 	 
7.185 	 0.00442613 	 	 
7.2 	 0.00442047 	 	 
7.215 	 0.00441467 	 	 
7.23 	 0.00440873 	 	 
7.245 	 0.00440265 	 	 
7.26 	 0.00439644 	 	 
7.275 	 0.00439009 	 	 
7.29 	 0.0043836 	 	 
7.305 	 0.00437698 	 	 
7.32 	 0.00437022 	 	 
7.335 	 0.00436332 	 	 
7.35 	 0.00435629 	 	 
7.365 	 0.00434912 	 	 
7.38 	 0.00434181 	 	 
7.395 	 0.00433437 	 	 
7.41 	 0.0043268 	 	 
7.425 	 0.00431908 	 	 
7.44 	 0.00431124 	 	 
7.455 	 0.00430326 	 	 
7.47 	 0.00429514 	 	 
7.485 	 0.00428689 	 	 
7.5 	 0.00427851 	 	 
7.515 	 0.00426999 	 	 
7.53 	 0.00426134 	 	 
7.545 	 0.00425256 	 	 
7.56 	 0.00424364 	 	 
7.575 	 0.0042346 	 	 
7.59 	 0.00422542 	 	 
7.605 	 0.00421611 	 	 
7.62 	 0.00420667 	 	 
7.635 	 0.00419711 	 	 
7.65 	 0.00418741 	 	 
7.665 	 0.00417758 	 	 
7.68 	 0.00416763 	 	 
7.695 	 0.00415755 	 	 
7.71 	 0.00414734 	 	 
7.725 	 0.004137 	 	 
7.74 	 0.00412654 	 	 
7.755 	 0.00411596 	 	 
7.77 	 0.00410524 	 	 
7.785 	 0.00409441 	 	 
7.8 	 0.00408345 	 	 
7.815 	 0.00407237 	 	 
7.83 	 0.00406117 	 	 
7.845 	 0.00404985 	 	 
7.86 	 0.00403841 	 	 
7.875 	 0.00402684 	 	 
7.89 	 0.00401516 	 	 
7.905 	 0.00400336 	 	 
7.92 	 0.00399145 	 	 
7.935 	 0.00397941 	 	 
7.95 	 0.00396727 	 	 
7.965 	 0.003955 	 	 
7.98 	 0.00394263 	 	 
7.995 	 0.00393014 	 	 
8.01 	 0.00391754 	 	 
8.025 	 0.00390483 	 	 
8.04 	 0.00389201 	 	 
8.055 	 0.00387908 	 	 
8.07 	 0.00386604 	 	 
8.085 	 0.00385289 	 	 
8.1 	 0.00383964 	 	 
8.115 	 0.00382628 	 	 
8.13 	 0.00381282 	 	 
8.145 	 0.00379926 	 	 
8.16 	 0.00378559 	 	 
8.175 	 0.00377183 	 	 
8.19 	 0.00375796 	 	 
8.205 	 0.003744 	 	 
8.22 	 0.00372993 	 	 
8.235 	 0.00371578 	 	 
8.25 	 0.00370152 	 	 
8.265 	 0.00368717 	 	 
8.28 	 0.00367273 	 	 
8.295 	 0.0036582 	 	 
8.31 	 0.00364358 	 	 
8.325 	 0.00362886 	 	 
8.34 	 0.00361406 	 	 
8.355 	 0.00359917 	 	 
8.37 	 0.0035842 	 	 
8.385 	 0.00356914 	 	 
8.4 	 0.003554 	 	 
8.415 	 0.00353878 	 	 
8.43 	 0.00352347 	 	 
8.445 	 0.00350809 	 	 
8.46 	 0.00349263 	 	 
8.475 	 0.00347709 	 	 
8.49 	 0.00346147 	 	 
8.505 	 0.00344579 	 	 
8.52 	 0.00343002 	 	 
8.535 	 0.00341419 	 	 
8.55 	 0.00339829 	 	 
8.565 	 0.00338232 	 	 
8.58 	 0.00336628 	 	 
8.595 	 0.00335018 	 	 
8.61 	 0.00333401 	 	 
8.625 	 0.00331778 	 	 
8.64 	 0.00330148 	 	 
8.655 	 0.00328513 	 	 
8.67 	 0.00326872 	 	 
8.685 	 0.00325225 	 	 
8.7 	 0.00323572 	 	 
8.715 	 0.00321914 	 	 
8.73 	 0.00320251 	 	 
8.745 	 0.00318582 	 	 
8.76 	 0.00316909 	 	 
8.775 	 0.0031523 	 	 
8.79 	 0.00313547 	 	 
8.805 	 0.00311859 	 	 
8.82 	 0.00310167 	 	 
8.835 	 0.00308471 	 	 
8.85 	 0.0030677 	 	 
8.865 	 0.00305065 	 	 
8.88 	 0.00303357 	 	 
8.895 	 0.00301645 	 	 
8.91 	 0.00299929 	 	 
8.925 	 0.0029821 	 	 
8.94 	 0.00296488 	 	 
8.955 	 0.00294763 	 	 
8.97 	 0.00293034 	 	 
8.985 	 0.00291303 	 	 
9 	 0.0028957 	 	 
9.015 	 0.00287834 	 	 
9.03 	 0.00286095 	 	 
9.045 	 0.00284354 	 	 
9.06 	 0.00282612 	 	 
9.075 	 0.00280867 	 	 
9.09 	 0.00279121 	 	 
9.105 	 0.00277373 	 	 
9.12 	 0.00275623 	 	 
9.135 	 0.00273873 	 	 
9.15 	 0.00272121 	 	 
9.165 	 0.00270368 	 	 
9.18 	 0.00268615 	 	 
9.195 	 0.00266861 	 	 
9.21 	 0.00265106 	 	 
9.225 	 0.00263351 	 	 
9.24 	 0.00261595 	 	 
9.255 	 0.0025984 	 	 
9.27 	 0.00258085 	 	 
9.285 	 0.0025633 	 	 
9.3 	 0.00254575 	 	 
9.315 	 0.00252821 	 	 
9.33 	 0.00251067 	 	 
9.345 	 0.00249314 	 	 
9.36 	 0.00247562 	 	 
9.375 	 0.00245812 	 	 
9.39 	 0.00244062 	 	 
9.405 	 0.00242314 	 	 
9.42 	 0.00240567 	 	 
9.435 	 0.00238822 	 	 
9.45 	 0.00237079 	 	 
9.465 	 0.00235338 	 	 
9.48 	 0.00233599 	 	 
9.495 	 0.00231862 	 	 
9.51 	 0.00230128 	 	 
9.525 	 0.00228395 	 	 
9.54 	 0.00226666 	 	 
9.555 	 0.00224939 	 	 
9.57 	 0.00223216 	 	 
9.585 	 0.00221495 	 	 
9.6 	 0.00219778 	 	 
9.615 	 0.00218063 	 	 
9.63 	 0.00216353 	 	 
9.645 	 0.00214646 	 	 
9.66 	 0.00212942 	 	 
9.675 	 0.00211242 	 	 
9.69 	 0.00209547 	 	 
9.705 	 0.00207855 	 	 
9.72 	 0.00206168 	 	 
9.735 	 0.00204485 	 	 
9.75 	 0.00202806 	 	 
9.765 	 0.00201132 	 	 
9.78 	 0.00199462 	 	 
9.795 	 0.00197798 	 	 
9.81 	 0.00196138 	 	 
9.825 	 0.00194484 	 	 
9.84 	 0.00192834 	 	 
9.855 	 0.0019119 	 	 
9.87 	 0.00189551 	 	 
9.885 	 0.00187918 	 	 
9.9 	 0.0018629 	 	 
9.915 	 0.00184668 	 	 
9.93 	 0.00183052 	 	 
9.945 	 0.00181441 	 	 
9.96 	 0.00179837 	 	 
9.975 	 0.00178239 	 	 
9.99 	 0.00176647 	 	 
10.005 	 0.00175061 	 	 
10.02 	 0.00173482 	 	 
10.035 	 0.0017191 	 	 
10.05 	 0.00170343 	 	 
10.065 	 0.00168784 	 	 
10.08 	 0.00167232 	 	 
10.095 	 0.00165686 	 	 
10.11 	 0.00164147 	 	 
10.125 	 0.00162616 	 	 
10.14 	 0.00161091 	 	 
10.155 	 0.00159574 	 	 
10.17 	 0.00158064 	 	 
10.185 	 0.00156562 	 	 
10.2 	 0.00155067 	 	 
10.215 	 0.00153579 	 	 
10.23 	 0.001521 	 	 
10.245 	 0.00150628 	 	 
10.26 	 0.00149163 	 	 
10.275 	 0.00147707 	 	 
10.29 	 0.00146258 	 	 
10.305 	 0.00144818 	 	 
10.32 	 0.00143385 	 	 
10.335 	 0.00141961 	 	 
10.35 	 0.00140545 	 	 
10.365 	 0.00139137 	 	 
10.38 	 0.00137738 	 	 
10.395 	 0.00136346 	 	 
10.41 	 0.00134964 	 	 
10.425 	 0.00133589 	 	 
10.44 	 0.00132224 	 	 
10.455 	 0.00130867 	 	 
10.47 	 0.00129518 	 	 
10.485 	 0.00128178 	 	 
10.5 	 0.00126847 	 	 
10.515 	 0.00125525 	 	 
10.53 	 0.00124211 	 	 
10.545 	 0.00122907 	 	 
10.56 	 0.00121611 	 	 
10.575 	 0.00120324 	 	 
10.59 	 0.00119046 	 	 
10.605 	 0.00117777 	 	 
10.62 	 0.00116518 	 	 
10.635 	 0.00115267 	 	 
10.65 	 0.00114025 	 	 
10.665 	 0.00112792 	 	 
10.68 	 0.00111569 	 	 
10.695 	 0.00110354 	 	 
10.71 	 0.00109149 	 	 
10.725 	 0.00107953 	 	 
10.74 	 0.00106766 	 	 
10.755 	 0.00105588 	 	 
10.77 	 0.00104419 	 	 
10.785 	 0.0010326 	 	 
10.8 	 0.00102109 	 	 
10.815 	 0.00100968 	 	 
10.83 	 0.00099836 	 	 
10.845 	 0.000987132 	 	 
10.86 	 0.000975995 	 	 
10.875 	 0.00096495 	 	 
10.89 	 0.000953996 	 	 
10.905 	 0.000943133 	 	 
10.92 	 0.000932362 	 	 
10.935 	 0.000921682 	 	 
10.95 	 0.000911093 	 	 
10.965 	 0.000900594 	 	 
10.98 	 0.000890186 	 	 
10.995 	 0.000879869 	 	 
11.01 	 0.000869642 	 	 
11.025 	 0.000859505 	 	 
11.04 	 0.000849458 	 	 
11.055 	 0.000839501 	 	 
11.07 	 0.000829633 	 	 
11.085 	 0.000819854 	 	 
11.1 	 0.000810164 	 	 
11.115 	 0.000800562 	 	 
11.13 	 0.000791049 	 	 
11.145 	 0.000781624 	 	 
11.16 	 0.000772287 	 	 
11.175 	 0.000763037 	 	 
11.19 	 0.000753873 	 	 
11.205 	 0.000744797 	 	 
11.22 	 0.000735807 	 	 
11.235 	 0.000726903 	 	 
11.25 	 0.000718085 	 	 
11.265 	 0.000709351 	 	 
11.28 	 0.000700703 	 	 
11.295 	 0.000692139 	 	 
11.31 	 0.000683659 	 	 
11.325 	 0.000675263 	 	 
11.34 	 0.00066695 	 	 
11.355 	 0.00065872 	 	 
11.37 	 0.000650572 	 	 
11.385 	 0.000642506 	 	 
11.4 	 0.000634521 	 	 
11.415 	 0.000626618 	 	 
11.43 	 0.000618796 	 	 
11.445 	 0.000611053 	 	 
11.46 	 0.00060339 	 	 
11.475 	 0.000595807 	 	 
11.49 	 0.000588302 	 	 
11.505 	 0.000580876 	 	 
11.52 	 0.000573527 	 	 
11.535 	 0.000566256 	 	 
11.55 	 0.000559061 	 	 
11.565 	 0.000551943 	 	 
11.58 	 0.000544901 	 	 
11.595 	 0.000537934 	 	 
11.61 	 0.000531042 	 	 
11.625 	 0.000524225 	 	 
11.64 	 0.000517481 	 	 
11.655 	 0.00051081 	 	 
11.67 	 0.000504213 	 	 
11.685 	 0.000497687 	 	 
11.7 	 0.000491234 	 	 
11.715 	 0.000484851 	 	 
11.73 	 0.00047854 	 	 
11.745 	 0.000472298 	 	 
11.76 	 0.000466127 	 	 
11.775 	 0.000460024 	 	 
11.79 	 0.00045399 	 	 
11.805 	 0.000448024 	 	 
11.82 	 0.000442126 	 	 
11.835 	 0.000436294 	 	 
11.85 	 0.00043053 	 	 
11.865 	 0.000424831 	 	 
11.88 	 0.000419197 	 	 
11.895 	 0.000413629 	 	 
11.91 	 0.000408124 	 	 
11.925 	 0.000402684 	 	 
11.94 	 0.000397307 	 	 
11.955 	 0.000391992 	 	 
11.97 	 0.00038674 	 	 
11.985 	 0.000381549 	 	 
12 	 0.00037642 	 	 
12.015 	 0.000371351 	 	 
12.03 	 0.000366342 	 	 
12.045 	 0.000361393 	 	 
12.06 	 0.000356503 	 	 
12.075 	 0.000351671 	 	 
12.09 	 0.000346897 	 	 
12.105 	 0.00034218 	 	 
12.12 	 0.000337521 	 	 
12.135 	 0.000332917 	 	 
12.15 	 0.00032837 	 	 
12.165 	 0.000323878 	 	 
12.18 	 0.00031944 	 	 
12.195 	 0.000315057 	 	 
12.21 	 0.000310728 	 	 
12.225 	 0.000306451 	 	 
12.24 	 0.000302228 	 	 
12.255 	 0.000298056 	 	 
12.27 	 0.000293937 	 	 
12.285 	 0.000289868 	 	 
12.3 	 0.00028585 	 	 
12.315 	 0.000281882 	 	 
12.33 	 0.000277964 	 	 
12.345 	 0.000274095 	 	 
12.36 	 0.000270275 	 	 
12.375 	 0.000266503 	 	 
12.39 	 0.000262778 	 	 
12.405 	 0.000259101 	 	 
12.42 	 0.00025547 	 	 
12.435 	 0.000251886 	 	 
12.45 	 0.000248347 	 	 
12.465 	 0.000244853 	 	 
12.48 	 0.000241404 	 	 
12.495 	 0.000238 	 	 
12.51 	 0.000234639 	 	 
12.525 	 0.000231321 	 	 
12.54 	 0.000228047 	 	 
12.555 	 0.000224814 	 	 
12.57 	 0.000221624 	 	 
12.585 	 0.000218475 	 	 
12.6 	 0.000215367 	 	 
12.615 	 0.0002123 	 	 
12.63 	 0.000209273 	 	 
12.645 	 0.000206286 	 	 
12.66 	 0.000203337 	 	 
12.675 	 0.000200428 	 	 
12.69 	 0.000197557 	 	 
12.705 	 0.000194724 	 	 
12.72 	 0.000191928 	 	 
12.735 	 0.00018917 	 	 
12.75 	 0.000186448 	 	 
12.765 	 0.000183762 	 	 
12.78 	 0.000181112 	 	 
12.795 	 0.000178498 	 	 
12.81 	 0.000175918 	 	 
12.825 	 0.000173373 	 	 
12.84 	 0.000170863 	 	 
12.855 	 0.000168386 	 	 
12.87 	 0.000165942 	 	 
12.885 	 0.000163531 	 	 
12.9 	 0.000161153 	 	 
12.915 	 0.000158808 	 	 
12.93 	 0.000156494 	 	 
12.945 	 0.000154211 	 	 
12.96 	 0.00015196 	 	 
12.975 	 0.000149739 	 	 
12.99 	 0.000147549 	 	 
13.005 	 0.000145388 	 	 
13.02 	 0.000143257 	 	 
13.035 	 0.000141156 	 	 
13.05 	 0.000139083 	 	 
13.065 	 0.000137039 	 	 
13.08 	 0.000135023 	 	 
13.095 	 0.000133035 	 	 
13.11 	 0.000131074 	 	 
13.125 	 0.00012914 	 	 
13.14 	 0.000127234 	 	 
13.155 	 0.000125353 	 	 
13.17 	 0.000123499 	 	 
13.185 	 0.000121671 	 	 
13.2 	 0.000119868 	 	 
13.215 	 0.00011809 	 	 
13.23 	 0.000116338 	 	 
13.245 	 0.000114609 	 	 
13.26 	 0.000112905 	 	 
13.275 	 0.000111225 	 	 
13.29 	 0.000109569 	 	 
13.305 	 0.000107936 	 	 
13.32 	 0.000106326 	 	 
13.335 	 0.000104738 	 	 
13.35 	 0.000103173 	 	 
13.365 	 0.000101631 	 	 
13.38 	 0.00010011 	 	 
13.395 	 9.86104e-05 	 	 
13.41 	 9.71323e-05 	 	 
13.425 	 9.56753e-05 	 	 
13.44 	 9.4239e-05 	 	 
13.455 	 9.28232e-05 	 	 
13.47 	 9.14276e-05 	 	 
13.485 	 9.0052e-05 	 	 
13.5 	 8.8696e-05 	 	 
13.515 	 8.73595e-05 	 	 
13.53 	 8.60421e-05 	 	 
13.545 	 8.47436e-05 	 	 
13.56 	 8.34638e-05 	 	 
13.575 	 8.22025e-05 	 	 
13.59 	 8.09592e-05 	 	 
13.605 	 7.9734e-05 	 	 
13.62 	 7.85264e-05 	 	 
13.635 	 7.73362e-05 	 	 
13.65 	 7.61633e-05 	 	 
13.665 	 7.50074e-05 	 	 
13.68 	 7.38682e-05 	 	 
13.695 	 7.27456e-05 	 	 
13.71 	 7.16393e-05 	 	 
13.725 	 7.0549e-05 	 	 
13.74 	 6.94747e-05 	 	 
13.755 	 6.8416e-05 	 	 
13.77 	 6.73727e-05 	 	 
13.785 	 6.63447e-05 	 	 
13.8 	 6.53317e-05 	 	 
13.815 	 6.43335e-05 	 	 
13.83 	 6.33499e-05 	 	 
13.845 	 6.23808e-05 	 	 
13.86 	 6.14259e-05 	 	 
13.875 	 6.0485e-05 	 	 
13.89 	 5.95579e-05 	 	 
13.905 	 5.86445e-05 	 	 
13.92 	 5.77445e-05 	 	 
13.935 	 5.68578e-05 	 	 
13.95 	 5.59842e-05 	 	 
13.965 	 5.51235e-05 	 	 
13.98 	 5.42755e-05 	 	 
13.995 	 5.344e-05 	 	 
14.01 	 5.2617e-05 	 	 
14.025 	 5.18061e-05 	 	 
14.04 	 5.10072e-05 	 	 
14.055 	 5.02202e-05 	 	 
14.07 	 4.94449e-05 	 	 
14.085 	 4.86811e-05 	 	 
14.1 	 4.79287e-05 	 	 
14.115 	 4.71875e-05 	 	 
14.13 	 4.64574e-05 	 	 
14.145 	 4.57381e-05 	 	 
14.16 	 4.50296e-05 	 	 
14.175 	 4.43317e-05 	 	 
14.19 	 4.36442e-05 	 	 
14.205 	 4.2967e-05 	 	 
14.22 	 4.22999e-05 	 	 
14.235 	 4.16428e-05 	 	 
14.25 	 4.09956e-05 	 	 
14.265 	 4.03581e-05 	 	 
14.28 	 3.97302e-05 	 	 
14.295 	 3.91117e-05 	 	 
14.31 	 3.85025e-05 	 	 
14.325 	 3.79025e-05 	 	 
14.34 	 3.73116e-05 	 	 
14.355 	 3.67295e-05 	 	 
14.37 	 3.61563e-05 	 	 
14.385 	 3.55917e-05 	 	 
14.4 	 3.50356e-05 	 	 
14.415 	 3.44879e-05 	 	 
14.43 	 3.39485e-05 	 	 
14.445 	 3.34173e-05 	 	 
14.46 	 3.28941e-05 	 	 
14.475 	 3.23789e-05 	 	 
14.49 	 3.18714e-05 	 	 
14.505 	 3.13717e-05 	 	 
14.52 	 3.08796e-05 	 	 
14.535 	 3.03949e-05 	 	 
14.55 	 2.99177e-05 	 	 
14.565 	 2.94477e-05 	 	 
14.58 	 2.89848e-05 	 	 
14.595 	 2.8529e-05 	 	 
14.61 	 2.80802e-05 	 	 
14.625 	 2.76382e-05 	 	 
14.64 	 2.72029e-05 	 	 
14.655 	 2.67743e-05 	 	 
14.67 	 2.63523e-05 	 	 
14.685 	 2.59367e-05 	 	 
14.7 	 2.55275e-05 	 	 
14.715 	 2.51245e-05 	 	 
14.73 	 2.47277e-05 	 	 
14.745 	 2.4337e-05 	 	 
14.76 	 2.39523e-05 	 	 
14.775 	 2.35735e-05 	 	 
14.79 	 2.32005e-05 	 	 
14.805 	 2.28333e-05 	 	 
14.82 	 2.24717e-05 	 	 
14.835 	 2.21156e-05 	 	 
14.85 	 2.17651e-05 	 	 
14.865 	 2.14199e-05 	 	 
14.88 	 2.10801e-05 	 	 
14.895 	 2.07455e-05 	 	 
14.91 	 2.04161e-05 	 	 
14.925 	 2.00917e-05 	 	 
14.94 	 1.97724e-05 	 	 
14.955 	 1.9458e-05 	 	 
14.97 	 1.91484e-05 	 	 
14.985 	 1.88437e-05 	 	 
15 	 1.85436e-05 	 	 
15.015 	 1.82482e-05 	 	 
15.03 	 1.79574e-05 	 	 
15.045 	 1.76711e-05 	 	 
15.06 	 1.73892e-05 	 	 
15.075 	 1.71118e-05 	 	 
15.09 	 1.68386e-05 	 	 
15.105 	 1.65696e-05 	 	 
15.12 	 1.63049e-05 	 	 
15.135 	 1.60442e-05 	 	 
15.15 	 1.57876e-05 	 	 
15.165 	 1.5535e-05 	 	 
15.18 	 1.52864e-05 	 	 
15.195 	 1.50416e-05 	 	 
15.21 	 1.48006e-05 	 	 
15.225 	 1.45634e-05 	 	 
15.24 	 1.43298e-05 	 	 
15.255 	 1.41e-05 	 	 
15.27 	 1.38737e-05 	 	 
15.285 	 1.36509e-05 	 	 
15.3 	 1.34316e-05 	 	 
15.315 	 1.32158e-05 	 	 
15.33 	 1.30033e-05 	 	 
15.345 	 1.27942e-05 	 	 
15.36 	 1.25883e-05 	 	 
15.375 	 1.23856e-05 	 	 
15.39 	 1.21862e-05 	 	 
15.405 	 1.19898e-05 	 	 
15.42 	 1.17966e-05 	 	 
15.435 	 1.16063e-05 	 	 
15.45 	 1.14191e-05 	 	 
15.465 	 1.12348e-05 	 	 
15.48 	 1.10533e-05 	 	 
15.495 	 1.08748e-05 	 	 
15.51 	 1.0699e-05 	 	 
15.525 	 1.0526e-05 	 	 
15.54 	 1.03558e-05 	 	 
15.555 	 1.01882e-05 	 	 
15.57 	 1.00232e-05 	 	 
15.585 	 9.86085e-06 	 	 
15.6 	 9.70105e-06 	 	 
15.615 	 9.54377e-06 	 	 
15.63 	 9.38897e-06 	 	 
15.645 	 9.23661e-06 	 	 
15.66 	 9.08666e-06 	 	 
15.675 	 8.93907e-06 	 	 
15.69 	 8.79382e-06 	 	 
15.705 	 8.65086e-06 	 	 
15.72 	 8.51016e-06 	 	 
15.735 	 8.37168e-06 	 	 
15.75 	 8.23539e-06 	 	 
15.765 	 8.10126e-06 	 	 
15.78 	 7.96926e-06 	 	 
15.795 	 7.83934e-06 	 	 
15.81 	 7.71148e-06 	 	 
15.825 	 7.58565e-06 	 	 
15.84 	 7.46181e-06 	 	 
15.855 	 7.33993e-06 	 	 
15.87 	 7.21999e-06 	 	 
15.885 	 7.10195e-06 	 	 
15.9 	 6.98579e-06 	 	 
15.915 	 6.87146e-06 	 	 
15.93 	 6.75896e-06 	 	 
15.945 	 6.64824e-06 	 	 
15.96 	 6.53928e-06 	 	 
15.975 	 6.43206e-06 	 	 
15.99 	 6.32654e-06 	 	 
16.005 	 6.2227e-06 	 	 
16.02 	 6.12051e-06 	 	 
16.035 	 6.01994e-06 	 	 
16.05 	 5.92098e-06 	 	 
16.065 	 5.8236e-06 	 	 
16.08 	 5.72777e-06 	 	 
16.095 	 5.63346e-06 	 	 
16.11 	 5.54066e-06 	 	 
16.125 	 5.44934e-06 	 	 
16.14 	 5.35948e-06 	 	 
16.155 	 5.27105e-06 	 	 
16.17 	 5.18403e-06 	 	 
16.185 	 5.09841e-06 	 	 
16.2 	 5.01415e-06 	 	 
16.215 	 4.93123e-06 	 	 
16.23 	 4.84965e-06 	 	 
16.245 	 4.76937e-06 	 	 
16.26 	 4.69037e-06 	 	 
16.275 	 4.61263e-06 	 	 
16.29 	 4.53614e-06 	 	 
16.305 	 4.46088e-06 	 	 
16.32 	 4.38682e-06 	 	 
16.335 	 4.31395e-06 	 	 
16.35 	 4.24224e-06 	 	 
16.365 	 4.17169e-06 	 	 
16.38 	 4.10226e-06 	 	 
16.395 	 4.03395e-06 	 	 
16.41 	 3.96674e-06 	 	 
16.425 	 3.9006e-06 	 	 
16.44 	 3.83553e-06 	 	 
16.455 	 3.7715e-06 	 	 
16.47 	 3.7085e-06 	 	 
16.485 	 3.64651e-06 	 	 
16.5 	 3.58552e-06 	 	 
16.515 	 3.52551e-06 	 	 
16.53 	 3.46646e-06 	 	 
16.545 	 3.40837e-06 	 	 
16.56 	 3.35121e-06 	 	 
16.575 	 3.29497e-06 	 	 
16.59 	 3.23963e-06 	 	 
16.605 	 3.18519e-06 	 	 
16.62 	 3.13162e-06 	 	 
16.635 	 3.07892e-06 	 	 
16.65 	 3.02706e-06 	 	 
16.665 	 2.97605e-06 	 	 
16.68 	 2.92585e-06 	 	 
16.695 	 2.87647e-06 	 	 
16.71 	 2.82788e-06 	 	 
16.725 	 2.78008e-06 	 	 
16.74 	 2.73305e-06 	 	 
16.755 	 2.68678e-06 	 	 
16.77 	 2.64126e-06 	 	 
16.785 	 2.59647e-06 	 	 
16.8 	 2.55241e-06 	 	 
16.815 	 2.50906e-06 	 	 
16.83 	 2.46641e-06 	 	 
16.845 	 2.42445e-06 	 	 
16.86 	 2.38317e-06 	 	 
16.875 	 2.34256e-06 	 	 
16.89 	 2.30261e-06 	 	 
16.905 	 2.2633e-06 	 	 
16.92 	 2.22463e-06 	 	 
16.935 	 2.18659e-06 	 	 
16.95 	 2.14917e-06 	 	 
16.965 	 2.11235e-06 	 	 
16.98 	 2.07613e-06 	 	 
16.995 	 2.0405e-06 	 	 
17.01 	 2.00545e-06 	 	 
17.025 	 1.97096e-06 	 	 
17.04 	 1.93704e-06 	 	 
17.055 	 1.90367e-06 	 	 
17.07 	 1.87084e-06 	 	 
17.085 	 1.83854e-06 	 	 
17.1 	 1.80677e-06 	 	 
17.115 	 1.77552e-06 	 	 
17.13 	 1.74478e-06 	 	 
17.145 	 1.71454e-06 	 	 
17.16 	 1.68479e-06 	 	 
17.175 	 1.65552e-06 	 	 
17.19 	 1.62673e-06 	 	 
17.205 	 1.59841e-06 	 	 
17.22 	 1.57056e-06 	 	 
17.235 	 1.54316e-06 	 	 
17.25 	 1.5162e-06 	 	 
17.265 	 1.48969e-06 	 	 
17.28 	 1.46361e-06 	 	 
17.295 	 1.43795e-06 	 	 
17.31 	 1.41272e-06 	 	 
17.325 	 1.3879e-06 	 	 
17.34 	 1.36348e-06 	 	 
17.355 	 1.33946e-06 	 	 
17.37 	 1.31584e-06 	 	 
17.385 	 1.29261e-06 	 	 
17.4 	 1.26975e-06 	 	 
17.415 	 1.24727e-06 	 	 
17.43 	 1.22516e-06 	 	 
17.445 	 1.20341e-06 	 	 
17.46 	 1.18202e-06 	 	 
17.475 	 1.16098e-06 	 	 
17.49 	 1.14029e-06 	 	 
17.505 	 1.11993e-06 	 	 
17.52 	 1.09991e-06 	 	 
17.535 	 1.08022e-06 	 	 
17.55 	 1.06086e-06 	 	 
17.565 	 1.04181e-06 	 	 
17.58 	 1.02308e-06 	 	 
17.595 	 1.00465e-06 	 	 
17.61 	 9.86532e-07 	 	 
17.625 	 9.68711e-07 	 	 
17.64 	 9.51184e-07 	 	 
17.655 	 9.33947e-07 	 	 
17.67 	 9.16994e-07 	 	 
17.685 	 9.00322e-07 	 	 
17.7 	 8.83926e-07 	 	 
17.715 	 8.67801e-07 	 	 
17.73 	 8.51943e-07 	 	 
17.745 	 8.36348e-07 	 	 
17.76 	 8.21012e-07 	 	 
17.775 	 8.0593e-07 	 	 
17.79 	 7.91098e-07 	 	 
17.805 	 7.76513e-07 	 	 
17.82 	 7.62171e-07 	 	 
17.835 	 7.48067e-07 	 	 
17.85 	 7.34198e-07 	 	 
17.865 	 7.2056e-07 	 	 
17.88 	 7.07149e-07 	 	 
17.895 	 6.93963e-07 	 	 
17.91 	 6.80996e-07 	 	 
17.925 	 6.68246e-07 	 	 
17.94 	 6.55709e-07 	 	 
17.955 	 6.43381e-07 	 	 
17.97 	 6.31261e-07 	 	 
17.985 	 6.19343e-07 	 	 
18 	 6.07625e-07 	 	 
18.015 	 5.96104e-07 	 	 
18.03 	 5.84776e-07 	 	 
18.045 	 5.73639e-07 	 	 
18.06 	 5.6269e-07 	 	 
18.075 	 5.51925e-07 	 	 
18.09 	 5.41341e-07 	 	 
18.105 	 5.30936e-07 	 	 
18.12 	 5.20707e-07 	 	 
18.135 	 5.1065e-07 	 	 
18.15 	 5.00764e-07 	 	 
18.165 	 4.91046e-07 	 	 
18.18 	 4.81492e-07 	 	 
18.195 	 4.72101e-07 	 	 
18.21 	 4.62869e-07 	 	 
18.225 	 4.53795e-07 	 	 
18.24 	 4.44875e-07 	 	 
18.255 	 4.36107e-07 	 	 
18.27 	 4.27489e-07 	 	 
18.285 	 4.19019e-07 	 	 
18.3 	 4.10694e-07 	 	 
18.315 	 4.02511e-07 	 	 
18.33 	 3.94469e-07 	 	 
18.345 	 3.86565e-07 	 	 
18.36 	 3.78798e-07 	 	 
18.375 	 3.71164e-07 	 	 
18.39 	 3.63663e-07 	 	 
18.405 	 3.56291e-07 	 	 
18.42 	 3.49047e-07 	 	 
18.435 	 3.41928e-07 	 	 
18.45 	 3.34934e-07 	 	 
18.465 	 3.28061e-07 	 	 
18.48 	 3.21308e-07 	 	 
18.495 	 3.14674e-07 	 	 
18.51 	 3.08155e-07 	 	 
18.525 	 3.01751e-07 	 	 
18.54 	 2.9546e-07 	 	 
18.555 	 2.89279e-07 	 	 
18.57 	 2.83208e-07 	 	 
18.585 	 2.77244e-07 	 	 
18.6 	 2.71385e-07 	 	 
18.615 	 2.65631e-07 	 	 
18.63 	 2.5998e-07 	 	 
18.645 	 2.54429e-07 	 	 
18.66 	 2.48978e-07 	 	 
18.675 	 2.43624e-07 	 	 
18.69 	 2.38367e-07 	 	 
18.705 	 2.33205e-07 	 	 
18.72 	 2.28136e-07 	 	 
18.735 	 2.23159e-07 	 	 
18.75 	 2.18272e-07 	 	 
18.765 	 2.13475e-07 	 	 
18.78 	 2.08766e-07 	 	 
18.795 	 2.04143e-07 	 	 
18.81 	 1.99605e-07 	 	 
18.825 	 1.95152e-07 	 	 
18.84 	 1.9078e-07 	 	 
18.855 	 1.86491e-07 	 	 
18.87 	 1.82281e-07 	 	 
18.885 	 1.7815e-07 	 	 
18.9 	 1.74097e-07 	 	 
18.915 	 1.70121e-07 	 	 
18.93 	 1.6622e-07 	 	 
18.945 	 1.62394e-07 	 	 
18.96 	 1.5864e-07 	 	 
18.975 	 1.54959e-07 	 	 
18.99 	 1.51349e-07 	 	 
19.005 	 1.47809e-07 	 	 
19.02 	 1.44338e-07 	 	 
19.035 	 1.40935e-07 	 	 
19.05 	 1.376e-07 	 	 
19.065 	 1.3433e-07 	 	 
19.08 	 1.31125e-07 	 	 
19.095 	 1.27985e-07 	 	 
19.11 	 1.24908e-07 	 	 
19.125 	 1.21893e-07 	 	 
19.14 	 1.18939e-07 	 	 
19.155 	 1.16047e-07 	 	 
19.17 	 1.13214e-07 	 	 
19.185 	 1.10439e-07 	 	 
19.2 	 1.07723e-07 	 	 
19.215 	 1.05065e-07 	 	 
19.23 	 1.02463e-07 	 	 
19.245 	 9.99161e-08 	 	 
19.26 	 9.74246e-08 	 	 
19.275 	 9.49873e-08 	 	 
19.29 	 9.26035e-08 	 	 
19.305 	 9.02725e-08 	 	 
19.32 	 8.79935e-08 	 	 
19.335 	 8.57659e-08 	 	 
19.35 	 8.3589e-08 	 	 
19.365 	 8.14621e-08 	 	 
19.38 	 7.93846e-08 	 	 
19.395 	 7.73559e-08 	 	 
19.41 	 7.53753e-08 	 	 
19.425 	 7.34422e-08 	 	 
19.44 	 7.1556e-08 	 	 
19.455 	 6.97161e-08 	 	 
19.47 	 6.7922e-08 	 	 
19.485 	 6.6173e-08 	 	 
19.5 	 6.44687e-08 	 	 
19.515 	 6.28085e-08 	 	 
19.53 	 6.11918e-08 	 	 
19.545 	 5.96183e-08 	 	 
19.56 	 5.80872e-08 	 	 
19.575 	 5.65982e-08 	 	 
19.59 	 5.51508e-08 	 	 
19.605 	 5.37445e-08 	 	 
19.62 	 5.23788e-08 	 	 
19.635 	 5.10533e-08 	 	 
19.65 	 4.97675e-08 	 	 
19.665 	 4.85211e-08 	 	 
19.68 	 4.73136e-08 	 	 
19.695 	 4.61445e-08 	 	 
19.71 	 4.50136e-08 	 	 
19.725 	 4.39203e-08 	 	 
19.74 	 4.28644e-08 	 	 
19.755 	 4.18454e-08 	 	 
19.77 	 4.08631e-08 	 	 
19.785 	 3.99169e-08 	 	 
19.8 	 3.90067e-08 	 	 
19.815 	 3.8132e-08 	 	 
19.83 	 3.72926e-08 	 	 
19.845 	 3.6488e-08 	 	 
19.86 	 3.57182e-08 	 	 
19.875 	 3.49826e-08 	 	 
19.89 	 3.42811e-08 	 	 
19.905 	 3.36133e-08 	 	 
19.92 	 3.29791e-08 	 	 
19.935 	 3.23781e-08 	 	 
19.95 	 3.181e-08 	 	 
19.965 	 3.12747e-08 	 	 
19.98 	 3.07719e-08 	 	 
