0 	 0.00499528 	 	 
0.015 	 0.00499515 	 	 
0.03 	 0.00499493 	 	 
0.045 	 0.00499463 	 	 
0.06 	 0.00499425 	 	 
0.075 	 0.00499378 	 	 
0.09 	 0.00499322 	 	 
0.105 	 0.00499258 	 	 
0.12 	 0.00499186 	 	 
0.135 	 0.00499104 	 	 
0.15 	 0.00499015 	 	 
0.165 	 0.00498916 	 	 
0.18 	 0.0049881 	 	 
0.195 	 0.00498694 	 	 
0.21 	 0.0049857 	 	 
0.225 	 0.00498438 	 	 
0.24 	 0.00498297 	 	 
0.255 	 0.00498148 	 	 
0.27 	 0.0049799 	 	 
0.285 	 0.00497824 	 	 
0.3 	 0.00497649 	 	 
0.315 	 0.00497466 	 	 
0.33 	 0.00497274 	 	 
0.345 	 0.00497074 	 	 
0.36 	 0.00496865 	 	 
0.375 	 0.00496648 	 	 
0.39 	 0.00496423 	 	 
0.405 	 0.00496189 	 	 
0.42 	 0.00495947 	 	 
0.435 	 0.00495697 	 	 
0.45 	 0.00495438 	 	 
0.465 	 0.00495171 	 	 
0.48 	 0.00494895 	 	 
0.495 	 0.00494612 	 	 
0.51 	 0.0049432 	 	 
0.525 	 0.0049402 	 	 
0.54 	 0.00493712 	 	 
0.555 	 0.00493395 	 	 
0.57 	 0.0049307 	 	 
0.585 	 0.00492738 	 	 
0.6 	 0.00492397 	 	 
0.615 	 0.00492048 	 	 
0.63 	 0.00491691 	 	 
0.645 	 0.00491326 	 	 
0.66 	 0.00490953 	 	 
0.675 	 0.00490571 	 	 
0.69 	 0.00490182 	 	 
0.705 	 0.00489786 	 	 
0.72 	 0.00489381 	 	 
0.735 	 0.00488968 	 	 
0.75 	 0.00488548 	 	 
0.765 	 0.00488119 	 	 
0.78 	 0.00487683 	 	 
0.795 	 0.0048724 	 	 
0.81 	 0.00486788 	 	 
0.825 	 0.00486329 	 	 
0.84 	 0.00485862 	 	 
0.855 	 0.00485388 	 	 
0.87 	 0.00484906 	 	 
0.885 	 0.00484417 	 	 
0.9 	 0.0048392 	 	 
0.915 	 0.00483416 	 	 
0.93 	 0.00482904 	 	 
0.945 	 0.00482386 	 	 
0.96 	 0.00481859 	 	 
0.975 	 0.00481326 	 	 
0.99 	 0.00480785 	 	 
1.005 	 0.00480237 	 	 
1.02 	 0.00479682 	 	 
1.035 	 0.0047912 	 	 
1.05 	 0.00478551 	 	 
1.065 	 0.00477975 	 	 
1.08 	 0.00477392 	 	 
1.095 	 0.00476802 	 	 
1.11 	 0.00476205 	 	 
1.125 	 0.00475602 	 	 
1.14 	 0.00474992 	 	 
1.155 	 0.00474375 	 	 
1.17 	 0.00473751 	 	 
1.185 	 0.00473121 	 	 
1.2 	 0.00472484 	 	 
1.215 	 0.00471841 	 	 
1.23 	 0.00471191 	 	 
1.245 	 0.00470535 	 	 
1.26 	 0.00469873 	 	 
1.275 	 0.00469204 	 	 
1.29 	 0.00468529 	 	 
1.305 	 0.00467848 	 	 
1.32 	 0.00467161 	 	 
1.335 	 0.00466468 	 	 
1.35 	 0.00465769 	 	 
1.365 	 0.00465064 	 	 
1.38 	 0.00464353 	 	 
1.395 	 0.00463636 	 	 
1.41 	 0.00462914 	 	 
1.425 	 0.00462186 	 	 
1.44 	 0.00461452 	 	 
1.455 	 0.00460713 	 	 
1.47 	 0.00459968 	 	 
1.485 	 0.00459218 	 	 
1.5 	 0.00458462 	 	 
1.515 	 0.00457701 	 	 
1.53 	 0.00456935 	 	 
1.545 	 0.00456164 	 	 
1.56 	 0.00455388 	 	 
1.575 	 0.00454606 	 	 
1.59 	 0.0045382 	 	 
1.605 	 0.00453029 	 	 
1.62 	 0.00452233 	 	 
1.635 	 0.00451432 	 	 
1.65 	 0.00450627 	 	 
1.665 	 0.00449817 	 	 
1.68 	 0.00449002 	 	 
1.695 	 0.00448183 	 	 
1.71 	 0.0044736 	 	 
1.725 	 0.00446532 	 	 
1.74 	 0.004457 	 	 
1.755 	 0.00444864 	 	 
1.77 	 0.00444024 	 	 
1.785 	 0.00443179 	 	 
1.8 	 0.00442331 	 	 
1.815 	 0.00441479 	 	 
1.83 	 0.00440623 	 	 
1.845 	 0.00439763 	 	 
1.86 	 0.004389 	 	 
1.875 	 0.00438033 	 	 
1.89 	 0.00437163 	 	 
1.905 	 0.00436289 	 	 
1.92 	 0.00435412 	 	 
1.935 	 0.00434531 	 	 
1.95 	 0.00433648 	 	 
1.965 	 0.00432761 	 	 
1.98 	 0.00431871 	 	 
1.995 	 0.00430979 	 	 
2.01 	 0.00430083 	 	 
2.025 	 0.00429185 	 	 
2.04 	 0.00428284 	 	 
2.055 	 0.0042738 	 	 
2.07 	 0.00426474 	 	 
2.085 	 0.00425565 	 	 
2.1 	 0.00424654 	 	 
2.115 	 0.00423741 	 	 
2.13 	 0.00422825 	 	 
2.145 	 0.00421908 	 	 
2.16 	 0.00420988 	 	 
2.175 	 0.00420067 	 	 
2.19 	 0.00419143 	 	 
2.205 	 0.00418218 	 	 
2.22 	 0.00417291 	 	 
2.235 	 0.00416362 	 	 
2.25 	 0.00415432 	 	 
2.265 	 0.004145 	 	 
2.28 	 0.00413567 	 	 
2.295 	 0.00412633 	 	 
2.31 	 0.00411698 	 	 
2.325 	 0.00410761 	 	 
2.34 	 0.00409823 	 	 
2.355 	 0.00408885 	 	 
2.37 	 0.00407946 	 	 
2.385 	 0.00407005 	 	 
2.4 	 0.00406065 	 	 
2.415 	 0.00405123 	 	 
2.43 	 0.00404181 	 	 
2.445 	 0.00403239 	 	 
2.46 	 0.00402296 	 	 
2.475 	 0.00401353 	 	 
2.49 	 0.0040041 	 	 
2.505 	 0.00399467 	 	 
2.52 	 0.00398524 	 	 
2.535 	 0.00397581 	 	 
2.55 	 0.00396638 	 	 
2.565 	 0.00395696 	 	 
2.58 	 0.00394753 	 	 
2.595 	 0.00393812 	 	 
2.61 	 0.0039287 	 	 
2.625 	 0.0039193 	 	 
2.64 	 0.0039099 	 	 
2.655 	 0.00390051 	 	 
2.67 	 0.00389113 	 	 
2.685 	 0.00388175 	 	 
2.7 	 0.00387239 	 	 
2.715 	 0.00386304 	 	 
2.73 	 0.0038537 	 	 
2.745 	 0.00384438 	 	 
2.76 	 0.00383507 	 	 
2.775 	 0.00382577 	 	 
2.79 	 0.00381649 	 	 
2.805 	 0.00380723 	 	 
2.82 	 0.00379799 	 	 
2.835 	 0.00378876 	 	 
2.85 	 0.00377955 	 	 
2.865 	 0.00377036 	 	 
2.88 	 0.0037612 	 	 
2.895 	 0.00375205 	 	 
2.91 	 0.00374293 	 	 
2.925 	 0.00373383 	 	 
2.94 	 0.00372476 	 	 
2.955 	 0.00371571 	 	 
2.97 	 0.00370668 	 	 
2.985 	 0.00369769 	 	 
3 	 0.00368872 	 	 
3.015 	 0.00367978 	 	 
3.03 	 0.00367087 	 	 
3.045 	 0.00366199 	 	 
3.06 	 0.00365314 	 	 
3.075 	 0.00364432 	 	 
3.09 	 0.00363554 	 	 
3.105 	 0.00362679 	 	 
3.12 	 0.00361807 	 	 
3.135 	 0.00360939 	 	 
3.15 	 0.00360074 	 	 
3.165 	 0.00359213 	 	 
3.18 	 0.00358356 	 	 
3.195 	 0.00357503 	 	 
3.21 	 0.00356653 	 	 
3.225 	 0.00355808 	 	 
3.24 	 0.00354967 	 	 
3.255 	 0.0035413 	 	 
3.27 	 0.00353297 	 	 
3.285 	 0.00352468 	 	 
3.3 	 0.00351644 	 	 
3.315 	 0.00350824 	 	 
3.33 	 0.00350009 	 	 
3.345 	 0.00349198 	 	 
3.36 	 0.00348392 	 	 
3.375 	 0.00347591 	 	 
3.39 	 0.00346794 	 	 
3.405 	 0.00346003 	 	 
3.42 	 0.00345216 	 	 
3.435 	 0.00344435 	 	 
3.45 	 0.00343659 	 	 
3.465 	 0.00342887 	 	 
3.48 	 0.00342121 	 	 
3.495 	 0.00341361 	 	 
3.51 	 0.00340606 	 	 
3.525 	 0.00339856 	 	 
3.54 	 0.00339112 	 	 
3.555 	 0.00338373 	 	 
3.57 	 0.0033764 	 	 
3.585 	 0.00336913 	 	 
3.6 	 0.00336192 	 	 
3.615 	 0.00335477 	 	 
3.63 	 0.00334767 	 	 
3.645 	 0.00334064 	 	 
3.66 	 0.00333366 	 	 
3.675 	 0.00332675 	 	 
3.69 	 0.0033199 	 	 
3.705 	 0.00331311 	 	 
3.72 	 0.00330638 	 	 
3.735 	 0.00329972 	 	 
3.75 	 0.00329312 	 	 
3.765 	 0.00328659 	 	 
3.78 	 0.00328013 	 	 
3.795 	 0.00327373 	 	 
3.81 	 0.00326739 	 	 
3.825 	 0.00326112 	 	 
3.84 	 0.00325493 	 	 
3.855 	 0.0032488 	 	 
3.87 	 0.00324273 	 	 
3.885 	 0.00323674 	 	 
3.9 	 0.00323082 	 	 
3.915 	 0.00322497 	 	 
3.93 	 0.00321919 	 	 
3.945 	 0.00321348 	 	 
3.96 	 0.00320784 	 	 
3.975 	 0.00320228 	 	 
3.99 	 0.00319679 	 	 
4.005 	 0.00319137 	 	 
4.02 	 0.00318603 	 	 
4.035 	 0.00318076 	 	 
4.05 	 0.00317557 	 	 
4.065 	 0.00317045 	 	 
4.08 	 0.0031654 	 	 
4.095 	 0.00316044 	 	 
4.11 	 0.00315555 	 	 
4.125 	 0.00315073 	 	 
4.14 	 0.003146 	 	 
4.155 	 0.00314134 	 	 
4.17 	 0.00313676 	 	 
4.185 	 0.00313226 	 	 
4.2 	 0.00312784 	 	 
4.215 	 0.0031235 	 	 
4.23 	 0.00311924 	 	 
4.245 	 0.00311506 	 	 
4.26 	 0.00311096 	 	 
4.275 	 0.00310693 	 	 
4.29 	 0.003103 	 	 
4.305 	 0.00309914 	 	 
4.32 	 0.00309536 	 	 
4.335 	 0.00309167 	 	 
4.35 	 0.00308806 	 	 
4.365 	 0.00308453 	 	 
4.38 	 0.00308108 	 	 
4.395 	 0.00307772 	 	 
4.41 	 0.00307444 	 	 
4.425 	 0.00307125 	 	 
4.44 	 0.00306814 	 	 
4.455 	 0.00306511 	 	 
4.47 	 0.00306217 	 	 
4.485 	 0.00305931 	 	 
4.5 	 0.00305654 	 	 
4.515 	 0.00305385 	 	 
4.53 	 0.00305125 	 	 
4.545 	 0.00304874 	 	 
4.56 	 0.00304631 	 	 
4.575 	 0.00304396 	 	 
4.59 	 0.0030417 	 	 
4.605 	 0.00303953 	 	 
4.62 	 0.00303745 	 	 
4.635 	 0.00303545 	 	 
4.65 	 0.00303354 	 	 
4.665 	 0.00303171 	 	 
4.68 	 0.00302997 	 	 
4.695 	 0.00302832 	 	 
4.71 	 0.00302676 	 	 
4.725 	 0.00302528 	 	 
4.74 	 0.00302389 	 	 
4.755 	 0.00302259 	 	 
4.77 	 0.00302138 	 	 
4.785 	 0.00302025 	 	 
4.8 	 0.00301921 	 	 
4.815 	 0.00301826 	 	 
4.83 	 0.00301739 	 	 
4.845 	 0.00301662 	 	 
4.86 	 0.00301593 	 	 
4.875 	 0.00301533 	 	 
4.89 	 0.00301481 	 	 
4.905 	 0.00301439 	 	 
4.92 	 0.00301405 	 	 
4.935 	 0.0030138 	 	 
4.95 	 0.00301363 	 	 
4.965 	 0.00301356 	 	 
4.98 	 0.00301357 	 	 
4.995 	 0.00301367 	 	 
5.01 	 0.00301386 	 	 
5.025 	 0.00301413 	 	 
5.04 	 0.00301449 	 	 
5.055 	 0.00301494 	 	 
5.07 	 0.00301547 	 	 
5.085 	 0.0030161 	 	 
5.1 	 0.00301681 	 	 
5.115 	 0.0030176 	 	 
5.13 	 0.00301848 	 	 
5.145 	 0.00301945 	 	 
5.16 	 0.00302051 	 	 
5.175 	 0.00302165 	 	 
5.19 	 0.00302287 	 	 
5.205 	 0.00302419 	 	 
5.22 	 0.00302558 	 	 
5.235 	 0.00302707 	 	 
5.25 	 0.00302864 	 	 
5.265 	 0.00303029 	 	 
5.28 	 0.00303203 	 	 
5.295 	 0.00303385 	 	 
5.31 	 0.00303576 	 	 
5.325 	 0.00303775 	 	 
5.34 	 0.00303982 	 	 
5.355 	 0.00304198 	 	 
5.37 	 0.00304422 	 	 
5.385 	 0.00304655 	 	 
5.4 	 0.00304895 	 	 
5.415 	 0.00305144 	 	 
5.43 	 0.00305401 	 	 
5.445 	 0.00305667 	 	 
5.46 	 0.0030594 	 	 
5.475 	 0.00306222 	 	 
5.49 	 0.00306512 	 	 
5.505 	 0.00306809 	 	 
5.52 	 0.00307115 	 	 
5.535 	 0.00307429 	 	 
5.55 	 0.00307751 	 	 
5.565 	 0.0030808 	 	 
5.58 	 0.00308418 	 	 
5.595 	 0.00308763 	 	 
5.61 	 0.00309116 	 	 
5.625 	 0.00309477 	 	 
5.64 	 0.00309846 	 	 
5.655 	 0.00310222 	 	 
5.67 	 0.00310606 	 	 
5.685 	 0.00310997 	 	 
5.7 	 0.00311397 	 	 
5.715 	 0.00311803 	 	 
5.73 	 0.00312217 	 	 
5.745 	 0.00312639 	 	 
5.76 	 0.00313068 	 	 
5.775 	 0.00313504 	 	 
5.79 	 0.00313947 	 	 
5.805 	 0.00314398 	 	 
5.82 	 0.00314856 	 	 
5.835 	 0.00315321 	 	 
5.85 	 0.00315793 	 	 
5.865 	 0.00316272 	 	 
5.88 	 0.00316758 	 	 
5.895 	 0.00317251 	 	 
5.91 	 0.00317751 	 	 
5.925 	 0.00318258 	 	 
5.94 	 0.00318771 	 	 
5.955 	 0.00319291 	 	 
5.97 	 0.00319818 	 	 
5.985 	 0.00320352 	 	 
6 	 0.00320892 	 	 
6.015 	 0.00321438 	 	 
6.03 	 0.00321991 	 	 
6.045 	 0.00322551 	 	 
6.06 	 0.00323116 	 	 
6.075 	 0.00323688 	 	 
6.09 	 0.00324266 	 	 
6.105 	 0.0032485 	 	 
6.12 	 0.00325441 	 	 
6.135 	 0.00326037 	 	 
6.15 	 0.00326639 	 	 
6.165 	 0.00327247 	 	 
6.18 	 0.00327861 	 	 
6.195 	 0.00328481 	 	 
6.21 	 0.00329106 	 	 
6.225 	 0.00329737 	 	 
6.24 	 0.00330373 	 	 
6.255 	 0.00331015 	 	 
6.27 	 0.00331663 	 	 
6.285 	 0.00332315 	 	 
6.3 	 0.00332973 	 	 
6.315 	 0.00333636 	 	 
6.33 	 0.00334305 	 	 
6.345 	 0.00334978 	 	 
6.36 	 0.00335657 	 	 
6.375 	 0.0033634 	 	 
6.39 	 0.00337028 	 	 
6.405 	 0.00337721 	 	 
6.42 	 0.00338419 	 	 
6.435 	 0.00339121 	 	 
6.45 	 0.00339828 	 	 
6.465 	 0.00340539 	 	 
6.48 	 0.00341255 	 	 
6.495 	 0.00341975 	 	 
6.51 	 0.00342699 	 	 
6.525 	 0.00343427 	 	 
6.54 	 0.0034416 	 	 
6.555 	 0.00344896 	 	 
6.57 	 0.00345637 	 	 
6.585 	 0.00346381 	 	 
6.6 	 0.00347129 	 	 
6.615 	 0.00347881 	 	 
6.63 	 0.00348636 	 	 
6.645 	 0.00349395 	 	 
6.66 	 0.00350158 	 	 
6.675 	 0.00350924 	 	 
6.69 	 0.00351693 	 	 
6.705 	 0.00352465 	 	 
6.72 	 0.0035324 	 	 
6.735 	 0.00354019 	 	 
6.75 	 0.003548 	 	 
6.765 	 0.00355584 	 	 
6.78 	 0.00356371 	 	 
6.795 	 0.00357161 	 	 
6.81 	 0.00357953 	 	 
6.825 	 0.00358748 	 	 
6.84 	 0.00359545 	 	 
6.855 	 0.00360345 	 	 
6.87 	 0.00361146 	 	 
6.885 	 0.0036195 	 	 
6.9 	 0.00362756 	 	 
6.915 	 0.00363564 	 	 
6.93 	 0.00364374 	 	 
6.945 	 0.00365186 	 	 
6.96 	 0.00365999 	 	 
6.975 	 0.00366814 	 	 
6.99 	 0.00367631 	 	 
7.005 	 0.00368449 	 	 
7.02 	 0.00369268 	 	 
7.035 	 0.00370089 	 	 
7.05 	 0.0037091 	 	 
7.065 	 0.00371733 	 	 
7.08 	 0.00372557 	 	 
7.095 	 0.00373381 	 	 
7.11 	 0.00374207 	 	 
7.125 	 0.00375033 	 	 
7.14 	 0.00375859 	 	 
7.155 	 0.00376686 	 	 
7.17 	 0.00377514 	 	 
7.185 	 0.00378342 	 	 
7.2 	 0.0037917 	 	 
7.215 	 0.00379998 	 	 
7.23 	 0.00380826 	 	 
7.245 	 0.00381654 	 	 
7.26 	 0.00382482 	 	 
7.275 	 0.00383309 	 	 
7.29 	 0.00384136 	 	 
7.305 	 0.00384963 	 	 
7.32 	 0.00385789 	 	 
7.335 	 0.00386615 	 	 
7.35 	 0.00387439 	 	 
7.365 	 0.00388263 	 	 
7.38 	 0.00389086 	 	 
7.395 	 0.00389907 	 	 
7.41 	 0.00390728 	 	 
7.425 	 0.00391547 	 	 
7.44 	 0.00392364 	 	 
7.455 	 0.00393181 	 	 
7.47 	 0.00393995 	 	 
7.485 	 0.00394808 	 	 
7.5 	 0.00395619 	 	 
7.515 	 0.00396429 	 	 
7.53 	 0.00397236 	 	 
7.545 	 0.00398041 	 	 
7.56 	 0.00398844 	 	 
7.575 	 0.00399644 	 	 
7.59 	 0.00400443 	 	 
7.605 	 0.00401238 	 	 
7.62 	 0.00402031 	 	 
7.635 	 0.00402822 	 	 
7.65 	 0.00403609 	 	 
7.665 	 0.00404394 	 	 
7.68 	 0.00405175 	 	 
7.695 	 0.00405953 	 	 
7.71 	 0.00406728 	 	 
7.725 	 0.004075 	 	 
7.74 	 0.00408268 	 	 
7.755 	 0.00409033 	 	 
7.77 	 0.00409794 	 	 
7.785 	 0.00410551 	 	 
7.8 	 0.00411304 	 	 
7.815 	 0.00412054 	 	 
7.83 	 0.00412799 	 	 
7.845 	 0.0041354 	 	 
7.86 	 0.00414276 	 	 
7.875 	 0.00415009 	 	 
7.89 	 0.00415736 	 	 
7.905 	 0.00416459 	 	 
7.92 	 0.00417178 	 	 
7.935 	 0.00417891 	 	 
7.95 	 0.004186 	 	 
7.965 	 0.00419303 	 	 
7.98 	 0.00420002 	 	 
7.995 	 0.00420695 	 	 
8.01 	 0.00421382 	 	 
8.025 	 0.00422065 	 	 
8.04 	 0.00422741 	 	 
8.055 	 0.00423412 	 	 
8.07 	 0.00424077 	 	 
8.085 	 0.00424737 	 	 
8.1 	 0.0042539 	 	 
8.115 	 0.00426037 	 	 
8.13 	 0.00426678 	 	 
8.145 	 0.00427313 	 	 
8.16 	 0.00427941 	 	 
8.175 	 0.00428562 	 	 
8.19 	 0.00429177 	 	 
8.205 	 0.00429786 	 	 
8.22 	 0.00430387 	 	 
8.235 	 0.00430982 	 	 
8.25 	 0.00431569 	 	 
8.265 	 0.00432149 	 	 
8.28 	 0.00432723 	 	 
8.295 	 0.00433288 	 	 
8.31 	 0.00433846 	 	 
8.325 	 0.00434397 	 	 
8.34 	 0.0043494 	 	 
8.355 	 0.00435475 	 	 
8.37 	 0.00436003 	 	 
8.385 	 0.00436522 	 	 
8.4 	 0.00437034 	 	 
8.415 	 0.00437537 	 	 
8.43 	 0.00438032 	 	 
8.445 	 0.00438518 	 	 
8.46 	 0.00438996 	 	 
8.475 	 0.00439466 	 	 
8.49 	 0.00439926 	 	 
8.505 	 0.00440379 	 	 
8.52 	 0.00440822 	 	 
8.535 	 0.00441256 	 	 
8.55 	 0.00441681 	 	 
8.565 	 0.00442097 	 	 
8.58 	 0.00442504 	 	 
8.595 	 0.00442901 	 	 
8.61 	 0.00443289 	 	 
8.625 	 0.00443668 	 	 
8.64 	 0.00444036 	 	 
8.655 	 0.00444396 	 	 
8.67 	 0.00444745 	 	 
8.685 	 0.00445084 	 	 
8.7 	 0.00445413 	 	 
8.715 	 0.00445733 	 	 
8.73 	 0.00446042 	 	 
8.745 	 0.00446341 	 	 
8.76 	 0.00446629 	 	 
8.775 	 0.00446907 	 	 
8.79 	 0.00447175 	 	 
8.805 	 0.00447431 	 	 
8.82 	 0.00447678 	 	 
8.835 	 0.00447913 	 	 
8.85 	 0.00448137 	 	 
8.865 	 0.00448351 	 	 
8.88 	 0.00448553 	 	 
8.895 	 0.00448745 	 	 
8.91 	 0.00448925 	 	 
8.925 	 0.00449094 	 	 
8.94 	 0.00449251 	 	 
8.955 	 0.00449397 	 	 
8.97 	 0.00449532 	 	 
8.985 	 0.00449654 	 	 
9 	 0.00449766 	 	 
9.015 	 0.00449865 	 	 
9.03 	 0.00449953 	 	 
9.045 	 0.00450028 	 	 
9.06 	 0.00450092 	 	 
9.075 	 0.00450144 	 	 
9.09 	 0.00450183 	 	 
9.105 	 0.00450211 	 	 
9.12 	 0.00450226 	 	 
9.135 	 0.00450229 	 	 
9.15 	 0.00450219 	 	 
9.165 	 0.00450197 	 	 
9.18 	 0.00450163 	 	 
9.195 	 0.00450116 	 	 
9.21 	 0.00450056 	 	 
9.225 	 0.00449983 	 	 
9.24 	 0.00449898 	 	 
9.255 	 0.004498 	 	 
9.27 	 0.00449689 	 	 
9.285 	 0.00449565 	 	 
9.3 	 0.00449428 	 	 
9.315 	 0.00449278 	 	 
9.33 	 0.00449115 	 	 
9.345 	 0.00448939 	 	 
9.36 	 0.0044875 	 	 
9.375 	 0.00448547 	 	 
9.39 	 0.00448332 	 	 
9.405 	 0.00448102 	 	 
9.42 	 0.0044786 	 	 
9.435 	 0.00447604 	 	 
9.45 	 0.00447334 	 	 
9.465 	 0.00447051 	 	 
9.48 	 0.00446755 	 	 
9.495 	 0.00446445 	 	 
9.51 	 0.00446121 	 	 
9.525 	 0.00445784 	 	 
9.54 	 0.00445433 	 	 
9.555 	 0.00445068 	 	 
9.57 	 0.0044469 	 	 
9.585 	 0.00444298 	 	 
9.6 	 0.00443892 	 	 
9.615 	 0.00443472 	 	 
9.63 	 0.00443038 	 	 
9.645 	 0.00442591 	 	 
9.66 	 0.00442129 	 	 
9.675 	 0.00441654 	 	 
9.69 	 0.00441165 	 	 
9.705 	 0.00440662 	 	 
9.72 	 0.00440145 	 	 
9.735 	 0.00439614 	 	 
9.75 	 0.00439069 	 	 
9.765 	 0.0043851 	 	 
9.78 	 0.00437937 	 	 
9.795 	 0.0043735 	 	 
9.81 	 0.0043675 	 	 
9.825 	 0.00436135 	 	 
9.84 	 0.00435506 	 	 
9.855 	 0.00434863 	 	 
9.87 	 0.00434206 	 	 
9.885 	 0.00433536 	 	 
9.9 	 0.00432851 	 	 
9.915 	 0.00432152 	 	 
9.93 	 0.0043144 	 	 
9.945 	 0.00430713 	 	 
9.96 	 0.00429973 	 	 
9.975 	 0.00429218 	 	 
9.99 	 0.0042845 	 	 
10.005 	 0.00427668 	 	 
10.02 	 0.00426872 	 	 
10.035 	 0.00426062 	 	 
10.05 	 0.00425239 	 	 
10.065 	 0.00424402 	 	 
10.08 	 0.00423551 	 	 
10.095 	 0.00422686 	 	 
10.11 	 0.00421808 	 	 
10.125 	 0.00420916 	 	 
10.14 	 0.0042001 	 	 
10.155 	 0.00419091 	 	 
10.17 	 0.00418159 	 	 
10.185 	 0.00417213 	 	 
10.2 	 0.00416253 	 	 
10.215 	 0.0041528 	 	 
10.23 	 0.00414294 	 	 
10.245 	 0.00413295 	 	 
10.26 	 0.00412282 	 	 
10.275 	 0.00411256 	 	 
10.29 	 0.00410217 	 	 
10.305 	 0.00409165 	 	 
10.32 	 0.004081 	 	 
10.335 	 0.00407023 	 	 
10.35 	 0.00405932 	 	 
10.365 	 0.00404828 	 	 
10.38 	 0.00403712 	 	 
10.395 	 0.00402583 	 	 
10.41 	 0.00401442 	 	 
10.425 	 0.00400288 	 	 
10.44 	 0.00399121 	 	 
10.455 	 0.00397943 	 	 
10.47 	 0.00396752 	 	 
10.485 	 0.00395548 	 	 
10.5 	 0.00394333 	 	 
10.515 	 0.00393106 	 	 
10.53 	 0.00391866 	 	 
10.545 	 0.00390615 	 	 
10.56 	 0.00389352 	 	 
10.575 	 0.00388078 	 	 
10.59 	 0.00386792 	 	 
10.605 	 0.00385494 	 	 
10.62 	 0.00384185 	 	 
10.635 	 0.00382865 	 	 
10.65 	 0.00381533 	 	 
10.665 	 0.0038019 	 	 
10.68 	 0.00378837 	 	 
10.695 	 0.00377472 	 	 
10.71 	 0.00376097 	 	 
10.725 	 0.00374711 	 	 
10.74 	 0.00373315 	 	 
10.755 	 0.00371908 	 	 
10.77 	 0.00370491 	 	 
10.785 	 0.00369064 	 	 
10.8 	 0.00367627 	 	 
10.815 	 0.00366179 	 	 
10.83 	 0.00364722 	 	 
10.845 	 0.00363255 	 	 
10.86 	 0.00361779 	 	 
10.875 	 0.00360293 	 	 
10.89 	 0.00358798 	 	 
10.905 	 0.00357293 	 	 
10.92 	 0.0035578 	 	 
10.935 	 0.00354257 	 	 
10.95 	 0.00352726 	 	 
10.965 	 0.00351186 	 	 
10.98 	 0.00349638 	 	 
10.995 	 0.00348081 	 	 
11.01 	 0.00346515 	 	 
11.025 	 0.00344942 	 	 
11.04 	 0.00343361 	 	 
11.055 	 0.00341771 	 	 
11.07 	 0.00340175 	 	 
11.085 	 0.0033857 	 	 
11.1 	 0.00336958 	 	 
11.115 	 0.00335339 	 	 
11.13 	 0.00333713 	 	 
11.145 	 0.00332079 	 	 
11.16 	 0.00330439 	 	 
11.175 	 0.00328793 	 	 
11.19 	 0.00327139 	 	 
11.205 	 0.0032548 	 	 
11.22 	 0.00323814 	 	 
11.235 	 0.00322142 	 	 
11.25 	 0.00320464 	 	 
11.265 	 0.0031878 	 	 
11.28 	 0.00317091 	 	 
11.295 	 0.00315396 	 	 
11.31 	 0.00313696 	 	 
11.325 	 0.00311991 	 	 
11.34 	 0.00310281 	 	 
11.355 	 0.00308566 	 	 
11.37 	 0.00306847 	 	 
11.385 	 0.00305122 	 	 
11.4 	 0.00303394 	 	 
11.415 	 0.00301661 	 	 
11.43 	 0.00299925 	 	 
11.445 	 0.00298184 	 	 
11.46 	 0.0029644 	 	 
11.475 	 0.00294693 	 	 
11.49 	 0.00292942 	 	 
11.505 	 0.00291187 	 	 
11.52 	 0.0028943 	 	 
11.535 	 0.0028767 	 	 
11.55 	 0.00285907 	 	 
11.565 	 0.00284142 	 	 
11.58 	 0.00282374 	 	 
11.595 	 0.00280605 	 	 
11.61 	 0.00278833 	 	 
11.625 	 0.00277059 	 	 
11.64 	 0.00275283 	 	 
11.655 	 0.00273506 	 	 
11.67 	 0.00271728 	 	 
11.685 	 0.00269948 	 	 
11.7 	 0.00268167 	 	 
11.715 	 0.00266386 	 	 
11.73 	 0.00264603 	 	 
11.745 	 0.0026282 	 	 
11.76 	 0.00261037 	 	 
11.775 	 0.00259254 	 	 
11.79 	 0.0025747 	 	 
11.805 	 0.00255686 	 	 
11.82 	 0.00253903 	 	 
11.835 	 0.0025212 	 	 
11.85 	 0.00250338 	 	 
11.865 	 0.00248556 	 	 
11.88 	 0.00246776 	 	 
11.895 	 0.00244996 	 	 
11.91 	 0.00243217 	 	 
11.925 	 0.0024144 	 	 
11.94 	 0.00239665 	 	 
11.955 	 0.00237891 	 	 
11.97 	 0.00236119 	 	 
11.985 	 0.00234348 	 	 
12 	 0.0023258 	 	 
12.015 	 0.00230815 	 	 
12.03 	 0.00229051 	 	 
12.045 	 0.00227291 	 	 
12.06 	 0.00225533 	 	 
12.075 	 0.00223777 	 	 
12.09 	 0.00222025 	 	 
12.105 	 0.00220277 	 	 
12.12 	 0.00218531 	 	 
12.135 	 0.00216789 	 	 
12.15 	 0.0021505 	 	 
12.165 	 0.00213316 	 	 
12.18 	 0.00211585 	 	 
12.195 	 0.00209858 	 	 
12.21 	 0.00208135 	 	 
12.225 	 0.00206417 	 	 
12.24 	 0.00204703 	 	 
12.255 	 0.00202993 	 	 
12.27 	 0.00201289 	 	 
12.285 	 0.00199589 	 	 
12.3 	 0.00197894 	 	 
12.315 	 0.00196204 	 	 
12.33 	 0.0019452 	 	 
12.345 	 0.00192841 	 	 
12.36 	 0.00191167 	 	 
12.375 	 0.00189499 	 	 
12.39 	 0.00187836 	 	 
12.405 	 0.0018618 	 	 
12.42 	 0.00184529 	 	 
12.435 	 0.00182885 	 	 
12.45 	 0.00181246 	 	 
12.465 	 0.00179614 	 	 
12.48 	 0.00177989 	 	 
12.495 	 0.0017637 	 	 
12.51 	 0.00174757 	 	 
12.525 	 0.00173151 	 	 
12.54 	 0.00171552 	 	 
12.555 	 0.0016996 	 	 
12.57 	 0.00168375 	 	 
12.585 	 0.00166798 	 	 
12.6 	 0.00165227 	 	 
12.615 	 0.00163664 	 	 
12.63 	 0.00162108 	 	 
12.645 	 0.0016056 	 	 
12.66 	 0.00159019 	 	 
12.675 	 0.00157486 	 	 
12.69 	 0.00155961 	 	 
12.705 	 0.00154443 	 	 
12.72 	 0.00152934 	 	 
12.735 	 0.00151433 	 	 
12.75 	 0.0014994 	 	 
12.765 	 0.00148455 	 	 
12.78 	 0.00146978 	 	 
12.795 	 0.00145509 	 	 
12.81 	 0.00144049 	 	 
12.825 	 0.00142598 	 	 
12.84 	 0.00141155 	 	 
12.855 	 0.00139721 	 	 
12.87 	 0.00138295 	 	 
12.885 	 0.00136878 	 	 
12.9 	 0.0013547 	 	 
12.915 	 0.00134071 	 	 
12.93 	 0.0013268 	 	 
12.945 	 0.00131299 	 	 
12.96 	 0.00129927 	 	 
12.975 	 0.00128563 	 	 
12.99 	 0.00127209 	 	 
13.005 	 0.00125864 	 	 
13.02 	 0.00124528 	 	 
13.035 	 0.00123202 	 	 
13.05 	 0.00121885 	 	 
13.065 	 0.00120577 	 	 
13.08 	 0.00119278 	 	 
13.095 	 0.00117989 	 	 
13.11 	 0.0011671 	 	 
13.125 	 0.00115439 	 	 
13.14 	 0.00114179 	 	 
13.155 	 0.00112927 	 	 
13.17 	 0.00111685 	 	 
13.185 	 0.00110453 	 	 
13.2 	 0.0010923 	 	 
13.215 	 0.00108017 	 	 
13.23 	 0.00106813 	 	 
13.245 	 0.00105619 	 	 
13.26 	 0.00104434 	 	 
13.275 	 0.00103259 	 	 
13.29 	 0.00102094 	 	 
13.305 	 0.00100938 	 	 
13.32 	 0.000997912 	 	 
13.335 	 0.000986542 	 	 
13.35 	 0.000975268 	 	 
13.365 	 0.000964088 	 	 
13.38 	 0.000953004 	 	 
13.395 	 0.000942014 	 	 
13.41 	 0.00093112 	 	 
13.425 	 0.000920319 	 	 
13.44 	 0.000909613 	 	 
13.455 	 0.000899002 	 	 
13.47 	 0.000888484 	 	 
13.485 	 0.00087806 	 	 
13.5 	 0.000867729 	 	 
13.515 	 0.000857492 	 	 
13.53 	 0.000847347 	 	 
13.545 	 0.000837296 	 	 
13.56 	 0.000827336 	 	 
13.575 	 0.000817469 	 	 
13.59 	 0.000807693 	 	 
13.605 	 0.000798009 	 	 
13.62 	 0.000788416 	 	 
13.635 	 0.000778913 	 	 
13.65 	 0.000769501 	 	 
13.665 	 0.000760179 	 	 
13.68 	 0.000750947 	 	 
13.695 	 0.000741803 	 	 
13.71 	 0.000732749 	 	 
13.725 	 0.000723783 	 	 
13.74 	 0.000714905 	 	 
13.755 	 0.000706114 	 	 
13.77 	 0.00069741 	 	 
13.785 	 0.000688794 	 	 
13.8 	 0.000680263 	 	 
13.815 	 0.000671818 	 	 
13.83 	 0.000663459 	 	 
13.845 	 0.000655184 	 	 
13.86 	 0.000646994 	 	 
13.875 	 0.000638887 	 	 
13.89 	 0.000630864 	 	 
13.905 	 0.000622924 	 	 
13.92 	 0.000615066 	 	 
13.935 	 0.000607291 	 	 
13.95 	 0.000599596 	 	 
13.965 	 0.000591983 	 	 
13.98 	 0.000584449 	 	 
13.995 	 0.000576996 	 	 
14.01 	 0.000569622 	 	 
14.025 	 0.000562327 	 	 
14.04 	 0.000555109 	 	 
14.055 	 0.00054797 	 	 
14.07 	 0.000540908 	 	 
14.085 	 0.000533923 	 	 
14.1 	 0.000527013 	 	 
14.115 	 0.000520179 	 	 
14.13 	 0.00051342 	 	 
14.145 	 0.000506736 	 	 
14.16 	 0.000500125 	 	 
14.175 	 0.000493588 	 	 
14.19 	 0.000487124 	 	 
14.205 	 0.000480732 	 	 
14.22 	 0.000474411 	 	 
14.235 	 0.000468162 	 	 
14.25 	 0.000461983 	 	 
14.265 	 0.000455874 	 	 
14.28 	 0.000449835 	 	 
14.295 	 0.000443864 	 	 
14.31 	 0.000437962 	 	 
14.325 	 0.000432127 	 	 
14.34 	 0.00042636 	 	 
14.355 	 0.000420659 	 	 
14.37 	 0.000415024 	 	 
14.385 	 0.000409455 	 	 
14.4 	 0.000403951 	 	 
14.415 	 0.000398511 	 	 
14.43 	 0.000393134 	 	 
14.445 	 0.000387821 	 	 
14.46 	 0.000382571 	 	 
14.475 	 0.000377383 	 	 
14.49 	 0.000372256 	 	 
14.505 	 0.00036719 	 	 
14.52 	 0.000362185 	 	 
14.535 	 0.00035724 	 	 
14.55 	 0.000352354 	 	 
14.565 	 0.000347526 	 	 
14.58 	 0.000342757 	 	 
14.595 	 0.000338046 	 	 
14.61 	 0.000333392 	 	 
14.625 	 0.000328794 	 	 
14.64 	 0.000324253 	 	 
14.655 	 0.000319767 	 	 
14.67 	 0.000315336 	 	 
14.685 	 0.000310959 	 	 
14.7 	 0.000306637 	 	 
14.715 	 0.000302367 	 	 
14.73 	 0.000298151 	 	 
14.745 	 0.000293987 	 	 
14.76 	 0.000289875 	 	 
14.775 	 0.000285814 	 	 
14.79 	 0.000281803 	 	 
14.805 	 0.000277843 	 	 
14.82 	 0.000273933 	 	 
14.835 	 0.000270072 	 	 
14.85 	 0.000266259 	 	 
14.865 	 0.000262495 	 	 
14.88 	 0.000258779 	 	 
14.895 	 0.000255109 	 	 
14.91 	 0.000251487 	 	 
14.925 	 0.00024791 	 	 
14.94 	 0.00024438 	 	 
14.955 	 0.000240894 	 	 
14.97 	 0.000237454 	 	 
14.985 	 0.000234057 	 	 
15 	 0.000230705 	 	 
15.015 	 0.000227396 	 	 
15.03 	 0.000224129 	 	 
15.045 	 0.000220905 	 	 
15.06 	 0.000217723 	 	 
15.075 	 0.000214582 	 	 
15.09 	 0.000211483 	 	 
15.105 	 0.000208424 	 	 
15.12 	 0.000205405 	 	 
15.135 	 0.000202425 	 	 
15.15 	 0.000199485 	 	 
15.165 	 0.000196584 	 	 
15.18 	 0.000193721 	 	 
15.195 	 0.000190895 	 	 
15.21 	 0.000188107 	 	 
15.225 	 0.000185357 	 	 
15.24 	 0.000182642 	 	 
15.255 	 0.000179964 	 	 
15.27 	 0.000177322 	 	 
15.285 	 0.000174715 	 	 
15.3 	 0.000172143 	 	 
15.315 	 0.000169606 	 	 
15.33 	 0.000167102 	 	 
15.345 	 0.000164633 	 	 
15.36 	 0.000162197 	 	 
15.375 	 0.000159793 	 	 
15.39 	 0.000157422 	 	 
15.405 	 0.000155084 	 	 
15.42 	 0.000152777 	 	 
15.435 	 0.000150501 	 	 
15.45 	 0.000148257 	 	 
15.465 	 0.000146043 	 	 
15.48 	 0.000143859 	 	 
15.495 	 0.000141706 	 	 
15.51 	 0.000139582 	 	 
15.525 	 0.000137487 	 	 
15.54 	 0.00013542 	 	 
15.555 	 0.000133383 	 	 
15.57 	 0.000131373 	 	 
15.585 	 0.000129392 	 	 
15.6 	 0.000127437 	 	 
15.615 	 0.00012551 	 	 
15.63 	 0.00012361 	 	 
15.645 	 0.000121736 	 	 
15.66 	 0.000119888 	 	 
15.675 	 0.000118066 	 	 
15.69 	 0.000116269 	 	 
15.705 	 0.000114498 	 	 
15.72 	 0.000112751 	 	 
15.735 	 0.000111029 	 	 
15.75 	 0.000109331 	 	 
15.765 	 0.000107657 	 	 
15.78 	 0.000106006 	 	 
15.795 	 0.000104379 	 	 
15.81 	 0.000102775 	 	 
15.825 	 0.000101193 	 	 
15.84 	 9.96338e-05 	 	 
15.855 	 9.80968e-05 	 	 
15.87 	 9.65816e-05 	 	 
15.885 	 9.5088e-05 	 	 
15.9 	 9.36156e-05 	 	 
15.915 	 9.21643e-05 	 	 
15.93 	 9.07336e-05 	 	 
15.945 	 8.93234e-05 	 	 
15.96 	 8.79334e-05 	 	 
15.975 	 8.65634e-05 	 	 
15.99 	 8.5213e-05 	 	 
16.005 	 8.3882e-05 	 	 
16.02 	 8.25702e-05 	 	 
16.035 	 8.12772e-05 	 	 
16.05 	 8.0003e-05 	 	 
16.065 	 7.87471e-05 	 	 
16.08 	 7.75094e-05 	 	 
16.095 	 7.62896e-05 	 	 
16.11 	 7.50875e-05 	 	 
16.125 	 7.39028e-05 	 	 
16.14 	 7.27354e-05 	 	 
16.155 	 7.15849e-05 	 	 
16.17 	 7.04512e-05 	 	 
16.185 	 6.93341e-05 	 	 
16.2 	 6.82332e-05 	 	 
16.215 	 6.71485e-05 	 	 
16.23 	 6.60796e-05 	 	 
16.245 	 6.50264e-05 	 	 
16.26 	 6.39886e-05 	 	 
16.275 	 6.29661e-05 	 	 
16.29 	 6.19586e-05 	 	 
16.305 	 6.0966e-05 	 	 
16.32 	 5.99879e-05 	 	 
16.335 	 5.90243e-05 	 	 
16.35 	 5.8075e-05 	 	 
16.365 	 5.71396e-05 	 	 
16.38 	 5.62182e-05 	 	 
16.395 	 5.53103e-05 	 	 
16.41 	 5.4416e-05 	 	 
16.425 	 5.35349e-05 	 	 
16.44 	 5.26669e-05 	 	 
16.455 	 5.18119e-05 	 	 
16.47 	 5.09696e-05 	 	 
16.485 	 5.01398e-05 	 	 
16.5 	 4.93224e-05 	 	 
16.515 	 4.85173e-05 	 	 
16.53 	 4.77242e-05 	 	 
16.545 	 4.6943e-05 	 	 
16.56 	 4.61735e-05 	 	 
16.575 	 4.54155e-05 	 	 
16.59 	 4.4669e-05 	 	 
16.605 	 4.39336e-05 	 	 
16.62 	 4.32094e-05 	 	 
16.635 	 4.24961e-05 	 	 
16.65 	 4.17935e-05 	 	 
16.665 	 4.11015e-05 	 	 
16.68 	 4.042e-05 	 	 
16.695 	 3.97488e-05 	 	 
16.71 	 3.90878e-05 	 	 
16.725 	 3.84368e-05 	 	 
16.74 	 3.77957e-05 	 	 
16.755 	 3.71644e-05 	 	 
16.77 	 3.65426e-05 	 	 
16.785 	 3.59303e-05 	 	 
16.8 	 3.53274e-05 	 	 
16.815 	 3.47337e-05 	 	 
16.83 	 3.4149e-05 	 	 
16.845 	 3.35732e-05 	 	 
16.86 	 3.30063e-05 	 	 
16.875 	 3.24481e-05 	 	 
16.89 	 3.18984e-05 	 	 
16.905 	 3.13572e-05 	 	 
16.92 	 3.08242e-05 	 	 
16.935 	 3.02995e-05 	 	 
16.95 	 2.97829e-05 	 	 
16.965 	 2.92742e-05 	 	 
16.98 	 2.87734e-05 	 	 
16.995 	 2.82803e-05 	 	 
17.01 	 2.77948e-05 	 	 
17.025 	 2.73168e-05 	 	 
17.04 	 2.68463e-05 	 	 
17.055 	 2.6383e-05 	 	 
17.07 	 2.5927e-05 	 	 
17.085 	 2.5478e-05 	 	 
17.1 	 2.5036e-05 	 	 
17.115 	 2.46009e-05 	 	 
17.13 	 2.41725e-05 	 	 
17.145 	 2.37509e-05 	 	 
17.16 	 2.33358e-05 	 	 
17.175 	 2.29272e-05 	 	 
17.19 	 2.2525e-05 	 	 
17.205 	 2.21291e-05 	 	 
17.22 	 2.17395e-05 	 	 
17.235 	 2.13559e-05 	 	 
17.25 	 2.09784e-05 	 	 
17.265 	 2.06068e-05 	 	 
17.28 	 2.0241e-05 	 	 
17.295 	 1.9881e-05 	 	 
17.31 	 1.95267e-05 	 	 
17.325 	 1.9178e-05 	 	 
17.34 	 1.88348e-05 	 	 
17.355 	 1.8497e-05 	 	 
17.37 	 1.81646e-05 	 	 
17.385 	 1.78374e-05 	 	 
17.4 	 1.75155e-05 	 	 
17.415 	 1.71986e-05 	 	 
17.43 	 1.68868e-05 	 	 
17.445 	 1.658e-05 	 	 
17.46 	 1.62781e-05 	 	 
17.475 	 1.59809e-05 	 	 
17.49 	 1.56886e-05 	 	 
17.505 	 1.54009e-05 	 	 
17.52 	 1.51178e-05 	 	 
17.535 	 1.48392e-05 	 	 
17.55 	 1.45651e-05 	 	 
17.565 	 1.42955e-05 	 	 
17.58 	 1.40301e-05 	 	 
17.595 	 1.37691e-05 	 	 
17.61 	 1.35122e-05 	 	 
17.625 	 1.32595e-05 	 	 
17.64 	 1.30109e-05 	 	 
17.655 	 1.27662e-05 	 	 
17.67 	 1.25256e-05 	 	 
17.685 	 1.22888e-05 	 	 
17.7 	 1.20559e-05 	 	 
17.715 	 1.18268e-05 	 	 
17.73 	 1.16015e-05 	 	 
17.745 	 1.13797e-05 	 	 
17.76 	 1.11616e-05 	 	 
17.775 	 1.09471e-05 	 	 
17.79 	 1.07361e-05 	 	 
17.805 	 1.05285e-05 	 	 
17.82 	 1.03244e-05 	 	 
17.835 	 1.01236e-05 	 	 
17.85 	 9.92607e-06 	 	 
17.865 	 9.73182e-06 	 	 
17.88 	 9.54078e-06 	 	 
17.895 	 9.35289e-06 	 	 
17.91 	 9.16811e-06 	 	 
17.925 	 8.98639e-06 	 	 
17.94 	 8.80769e-06 	 	 
17.955 	 8.63195e-06 	 	 
17.97 	 8.45914e-06 	 	 
17.985 	 8.28921e-06 	 	 
18 	 8.12211e-06 	 	 
18.015 	 7.95781e-06 	 	 
18.03 	 7.79625e-06 	 	 
18.045 	 7.63741e-06 	 	 
18.06 	 7.48123e-06 	 	 
18.075 	 7.32769e-06 	 	 
18.09 	 7.17672e-06 	 	 
18.105 	 7.02831e-06 	 	 
18.12 	 6.88241e-06 	 	 
18.135 	 6.73898e-06 	 	 
18.15 	 6.59799e-06 	 	 
18.165 	 6.45939e-06 	 	 
18.18 	 6.32315e-06 	 	 
18.195 	 6.18924e-06 	 	 
18.21 	 6.05762e-06 	 	 
18.225 	 5.92826e-06 	 	 
18.24 	 5.80112e-06 	 	 
18.255 	 5.67616e-06 	 	 
18.27 	 5.55336e-06 	 	 
18.285 	 5.43268e-06 	 	 
18.3 	 5.31409e-06 	 	 
18.315 	 5.19756e-06 	 	 
18.33 	 5.08306e-06 	 	 
18.345 	 4.97055e-06 	 	 
18.36 	 4.86001e-06 	 	 
18.375 	 4.75141e-06 	 	 
18.39 	 4.64471e-06 	 	 
18.405 	 4.53989e-06 	 	 
18.42 	 4.43692e-06 	 	 
18.435 	 4.33577e-06 	 	 
18.45 	 4.23642e-06 	 	 
18.465 	 4.13884e-06 	 	 
18.48 	 4.04299e-06 	 	 
18.495 	 3.94886e-06 	 	 
18.51 	 3.85642e-06 	 	 
18.525 	 3.76565e-06 	 	 
18.54 	 3.67651e-06 	 	 
18.555 	 3.58899e-06 	 	 
18.57 	 3.50306e-06 	 	 
18.585 	 3.41869e-06 	 	 
18.6 	 3.33587e-06 	 	 
18.615 	 3.25456e-06 	 	 
18.63 	 3.17476e-06 	 	 
18.645 	 3.09643e-06 	 	 
18.66 	 3.01955e-06 	 	 
18.675 	 2.9441e-06 	 	 
18.69 	 2.87006e-06 	 	 
18.705 	 2.79742e-06 	 	 
18.72 	 2.72614e-06 	 	 
18.735 	 2.65621e-06 	 	 
18.75 	 2.58761e-06 	 	 
18.765 	 2.52032e-06 	 	 
18.78 	 2.45431e-06 	 	 
18.795 	 2.38958e-06 	 	 
18.81 	 2.32611e-06 	 	 
18.825 	 2.26386e-06 	 	 
18.84 	 2.20283e-06 	 	 
18.855 	 2.143e-06 	 	 
18.87 	 2.08436e-06 	 	 
18.885 	 2.02687e-06 	 	 
18.9 	 1.97054e-06 	 	 
18.915 	 1.91533e-06 	 	 
18.93 	 1.86124e-06 	 	 
18.945 	 1.80825e-06 	 	 
18.96 	 1.75634e-06 	 	 
18.975 	 1.7055e-06 	 	 
18.99 	 1.65571e-06 	 	 
19.005 	 1.60696e-06 	 	 
19.02 	 1.55924e-06 	 	 
19.035 	 1.51252e-06 	 	 
19.05 	 1.4668e-06 	 	 
19.065 	 1.42206e-06 	 	 
19.08 	 1.37828e-06 	 	 
19.095 	 1.33546e-06 	 	 
19.11 	 1.29359e-06 	 	 
19.125 	 1.25263e-06 	 	 
19.14 	 1.2126e-06 	 	 
19.155 	 1.17347e-06 	 	 
19.17 	 1.13523e-06 	 	 
19.185 	 1.09787e-06 	 	 
19.2 	 1.06137e-06 	 	 
19.215 	 1.02574e-06 	 	 
19.23 	 9.90942e-07 	 	 
19.245 	 9.56983e-07 	 	 
19.26 	 9.23846e-07 	 	 
19.275 	 8.91522e-07 	 	 
19.29 	 8.59999e-07 	 	 
19.305 	 8.29268e-07 	 	 
19.32 	 7.99319e-07 	 	 
19.335 	 7.70141e-07 	 	 
19.35 	 7.41725e-07 	 	 
19.365 	 7.14063e-07 	 	 
19.38 	 6.87143e-07 	 	 
19.395 	 6.60958e-07 	 	 
19.41 	 6.35499e-07 	 	 
19.425 	 6.10757e-07 	 	 
19.44 	 5.86723e-07 	 	 
19.455 	 5.6339e-07 	 	 
19.47 	 5.40748e-07 	 	 
19.485 	 5.18791e-07 	 	 
19.5 	 4.9751e-07 	 	 
19.515 	 4.76898e-07 	 	 
19.53 	 4.56947e-07 	 	 
19.545 	 4.37651e-07 	 	 
19.56 	 4.19001e-07 	 	 
19.575 	 4.00992e-07 	 	 
19.59 	 3.83616e-07 	 	 
19.605 	 3.66867e-07 	 	 
19.62 	 3.50739e-07 	 	 
19.635 	 3.35224e-07 	 	 
19.65 	 3.20318e-07 	 	 
19.665 	 3.06014e-07 	 	 
19.68 	 2.92307e-07 	 	 
19.695 	 2.7919e-07 	 	 
19.71 	 2.66658e-07 	 	 
19.725 	 2.54707e-07 	 	 
19.74 	 2.4333e-07 	 	 
19.755 	 2.32523e-07 	 	 
19.77 	 2.22281e-07 	 	 
19.785 	 2.126e-07 	 	 
19.8 	 2.03474e-07 	 	 
19.815 	 1.94899e-07 	 	 
19.83 	 1.86871e-07 	 	 
19.845 	 1.79385e-07 	 	 
19.86 	 1.72439e-07 	 	 
19.875 	 1.66027e-07 	 	 
19.89 	 1.60147e-07 	 	 
19.905 	 1.54794e-07 	 	 
19.92 	 1.49965e-07 	 	 
19.935 	 1.45657e-07 	 	 
19.95 	 1.41867e-07 	 	 
19.965 	 1.38591e-07 	 	 
19.98 	 1.35827e-07 	 	 
