0 	 2.43422 	 -0.189584
0.015 	 2.43422 	 -0.189584
0.03 	 2.4342 	 -0.189584
0.045 	 2.43418 	 -0.189584
0.06 	 2.43416 	 -0.189584
0.075 	 2.43413 	 -0.189584
0.09 	 2.4341 	 -0.189584
0.105 	 2.43407 	 -0.189584
0.12 	 2.43403 	 -0.189584
0.135 	 2.43399 	 -0.189584
0.15 	 2.43395 	 -0.189584
0.165 	 2.43393 	 -0.189584
0.18 	 2.43386 	 -0.189584
0.195 	 2.4338 	 -0.189584
0.21 	 2.43375 	 -0.189584
0.225 	 2.43372 	 -0.189584
0.24 	 2.43362 	 -0.189584
0.255 	 2.43356 	 -0.189584
0.27 	 2.43349 	 -0.189584
0.285 	 2.43342 	 -0.189584
0.3 	 2.43334 	 -0.189584
0.315 	 2.43326 	 -0.189584
0.33 	 2.43321 	 -0.189584
0.345 	 2.43309 	 -0.189583
0.36 	 2.43301 	 -0.189583
0.375 	 2.43291 	 -0.189583
0.39 	 2.43282 	 -0.189583
0.405 	 2.43272 	 -0.189583
0.42 	 2.43262 	 -0.189583
0.435 	 2.43251 	 -0.189583
0.45 	 2.43244 	 -0.189583
0.465 	 2.4323 	 -0.189583
0.48 	 2.43218 	 -0.189583
0.495 	 2.43206 	 -0.189583
0.51 	 2.43194 	 -0.189583
0.525 	 2.43182 	 -0.189583
0.54 	 2.43169 	 -0.189583
0.555 	 2.43156 	 -0.189583
0.57 	 2.43143 	 -0.189583
0.585 	 2.43129 	 -0.189583
0.6 	 2.43115 	 -0.189583
0.615 	 2.43101 	 -0.189583
0.63 	 2.43086 	 -0.189583
0.645 	 2.43071 	 -0.189583
0.66 	 2.43059 	 -0.189583
0.675 	 2.4304 	 -0.189583
0.69 	 2.43024 	 -0.189583
0.705 	 2.43008 	 -0.189583
0.72 	 2.42991 	 -0.189583
0.735 	 2.42974 	 -0.189582
0.75 	 2.42957 	 -0.189582
0.765 	 2.42939 	 -0.189582
0.78 	 2.42921 	 -0.189582
0.795 	 2.42903 	 -0.189582
0.81 	 2.42885 	 -0.189582
0.825 	 2.42866 	 -0.189582
0.84 	 2.42847 	 -0.189582
0.855 	 2.42827 	 -0.189582
0.87 	 2.42807 	 -0.189582
0.885 	 2.42787 	 -0.189582
0.9 	 2.4277 	 -0.189582
0.915 	 2.42746 	 -0.189582
0.93 	 2.42725 	 -0.189582
0.945 	 2.42703 	 -0.189582
0.96 	 2.42681 	 -0.189582
0.975 	 2.42659 	 -0.189582
0.99 	 2.42637 	 -0.189582
1.005 	 2.42614 	 -0.189581
1.02 	 2.42591 	 -0.189581
1.035 	 2.42568 	 -0.189581
1.05 	 2.42544 	 -0.189581
1.065 	 2.4252 	 -0.189581
1.08 	 2.42496 	 -0.189581
1.095 	 2.42471 	 -0.189581
1.11 	 2.42446 	 -0.189581
1.125 	 2.42421 	 -0.189581
1.14 	 2.42395 	 -0.189581
1.155 	 2.42369 	 -0.189581
1.17 	 2.42343 	 -0.189581
1.185 	 2.42316 	 -0.189581
1.2 	 2.42289 	 -0.189581
1.215 	 2.42262 	 -0.189581
1.23 	 2.42234 	 -0.18958
1.245 	 2.42206 	 -0.18958
1.26 	 2.42178 	 -0.18958
1.275 	 2.4215 	 -0.18958
1.29 	 2.42121 	 -0.18958
1.305 	 2.42092 	 -0.18958
1.32 	 2.42065 	 -0.18958
1.335 	 2.42032 	 -0.18958
1.35 	 2.42002 	 -0.18958
1.365 	 2.41972 	 -0.18958
1.38 	 2.41941 	 -0.18958
1.395 	 2.4191 	 -0.18958
1.41 	 2.41878 	 -0.189579
1.425 	 2.41846 	 -0.189579
1.44 	 2.41814 	 -0.189579
1.455 	 2.41782 	 -0.189579
1.47 	 2.41749 	 -0.189579
1.485 	 2.41716 	 -0.189579
1.5 	 2.41683 	 -0.189579
1.515 	 2.41649 	 -0.189579
1.53 	 2.41615 	 -0.189579
1.545 	 2.41581 	 -0.189579
1.56 	 2.41546 	 -0.189578
1.575 	 2.41511 	 -0.189578
1.59 	 2.41476 	 -0.189578
1.605 	 2.4144 	 -0.189578
1.62 	 2.41404 	 -0.189578
1.635 	 2.41368 	 -0.189578
1.65 	 2.41331 	 -0.189578
1.665 	 2.41294 	 -0.189578
1.68 	 2.41257 	 -0.189578
1.695 	 2.41219 	 -0.189577
1.71 	 2.41181 	 -0.189577
1.725 	 2.41143 	 -0.189577
1.74 	 2.41105 	 -0.189577
1.755 	 2.41066 	 -0.189577
1.77 	 2.41027 	 -0.189577
1.785 	 2.40987 	 -0.189577
1.8 	 2.40951 	 -0.189577
1.815 	 2.40907 	 -0.189576
1.83 	 2.40867 	 -0.189576
1.845 	 2.40826 	 -0.189576
1.86 	 2.40785 	 -0.189576
1.875 	 2.40743 	 -0.189576
1.89 	 2.40701 	 -0.189576
1.905 	 2.40659 	 -0.189576
1.92 	 2.40617 	 -0.189575
1.935 	 2.40574 	 -0.189575
1.95 	 2.40531 	 -0.189575
1.965 	 2.40488 	 -0.189575
1.98 	 2.40444 	 -0.189575
1.995 	 2.404 	 -0.189575
2.01 	 2.40356 	 -0.189574
2.025 	 2.40311 	 -0.189574
2.04 	 2.40266 	 -0.189574
2.055 	 2.40221 	 -0.189574
2.07 	 2.40175 	 -0.189574
2.085 	 2.40129 	 -0.189574
2.1 	 2.40083 	 -0.189573
2.115 	 2.40036 	 -0.189573
2.13 	 2.39989 	 -0.189573
2.145 	 2.39942 	 -0.189573
2.16 	 2.39894 	 -0.189573
2.175 	 2.39846 	 -0.189572
2.19 	 2.39798 	 -0.189572
2.205 	 2.3975 	 -0.189572
2.22 	 2.39701 	 -0.189572
2.235 	 2.39652 	 -0.189572
2.25 	 2.39602 	 -0.189571
2.265 	 2.39552 	 -0.189571
2.28 	 2.39502 	 -0.189571
2.295 	 2.39452 	 -0.189571
2.31 	 2.39401 	 -0.189571
2.325 	 2.3935 	 -0.18957
2.34 	 2.39298 	 -0.18957
2.355 	 2.39246 	 -0.18957
2.37 	 2.39194 	 -0.18957
2.385 	 2.39142 	 -0.189569
2.4 	 2.39089 	 -0.189569
2.415 	 2.39036 	 -0.189569
2.43 	 2.38983 	 -0.189569
2.445 	 2.38929 	 -0.189568
2.46 	 2.38875 	 -0.189568
2.475 	 2.38821 	 -0.189568
2.49 	 2.38766 	 -0.189568
2.505 	 2.38711 	 -0.189567
2.52 	 2.38656 	 -0.189567
2.535 	 2.386 	 -0.189567
2.55 	 2.38544 	 -0.189566
2.565 	 2.38488 	 -0.189566
2.58 	 2.38431 	 -0.189566
2.595 	 2.38374 	 -0.189566
2.61 	 2.38317 	 -0.189565
2.625 	 2.38259 	 -0.189565
2.64 	 2.38205 	 -0.189565
2.655 	 2.38143 	 -0.189564
2.67 	 2.38085 	 -0.189564
2.685 	 2.38026 	 -0.189564
2.7 	 2.37967 	 -0.189563
2.715 	 2.37907 	 -0.189563
2.73 	 2.37847 	 -0.189563
2.745 	 2.37787 	 -0.189562
2.76 	 2.37727 	 -0.189562
2.775 	 2.37666 	 -0.189562
2.79 	 2.37605 	 -0.189561
2.805 	 2.37543 	 -0.189561
2.82 	 2.37482 	 -0.189561
2.835 	 2.3742 	 -0.18956
2.85 	 2.37357 	 -0.18956
2.865 	 2.37294 	 -0.189559
2.88 	 2.37231 	 -0.189559
2.895 	 2.37168 	 -0.189559
2.91 	 2.37104 	 -0.189558
2.925 	 2.3704 	 -0.189558
2.94 	 2.36976 	 -0.189557
2.955 	 2.36911 	 -0.189557
2.97 	 2.36846 	 -0.189556
2.985 	 2.36781 	 -0.189556
3 	 2.36715 	 -0.189556
3.015 	 2.36649 	 -0.189555
3.03 	 2.36583 	 -0.189555
3.045 	 2.36517 	 -0.189554
3.06 	 2.3645 	 -0.189554
3.075 	 2.36382 	 -0.189553
3.09 	 2.36315 	 -0.189553
3.105 	 2.36247 	 -0.189552
3.12 	 2.36179 	 -0.189552
3.135 	 2.3611 	 -0.189551
3.15 	 2.36041 	 -0.189551
3.165 	 2.35972 	 -0.18955
3.18 	 2.35903 	 -0.18955
3.195 	 2.35833 	 -0.189549
3.21 	 2.35763 	 -0.189549
3.225 	 2.35692 	 -0.189548
3.24 	 2.35622 	 -0.189547
3.255 	 2.3555 	 -0.189547
3.27 	 2.35479 	 -0.189546
3.285 	 2.35407 	 -0.189546
3.3 	 2.35335 	 -0.189545
3.315 	 2.35263 	 -0.189545
3.33 	 2.3519 	 -0.189544
3.345 	 2.35117 	 -0.189543
3.36 	 2.35044 	 -0.189543
3.375 	 2.3497 	 -0.189542
3.39 	 2.34896 	 -0.189541
3.405 	 2.34822 	 -0.189541
3.42 	 2.34747 	 -0.18954
3.435 	 2.34672 	 -0.189539
3.45 	 2.34597 	 -0.189539
3.465 	 2.34521 	 -0.189538
3.48 	 2.34445 	 -0.189537
3.495 	 2.34369 	 -0.189536
3.51 	 2.34292 	 -0.189536
3.525 	 2.34215 	 -0.189535
3.54 	 2.34138 	 -0.189534
3.555 	 2.34061 	 -0.189533
3.57 	 2.33983 	 -0.189533
3.585 	 2.33905 	 -0.189532
3.6 	 2.33829 	 -0.189532
3.615 	 2.33747 	 -0.18953
3.63 	 2.33668 	 -0.189529
3.645 	 2.33589 	 -0.189528
3.66 	 2.33509 	 -0.189528
3.675 	 2.33429 	 -0.189527
3.69 	 2.33348 	 -0.189526
3.705 	 2.33267 	 -0.189525
3.72 	 2.33186 	 -0.189524
3.735 	 2.33105 	 -0.189523
3.75 	 2.33023 	 -0.189522
3.765 	 2.32941 	 -0.189521
3.78 	 2.32859 	 -0.18952
3.795 	 2.32776 	 -0.189519
3.81 	 2.32693 	 -0.189518
3.825 	 2.3261 	 -0.189517
3.84 	 2.32526 	 -0.189516
3.855 	 2.32442 	 -0.189515
3.87 	 2.32358 	 -0.189514
3.885 	 2.32273 	 -0.189513
3.9 	 2.32188 	 -0.189512
3.915 	 2.32103 	 -0.189511
3.93 	 2.32017 	 -0.18951
3.945 	 2.31931 	 -0.189509
3.96 	 2.31845 	 -0.189507
3.975 	 2.31759 	 -0.189506
3.99 	 2.31672 	 -0.189505
4.005 	 2.31585 	 -0.189504
4.02 	 2.31497 	 -0.189503
4.035 	 2.31409 	 -0.189501
4.05 	 2.31321 	 -0.1895
4.065 	 2.31233 	 -0.189499
4.08 	 2.31144 	 -0.189497
4.095 	 2.31055 	 -0.189496
4.11 	 2.30965 	 -0.189495
4.125 	 2.30875 	 -0.189493
4.14 	 2.30785 	 -0.189492
4.155 	 2.30695 	 -0.189491
4.17 	 2.30604 	 -0.189489
4.185 	 2.30513 	 -0.189488
4.2 	 2.30422 	 -0.189486
4.215 	 2.3033 	 -0.189485
4.23 	 2.30238 	 -0.189483
4.245 	 2.30146 	 -0.189482
4.26 	 2.30053 	 -0.18948
4.275 	 2.2996 	 -0.189478
4.29 	 2.29867 	 -0.189477
4.305 	 2.29773 	 -0.189475
4.32 	 2.29679 	 -0.189474
4.335 	 2.29585 	 -0.189472
4.35 	 2.2949 	 -0.18947
4.365 	 2.29395 	 -0.189468
4.38 	 2.293 	 -0.189467
4.395 	 2.29205 	 -0.189465
4.41 	 2.29109 	 -0.189463
4.425 	 2.29013 	 -0.189461
4.44 	 2.28916 	 -0.189459
4.455 	 2.28819 	 -0.189457
4.47 	 2.28722 	 -0.189455
4.485 	 2.28625 	 -0.189453
4.5 	 2.28527 	 -0.189451
4.515 	 2.28429 	 -0.189449
4.53 	 2.2833 	 -0.189447
4.545 	 2.28232 	 -0.189445
4.56 	 2.28133 	 -0.189443
4.575 	 2.28033 	 -0.189441
4.59 	 2.27933 	 -0.189439
4.605 	 2.27833 	 -0.189437
4.62 	 2.27733 	 -0.189434
4.635 	 2.27632 	 -0.189432
4.65 	 2.27531 	 -0.18943
4.665 	 2.2743 	 -0.189427
4.68 	 2.27328 	 -0.189425
4.695 	 2.2723 	 -0.189425
4.71 	 2.27124 	 -0.18942
4.725 	 2.27022 	 -0.189418
4.74 	 2.26919 	 -0.189415
4.755 	 2.26815 	 -0.189413
4.77 	 2.26712 	 -0.18941
4.785 	 2.26608 	 -0.189407
4.8 	 2.26504 	 -0.189405
4.815 	 2.26399 	 -0.189402
4.83 	 2.26294 	 -0.189399
4.845 	 2.26189 	 -0.189396
4.86 	 2.26084 	 -0.189393
4.875 	 2.25978 	 -0.189391
4.89 	 2.25872 	 -0.189388
4.905 	 2.25765 	 -0.189385
4.92 	 2.25659 	 -0.189382
4.935 	 2.25552 	 -0.189379
4.95 	 2.25444 	 -0.189375
4.965 	 2.25336 	 -0.189372
4.98 	 2.25228 	 -0.189369
4.995 	 2.2512 	 -0.189366
5.01 	 2.25011 	 -0.189362
5.025 	 2.24902 	 -0.189359
5.04 	 2.24793 	 -0.189356
5.055 	 2.24683 	 -0.189352
5.07 	 2.24573 	 -0.189349
5.085 	 2.24463 	 -0.189345
5.1 	 2.24353 	 -0.189342
5.115 	 2.24242 	 -0.189338
5.13 	 2.2413 	 -0.189334
5.145 	 2.24019 	 -0.18933
5.16 	 2.23907 	 -0.189326
5.175 	 2.23795 	 -0.189323
5.19 	 2.23682 	 -0.189319
5.205 	 2.2357 	 -0.189315
5.22 	 2.23456 	 -0.18931
5.235 	 2.23343 	 -0.189306
5.25 	 2.23229 	 -0.189302
5.265 	 2.23115 	 -0.189298
5.28 	 2.23004 	 -0.189298
5.295 	 2.22886 	 -0.189289
5.31 	 2.22771 	 -0.189285
5.325 	 2.22656 	 -0.18928
5.34 	 2.2254 	 -0.189276
5.355 	 2.22424 	 -0.189271
5.37 	 2.22308 	 -0.189266
5.385 	 2.22191 	 -0.189261
5.4 	 2.22074 	 -0.189256
5.415 	 2.21957 	 -0.189252
5.43 	 2.21839 	 -0.189246
5.445 	 2.21721 	 -0.189241
5.46 	 2.21603 	 -0.189236
5.475 	 2.21484 	 -0.189231
5.49 	 2.21366 	 -0.189226
5.505 	 2.21246 	 -0.18922
5.52 	 2.21127 	 -0.189215
5.535 	 2.21007 	 -0.189209
5.55 	 2.20887 	 -0.189203
5.565 	 2.20767 	 -0.189198
5.58 	 2.20646 	 -0.189192
5.595 	 2.20525 	 -0.189186
5.61 	 2.20403 	 -0.18918
5.625 	 2.20282 	 -0.189174
5.64 	 2.2016 	 -0.189168
5.655 	 2.20041 	 -0.189168
5.67 	 2.19915 	 -0.189155
5.685 	 2.19792 	 -0.189149
5.7 	 2.19668 	 -0.189142
5.715 	 2.19545 	 -0.189135
5.73 	 2.19421 	 -0.189129
5.745 	 2.19297 	 -0.189122
5.76 	 2.19172 	 -0.189115
5.775 	 2.19047 	 -0.189108
5.79 	 2.18922 	 -0.1891
5.805 	 2.18797 	 -0.189093
5.82 	 2.18671 	 -0.189086
5.835 	 2.18545 	 -0.189078
5.85 	 2.18418 	 -0.189071
5.865 	 2.18291 	 -0.189063
5.88 	 2.18164 	 -0.189055
5.895 	 2.18037 	 -0.189047
5.91 	 2.17909 	 -0.189039
5.925 	 2.17781 	 -0.189031
5.94 	 2.17653 	 -0.189022
5.955 	 2.17524 	 -0.189014
5.97 	 2.17395 	 -0.189005
5.985 	 2.17266 	 -0.188997
6 	 2.17137 	 -0.188988
6.015 	 2.17007 	 -0.188979
6.03 	 2.16876 	 -0.18897
6.045 	 2.16746 	 -0.188961
6.06 	 2.16615 	 -0.188951
6.075 	 2.16484 	 -0.188942
6.09 	 2.16353 	 -0.188932
6.105 	 2.16221 	 -0.188922
6.12 	 2.16089 	 -0.188912
6.135 	 2.15956 	 -0.188902
6.15 	 2.15824 	 -0.188892
6.165 	 2.15691 	 -0.188882
6.18 	 2.15557 	 -0.188871
6.195 	 2.15424 	 -0.18886
6.21 	 2.1529 	 -0.188849
6.225 	 2.15155 	 -0.188838
6.24 	 2.15021 	 -0.188827
6.255 	 2.14886 	 -0.188816
6.27 	 2.14751 	 -0.188804
6.285 	 2.14615 	 -0.188793
6.3 	 2.1448 	 -0.188781
6.315 	 2.14343 	 -0.188769
6.33 	 2.14207 	 -0.188757
6.345 	 2.1407 	 -0.188744
6.36 	 2.13933 	 -0.188732
6.375 	 2.13796 	 -0.188719
6.39 	 2.13658 	 -0.188706
6.405 	 2.1352 	 -0.188693
6.42 	 2.13382 	 -0.188679
6.435 	 2.13243 	 -0.188666
6.45 	 2.13104 	 -0.188652
6.465 	 2.12965 	 -0.188638
6.48 	 2.12826 	 -0.188624
6.495 	 2.12686 	 -0.18861
6.51 	 2.12546 	 -0.188595
6.525 	 2.12405 	 -0.18858
6.54 	 2.12265 	 -0.188565
6.555 	 2.12124 	 -0.18855
6.57 	 2.11982 	 -0.188535
6.585 	 2.11841 	 -0.188519
6.6 	 2.11699 	 -0.188503
6.615 	 2.1156 	 -0.188503
6.63 	 2.11414 	 -0.18847
6.645 	 2.11271 	 -0.188454
6.66 	 2.11128 	 -0.188437
6.675 	 2.10984 	 -0.18842
6.69 	 2.10841 	 -0.188402
6.705 	 2.10697 	 -0.188385
6.72 	 2.10552 	 -0.188367
6.735 	 2.10407 	 -0.188349
6.75 	 2.10262 	 -0.18833
6.765 	 2.10117 	 -0.188312
6.78 	 2.09972 	 -0.188293
6.795 	 2.09826 	 -0.188274
6.81 	 2.09679 	 -0.188254
6.825 	 2.09533 	 -0.188234
6.84 	 2.09386 	 -0.188214
6.855 	 2.09239 	 -0.188194
6.87 	 2.09092 	 -0.188173
6.885 	 2.08944 	 -0.188152
6.9 	 2.08796 	 -0.188131
6.915 	 2.08648 	 -0.188109
6.93 	 2.08499 	 -0.188087
6.945 	 2.0835 	 -0.188065
6.96 	 2.08201 	 -0.188043
6.975 	 2.08052 	 -0.18802
6.99 	 2.07902 	 -0.187996
7.005 	 2.07752 	 -0.187973
7.02 	 2.07601 	 -0.187949
7.035 	 2.07451 	 -0.187925
7.05 	 2.073 	 -0.1879
7.065 	 2.07148 	 -0.187875
7.08 	 2.06997 	 -0.18785
7.095 	 2.06845 	 -0.187824
7.11 	 2.06693 	 -0.187798
7.125 	 2.0654 	 -0.187772
7.14 	 2.06388 	 -0.187745
7.155 	 2.06235 	 -0.187718
7.17 	 2.06081 	 -0.18769
7.185 	 2.05928 	 -0.187662
7.2 	 2.05777 	 -0.187662
7.215 	 2.0562 	 -0.187605
7.23 	 2.05465 	 -0.187576
7.245 	 2.0531 	 -0.187546
7.26 	 2.05155 	 -0.187516
7.275 	 2.05 	 -0.187486
7.29 	 2.04844 	 -0.187455
7.305 	 2.04688 	 -0.187423
7.32 	 2.04532 	 -0.187392
7.335 	 2.04376 	 -0.187359
7.35 	 2.04219 	 -0.187327
7.365 	 2.04062 	 -0.187293
7.38 	 2.03905 	 -0.18726
7.395 	 2.03747 	 -0.187226
7.41 	 2.03589 	 -0.187191
7.425 	 2.03431 	 -0.187156
7.44 	 2.03272 	 -0.18712
7.455 	 2.03114 	 -0.187084
7.47 	 2.02955 	 -0.187047
7.485 	 2.02795 	 -0.18701
7.5 	 2.02636 	 -0.186973
7.515 	 2.02476 	 -0.186934
7.53 	 2.02316 	 -0.186896
7.545 	 2.02155 	 -0.186856
7.56 	 2.01994 	 -0.186816
7.575 	 2.01836 	 -0.186816
7.59 	 2.01672 	 -0.186735
7.605 	 2.01511 	 -0.186693
7.62 	 2.01349 	 -0.186651
7.635 	 2.01187 	 -0.186608
7.65 	 2.01024 	 -0.186565
7.665 	 2.00862 	 -0.186521
7.68 	 2.00699 	 -0.186476
7.695 	 2.00536 	 -0.186431
7.71 	 2.00372 	 -0.186385
7.725 	 2.00208 	 -0.186339
7.74 	 2.00044 	 -0.186292
7.755 	 1.9988 	 -0.186244
7.77 	 1.99716 	 -0.186196
7.785 	 1.99551 	 -0.186146
7.8 	 1.99386 	 -0.186097
7.815 	 1.9922 	 -0.186046
7.83 	 1.99055 	 -0.185995
7.845 	 1.98889 	 -0.185943
7.86 	 1.98723 	 -0.18589
7.875 	 1.98557 	 -0.185837
7.89 	 1.9839 	 -0.185783
7.905 	 1.98223 	 -0.185728
7.92 	 1.98056 	 -0.185673
7.935 	 1.97888 	 -0.185616
7.95 	 1.97721 	 -0.185559
7.965 	 1.97553 	 -0.185501
7.98 	 1.97385 	 -0.185443
7.995 	 1.97216 	 -0.185383
8.01 	 1.97047 	 -0.185323
8.025 	 1.96879 	 -0.185262
8.04 	 1.96709 	 -0.1852
8.055 	 1.9654 	 -0.185137
8.07 	 1.9637 	 -0.185074
8.085 	 1.962 	 -0.185009
8.1 	 1.9603 	 -0.184944
8.115 	 1.9586 	 -0.184878
8.13 	 1.95689 	 -0.184811
8.145 	 1.95518 	 -0.184743
8.16 	 1.95347 	 -0.184674
8.175 	 1.95175 	 -0.184604
8.19 	 1.95004 	 -0.184533
8.205 	 1.94832 	 -0.184461
8.22 	 1.9466 	 -0.184389
8.235 	 1.94487 	 -0.184315
8.25 	 1.94315 	 -0.18424
8.265 	 1.94142 	 -0.184165
8.28 	 1.93969 	 -0.184088
8.295 	 1.93795 	 -0.184011
8.31 	 1.93622 	 -0.183932
8.325 	 1.93448 	 -0.183852
8.34 	 1.93274 	 -0.183772
8.355 	 1.931 	 -0.18369
8.37 	 1.92925 	 -0.183607
8.385 	 1.92751 	 -0.183523
8.4 	 1.92576 	 -0.183439
8.415 	 1.92401 	 -0.183352
8.43 	 1.92225 	 -0.183265
8.445 	 1.9205 	 -0.183177
8.46 	 1.91874 	 -0.183088
8.475 	 1.91698 	 -0.182997
8.49 	 1.91522 	 -0.182905
8.505 	 1.91345 	 -0.182813
8.52 	 1.91169 	 -0.182718
8.535 	 1.90992 	 -0.182623
8.55 	 1.90815 	 -0.182527
8.565 	 1.90637 	 -0.182429
8.58 	 1.9046 	 -0.18233
8.595 	 1.90282 	 -0.18223
8.61 	 1.90104 	 -0.182129
8.625 	 1.89926 	 -0.182026
8.64 	 1.89748 	 -0.181922
8.655 	 1.89569 	 -0.181817
8.67 	 1.8939 	 -0.18171
8.685 	 1.89212 	 -0.181602
8.7 	 1.89032 	 -0.181493
8.715 	 1.88853 	 -0.181383
8.73 	 1.88674 	 -0.181271
8.745 	 1.88494 	 -0.181158
8.76 	 1.88314 	 -0.181043
8.775 	 1.88134 	 -0.180927
8.79 	 1.87954 	 -0.18081
8.805 	 1.87773 	 -0.180691
8.82 	 1.87593 	 -0.18057
8.835 	 1.87412 	 -0.180449
8.85 	 1.87231 	 -0.180326
8.865 	 1.8705 	 -0.180201
8.88 	 1.86868 	 -0.180075
8.895 	 1.86687 	 -0.179947
8.91 	 1.86505 	 -0.179818
8.925 	 1.86323 	 -0.179688
8.94 	 1.86141 	 -0.179556
8.955 	 1.85959 	 -0.179422
8.97 	 1.85777 	 -0.179287
8.985 	 1.85594 	 -0.17915
9 	 1.85411 	 -0.179012
9.015 	 1.8523 	 -0.179012
9.03 	 1.85045 	 -0.17873
9.045 	 1.84862 	 -0.178587
9.06 	 1.84679 	 -0.178442
9.075 	 1.84496 	 -0.178296
9.09 	 1.84312 	 -0.178148
9.105 	 1.84128 	 -0.177998
9.12 	 1.83944 	 -0.177847
9.135 	 1.8376 	 -0.177694
9.15 	 1.83576 	 -0.177539
9.165 	 1.83392 	 -0.177382
9.18 	 1.83207 	 -0.177224
9.195 	 1.83022 	 -0.177064
9.21 	 1.82838 	 -0.176903
9.225 	 1.82653 	 -0.176739
9.24 	 1.82468 	 -0.176574
9.255 	 1.82283 	 -0.176407
9.27 	 1.82097 	 -0.176239
9.285 	 1.81912 	 -0.176068
9.3 	 1.81727 	 -0.175896
9.315 	 1.81541 	 -0.175722
9.33 	 1.81355 	 -0.175546
9.345 	 1.81169 	 -0.175368
9.36 	 1.80983 	 -0.175189
9.375 	 1.80797 	 -0.175007
9.39 	 1.80612 	 -0.175007
9.405 	 1.80425 	 -0.174639
9.42 	 1.80238 	 -0.174452
9.435 	 1.80052 	 -0.174263
9.45 	 1.79865 	 -0.174072
9.465 	 1.79678 	 -0.17388
9.48 	 1.79492 	 -0.173685
9.495 	 1.79305 	 -0.173489
9.51 	 1.79118 	 -0.17329
9.525 	 1.78931 	 -0.17309
9.54 	 1.78743 	 -0.172887
9.555 	 1.78556 	 -0.172683
9.57 	 1.78369 	 -0.172477
9.585 	 1.78181 	 -0.172269
9.6 	 1.77994 	 -0.172059
9.615 	 1.77806 	 -0.171847
9.63 	 1.77619 	 -0.171633
9.645 	 1.77431 	 -0.171417
9.66 	 1.77243 	 -0.171199
9.675 	 1.77055 	 -0.170979
9.69 	 1.76867 	 -0.170757
9.705 	 1.76679 	 -0.170533
9.72 	 1.76491 	 -0.170307
9.735 	 1.76303 	 -0.170079
9.75 	 1.76115 	 -0.169849
9.765 	 1.75927 	 -0.169617
9.78 	 1.75739 	 -0.169383
9.795 	 1.75551 	 -0.169147
9.81 	 1.75362 	 -0.168909
9.825 	 1.75174 	 -0.168669
9.84 	 1.74985 	 -0.168427
9.855 	 1.74797 	 -0.168183
9.87 	 1.74609 	 -0.167936
9.885 	 1.7442 	 -0.167688
9.9 	 1.74232 	 -0.167438
9.915 	 1.74043 	 -0.167186
9.93 	 1.73854 	 -0.166932
9.945 	 1.73666 	 -0.166675
9.96 	 1.73477 	 -0.166417
9.975 	 1.73288 	 -0.166157
9.99 	 1.731 	 -0.165895
10.005 	 1.72911 	 -0.16563
10.02 	 1.72722 	 -0.165364
10.035 	 1.72534 	 -0.165096
10.05 	 1.72345 	 -0.164825
10.065 	 1.72156 	 -0.164553
10.08 	 1.71968 	 -0.164279
10.095 	 1.71779 	 -0.164002
10.11 	 1.7159 	 -0.163724
10.125 	 1.71402 	 -0.163444
10.14 	 1.71213 	 -0.163161
10.155 	 1.71024 	 -0.162877
10.17 	 1.70836 	 -0.162591
10.185 	 1.70647 	 -0.162303
10.2 	 1.70459 	 -0.162013
10.215 	 1.7027 	 -0.161721
10.23 	 1.70081 	 -0.161427
10.245 	 1.69893 	 -0.161131
10.26 	 1.69704 	 -0.160833
10.275 	 1.69516 	 -0.160533
10.29 	 1.69328 	 -0.160231
10.305 	 1.69139 	 -0.159928
10.32 	 1.68951 	 -0.159622
10.335 	 1.68763 	 -0.159315
10.35 	 1.68574 	 -0.159006
10.365 	 1.68386 	 -0.158695
10.38 	 1.68198 	 -0.158382
10.395 	 1.6801 	 -0.158067
10.41 	 1.67822 	 -0.157751
10.425 	 1.67634 	 -0.157432
10.44 	 1.67446 	 -0.157112
10.455 	 1.67258 	 -0.15679
10.47 	 1.6707 	 -0.156467
10.485 	 1.66883 	 -0.156141
10.5 	 1.66695 	 -0.155814
10.515 	 1.66507 	 -0.155485
10.53 	 1.6632 	 -0.155155
10.545 	 1.66132 	 -0.154822
10.56 	 1.65944 	 -0.154822
10.575 	 1.65758 	 -0.154153
10.59 	 1.65571 	 -0.153816
10.605 	 1.65383 	 -0.153477
10.62 	 1.65196 	 -0.153136
10.635 	 1.65009 	 -0.152794
10.65 	 1.64823 	 -0.15245
10.665 	 1.64636 	 -0.152105
10.68 	 1.64449 	 -0.151758
10.695 	 1.64263 	 -0.15141
10.71 	 1.64076 	 -0.15106
10.725 	 1.6389 	 -0.150709
10.74 	 1.63704 	 -0.150356
10.755 	 1.63518 	 -0.150002
10.77 	 1.63332 	 -0.149646
10.785 	 1.63146 	 -0.149289
10.8 	 1.6296 	 -0.148931
10.815 	 1.62774 	 -0.148571
10.83 	 1.62589 	 -0.14821
10.845 	 1.62403 	 -0.147847
10.86 	 1.62218 	 -0.147483
10.875 	 1.62033 	 -0.147118
10.89 	 1.61848 	 -0.146752
10.905 	 1.61663 	 -0.146384
10.92 	 1.61478 	 -0.146015
10.935 	 1.61292 	 -0.146015
10.95 	 1.61109 	 -0.145274
10.965 	 1.60925 	 -0.144901
10.98 	 1.6074 	 -0.144528
10.995 	 1.60556 	 -0.144153
11.01 	 1.60372 	 -0.143777
11.025 	 1.60189 	 -0.1434
11.04 	 1.60005 	 -0.143022
11.055 	 1.59822 	 -0.142643
11.07 	 1.59638 	 -0.142263
11.085 	 1.59455 	 -0.141882
11.1 	 1.59272 	 -0.1415
11.115 	 1.59089 	 -0.141117
11.13 	 1.58907 	 -0.140733
11.145 	 1.58724 	 -0.140348
11.16 	 1.58542 	 -0.139962
11.175 	 1.58359 	 -0.139576
11.19 	 1.58177 	 -0.139188
11.205 	 1.57996 	 -0.1388
11.22 	 1.57814 	 -0.138411
11.235 	 1.57632 	 -0.138021
11.25 	 1.57451 	 -0.137631
11.265 	 1.5727 	 -0.137239
11.28 	 1.57089 	 -0.136847
11.295 	 1.56908 	 -0.136455
11.31 	 1.56726 	 -0.136455
11.325 	 1.56547 	 -0.135667
11.34 	 1.56367 	 -0.135273
11.355 	 1.56187 	 -0.134878
11.37 	 1.56007 	 -0.134482
11.385 	 1.55827 	 -0.134086
11.4 	 1.55648 	 -0.133689
11.415 	 1.55468 	 -0.133292
11.43 	 1.55289 	 -0.132894
11.445 	 1.5511 	 -0.132496
11.46 	 1.54932 	 -0.132097
11.475 	 1.54753 	 -0.131698
11.49 	 1.54575 	 -0.131298
11.505 	 1.54397 	 -0.130899
11.52 	 1.54219 	 -0.130498
11.535 	 1.54041 	 -0.130098
11.55 	 1.53864 	 -0.129697
11.565 	 1.53687 	 -0.129296
11.58 	 1.5351 	 -0.128895
11.595 	 1.53333 	 -0.128493
11.61 	 1.53156 	 -0.128091
11.625 	 1.5298 	 -0.127689
11.64 	 1.52804 	 -0.127287
11.655 	 1.52628 	 -0.126885
11.67 	 1.52452 	 -0.126482
11.685 	 1.52276 	 -0.126079
11.7 	 1.52101 	 -0.125677
11.715 	 1.51926 	 -0.125274
11.73 	 1.51751 	 -0.124871
11.745 	 1.51576 	 -0.124468
11.76 	 1.51402 	 -0.124065
11.775 	 1.51228 	 -0.123662
11.79 	 1.51054 	 -0.123259
11.805 	 1.5088 	 -0.122856
11.82 	 1.50707 	 -0.122453
11.835 	 1.50534 	 -0.122051
11.85 	 1.50361 	 -0.121648
11.865 	 1.50188 	 -0.121245
11.88 	 1.50015 	 -0.120843
11.895 	 1.49843 	 -0.120441
11.91 	 1.49671 	 -0.120039
11.925 	 1.49499 	 -0.119637
11.94 	 1.49327 	 -0.119235
11.955 	 1.49156 	 -0.118833
11.97 	 1.48985 	 -0.118432
11.985 	 1.48814 	 -0.118031
12 	 1.48644 	 -0.11763
12.015 	 1.48473 	 -0.11723
12.03 	 1.48303 	 -0.11683
12.045 	 1.48133 	 -0.11643
12.06 	 1.47964 	 -0.11603
12.075 	 1.47794 	 -0.115631
12.09 	 1.47625 	 -0.115232
12.105 	 1.47456 	 -0.114833
12.12 	 1.47288 	 -0.114435
12.135 	 1.47119 	 -0.114038
12.15 	 1.46951 	 -0.11364
12.165 	 1.46783 	 -0.113244
12.18 	 1.46616 	 -0.112847
12.195 	 1.46448 	 -0.112451
12.21 	 1.46281 	 -0.112056
12.225 	 1.46114 	 -0.111661
12.24 	 1.45948 	 -0.111266
12.255 	 1.45781 	 -0.110872
12.27 	 1.45615 	 -0.110479
12.285 	 1.4545 	 -0.110086
12.3 	 1.45284 	 -0.109693
12.315 	 1.45119 	 -0.109302
12.33 	 1.44954 	 -0.10891
12.345 	 1.44789 	 -0.10852
12.36 	 1.44624 	 -0.10813
12.375 	 1.4446 	 -0.10774
12.39 	 1.44296 	 -0.107351
12.405 	 1.44132 	 -0.106963
12.42 	 1.43969 	 -0.106576
12.435 	 1.43806 	 -0.106189
12.45 	 1.43643 	 -0.105802
12.465 	 1.4348 	 -0.105417
12.48 	 1.43318 	 -0.105032
12.495 	 1.43156 	 -0.104648
12.51 	 1.42994 	 -0.104264
12.525 	 1.42832 	 -0.103881
12.54 	 1.42671 	 -0.103499
12.555 	 1.4251 	 -0.103118
12.57 	 1.42349 	 -0.102737
12.585 	 1.42189 	 -0.102358
12.6 	 1.42028 	 -0.101978
12.615 	 1.41869 	 -0.1016
12.63 	 1.41709 	 -0.101222
12.645 	 1.41549 	 -0.100846
12.66 	 1.4139 	 -0.10047
12.675 	 1.41231 	 -0.100094
12.69 	 1.41073 	 -0.09972
12.705 	 1.40914 	 -0.0993464
12.72 	 1.40756 	 -0.0989737
12.735 	 1.40598 	 -0.0986017
12.75 	 1.40441 	 -0.0982306
12.765 	 1.40284 	 -0.0978603
12.78 	 1.40127 	 -0.0974908
12.795 	 1.3997 	 -0.0971222
12.81 	 1.39814 	 -0.0967545
12.825 	 1.39657 	 -0.0963876
12.84 	 1.39502 	 -0.0960216
12.855 	 1.39345 	 -0.0960216
12.87 	 1.39191 	 -0.0952921
12.885 	 1.39035 	 -0.0949288
12.9 	 1.38881 	 -0.0945663
12.915 	 1.38726 	 -0.0942047
12.93 	 1.38572 	 -0.093844
12.945 	 1.38418 	 -0.0934842
12.96 	 1.38264 	 -0.0931253
12.975 	 1.38111 	 -0.0927673
12.99 	 1.37958 	 -0.0924102
13.005 	 1.37805 	 -0.0920541
13.02 	 1.37652 	 -0.0916989
13.035 	 1.375 	 -0.0913446
13.05 	 1.37348 	 -0.0909913
13.065 	 1.37196 	 -0.0906389
13.08 	 1.37044 	 -0.0902874
13.095 	 1.36893 	 -0.0899369
13.11 	 1.36742 	 -0.0895873
13.125 	 1.36592 	 -0.0892387
13.14 	 1.36441 	 -0.088891
13.155 	 1.36291 	 -0.0885443
13.17 	 1.36141 	 -0.0881986
13.185 	 1.35991 	 -0.0878538
13.2 	 1.35842 	 -0.08751
13.215 	 1.35693 	 -0.0871671
13.23 	 1.35544 	 -0.0871671
13.245 	 1.35396 	 -0.0864843
13.26 	 1.35248 	 -0.0861444
13.275 	 1.351 	 -0.0858055
13.29 	 1.34952 	 -0.0854675
13.305 	 1.34804 	 -0.0851305
13.32 	 1.34657 	 -0.0847945
13.335 	 1.3451 	 -0.0844595
13.35 	 1.34364 	 -0.0841254
13.365 	 1.34217 	 -0.0837924
13.38 	 1.34071 	 -0.0834603
13.395 	 1.33926 	 -0.0831293
13.41 	 1.3378 	 -0.0827992
13.425 	 1.33635 	 -0.0824701
13.44 	 1.3349 	 -0.082142
13.455 	 1.33345 	 -0.081815
13.47 	 1.33201 	 -0.0814889
13.485 	 1.33057 	 -0.0811638
13.5 	 1.32913 	 -0.0808397
13.515 	 1.32769 	 -0.0805166
13.53 	 1.32626 	 -0.0801945
13.545 	 1.32483 	 -0.0798734
13.56 	 1.3234 	 -0.0795534
13.575 	 1.32197 	 -0.0792343
13.59 	 1.32055 	 -0.0789162
13.605 	 1.31913 	 -0.0785991
13.62 	 1.31771 	 -0.078283
13.635 	 1.3163 	 -0.077968
13.65 	 1.31488 	 -0.0776539
13.665 	 1.31347 	 -0.0773408
13.68 	 1.31207 	 -0.0770288
13.695 	 1.31066 	 -0.0767177
13.71 	 1.30926 	 -0.0764077
13.725 	 1.30786 	 -0.0760986
13.74 	 1.30647 	 -0.0757906
13.755 	 1.30507 	 -0.0754835
13.77 	 1.30368 	 -0.0751775
13.785 	 1.30229 	 -0.0748724
13.8 	 1.30091 	 -0.0745684
13.815 	 1.29952 	 -0.0742653
13.83 	 1.29814 	 -0.0739633
13.845 	 1.29677 	 -0.0736622
13.86 	 1.29539 	 -0.0733622
13.875 	 1.29402 	 -0.0730631
13.89 	 1.29265 	 -0.0727651
13.905 	 1.29128 	 -0.072468
13.92 	 1.28992 	 -0.072172
13.935 	 1.28855 	 -0.0718769
13.95 	 1.28719 	 -0.0715828
13.965 	 1.28584 	 -0.0712898
13.98 	 1.28448 	 -0.0709977
13.995 	 1.28313 	 -0.0707066
14.01 	 1.28178 	 -0.0704165
14.025 	 1.28044 	 -0.0701273
14.04 	 1.27909 	 -0.0698392
14.055 	 1.27775 	 -0.0695521
14.07 	 1.27641 	 -0.0692659
14.085 	 1.27507 	 -0.0689807
14.1 	 1.27374 	 -0.0686965
14.115 	 1.27241 	 -0.0684133
14.13 	 1.27108 	 -0.0681311
14.145 	 1.26975 	 -0.0678498
14.16 	 1.26843 	 -0.0675695
14.175 	 1.26711 	 -0.0672902
14.19 	 1.26579 	 -0.0670119
14.205 	 1.26447 	 -0.0667345
14.22 	 1.26316 	 -0.0664581
14.235 	 1.26185 	 -0.0661827
14.25 	 1.26054 	 -0.0659082
14.265 	 1.25923 	 -0.0656347
14.28 	 1.25793 	 -0.0653622
14.295 	 1.25663 	 -0.0650906
14.31 	 1.25533 	 -0.06482
14.325 	 1.25403 	 -0.0645503
14.34 	 1.25274 	 -0.0642816
14.355 	 1.25145 	 -0.0640139
14.37 	 1.25016 	 -0.0637471
14.385 	 1.24887 	 -0.0634812
14.4 	 1.24759 	 -0.0634812
14.415 	 1.24631 	 -0.0629524
14.43 	 1.24503 	 -0.0626894
14.445 	 1.24375 	 -0.0624273
14.46 	 1.24248 	 -0.0621662
14.475 	 1.24121 	 -0.061906
14.49 	 1.23994 	 -0.0616467
14.505 	 1.23867 	 -0.0613884
14.52 	 1.23741 	 -0.0611311
14.535 	 1.23615 	 -0.0608746
14.55 	 1.23489 	 -0.0606191
14.565 	 1.23363 	 -0.0603645
14.58 	 1.23238 	 -0.0601108
14.595 	 1.23112 	 -0.0598581
14.61 	 1.22987 	 -0.0596063
14.625 	 1.22863 	 -0.0593553
14.64 	 1.22738 	 -0.0591054
14.655 	 1.22614 	 -0.0588563
14.67 	 1.2249 	 -0.0586081
14.685 	 1.22366 	 -0.0583609
14.7 	 1.22242 	 -0.0581145
14.715 	 1.22119 	 -0.0578691
14.73 	 1.21996 	 -0.0576245
14.745 	 1.21873 	 -0.0573809
14.76 	 1.2175 	 -0.0571381
14.775 	 1.21628 	 -0.0571381
14.79 	 1.21506 	 -0.0566553
14.805 	 1.21384 	 -0.0564153
14.82 	 1.21262 	 -0.0561761
14.835 	 1.21141 	 -0.0559378
14.85 	 1.2102 	 -0.0557004
14.865 	 1.20899 	 -0.0554639
14.88 	 1.20778 	 -0.0552283
14.895 	 1.20657 	 -0.0549935
14.91 	 1.20537 	 -0.0547596
14.925 	 1.20417 	 -0.0545266
14.94 	 1.20297 	 -0.0542945
14.955 	 1.20177 	 -0.0540632
14.97 	 1.20058 	 -0.0538328
14.985 	 1.19939 	 -0.0536033
15 	 1.1982 	 -0.0533746
15.015 	 1.19701 	 -0.0531468
15.03 	 1.19583 	 -0.0529198
15.045 	 1.19464 	 -0.0526937
15.06 	 1.19346 	 -0.0524685
15.075 	 1.19229 	 -0.0522441
15.09 	 1.19111 	 -0.0520205
15.105 	 1.18994 	 -0.0517978
15.12 	 1.18876 	 -0.051576
15.135 	 1.18759 	 -0.0513549
15.15 	 1.18643 	 -0.0513549
15.165 	 1.18526 	 -0.0509154
15.18 	 1.1841 	 -0.0506969
15.195 	 1.18294 	 -0.0504792
15.21 	 1.18178 	 -0.0502623
15.225 	 1.18062 	 -0.0500463
15.24 	 1.17947 	 -0.0498311
15.255 	 1.17832 	 -0.0496167
15.27 	 1.17717 	 -0.0494031
15.285 	 1.17602 	 -0.0491904
15.3 	 1.17488 	 -0.0489784
15.315 	 1.17373 	 -0.0487673
15.33 	 1.17259 	 -0.048557
15.345 	 1.17145 	 -0.0483475
15.36 	 1.17032 	 -0.0481388
15.375 	 1.16918 	 -0.0479309
15.39 	 1.16805 	 -0.0477238
15.405 	 1.16692 	 -0.0475175
15.42 	 1.16579 	 -0.047312
15.435 	 1.16466 	 -0.0471072
15.45 	 1.16354 	 -0.0469033
15.465 	 1.16242 	 -0.0467002
15.48 	 1.1613 	 -0.0464978
15.495 	 1.16018 	 -0.0462963
15.51 	 1.15906 	 -0.0460955
15.525 	 1.15795 	 -0.0458955
15.54 	 1.15684 	 -0.0456962
15.555 	 1.15573 	 -0.0454978
15.57 	 1.15462 	 -0.0453001
15.585 	 1.15352 	 -0.0451031
15.6 	 1.15241 	 -0.044907
15.615 	 1.15131 	 -0.0447116
15.63 	 1.15021 	 -0.044517
15.645 	 1.14912 	 -0.0443231
15.66 	 1.14802 	 -0.04413
15.675 	 1.14693 	 -0.0439376
15.69 	 1.14584 	 -0.043746
15.705 	 1.14475 	 -0.0435552
15.72 	 1.14366 	 -0.0433651
15.735 	 1.14258 	 -0.0431757
15.75 	 1.14149 	 -0.0429871
15.765 	 1.14041 	 -0.0427992
15.78 	 1.13933 	 -0.0426121
15.795 	 1.13826 	 -0.0424257
15.81 	 1.13718 	 -0.04224
15.825 	 1.13611 	 -0.0420551
15.84 	 1.13504 	 -0.0418709
15.855 	 1.13397 	 -0.0416874
15.87 	 1.1329 	 -0.0415046
15.885 	 1.13184 	 -0.0413226
15.9 	 1.13077 	 -0.0411413
15.915 	 1.12971 	 -0.0409607
15.93 	 1.12865 	 -0.0407808
15.945 	 1.12759 	 -0.0406016
15.96 	 1.12654 	 -0.0404231
15.975 	 1.12548 	 -0.0402454
15.99 	 1.12443 	 -0.0400683
16.005 	 1.12338 	 -0.039892
16.02 	 1.12234 	 -0.0397163
16.035 	 1.12129 	 -0.0395414
16.05 	 1.12025 	 -0.0393671
16.065 	 1.1192 	 -0.0391936
16.08 	 1.11816 	 -0.0390207
16.095 	 1.11713 	 -0.0388486
16.11 	 1.11609 	 -0.0386771
16.125 	 1.11506 	 -0.0385063
16.14 	 1.11402 	 -0.0383361
16.155 	 1.11299 	 -0.0381667
16.17 	 1.11196 	 -0.037998
16.185 	 1.11094 	 -0.0378299
16.2 	 1.10991 	 -0.0376625
16.215 	 1.10889 	 -0.0374957
16.23 	 1.10787 	 -0.0373297
16.245 	 1.10685 	 -0.0371643
16.26 	 1.10583 	 -0.0369995
16.275 	 1.10481 	 -0.0368355
16.29 	 1.1038 	 -0.036672
16.305 	 1.10279 	 -0.0365093
16.32 	 1.10178 	 -0.0363472
16.335 	 1.10077 	 -0.0361857
16.35 	 1.09976 	 -0.036025
16.365 	 1.09876 	 -0.0358648
16.38 	 1.09775 	 -0.0357053
16.395 	 1.09675 	 -0.0355465
16.41 	 1.09575 	 -0.0353883
16.425 	 1.09476 	 -0.0352307
16.44 	 1.09376 	 -0.0350738
16.455 	 1.09277 	 -0.0349175
16.47 	 1.09177 	 -0.0347618
16.485 	 1.09078 	 -0.0346068
16.5 	 1.08979 	 -0.0344524
16.515 	 1.08881 	 -0.0342987
16.53 	 1.08782 	 -0.0341455
16.545 	 1.08684 	 -0.033993
16.56 	 1.08586 	 -0.0338411
16.575 	 1.08488 	 -0.0336898
16.59 	 1.0839 	 -0.0335392
16.605 	 1.08292 	 -0.0333891
16.62 	 1.08195 	 -0.0332397
16.635 	 1.08097 	 -0.0330909
16.65 	 1.08 	 -0.0329427
16.665 	 1.07903 	 -0.0327951
16.68 	 1.07806 	 -0.0326481
16.695 	 1.0771 	 -0.0325017
16.71 	 1.07613 	 -0.0323559
16.725 	 1.07517 	 -0.0322107
16.74 	 1.07421 	 -0.0320661
16.755 	 1.07325 	 -0.0319221
16.77 	 1.07229 	 -0.0317787
16.785 	 1.07134 	 -0.0316358
16.8 	 1.07038 	 -0.0314936
16.815 	 1.06943 	 -0.031352
16.83 	 1.06848 	 -0.0312109
16.845 	 1.06753 	 -0.0310704
16.86 	 1.06658 	 -0.0309305
16.875 	 1.06564 	 -0.0307912
16.89 	 1.06469 	 -0.0306524
16.905 	 1.06375 	 -0.0305142
16.92 	 1.06281 	 -0.0303766
16.935 	 1.06187 	 -0.0302396
16.95 	 1.06093 	 -0.0301031
16.965 	 1.06 	 -0.0299672
16.98 	 1.05906 	 -0.0298319
16.995 	 1.05813 	 -0.0296971
17.01 	 1.0572 	 -0.0295629
17.025 	 1.05627 	 -0.0294292
17.04 	 1.05534 	 -0.0292961
17.055 	 1.05441 	 -0.0291636
17.07 	 1.05349 	 -0.0290316
17.085 	 1.05257 	 -0.0289001
17.1 	 1.05165 	 -0.0287692
17.115 	 1.05073 	 -0.0286389
17.13 	 1.04981 	 -0.0285091
17.145 	 1.04889 	 -0.0283798
17.16 	 1.04798 	 -0.0282511
17.175 	 1.04706 	 -0.0281229
17.19 	 1.04615 	 -0.0279952
17.205 	 1.04524 	 -0.0278681
17.22 	 1.04433 	 -0.0277415
17.235 	 1.04342 	 -0.0276155
17.25 	 1.04252 	 -0.02749
17.265 	 1.04161 	 -0.027365
17.28 	 1.04071 	 -0.0272405
17.295 	 1.03981 	 -0.0271165
17.31 	 1.03891 	 -0.0269931
17.325 	 1.03801 	 -0.0268702
17.34 	 1.03712 	 -0.0267478
17.355 	 1.03622 	 -0.0266259
17.37 	 1.03533 	 -0.0265045
17.385 	 1.03444 	 -0.0263837
17.4 	 1.03355 	 -0.0262633
17.415 	 1.03266 	 -0.0261435
17.43 	 1.03177 	 -0.0260242
17.445 	 1.03089 	 -0.0259054
17.46 	 1.03 	 -0.025787
17.475 	 1.02912 	 -0.0256692
17.49 	 1.02824 	 -0.0255519
17.505 	 1.02736 	 -0.0254351
17.52 	 1.02648 	 -0.0253187
17.535 	 1.0256 	 -0.0252029
17.55 	 1.02473 	 -0.0250875
17.565 	 1.02385 	 -0.0249727
17.58 	 1.02298 	 -0.0248583
17.595 	 1.02211 	 -0.0247444
17.61 	 1.02124 	 -0.024631
17.625 	 1.02037 	 -0.0245181
17.64 	 1.01951 	 -0.0244057
17.655 	 1.01864 	 -0.0244057
17.67 	 1.01778 	 -0.0241822
17.685 	 1.01692 	 -0.0240712
17.7 	 1.01606 	 -0.0239607
17.715 	 1.0152 	 -0.0238507
17.73 	 1.01434 	 -0.0237411
17.745 	 1.01348 	 -0.0236319
17.76 	 1.01263 	 -0.0235233
17.775 	 1.01178 	 -0.0234151
17.79 	 1.01092 	 -0.0233074
17.805 	 1.01007 	 -0.0232001
17.82 	 1.00922 	 -0.0230933
17.835 	 1.00838 	 -0.022987
17.85 	 1.00753 	 -0.0228811
17.865 	 1.00669 	 -0.0227756
17.88 	 1.00584 	 -0.0226707
17.895 	 1.005 	 -0.0225661
17.91 	 1.00416 	 -0.0224621
17.925 	 1.00332 	 -0.0223584
17.94 	 1.00248 	 -0.0222552
17.955 	 1.00165 	 -0.0221525
17.97 	 1.00081 	 -0.0220502
17.985 	 0.999978 	 -0.0219483
18 	 0.999146 	 -0.0218469
18.015 	 0.998315 	 -0.0217459
18.03 	 0.997485 	 -0.0217459
18.045 	 0.996657 	 -0.0215453
18.06 	 0.99583 	 -0.0214456
18.075 	 0.995005 	 -0.0213464
18.09 	 0.994181 	 -0.0212475
18.105 	 0.993358 	 -0.0211492
18.12 	 0.992537 	 -0.0210512
18.135 	 0.991717 	 -0.0209537
18.15 	 0.990899 	 -0.0208565
18.165 	 0.990081 	 -0.0207598
18.18 	 0.989265 	 -0.0206636
18.195 	 0.988451 	 -0.0205677
18.21 	 0.987638 	 -0.0204723
18.225 	 0.986826 	 -0.0203773
18.24 	 0.986015 	 -0.0202826
18.255 	 0.985206 	 -0.0201884
18.27 	 0.984398 	 -0.0200947
18.285 	 0.983591 	 -0.0200013
18.3 	 0.982786 	 -0.0199083
18.315 	 0.981982 	 -0.0198157
18.33 	 0.98118 	 -0.0197236
18.345 	 0.980378 	 -0.0196318
18.36 	 0.979578 	 -0.0195405
18.375 	 0.978779 	 -0.0194495
18.39 	 0.977982 	 -0.0193589
18.405 	 0.977186 	 -0.0193589
18.42 	 0.976391 	 -0.019179
18.435 	 0.975597 	 -0.0190896
18.45 	 0.974805 	 -0.0190006
18.465 	 0.974014 	 -0.018912
18.48 	 0.973224 	 -0.0188238
18.495 	 0.972436 	 -0.018736
18.51 	 0.971649 	 -0.0186486
18.525 	 0.970863 	 -0.0185615
18.54 	 0.970078 	 -0.0184749
18.555 	 0.969295 	 -0.0183886
18.57 	 0.968513 	 -0.0183027
18.585 	 0.967732 	 -0.0182171
18.6 	 0.966952 	 -0.018132
18.615 	 0.966174 	 -0.0180472
18.63 	 0.965397 	 -0.0179628
18.645 	 0.964621 	 -0.0178788
18.66 	 0.963846 	 -0.0177951
18.675 	 0.963073 	 -0.0177118
18.69 	 0.962301 	 -0.0176289
18.705 	 0.96153 	 -0.0175464
18.72 	 0.96076 	 -0.0174642
18.735 	 0.959992 	 -0.0173823
18.75 	 0.959225 	 -0.0173009
18.765 	 0.958459 	 -0.0172198
18.78 	 0.957694 	 -0.0172198
18.795 	 0.95693 	 -0.0170586
18.81 	 0.956168 	 -0.0169786
18.825 	 0.955407 	 -0.0168989
18.84 	 0.954647 	 -0.0168196
18.855 	 0.953888 	 -0.0167406
18.87 	 0.953131 	 -0.016662
18.885 	 0.952374 	 -0.0165837
18.9 	 0.951619 	 -0.0165058
18.915 	 0.950865 	 -0.0164282
18.93 	 0.950112 	 -0.016351
18.945 	 0.949361 	 -0.0162741
18.96 	 0.948611 	 -0.0161976
18.975 	 0.947861 	 -0.0161214
18.99 	 0.947113 	 -0.0160455
19.005 	 0.946367 	 -0.01597
19.02 	 0.945621 	 -0.0158948
19.035 	 0.944876 	 -0.0158199
19.05 	 0.944133 	 -0.0157454
19.065 	 0.943391 	 -0.0156712
19.08 	 0.94265 	 -0.0155974
19.095 	 0.94191 	 -0.0155239
19.11 	 0.941172 	 -0.0154507
19.125 	 0.940434 	 -0.0153778
19.14 	 0.939698 	 -0.0153053
19.155 	 0.938962 	 -0.0153053
19.17 	 0.938228 	 -0.0151612
19.185 	 0.937496 	 -0.0150896
19.2 	 0.936764 	 -0.0150183
19.215 	 0.936033 	 -0.0149474
19.23 	 0.935304 	 -0.0148768
19.245 	 0.934575 	 -0.0148065
19.26 	 0.933848 	 -0.0147365
19.275 	 0.933122 	 -0.0146669
19.29 	 0.932397 	 -0.0145975
19.305 	 0.931673 	 -0.0145285
19.32 	 0.930951 	 -0.0144598
19.335 	 0.930229 	 -0.0143913
19.35 	 0.929508 	 -0.0143232
19.365 	 0.928789 	 -0.0142554
19.38 	 0.928071 	 -0.0141879
19.395 	 0.927354 	 -0.0141207
19.41 	 0.926638 	 -0.0140539
19.425 	 0.925923 	 -0.0139873
19.44 	 0.925209 	 -0.013921
19.455 	 0.924496 	 -0.013855
19.47 	 0.923784 	 -0.0137893
19.485 	 0.923074 	 -0.0137239
19.5 	 0.922364 	 -0.0136588
19.515 	 0.921656 	 -0.013594
19.53 	 0.920949 	 -0.0135295
19.545 	 0.920243 	 -0.0134653
19.56 	 0.919537 	 -0.0134014
19.575 	 0.918833 	 -0.0133377
19.59 	 0.91813 	 -0.0132744
19.605 	 0.917429 	 -0.0132113
19.62 	 0.916728 	 -0.0131486
19.635 	 0.916028 	 -0.0130861
19.65 	 0.915329 	 -0.0130239
19.665 	 0.914632 	 -0.012962
19.68 	 0.913935 	 -0.0129003
19.695 	 0.91324 	 -0.012839
19.71 	 0.912545 	 -0.0127779
19.725 	 0.911852 	 -0.0127171
19.74 	 0.911159 	 -0.0126566
19.755 	 0.910468 	 -0.0125963
19.77 	 0.909778 	 -0.0125363
19.785 	 0.909089 	 -0.0124766
19.8 	 0.908401 	 -0.0124172
19.815 	 0.907713 	 -0.012358
19.83 	 0.907027 	 -0.0122992
19.845 	 0.906342 	 -0.0122405
19.86 	 0.905658 	 -0.0121822
19.875 	 0.904975 	 -0.0121241
19.89 	 0.904293 	 -0.0120663
19.905 	 0.903612 	 -0.0120087
19.92 	 0.902932 	 -0.0119514
19.935 	 0.902254 	 -0.0118944
19.95 	 0.901576 	 -0.0118376
19.965 	 0.900899 	 -0.0117811
19.98 	 0.900223 	 -0.0117249
