0 	 0.592518 	 -0.226681
0.015 	 0.592509 	 -0.226678
0.03 	 0.592482 	 -0.226673
0.045 	 0.592436 	 -0.226665
0.06 	 0.592396 	 -0.226656
0.075 	 0.592348 	 -0.226646
0.09 	 0.592293 	 -0.226633
0.105 	 0.592232 	 -0.226618
0.12 	 0.592163 	 -0.226602
0.135 	 0.592089 	 -0.226584
0.15 	 0.592008 	 -0.226564
0.165 	 0.591975 	 -0.226564
0.18 	 0.591828 	 -0.226519
0.195 	 0.591729 	 -0.226493
0.21 	 0.591623 	 -0.226466
0.225 	 0.591568 	 -0.226466
0.24 	 0.591394 	 -0.226406
0.255 	 0.591271 	 -0.226373
0.27 	 0.591141 	 -0.226338
0.285 	 0.591006 	 -0.226302
0.3 	 0.590864 	 -0.226263
0.315 	 0.590716 	 -0.226223
0.33 	 0.590621 	 -0.226223
0.345 	 0.590403 	 -0.226138
0.36 	 0.590238 	 -0.226092
0.375 	 0.590067 	 -0.226044
0.39 	 0.589889 	 -0.225995
0.405 	 0.589706 	 -0.225944
0.42 	 0.589517 	 -0.225891
0.435 	 0.589322 	 -0.225836
0.45 	 0.589179 	 -0.225836
0.465 	 0.588914 	 -0.225721
0.48 	 0.588701 	 -0.225661
0.495 	 0.588483 	 -0.225599
0.51 	 0.588258 	 -0.225535
0.525 	 0.588028 	 -0.225469
0.54 	 0.587792 	 -0.225402
0.555 	 0.58755 	 -0.225332
0.57 	 0.587303 	 -0.225261
0.585 	 0.587049 	 -0.225188
0.6 	 0.58679 	 -0.225113
0.615 	 0.586525 	 -0.225036
0.63 	 0.586255 	 -0.224958
0.645 	 0.585979 	 -0.224877
0.66 	 0.585755 	 -0.224877
0.675 	 0.585409 	 -0.224711
0.69 	 0.585116 	 -0.224625
0.705 	 0.584817 	 -0.224537
0.72 	 0.584512 	 -0.224448
0.735 	 0.584202 	 -0.224357
0.75 	 0.583886 	 -0.224264
0.765 	 0.583565 	 -0.224169
0.78 	 0.583238 	 -0.224072
0.795 	 0.582905 	 -0.223973
0.81 	 0.582567 	 -0.223873
0.825 	 0.582224 	 -0.223771
0.84 	 0.581875 	 -0.223667
0.855 	 0.58152 	 -0.223561
0.87 	 0.58116 	 -0.223453
0.885 	 0.580795 	 -0.223344
0.9 	 0.580481 	 -0.223344
0.915 	 0.580047 	 -0.22312
0.93 	 0.579666 	 -0.223005
0.945 	 0.579279 	 -0.222888
0.96 	 0.578887 	 -0.22277
0.975 	 0.578489 	 -0.222649
0.99 	 0.578086 	 -0.222527
1.005 	 0.577678 	 -0.222404
1.02 	 0.577264 	 -0.222278
1.035 	 0.576846 	 -0.222151
1.05 	 0.576422 	 -0.222021
1.065 	 0.575993 	 -0.22189
1.08 	 0.575558 	 -0.221758
1.095 	 0.575119 	 -0.221623
1.11 	 0.574674 	 -0.221487
1.125 	 0.574225 	 -0.221349
1.14 	 0.57377 	 -0.221209
1.155 	 0.57331 	 -0.221067
1.17 	 0.572845 	 -0.220924
1.185 	 0.572376 	 -0.220778
1.2 	 0.571901 	 -0.220631
1.215 	 0.571421 	 -0.220483
1.23 	 0.570936 	 -0.220332
1.245 	 0.570447 	 -0.22018
1.26 	 0.569952 	 -0.220026
1.275 	 0.569453 	 -0.21987
1.29 	 0.568949 	 -0.219713
1.305 	 0.56844 	 -0.219553
1.32 	 0.567978 	 -0.219553
1.335 	 0.567407 	 -0.219229
1.35 	 0.566884 	 -0.219065
1.365 	 0.566356 	 -0.218899
1.38 	 0.565823 	 -0.218731
1.395 	 0.565286 	 -0.218561
1.41 	 0.564744 	 -0.218389
1.425 	 0.564198 	 -0.218216
1.44 	 0.563646 	 -0.218041
1.455 	 0.563091 	 -0.217865
1.47 	 0.562531 	 -0.217686
1.485 	 0.561966 	 -0.217506
1.5 	 0.561397 	 -0.217324
1.515 	 0.560823 	 -0.217141
1.53 	 0.560245 	 -0.216956
1.545 	 0.559663 	 -0.216769
1.56 	 0.559076 	 -0.21658
1.575 	 0.558485 	 -0.21639
1.59 	 0.55789 	 -0.216198
1.605 	 0.55729 	 -0.216004
1.62 	 0.556686 	 -0.215809
1.635 	 0.556078 	 -0.215612
1.65 	 0.555466 	 -0.215413
1.665 	 0.55485 	 -0.215213
1.68 	 0.554229 	 -0.215011
1.695 	 0.553605 	 -0.214807
1.71 	 0.552976 	 -0.214601
1.725 	 0.552344 	 -0.214394
1.74 	 0.551707 	 -0.214186
1.755 	 0.551066 	 -0.213975
1.77 	 0.550422 	 -0.213763
1.785 	 0.549773 	 -0.21355
1.8 	 0.549166 	 -0.21355
1.815 	 0.548465 	 -0.213117
1.83 	 0.547805 	 -0.212899
1.845 	 0.547141 	 -0.212679
1.86 	 0.546474 	 -0.212457
1.875 	 0.545803 	 -0.212233
1.89 	 0.545128 	 -0.212008
1.905 	 0.544449 	 -0.211782
1.92 	 0.543767 	 -0.211553
1.935 	 0.543081 	 -0.211324
1.95 	 0.542392 	 -0.211092
1.965 	 0.541699 	 -0.210859
1.98 	 0.541002 	 -0.210624
1.995 	 0.540303 	 -0.210388
2.01 	 0.539599 	 -0.21015
2.025 	 0.538893 	 -0.209911
2.04 	 0.538183 	 -0.20967
2.055 	 0.537469 	 -0.209428
2.07 	 0.536753 	 -0.209184
2.085 	 0.536033 	 -0.208938
2.1 	 0.535309 	 -0.208691
2.115 	 0.534583 	 -0.208442
2.13 	 0.533853 	 -0.208192
2.145 	 0.533121 	 -0.20794
2.16 	 0.532385 	 -0.207687
2.175 	 0.531646 	 -0.207432
2.19 	 0.530904 	 -0.207176
2.205 	 0.530159 	 -0.206918
2.22 	 0.529411 	 -0.206659
2.235 	 0.52866 	 -0.206398
2.25 	 0.527906 	 -0.206136
2.265 	 0.527149 	 -0.205872
2.28 	 0.52639 	 -0.205607
2.295 	 0.525627 	 -0.20534
2.31 	 0.524862 	 -0.205072
2.325 	 0.524094 	 -0.204803
2.34 	 0.523324 	 -0.204531
2.355 	 0.52255 	 -0.204259
2.37 	 0.521774 	 -0.203985
2.385 	 0.520996 	 -0.20371
2.4 	 0.520215 	 -0.203433
2.415 	 0.519431 	 -0.203154
2.43 	 0.518645 	 -0.202875
2.445 	 0.517856 	 -0.202594
2.46 	 0.517065 	 -0.202311
2.475 	 0.516271 	 -0.202027
2.49 	 0.515475 	 -0.201742
2.505 	 0.514677 	 -0.201455
2.52 	 0.513876 	 -0.201167
2.535 	 0.513073 	 -0.200878
2.55 	 0.512268 	 -0.200587
2.565 	 0.511461 	 -0.200295
2.58 	 0.510651 	 -0.200001
2.595 	 0.509839 	 -0.199706
2.61 	 0.509025 	 -0.19941
2.625 	 0.508209 	 -0.199112
2.64 	 0.507421 	 -0.199112
2.655 	 0.506571 	 -0.198513
2.67 	 0.505749 	 -0.198212
2.685 	 0.504925 	 -0.197909
2.7 	 0.504099 	 -0.197605
2.715 	 0.503272 	 -0.197299
2.73 	 0.502442 	 -0.196992
2.745 	 0.50161 	 -0.196684
2.76 	 0.500777 	 -0.196375
2.775 	 0.499942 	 -0.196065
2.79 	 0.499105 	 -0.195753
2.805 	 0.498267 	 -0.19544
2.82 	 0.497427 	 -0.195125
2.835 	 0.496585 	 -0.19481
2.85 	 0.495741 	 -0.194493
2.865 	 0.494897 	 -0.194175
2.88 	 0.49405 	 -0.193855
2.895 	 0.493202 	 -0.193535
2.91 	 0.492353 	 -0.193213
2.925 	 0.491502 	 -0.19289
2.94 	 0.490649 	 -0.192566
2.955 	 0.489796 	 -0.192241
2.97 	 0.488941 	 -0.191915
2.985 	 0.488084 	 -0.191587
3 	 0.487227 	 -0.191258
3.015 	 0.486368 	 -0.190928
3.03 	 0.485508 	 -0.190597
3.045 	 0.484647 	 -0.190265
3.06 	 0.483784 	 -0.189931
3.075 	 0.482921 	 -0.189597
3.09 	 0.482056 	 -0.189261
3.105 	 0.48119 	 -0.188925
3.12 	 0.480323 	 -0.188587
3.135 	 0.479456 	 -0.188248
3.15 	 0.478587 	 -0.187908
3.165 	 0.477717 	 -0.187566
3.18 	 0.476847 	 -0.187224
3.195 	 0.475975 	 -0.186881
3.21 	 0.475103 	 -0.186537
3.225 	 0.47423 	 -0.186191
3.24 	 0.473356 	 -0.185845
3.255 	 0.472481 	 -0.185497
3.27 	 0.471606 	 -0.185149
3.285 	 0.47073 	 -0.184799
3.3 	 0.469853 	 -0.184448
3.315 	 0.468975 	 -0.184097
3.33 	 0.468097 	 -0.183744
3.345 	 0.467219 	 -0.183391
3.36 	 0.466339 	 -0.183036
3.375 	 0.46546 	 -0.18268
3.39 	 0.464579 	 -0.182324
3.405 	 0.463699 	 -0.181966
3.42 	 0.462817 	 -0.181608
3.435 	 0.461936 	 -0.181248
3.45 	 0.461054 	 -0.180888
3.465 	 0.460171 	 -0.180526
3.48 	 0.459289 	 -0.180164
3.495 	 0.458406 	 -0.179801
3.51 	 0.457522 	 -0.179437
3.525 	 0.456639 	 -0.179072
3.54 	 0.455755 	 -0.178706
3.555 	 0.454871 	 -0.178339
3.57 	 0.453987 	 -0.177971
3.585 	 0.453103 	 -0.177602
3.6 	 0.452232 	 -0.177602
3.615 	 0.451334 	 -0.176862
3.63 	 0.450449 	 -0.176491
3.645 	 0.449565 	 -0.176119
3.66 	 0.44868 	 -0.175746
3.675 	 0.447796 	 -0.175372
3.69 	 0.446911 	 -0.174997
3.705 	 0.446027 	 -0.174622
3.72 	 0.445142 	 -0.174246
3.735 	 0.444258 	 -0.173869
3.75 	 0.443374 	 -0.173491
3.765 	 0.44249 	 -0.173112
3.78 	 0.441606 	 -0.172732
3.795 	 0.440722 	 -0.172352
3.81 	 0.439839 	 -0.171971
3.825 	 0.438956 	 -0.171589
3.84 	 0.438073 	 -0.171206
3.855 	 0.437191 	 -0.170823
3.87 	 0.436309 	 -0.170439
3.885 	 0.435427 	 -0.170054
3.9 	 0.434545 	 -0.169668
3.915 	 0.433664 	 -0.169282
3.93 	 0.432784 	 -0.168895
3.945 	 0.431904 	 -0.168507
3.96 	 0.431024 	 -0.168119
3.975 	 0.430145 	 -0.16773
3.99 	 0.429266 	 -0.16734
4.005 	 0.428388 	 -0.166949
4.02 	 0.42751 	 -0.166558
4.035 	 0.426633 	 -0.166166
4.05 	 0.425757 	 -0.165773
4.065 	 0.424881 	 -0.16538
4.08 	 0.424006 	 -0.164986
4.095 	 0.423131 	 -0.164592
4.11 	 0.422258 	 -0.164197
4.125 	 0.421385 	 -0.163801
4.14 	 0.420512 	 -0.163404
4.155 	 0.419641 	 -0.163007
4.17 	 0.41877 	 -0.16261
4.185 	 0.4179 	 -0.162212
4.2 	 0.417031 	 -0.161813
4.215 	 0.416162 	 -0.161413
4.23 	 0.415295 	 -0.161013
4.245 	 0.414428 	 -0.160613
4.26 	 0.413562 	 -0.160212
4.275 	 0.412697 	 -0.15981
4.29 	 0.411833 	 -0.159408
4.305 	 0.41097 	 -0.159005
4.32 	 0.410108 	 -0.158602
4.335 	 0.409247 	 -0.158198
4.35 	 0.408387 	 -0.157794
4.365 	 0.407528 	 -0.157389
4.38 	 0.40667 	 -0.156984
4.395 	 0.405813 	 -0.156578
4.41 	 0.404957 	 -0.156172
4.425 	 0.404102 	 -0.155765
4.44 	 0.403248 	 -0.155358
4.455 	 0.402395 	 -0.15495
4.47 	 0.401544 	 -0.154542
4.485 	 0.400693 	 -0.154134
4.5 	 0.399844 	 -0.153725
4.515 	 0.398996 	 -0.153315
4.53 	 0.398149 	 -0.152906
4.545 	 0.397304 	 -0.152495
4.56 	 0.396459 	 -0.152085
4.575 	 0.395616 	 -0.151674
4.59 	 0.394774 	 -0.151263
4.605 	 0.393933 	 -0.150851
4.62 	 0.393094 	 -0.150439
4.635 	 0.392256 	 -0.150026
4.65 	 0.391419 	 -0.149614
4.665 	 0.390584 	 -0.1492
4.68 	 0.38975 	 -0.148787
4.695 	 0.388919 	 -0.148787
4.71 	 0.388086 	 -0.147959
4.725 	 0.387256 	 -0.147545
4.74 	 0.386427 	 -0.14713
4.755 	 0.3856 	 -0.146715
4.77 	 0.384775 	 -0.1463
4.785 	 0.38395 	 -0.145885
4.8 	 0.383127 	 -0.145469
4.815 	 0.382306 	 -0.145053
4.83 	 0.381486 	 -0.144637
4.845 	 0.380668 	 -0.144221
4.86 	 0.379851 	 -0.143804
4.875 	 0.379035 	 -0.143387
4.89 	 0.378222 	 -0.14297
4.905 	 0.377409 	 -0.142553
4.92 	 0.376598 	 -0.142136
4.935 	 0.375789 	 -0.141718
4.95 	 0.374981 	 -0.141301
4.965 	 0.374175 	 -0.140883
4.98 	 0.373371 	 -0.140465
4.995 	 0.372568 	 -0.140048
5.01 	 0.371766 	 -0.13963
5.025 	 0.370967 	 -0.139211
5.04 	 0.370169 	 -0.138793
5.055 	 0.369372 	 -0.138375
5.07 	 0.368577 	 -0.137957
5.085 	 0.367784 	 -0.137538
5.1 	 0.366993 	 -0.13712
5.115 	 0.366203 	 -0.136702
5.13 	 0.365415 	 -0.136283
5.145 	 0.364628 	 -0.135865
5.16 	 0.363843 	 -0.135447
5.175 	 0.36306 	 -0.135029
5.19 	 0.362279 	 -0.13461
5.205 	 0.361499 	 -0.134192
5.22 	 0.360721 	 -0.133774
5.235 	 0.359945 	 -0.133356
5.25 	 0.359171 	 -0.132938
5.265 	 0.358398 	 -0.13252
5.28 	 0.357626 	 -0.13252
5.295 	 0.356858 	 -0.131685
5.31 	 0.35609 	 -0.131267
5.325 	 0.355325 	 -0.13085
5.34 	 0.354561 	 -0.130432
5.355 	 0.353799 	 -0.130015
5.37 	 0.353038 	 -0.129598
5.385 	 0.35228 	 -0.129182
5.4 	 0.351523 	 -0.128765
5.415 	 0.350768 	 -0.128349
5.43 	 0.350015 	 -0.127932
5.445 	 0.349264 	 -0.127516
5.46 	 0.348515 	 -0.127101
5.475 	 0.347767 	 -0.126685
5.49 	 0.347021 	 -0.12627
5.505 	 0.346277 	 -0.125855
5.52 	 0.345535 	 -0.12544
5.535 	 0.344795 	 -0.125026
5.55 	 0.344057 	 -0.124611
5.565 	 0.34332 	 -0.124197
5.58 	 0.342586 	 -0.123784
5.595 	 0.341853 	 -0.123371
5.61 	 0.341122 	 -0.122958
5.625 	 0.340393 	 -0.122545
5.64 	 0.339666 	 -0.122133
5.655 	 0.338939 	 -0.122133
5.67 	 0.338217 	 -0.121309
5.685 	 0.337496 	 -0.120898
5.7 	 0.336776 	 -0.120487
5.715 	 0.336059 	 -0.120076
5.73 	 0.335343 	 -0.119666
5.745 	 0.334629 	 -0.119256
5.76 	 0.333917 	 -0.118847
5.775 	 0.333207 	 -0.118438
5.79 	 0.332499 	 -0.11803
5.805 	 0.331792 	 -0.117621
5.82 	 0.331088 	 -0.117214
5.835 	 0.330385 	 -0.116807
5.85 	 0.329685 	 -0.1164
5.865 	 0.328986 	 -0.115994
5.88 	 0.32829 	 -0.115588
5.895 	 0.327595 	 -0.115183
5.91 	 0.326902 	 -0.114778
5.925 	 0.326211 	 -0.114374
5.94 	 0.325522 	 -0.11397
5.955 	 0.324835 	 -0.113567
5.97 	 0.32415 	 -0.113164
5.985 	 0.323466 	 -0.112762
6 	 0.322785 	 -0.11236
6.015 	 0.322106 	 -0.111959
6.03 	 0.321428 	 -0.111558
6.045 	 0.320753 	 -0.111158
6.06 	 0.320079 	 -0.110759
6.075 	 0.319407 	 -0.11036
6.09 	 0.318737 	 -0.109962
6.105 	 0.318069 	 -0.109564
6.12 	 0.317404 	 -0.109167
6.135 	 0.31674 	 -0.108771
6.15 	 0.316077 	 -0.108375
6.165 	 0.315417 	 -0.10798
6.18 	 0.314759 	 -0.107585
6.195 	 0.314103 	 -0.107191
6.21 	 0.313448 	 -0.106798
6.225 	 0.312796 	 -0.106405
6.24 	 0.312145 	 -0.106013
6.255 	 0.311497 	 -0.105622
6.27 	 0.31085 	 -0.105231
6.285 	 0.310205 	 -0.104842
6.3 	 0.309562 	 -0.104452
6.315 	 0.308921 	 -0.104064
6.33 	 0.308282 	 -0.103676
6.345 	 0.307645 	 -0.103289
6.36 	 0.30701 	 -0.102902
6.375 	 0.306376 	 -0.102517
6.39 	 0.305745 	 -0.102132
6.405 	 0.305115 	 -0.101748
6.42 	 0.304488 	 -0.101364
6.435 	 0.303862 	 -0.100981
6.45 	 0.303238 	 -0.100599
6.465 	 0.302616 	 -0.100218
6.48 	 0.301996 	 -0.0998379
6.495 	 0.301378 	 -0.0994582
6.51 	 0.300761 	 -0.0990793
6.525 	 0.300147 	 -0.0987012
6.54 	 0.299534 	 -0.0983239
6.555 	 0.298924 	 -0.0979474
6.57 	 0.298315 	 -0.0975717
6.585 	 0.297708 	 -0.0971968
6.6 	 0.297103 	 -0.0968227
6.615 	 0.296498 	 -0.0968227
6.63 	 0.295899 	 -0.096077
6.645 	 0.295299 	 -0.0957054
6.66 	 0.294702 	 -0.0953346
6.675 	 0.294106 	 -0.0949646
6.69 	 0.293512 	 -0.0945955
6.705 	 0.29292 	 -0.0942272
6.72 	 0.29233 	 -0.0938598
6.735 	 0.291741 	 -0.0934932
6.75 	 0.291155 	 -0.0931275
6.765 	 0.29057 	 -0.0927627
6.78 	 0.289987 	 -0.0923987
6.795 	 0.289406 	 -0.0920356
6.81 	 0.288827 	 -0.0916734
6.825 	 0.28825 	 -0.091312
6.84 	 0.287674 	 -0.0909516
6.855 	 0.287101 	 -0.090592
6.87 	 0.286529 	 -0.0902333
6.885 	 0.285959 	 -0.0898755
6.9 	 0.28539 	 -0.0895186
6.915 	 0.284824 	 -0.0891627
6.93 	 0.284259 	 -0.0888076
6.945 	 0.283696 	 -0.0884534
6.96 	 0.283135 	 -0.0881002
6.975 	 0.282576 	 -0.0877479
6.99 	 0.282018 	 -0.0873964
7.005 	 0.281463 	 -0.087046
7.02 	 0.280909 	 -0.0866964
7.035 	 0.280356 	 -0.0863478
7.05 	 0.279806 	 -0.0860001
7.065 	 0.279257 	 -0.0856533
7.08 	 0.27871 	 -0.0853075
7.095 	 0.278165 	 -0.0849626
7.11 	 0.277621 	 -0.0846187
7.125 	 0.27708 	 -0.0842757
7.14 	 0.27654 	 -0.0839336
7.155 	 0.276001 	 -0.0835925
7.17 	 0.275465 	 -0.0832524
7.185 	 0.27493 	 -0.0829132
7.2 	 0.274395 	 -0.0829132
7.215 	 0.273865 	 -0.0822376
7.23 	 0.273336 	 -0.0819013
7.245 	 0.272808 	 -0.081566
7.26 	 0.272281 	 -0.0812316
7.275 	 0.271757 	 -0.0808981
7.29 	 0.271234 	 -0.0805657
7.305 	 0.270713 	 -0.0802342
7.32 	 0.270193 	 -0.0799037
7.335 	 0.269675 	 -0.0795741
7.35 	 0.269159 	 -0.0792456
7.365 	 0.268645 	 -0.078918
7.38 	 0.268132 	 -0.0785913
7.395 	 0.267621 	 -0.0782657
7.41 	 0.267111 	 -0.077941
7.425 	 0.266603 	 -0.0776174
7.44 	 0.266097 	 -0.0772947
7.455 	 0.265592 	 -0.0769729
7.47 	 0.265089 	 -0.0766522
7.485 	 0.264588 	 -0.0763324
7.5 	 0.264088 	 -0.0760137
7.515 	 0.26359 	 -0.0756959
7.53 	 0.263093 	 -0.0753791
7.545 	 0.262599 	 -0.0750633
7.56 	 0.262105 	 -0.0747485
7.575 	 0.261612 	 -0.0747485
7.59 	 0.261123 	 -0.0741218
7.605 	 0.260635 	 -0.0738099
7.62 	 0.260148 	 -0.0734991
7.635 	 0.259662 	 -0.0731892
7.65 	 0.259179 	 -0.0728803
7.665 	 0.258696 	 -0.0725724
7.68 	 0.258216 	 -0.0722655
7.695 	 0.257737 	 -0.0719596
7.71 	 0.257259 	 -0.0716547
7.725 	 0.256783 	 -0.0713507
7.74 	 0.256309 	 -0.0710478
7.755 	 0.255836 	 -0.0707458
7.77 	 0.255364 	 -0.0704449
7.785 	 0.254894 	 -0.0701449
7.8 	 0.254426 	 -0.0698459
7.815 	 0.253959 	 -0.0695479
7.83 	 0.253494 	 -0.0692509
7.845 	 0.25303 	 -0.0689549
7.86 	 0.252567 	 -0.0686599
7.875 	 0.252107 	 -0.0683658
7.89 	 0.251647 	 -0.0680728
7.905 	 0.251189 	 -0.0677807
7.92 	 0.250733 	 -0.0674896
7.935 	 0.250278 	 -0.0671995
7.95 	 0.249825 	 -0.0669104
7.965 	 0.249373 	 -0.0666223
7.98 	 0.248922 	 -0.0663352
7.995 	 0.248473 	 -0.066049
8.01 	 0.248025 	 -0.0657639
8.025 	 0.247579 	 -0.0654797
8.04 	 0.247134 	 -0.0651965
8.055 	 0.246691 	 -0.0649142
8.07 	 0.246249 	 -0.064633
8.085 	 0.245809 	 -0.0643527
8.1 	 0.24537 	 -0.0640734
8.115 	 0.244932 	 -0.0637951
8.13 	 0.244496 	 -0.0635178
8.145 	 0.244061 	 -0.0632414
8.16 	 0.243628 	 -0.062966
8.175 	 0.243196 	 -0.0626916
8.19 	 0.242765 	 -0.0624181
8.205 	 0.242336 	 -0.0621456
8.22 	 0.241908 	 -0.0618741
8.235 	 0.241481 	 -0.0616036
8.25 	 0.241056 	 -0.061334
8.265 	 0.240632 	 -0.0610654
8.28 	 0.24021 	 -0.0607977
8.295 	 0.239789 	 -0.060531
8.31 	 0.239369 	 -0.0602653
8.325 	 0.238951 	 -0.0600005
8.34 	 0.238534 	 -0.0597367
8.355 	 0.238118 	 -0.0594739
8.37 	 0.237704 	 -0.0592119
8.385 	 0.23729 	 -0.058951
8.4 	 0.236879 	 -0.058691
8.415 	 0.236468 	 -0.0584319
8.43 	 0.236059 	 -0.0581738
8.445 	 0.235651 	 -0.0579167
8.46 	 0.235245 	 -0.0576605
8.475 	 0.23484 	 -0.0574052
8.49 	 0.234436 	 -0.0571509
8.505 	 0.234033 	 -0.0568975
8.52 	 0.233632 	 -0.056645
8.535 	 0.233231 	 -0.0563935
8.55 	 0.232833 	 -0.0561429
8.565 	 0.232435 	 -0.0558933
8.58 	 0.232039 	 -0.0556446
8.595 	 0.231643 	 -0.0553968
8.61 	 0.23125 	 -0.05515
8.625 	 0.230857 	 -0.054904
8.64 	 0.230466 	 -0.054659
8.655 	 0.230076 	 -0.0544149
8.67 	 0.229687 	 -0.0541718
8.685 	 0.229299 	 -0.0539295
8.7 	 0.228913 	 -0.0536882
8.715 	 0.228527 	 -0.0534478
8.73 	 0.228143 	 -0.0532083
8.745 	 0.22776 	 -0.0529697
8.76 	 0.227379 	 -0.052732
8.775 	 0.226998 	 -0.0524953
8.79 	 0.226619 	 -0.0522594
8.805 	 0.226241 	 -0.0520244
8.82 	 0.225864 	 -0.0517904
8.835 	 0.225489 	 -0.0515572
8.85 	 0.225114 	 -0.0513249
8.865 	 0.224741 	 -0.0510936
8.88 	 0.224369 	 -0.0508631
8.895 	 0.223998 	 -0.0506335
8.91 	 0.223628 	 -0.0504048
8.925 	 0.223259 	 -0.050177
8.94 	 0.222891 	 -0.04995
8.955 	 0.222525 	 -0.049724
8.97 	 0.22216 	 -0.0494988
8.985 	 0.221795 	 -0.0492745
9 	 0.221432 	 -0.0490511
9.015 	 0.22107 	 -0.0490511
9.03 	 0.22071 	 -0.0486069
9.045 	 0.22035 	 -0.0483861
9.06 	 0.219991 	 -0.0481662
9.075 	 0.219634 	 -0.0479471
9.09 	 0.219278 	 -0.0477289
9.105 	 0.218922 	 -0.0475116
9.12 	 0.218568 	 -0.0472951
9.135 	 0.218215 	 -0.0470795
9.15 	 0.217863 	 -0.0468647
9.165 	 0.217512 	 -0.0466508
9.18 	 0.217162 	 -0.0464377
9.195 	 0.216814 	 -0.0462255
9.21 	 0.216466 	 -0.0460141
9.225 	 0.216119 	 -0.0458036
9.24 	 0.215774 	 -0.0455939
9.255 	 0.215429 	 -0.0453851
9.27 	 0.215085 	 -0.045177
9.285 	 0.214743 	 -0.0449698
9.3 	 0.214402 	 -0.0447635
9.315 	 0.214061 	 -0.044558
9.33 	 0.213722 	 -0.0443533
9.345 	 0.213384 	 -0.0441494
9.36 	 0.213046 	 -0.0439464
9.375 	 0.21271 	 -0.0437441
9.39 	 0.212374 	 -0.0437441
9.405 	 0.21204 	 -0.0433421
9.42 	 0.211707 	 -0.0431424
9.435 	 0.211375 	 -0.0429434
9.45 	 0.211044 	 -0.0427452
9.465 	 0.210714 	 -0.0425479
9.48 	 0.210384 	 -0.0423513
9.495 	 0.210056 	 -0.0421556
9.51 	 0.209729 	 -0.0419606
9.525 	 0.209402 	 -0.0417665
9.54 	 0.209077 	 -0.0415731
9.555 	 0.208753 	 -0.0413806
9.57 	 0.208429 	 -0.0411888
9.585 	 0.208107 	 -0.0409978
9.6 	 0.207786 	 -0.0408076
9.615 	 0.207465 	 -0.0406182
9.63 	 0.207146 	 -0.0404296
9.645 	 0.206827 	 -0.0402417
9.66 	 0.206509 	 -0.0400547
9.675 	 0.206193 	 -0.0398684
9.69 	 0.205877 	 -0.0396828
9.705 	 0.205562 	 -0.0394981
9.72 	 0.205248 	 -0.0393141
9.735 	 0.204935 	 -0.0391308
9.75 	 0.204623 	 -0.0389484
9.765 	 0.204312 	 -0.0387667
9.78 	 0.204002 	 -0.0385857
9.795 	 0.203692 	 -0.0384055
9.81 	 0.203384 	 -0.0382261
9.825 	 0.203076 	 -0.0380474
9.84 	 0.20277 	 -0.0378695
9.855 	 0.202464 	 -0.0376923
9.87 	 0.202159 	 -0.0375158
9.885 	 0.201855 	 -0.0373401
9.9 	 0.201552 	 -0.0371651
9.915 	 0.20125 	 -0.0369909
9.93 	 0.200949 	 -0.0368174
9.945 	 0.200648 	 -0.0366446
9.96 	 0.200349 	 -0.0364726
9.975 	 0.20005 	 -0.0363013
9.99 	 0.199752 	 -0.0361307
10.005 	 0.199456 	 -0.0359608
10.02 	 0.199159 	 -0.0357917
10.035 	 0.198864 	 -0.0356233
10.05 	 0.19857 	 -0.0354556
10.065 	 0.198276 	 -0.0352886
10.08 	 0.197984 	 -0.0351223
10.095 	 0.197692 	 -0.0349567
10.11 	 0.197401 	 -0.0347918
10.125 	 0.197111 	 -0.0346277
10.14 	 0.196821 	 -0.0344642
10.155 	 0.196533 	 -0.0343014
10.17 	 0.196245 	 -0.0341394
10.185 	 0.195958 	 -0.033978
10.2 	 0.195672 	 -0.0338173
10.215 	 0.195387 	 -0.0336573
10.23 	 0.195103 	 -0.033498
10.245 	 0.194819 	 -0.0333394
10.26 	 0.194536 	 -0.0331815
10.275 	 0.194254 	 -0.0330242
10.29 	 0.193973 	 -0.0328677
10.305 	 0.193693 	 -0.0327118
10.32 	 0.193413 	 -0.0325565
10.335 	 0.193134 	 -0.032402
10.35 	 0.192856 	 -0.0322481
10.365 	 0.192579 	 -0.0320949
10.38 	 0.192302 	 -0.0319423
10.395 	 0.192027 	 -0.0317904
10.41 	 0.191752 	 -0.0316392
10.425 	 0.191478 	 -0.0314886
10.44 	 0.191204 	 -0.0313387
10.455 	 0.190932 	 -0.0311895
10.47 	 0.19066 	 -0.0310408
10.485 	 0.190389 	 -0.0308929
10.5 	 0.190118 	 -0.0307456
10.515 	 0.189849 	 -0.0305989
10.53 	 0.18958 	 -0.0304529
10.545 	 0.189312 	 -0.0303075
10.56 	 0.189044 	 -0.0303075
10.575 	 0.188778 	 -0.0300186
10.59 	 0.188512 	 -0.0298751
10.605 	 0.188247 	 -0.0297323
10.62 	 0.187982 	 -0.02959
10.635 	 0.187719 	 -0.0294484
10.65 	 0.187456 	 -0.0293075
10.665 	 0.187193 	 -0.0291671
10.68 	 0.186932 	 -0.0290274
10.695 	 0.186671 	 -0.0288882
10.71 	 0.186411 	 -0.0287497
10.725 	 0.186152 	 -0.0286119
10.74 	 0.185893 	 -0.0284746
10.755 	 0.185635 	 -0.0283379
10.77 	 0.185378 	 -0.0282018
10.785 	 0.185121 	 -0.0280664
10.8 	 0.184865 	 -0.0279315
10.815 	 0.18461 	 -0.0277973
10.83 	 0.184356 	 -0.0276636
10.845 	 0.184102 	 -0.0275305
10.86 	 0.183849 	 -0.0273981
10.875 	 0.183597 	 -0.0272662
10.89 	 0.183345 	 -0.0271349
10.905 	 0.183094 	 -0.0270042
10.92 	 0.182844 	 -0.026874
10.935 	 0.182594 	 -0.026874
10.95 	 0.182345 	 -0.0266155
10.965 	 0.182096 	 -0.0264872
10.98 	 0.181849 	 -0.0263593
10.995 	 0.181602 	 -0.0262321
11.01 	 0.181355 	 -0.0261054
11.025 	 0.18111 	 -0.0259793
11.04 	 0.180865 	 -0.0258538
11.055 	 0.18062 	 -0.0257289
11.07 	 0.180377 	 -0.0256045
11.085 	 0.180134 	 -0.0254806
11.1 	 0.179891 	 -0.0253573
11.115 	 0.179649 	 -0.0252346
11.13 	 0.179408 	 -0.0251124
11.145 	 0.179168 	 -0.0249908
11.16 	 0.178928 	 -0.0248697
11.175 	 0.178689 	 -0.0247492
11.19 	 0.17845 	 -0.0246293
11.205 	 0.178212 	 -0.0245098
11.22 	 0.177975 	 -0.0243909
11.235 	 0.177738 	 -0.0242726
11.25 	 0.177502 	 -0.0241548
11.265 	 0.177266 	 -0.0240375
11.28 	 0.177032 	 -0.0239207
11.295 	 0.176797 	 -0.0238045
11.31 	 0.176564 	 -0.0238045
11.325 	 0.176331 	 -0.0235737
11.34 	 0.176098 	 -0.0234591
11.355 	 0.175866 	 -0.023345
11.37 	 0.175635 	 -0.0232314
11.385 	 0.175405 	 -0.0231183
11.4 	 0.175175 	 -0.0230058
11.415 	 0.174945 	 -0.0228937
11.43 	 0.174716 	 -0.0227822
11.445 	 0.174488 	 -0.0226712
11.46 	 0.17426 	 -0.0225607
11.475 	 0.174033 	 -0.0224507
11.49 	 0.173807 	 -0.0223412
11.505 	 0.173581 	 -0.0222322
11.52 	 0.173356 	 -0.0221237
11.535 	 0.173131 	 -0.0220157
11.55 	 0.172907 	 -0.0219082
11.565 	 0.172683 	 -0.0218012
11.58 	 0.17246 	 -0.0216947
11.595 	 0.172238 	 -0.0215887
11.61 	 0.172016 	 -0.0214832
11.625 	 0.171795 	 -0.0213782
11.64 	 0.171574 	 -0.0212736
11.655 	 0.171354 	 -0.0211696
11.67 	 0.171134 	 -0.021066
11.685 	 0.170915 	 -0.0209629
11.7 	 0.170697 	 -0.0208602
11.715 	 0.170479 	 -0.0207581
11.73 	 0.170262 	 -0.0206564
11.745 	 0.170045 	 -0.0205552
11.76 	 0.169828 	 -0.0204545
11.775 	 0.169613 	 -0.0203542
11.79 	 0.169397 	 -0.0202544
11.805 	 0.169183 	 -0.020155
11.82 	 0.168969 	 -0.0200562
11.835 	 0.168755 	 -0.0199577
11.85 	 0.168542 	 -0.0198598
11.865 	 0.16833 	 -0.0197623
11.88 	 0.168118 	 -0.0196652
11.895 	 0.167906 	 -0.0195686
11.91 	 0.167695 	 -0.0194725
11.925 	 0.167485 	 -0.0193768
11.94 	 0.167275 	 -0.0192815
11.955 	 0.167066 	 -0.0191867
11.97 	 0.166857 	 -0.0190924
11.985 	 0.166648 	 -0.0189985
12 	 0.166441 	 -0.018905
12.015 	 0.166233 	 -0.0188119
12.03 	 0.166027 	 -0.0187193
12.045 	 0.16582 	 -0.0186272
12.06 	 0.165615 	 -0.0185354
12.075 	 0.165409 	 -0.0184441
12.09 	 0.165205 	 -0.0183532
12.105 	 0.165 	 -0.0182628
12.12 	 0.164797 	 -0.0181728
12.135 	 0.164594 	 -0.0180832
12.15 	 0.164391 	 -0.017994
12.165 	 0.164189 	 -0.0179052
12.18 	 0.163987 	 -0.0178169
12.195 	 0.163786 	 -0.017729
12.21 	 0.163585 	 -0.0176415
12.225 	 0.163385 	 -0.0175544
12.24 	 0.163185 	 -0.0174677
12.255 	 0.162985 	 -0.0173814
12.27 	 0.162787 	 -0.0172955
12.285 	 0.162588 	 -0.0172101
12.3 	 0.16239 	 -0.017125
12.315 	 0.162193 	 -0.0170404
12.33 	 0.161996 	 -0.0169561
12.345 	 0.1618 	 -0.0168723
12.36 	 0.161604 	 -0.0167888
12.375 	 0.161408 	 -0.0167057
12.39 	 0.161213 	 -0.0166231
12.405 	 0.161019 	 -0.0165408
12.42 	 0.160825 	 -0.0164589
12.435 	 0.160631 	 -0.0163774
12.45 	 0.160438 	 -0.0162963
12.465 	 0.160245 	 -0.0162156
12.48 	 0.160053 	 -0.0161352
12.495 	 0.159861 	 -0.0160553
12.51 	 0.15967 	 -0.0159757
12.525 	 0.159479 	 -0.0158965
12.54 	 0.159289 	 -0.0158177
12.555 	 0.159099 	 -0.0157393
12.57 	 0.158909 	 -0.0156612
12.585 	 0.15872 	 -0.0155835
12.6 	 0.158532 	 -0.0155062
12.615 	 0.158344 	 -0.0154292
12.63 	 0.158156 	 -0.0153526
12.645 	 0.157969 	 -0.0152764
12.66 	 0.157782 	 -0.0152006
12.675 	 0.157596 	 -0.0151251
12.69 	 0.15741 	 -0.0150499
12.705 	 0.157224 	 -0.0149752
12.72 	 0.157039 	 -0.0149008
12.735 	 0.156854 	 -0.0148267
12.75 	 0.15667 	 -0.014753
12.765 	 0.156486 	 -0.0146797
12.78 	 0.156303 	 -0.0146067
12.795 	 0.15612 	 -0.014534
12.81 	 0.155938 	 -0.0144617
12.825 	 0.155756 	 -0.0143898
12.84 	 0.155574 	 -0.0143182
12.855 	 0.155393 	 -0.0143182
12.87 	 0.155212 	 -0.014176
12.885 	 0.155032 	 -0.0141054
12.9 	 0.154852 	 -0.0140352
12.915 	 0.154672 	 -0.0139653
12.93 	 0.154493 	 -0.0138957
12.945 	 0.154314 	 -0.0138265
12.96 	 0.154136 	 -0.0137576
12.975 	 0.153958 	 -0.0136891
12.99 	 0.153781 	 -0.0136208
13.005 	 0.153604 	 -0.0135529
13.02 	 0.153427 	 -0.0134854
13.035 	 0.153251 	 -0.0134181
13.05 	 0.153075 	 -0.0133512
13.065 	 0.152899 	 -0.0132846
13.08 	 0.152724 	 -0.0132183
13.095 	 0.15255 	 -0.0131524
13.11 	 0.152375 	 -0.0130868
13.125 	 0.152201 	 -0.0130214
13.14 	 0.152028 	 -0.0129564
13.155 	 0.151855 	 -0.0128918
13.17 	 0.151682 	 -0.0128274
13.185 	 0.15151 	 -0.0127633
13.2 	 0.151338 	 -0.0126996
13.215 	 0.151167 	 -0.0126361
13.23 	 0.150995 	 -0.0126361
13.245 	 0.150825 	 -0.0125102
13.26 	 0.150654 	 -0.0124477
13.275 	 0.150484 	 -0.0123855
13.29 	 0.150315 	 -0.0123235
13.305 	 0.150146 	 -0.0122619
13.32 	 0.149977 	 -0.0122006
13.335 	 0.149808 	 -0.0121396
13.35 	 0.14964 	 -0.0120789
13.365 	 0.149472 	 -0.0120185
13.38 	 0.149305 	 -0.0119583
13.395 	 0.149138 	 -0.0118985
13.41 	 0.148972 	 -0.011839
13.425 	 0.148805 	 -0.0117797
13.44 	 0.14864 	 -0.0117207
13.455 	 0.148474 	 -0.0116621
13.47 	 0.148309 	 -0.0116037
13.485 	 0.148144 	 -0.0115456
13.5 	 0.14798 	 -0.0114877
13.515 	 0.147816 	 -0.0114302
13.53 	 0.147652 	 -0.0113729
13.545 	 0.147489 	 -0.011316
13.56 	 0.147326 	 -0.0112593
13.575 	 0.147164 	 -0.0112028
13.59 	 0.147001 	 -0.0111467
13.605 	 0.146839 	 -0.0110908
13.62 	 0.146678 	 -0.0110352
13.635 	 0.146517 	 -0.0109799
13.65 	 0.146356 	 -0.0109248
13.665 	 0.146196 	 -0.01087
13.68 	 0.146036 	 -0.0108155
13.695 	 0.145876 	 -0.0107613
13.71 	 0.145716 	 -0.0107073
13.725 	 0.145557 	 -0.0106536
13.74 	 0.145399 	 -0.0106001
13.755 	 0.14524 	 -0.0105469
13.77 	 0.145082 	 -0.010494
13.785 	 0.144925 	 -0.0104413
13.8 	 0.144767 	 -0.0103889
13.815 	 0.14461 	 -0.0103367
13.83 	 0.144454 	 -0.0102848
13.845 	 0.144297 	 -0.0102332
13.86 	 0.144142 	 -0.0101818
13.875 	 0.143986 	 -0.0101306
13.89 	 0.143831 	 -0.0100798
13.905 	 0.143676 	 -0.0100291
13.92 	 0.143521 	 -0.00997872
13.935 	 0.143367 	 -0.00992858
13.95 	 0.143213 	 -0.00987868
13.965 	 0.143059 	 -0.00982903
13.98 	 0.142906 	 -0.00977962
13.995 	 0.142753 	 -0.00973046
14.01 	 0.1426 	 -0.00968154
14.025 	 0.142448 	 -0.00963285
14.04 	 0.142296 	 -0.00958441
14.055 	 0.142144 	 -0.00953621
14.07 	 0.141993 	 -0.00948825
14.085 	 0.141842 	 -0.00944052
14.1 	 0.141691 	 -0.00939303
14.115 	 0.141541 	 -0.00934577
14.13 	 0.141391 	 -0.00929874
14.145 	 0.141241 	 -0.00925195
14.16 	 0.141092 	 -0.00920539
14.175 	 0.140942 	 -0.00915905
14.19 	 0.140794 	 -0.00911295
14.205 	 0.140645 	 -0.00906707
14.22 	 0.140497 	 -0.00902142
14.235 	 0.140349 	 -0.008976
14.25 	 0.140202 	 -0.0089308
14.265 	 0.140054 	 -0.00888582
14.28 	 0.139907 	 -0.00884107
14.295 	 0.139761 	 -0.00879654
14.31 	 0.139614 	 -0.00875222
14.325 	 0.139468 	 -0.00870813
14.34 	 0.139323 	 -0.00866426
14.355 	 0.139177 	 -0.0086206
14.37 	 0.139032 	 -0.00857716
14.385 	 0.138887 	 -0.00853393
14.4 	 0.138743 	 -0.00853393
14.415 	 0.138599 	 -0.00844812
14.43 	 0.138455 	 -0.00840553
14.445 	 0.138311 	 -0.00836315
14.46 	 0.138168 	 -0.00832098
14.475 	 0.138025 	 -0.00827902
14.49 	 0.137882 	 -0.00823727
14.505 	 0.13774 	 -0.00819573
14.52 	 0.137598 	 -0.00815439
14.535 	 0.137456 	 -0.00811326
14.55 	 0.137314 	 -0.00807233
14.565 	 0.137173 	 -0.00803161
14.58 	 0.137032 	 -0.00799108
14.595 	 0.136891 	 -0.00795076
14.61 	 0.136751 	 -0.00791064
14.625 	 0.136611 	 -0.00787071
14.64 	 0.136471 	 -0.00783099
14.655 	 0.136331 	 -0.00779146
14.67 	 0.136192 	 -0.00775213
14.685 	 0.136053 	 -0.00771299
14.7 	 0.135915 	 -0.00767405
14.715 	 0.135776 	 -0.0076353
14.73 	 0.135638 	 -0.00759674
14.745 	 0.1355 	 -0.00755838
14.76 	 0.135363 	 -0.00752021
14.775 	 0.135225 	 -0.00752021
14.79 	 0.135088 	 -0.00744443
14.805 	 0.134952 	 -0.00740682
14.82 	 0.134815 	 -0.0073694
14.835 	 0.134679 	 -0.00733216
14.85 	 0.134543 	 -0.00729511
14.865 	 0.134408 	 -0.00725825
14.88 	 0.134272 	 -0.00722157
14.895 	 0.134137 	 -0.00718507
14.91 	 0.134002 	 -0.00714875
14.925 	 0.133868 	 -0.00711261
14.94 	 0.133734 	 -0.00707666
14.955 	 0.1336 	 -0.00704088
14.97 	 0.133466 	 -0.00700528
14.985 	 0.133332 	 -0.00696985
15 	 0.133199 	 -0.00693461
15.015 	 0.133066 	 -0.00689954
15.03 	 0.132934 	 -0.00686464
15.045 	 0.132801 	 -0.00682992
15.06 	 0.132669 	 -0.00679537
15.075 	 0.132537 	 -0.00676099
15.09 	 0.132406 	 -0.00672679
15.105 	 0.132274 	 -0.00669275
15.12 	 0.132143 	 -0.00665888
15.135 	 0.132012 	 -0.00662519
15.15 	 0.131882 	 -0.00662519
15.165 	 0.131752 	 -0.00655829
15.18 	 0.131622 	 -0.0065251
15.195 	 0.131492 	 -0.00649207
15.21 	 0.131362 	 -0.0064592
15.225 	 0.131233 	 -0.0064265
15.24 	 0.131104 	 -0.00639396
15.255 	 0.130975 	 -0.00636158
15.27 	 0.130847 	 -0.00632937
15.285 	 0.130718 	 -0.00629731
15.3 	 0.13059 	 -0.00626542
15.315 	 0.130463 	 -0.00623368
15.33 	 0.130335 	 -0.0062021
15.345 	 0.130208 	 -0.00617068
15.36 	 0.130081 	 -0.00613942
15.375 	 0.129954 	 -0.00610831
15.39 	 0.129827 	 -0.00607736
15.405 	 0.129701 	 -0.00604656
15.42 	 0.129575 	 -0.00601592
15.435 	 0.129449 	 -0.00598543
15.45 	 0.129324 	 -0.00595509
15.465 	 0.129198 	 -0.0059249
15.48 	 0.129073 	 -0.00589486
15.495 	 0.128949 	 -0.00586498
15.51 	 0.128824 	 -0.00583524
15.525 	 0.1287 	 -0.00580565
15.54 	 0.128576 	 -0.00577621
15.555 	 0.128452 	 -0.00574691
15.57 	 0.128328 	 -0.00571777
15.585 	 0.128205 	 -0.00568876
15.6 	 0.128082 	 -0.00565991
15.615 	 0.127959 	 -0.00563119
15.63 	 0.127836 	 -0.00560262
15.645 	 0.127713 	 -0.00557419
15.66 	 0.127591 	 -0.00554591
15.675 	 0.127469 	 -0.00551776
15.69 	 0.127348 	 -0.00548976
15.705 	 0.127226 	 -0.00546189
15.72 	 0.127105 	 -0.00543417
15.735 	 0.126984 	 -0.00540658
15.75 	 0.126863 	 -0.00537913
15.765 	 0.126742 	 -0.00535182
15.78 	 0.126622 	 -0.00532464
15.795 	 0.126502 	 -0.0052976
15.81 	 0.126382 	 -0.0052707
15.825 	 0.126262 	 -0.00524393
15.84 	 0.126143 	 -0.00521729
15.855 	 0.126024 	 -0.00519079
15.87 	 0.125905 	 -0.00516441
15.885 	 0.125786 	 -0.00513817
15.9 	 0.125667 	 -0.00511207
15.915 	 0.125549 	 -0.00508609
15.93 	 0.125431 	 -0.00506024
15.945 	 0.125313 	 -0.00503452
15.96 	 0.125195 	 -0.00500893
15.975 	 0.125078 	 -0.00498346
15.99 	 0.124961 	 -0.00495813
16.005 	 0.124844 	 -0.00493292
16.02 	 0.124727 	 -0.00490783
16.035 	 0.12461 	 -0.00488287
16.05 	 0.124494 	 -0.00485804
16.065 	 0.124378 	 -0.00483333
16.08 	 0.124262 	 -0.00480874
16.095 	 0.124146 	 -0.00478428
16.11 	 0.124031 	 -0.00475993
16.125 	 0.123915 	 -0.00473571
16.14 	 0.1238 	 -0.00471161
16.155 	 0.123686 	 -0.00468763
16.17 	 0.123571 	 -0.00466377
16.185 	 0.123457 	 -0.00464003
16.2 	 0.123342 	 -0.00461641
16.215 	 0.123228 	 -0.00459291
16.23 	 0.123115 	 -0.00456952
16.245 	 0.123001 	 -0.00454625
16.26 	 0.122888 	 -0.00452309
16.275 	 0.122774 	 -0.00450006
16.29 	 0.122662 	 -0.00447713
16.305 	 0.122549 	 -0.00445432
16.32 	 0.122436 	 -0.00443163
16.335 	 0.122324 	 -0.00440904
16.35 	 0.122212 	 -0.00438657
16.365 	 0.1221 	 -0.00436421
16.38 	 0.121988 	 -0.00434197
16.395 	 0.121877 	 -0.00431983
16.41 	 0.121765 	 -0.00429781
16.425 	 0.121654 	 -0.00427589
16.44 	 0.121543 	 -0.00425408
16.455 	 0.121433 	 -0.00423239
16.47 	 0.121322 	 -0.0042108
16.485 	 0.121212 	 -0.00418931
16.5 	 0.121102 	 -0.00416794
16.515 	 0.120992 	 -0.00414667
16.53 	 0.120882 	 -0.00412551
16.545 	 0.120773 	 -0.00410445
16.56 	 0.120663 	 -0.0040835
16.575 	 0.120554 	 -0.00406265
16.59 	 0.120445 	 -0.00404191
16.605 	 0.120337 	 -0.00402126
16.62 	 0.120228 	 -0.00400073
16.635 	 0.12012 	 -0.00398029
16.65 	 0.120012 	 -0.00395996
16.665 	 0.119904 	 -0.00393972
16.68 	 0.119796 	 -0.00391959
16.695 	 0.119689 	 -0.00389956
16.71 	 0.119581 	 -0.00387962
16.725 	 0.119474 	 -0.00385979
16.74 	 0.119367 	 -0.00384005
16.755 	 0.11926 	 -0.00382042
16.77 	 0.119154 	 -0.00380088
16.785 	 0.119047 	 -0.00378144
16.8 	 0.118941 	 -0.00376209
16.815 	 0.118835 	 -0.00374284
16.83 	 0.118729 	 -0.00372369
16.845 	 0.118624 	 -0.00370463
16.86 	 0.118518 	 -0.00368566
16.875 	 0.118413 	 -0.00366679
16.89 	 0.118308 	 -0.00364801
16.905 	 0.118203 	 -0.00362933
16.92 	 0.118098 	 -0.00361074
16.935 	 0.117994 	 -0.00359224
16.95 	 0.11789 	 -0.00357383
16.965 	 0.117785 	 -0.00355552
16.98 	 0.117682 	 -0.00353729
16.995 	 0.117578 	 -0.00351916
17.01 	 0.117474 	 -0.00350112
17.025 	 0.117371 	 -0.00348316
17.04 	 0.117268 	 -0.00346529
17.055 	 0.117164 	 -0.00344752
17.07 	 0.117062 	 -0.00342983
17.085 	 0.116959 	 -0.00341222
17.1 	 0.116856 	 -0.00339471
17.115 	 0.116754 	 -0.00337728
17.13 	 0.116652 	 -0.00335994
17.145 	 0.11655 	 -0.00334268
17.16 	 0.116448 	 -0.00332551
17.175 	 0.116347 	 -0.00330843
17.19 	 0.116245 	 -0.00329142
17.205 	 0.116144 	 -0.00327451
17.22 	 0.116043 	 -0.00325767
17.235 	 0.115942 	 -0.00324092
17.25 	 0.115841 	 -0.00322425
17.265 	 0.115741 	 -0.00320767
17.28 	 0.11564 	 -0.00319116
17.295 	 0.11554 	 -0.00317474
17.31 	 0.11544 	 -0.0031584
17.325 	 0.11534 	 -0.00314214
17.34 	 0.11524 	 -0.00312596
17.355 	 0.115141 	 -0.00310986
17.37 	 0.115042 	 -0.00309384
17.385 	 0.114942 	 -0.00307789
17.4 	 0.114843 	 -0.00306203
17.415 	 0.114745 	 -0.00304624
17.43 	 0.114646 	 -0.00303053
17.445 	 0.114547 	 -0.0030149
17.46 	 0.114449 	 -0.00299935
17.475 	 0.114351 	 -0.00298387
17.49 	 0.114253 	 -0.00296847
17.505 	 0.114155 	 -0.00295314
17.52 	 0.114057 	 -0.00293789
17.535 	 0.11396 	 -0.00292272
17.55 	 0.113863 	 -0.00290762
17.565 	 0.113766 	 -0.00289259
17.58 	 0.113669 	 -0.00287764
17.595 	 0.113572 	 -0.00286276
17.61 	 0.113475 	 -0.00284795
17.625 	 0.113379 	 -0.00283322
17.64 	 0.113282 	 -0.00281856
17.655 	 0.113186 	 -0.00281856
17.67 	 0.11309 	 -0.00278945
17.685 	 0.112994 	 -0.002775
17.7 	 0.112899 	 -0.00276063
17.715 	 0.112803 	 -0.00274632
17.73 	 0.112708 	 -0.00273208
17.745 	 0.112613 	 -0.00271792
17.76 	 0.112517 	 -0.00270382
17.775 	 0.112423 	 -0.00268979
17.79 	 0.112328 	 -0.00267583
17.805 	 0.112233 	 -0.00266194
17.82 	 0.112139 	 -0.00264812
17.835 	 0.112045 	 -0.00263437
17.85 	 0.111951 	 -0.00262068
17.865 	 0.111857 	 -0.00260706
17.88 	 0.111763 	 -0.0025935
17.895 	 0.111669 	 -0.00258001
17.91 	 0.111576 	 -0.00256659
17.925 	 0.111483 	 -0.00255323
17.94 	 0.11139 	 -0.00253994
17.955 	 0.111297 	 -0.00252671
17.97 	 0.111204 	 -0.00251355
17.985 	 0.111111 	 -0.00250045
18 	 0.111019 	 -0.00248742
18.015 	 0.110926 	 -0.00247445
18.03 	 0.110834 	 -0.00247445
18.045 	 0.110742 	 -0.00244869
18.06 	 0.11065 	 -0.00243591
18.075 	 0.110558 	 -0.00242319
18.09 	 0.110467 	 -0.00241053
18.105 	 0.110375 	 -0.00239794
18.12 	 0.110284 	 -0.0023854
18.135 	 0.110193 	 -0.00237293
18.15 	 0.110102 	 -0.00236051
18.165 	 0.110011 	 -0.00234816
18.18 	 0.10992 	 -0.00233587
18.195 	 0.10983 	 -0.00232363
18.21 	 0.109739 	 -0.00231146
18.225 	 0.109649 	 -0.00229935
18.24 	 0.109559 	 -0.00228729
18.255 	 0.109469 	 -0.00227529
18.27 	 0.109379 	 -0.00226335
18.285 	 0.10929 	 -0.00225147
18.3 	 0.1092 	 -0.00223965
18.315 	 0.109111 	 -0.00222789
18.33 	 0.109021 	 -0.00221618
18.345 	 0.108932 	 -0.00220453
18.36 	 0.108843 	 -0.00219293
18.375 	 0.108755 	 -0.00218139
18.39 	 0.108666 	 -0.00216991
18.405 	 0.108578 	 -0.00216991
18.42 	 0.108489 	 -0.00214712
18.435 	 0.108401 	 -0.0021358
18.45 	 0.108313 	 -0.00212454
18.465 	 0.108225 	 -0.00211334
18.48 	 0.108137 	 -0.00210219
18.495 	 0.10805 	 -0.00209109
18.51 	 0.107962 	 -0.00208005
18.525 	 0.107875 	 -0.00206906
18.54 	 0.107788 	 -0.00205812
18.555 	 0.107701 	 -0.00204724
18.57 	 0.107614 	 -0.00203642
18.585 	 0.107527 	 -0.00202564
18.6 	 0.10744 	 -0.00201492
18.615 	 0.107354 	 -0.00200425
18.63 	 0.107267 	 -0.00199363
18.645 	 0.107181 	 -0.00198306
18.66 	 0.107095 	 -0.00197255
18.675 	 0.107009 	 -0.00196209
18.69 	 0.106923 	 -0.00195168
18.705 	 0.106838 	 -0.00194132
18.72 	 0.106752 	 -0.00193101
18.735 	 0.106667 	 -0.00192075
18.75 	 0.106581 	 -0.00191054
18.765 	 0.106496 	 -0.00190039
18.78 	 0.106411 	 -0.00190039
18.795 	 0.106326 	 -0.00188022
18.81 	 0.106242 	 -0.00187021
18.825 	 0.106157 	 -0.00186026
18.84 	 0.106073 	 -0.00185035
18.855 	 0.105988 	 -0.00184049
18.87 	 0.105904 	 -0.00183068
18.885 	 0.10582 	 -0.00182092
18.9 	 0.105736 	 -0.00181121
18.915 	 0.105652 	 -0.00180154
18.93 	 0.105569 	 -0.00179193
18.945 	 0.105485 	 -0.00178236
18.96 	 0.105402 	 -0.00177285
18.975 	 0.105319 	 -0.00176338
18.99 	 0.105235 	 -0.00175395
19.005 	 0.105152 	 -0.00174458
19.02 	 0.10507 	 -0.00173525
19.035 	 0.104987 	 -0.00172597
19.05 	 0.104904 	 -0.00171674
19.065 	 0.104822 	 -0.00170756
19.08 	 0.104739 	 -0.00169842
19.095 	 0.104657 	 -0.00168933
19.11 	 0.104575 	 -0.00168029
19.125 	 0.104493 	 -0.00167129
19.14 	 0.104411 	 -0.00166234
19.155 	 0.10433 	 -0.00166234
19.17 	 0.104248 	 -0.00164458
19.185 	 0.104167 	 -0.00163578
19.2 	 0.104085 	 -0.00162701
19.215 	 0.104004 	 -0.0016183
19.23 	 0.103923 	 -0.00160963
19.245 	 0.103842 	 -0.00160101
19.26 	 0.103761 	 -0.00159243
19.275 	 0.103681 	 -0.0015839
19.29 	 0.1036 	 -0.00157542
19.305 	 0.10352 	 -0.00156698
19.32 	 0.103439 	 -0.00155859
19.335 	 0.103359 	 -0.00155025
19.35 	 0.103279 	 -0.00154195
19.365 	 0.103199 	 -0.0015337
19.38 	 0.103119 	 -0.00152549
19.395 	 0.10304 	 -0.00151733
19.41 	 0.10296 	 -0.00150922
19.425 	 0.102881 	 -0.00150116
19.44 	 0.102801 	 -0.00149314
19.455 	 0.102722 	 -0.00148517
19.47 	 0.102643 	 -0.00147724
19.485 	 0.102564 	 -0.00146937
19.5 	 0.102485 	 -0.00146153
19.515 	 0.102406 	 -0.00145375
19.53 	 0.102328 	 -0.00144601
19.545 	 0.102249 	 -0.00143832
19.56 	 0.102171 	 -0.00143068
19.575 	 0.102093 	 -0.00142309
19.59 	 0.102015 	 -0.00141554
19.605 	 0.101937 	 -0.00140804
19.62 	 0.101859 	 -0.00140059
19.635 	 0.101781 	 -0.00139319
19.65 	 0.101703 	 -0.00138584
19.665 	 0.101626 	 -0.00137853
19.68 	 0.101549 	 -0.00137128
19.695 	 0.101471 	 -0.00136407
19.71 	 0.101394 	 -0.00135691
19.725 	 0.101317 	 -0.00134981
19.74 	 0.10124 	 -0.00134275
19.755 	 0.101163 	 -0.00133574
19.77 	 0.101087 	 -0.00132878
19.785 	 0.10101 	 -0.00132188
19.8 	 0.100934 	 -0.00131502
19.815 	 0.100857 	 -0.00130822
19.83 	 0.100781 	 -0.00130147
19.845 	 0.100705 	 -0.00129477
19.86 	 0.100629 	 -0.00128813
19.875 	 0.100553 	 -0.00128153
19.89 	 0.100477 	 -0.00127499
19.905 	 0.100402 	 -0.00126851
19.92 	 0.100326 	 -0.00126208
19.935 	 0.100251 	 -0.0012557
19.95 	 0.100175 	 -0.00124938
19.965 	 0.1001 	 -0.00124311
19.98 	 0.100025 	 -0.0012369
