0 	 2.77366 	 -0.210777
0.015 	 2.77365 	 -0.210776
0.03 	 2.77363 	 -0.210773
0.045 	 2.7736 	 -0.21077
0.06 	 2.77357 	 -0.210766
0.075 	 2.77353 	 -0.210761
0.09 	 2.77349 	 -0.210756
0.105 	 2.77344 	 -0.210749
0.12 	 2.77339 	 -0.210741
0.135 	 2.77333 	 -0.210733
0.15 	 2.77326 	 -0.210724
0.165 	 2.77324 	 -0.210724
0.18 	 2.77313 	 -0.210702
0.195 	 2.77305 	 -0.21069
0.21 	 2.77297 	 -0.210677
0.225 	 2.77292 	 -0.210677
0.24 	 2.77279 	 -0.210649
0.255 	 2.77269 	 -0.210633
0.27 	 2.77259 	 -0.210617
0.285 	 2.77249 	 -0.2106
0.3 	 2.77238 	 -0.210582
0.315 	 2.77226 	 -0.210562
0.33 	 2.77219 	 -0.210562
0.345 	 2.77202 	 -0.210522
0.36 	 2.77189 	 -0.2105
0.375 	 2.77176 	 -0.210477
0.39 	 2.77162 	 -0.210454
0.405 	 2.77148 	 -0.21043
0.42 	 2.77133 	 -0.210404
0.435 	 2.77118 	 -0.210378
0.45 	 2.77107 	 -0.210378
0.465 	 2.77086 	 -0.210324
0.48 	 2.7707 	 -0.210295
0.495 	 2.77053 	 -0.210265
0.51 	 2.77035 	 -0.210235
0.525 	 2.77017 	 -0.210204
0.54 	 2.76999 	 -0.210172
0.555 	 2.7698 	 -0.210139
0.57 	 2.76961 	 -0.210105
0.585 	 2.76941 	 -0.21007
0.6 	 2.76921 	 -0.210035
0.615 	 2.769 	 -0.209998
0.63 	 2.76879 	 -0.209961
0.645 	 2.76857 	 -0.209923
0.66 	 2.7684 	 -0.209923
0.675 	 2.76813 	 -0.209845
0.69 	 2.7679 	 -0.209804
0.705 	 2.76766 	 -0.209763
0.72 	 2.76742 	 -0.209721
0.735 	 2.76718 	 -0.209678
0.75 	 2.76693 	 -0.209634
0.765 	 2.76668 	 -0.209589
0.78 	 2.76642 	 -0.209544
0.795 	 2.76616 	 -0.209498
0.81 	 2.7659 	 -0.209451
0.825 	 2.76563 	 -0.209403
0.84 	 2.76535 	 -0.209354
0.855 	 2.76507 	 -0.209305
0.87 	 2.76479 	 -0.209255
0.885 	 2.7645 	 -0.209204
0.9 	 2.76425 	 -0.209204
0.915 	 2.76391 	 -0.2091
0.93 	 2.76361 	 -0.209046
0.945 	 2.7633 	 -0.208992
0.96 	 2.76299 	 -0.208938
0.975 	 2.76268 	 -0.208882
0.99 	 2.76236 	 -0.208826
1.005 	 2.76204 	 -0.208769
1.02 	 2.76171 	 -0.208711
1.035 	 2.76138 	 -0.208652
1.05 	 2.76104 	 -0.208593
1.065 	 2.7607 	 -0.208533
1.08 	 2.76036 	 -0.208473
1.095 	 2.76001 	 -0.208411
1.11 	 2.75965 	 -0.208349
1.125 	 2.75929 	 -0.208286
1.14 	 2.75893 	 -0.208223
1.155 	 2.75856 	 -0.208158
1.17 	 2.75819 	 -0.208094
1.185 	 2.75782 	 -0.208028
1.2 	 2.75744 	 -0.207962
1.215 	 2.75706 	 -0.207895
1.23 	 2.75667 	 -0.207827
1.245 	 2.75627 	 -0.207759
1.26 	 2.75588 	 -0.20769
1.275 	 2.75548 	 -0.207621
1.29 	 2.75507 	 -0.20755
1.305 	 2.75466 	 -0.20748
1.32 	 2.75429 	 -0.20748
1.335 	 2.75383 	 -0.207336
1.35 	 2.75341 	 -0.207263
1.365 	 2.75299 	 -0.20719
1.38 	 2.75255 	 -0.207116
1.395 	 2.75212 	 -0.207042
1.41 	 2.75168 	 -0.206967
1.425 	 2.75124 	 -0.206891
1.44 	 2.75079 	 -0.206815
1.455 	 2.75034 	 -0.206738
1.47 	 2.74989 	 -0.206661
1.485 	 2.74943 	 -0.206583
1.5 	 2.74897 	 -0.206504
1.515 	 2.7485 	 -0.206425
1.53 	 2.74803 	 -0.206346
1.545 	 2.74755 	 -0.206266
1.56 	 2.74707 	 -0.206185
1.575 	 2.74659 	 -0.206104
1.59 	 2.7461 	 -0.206023
1.605 	 2.74561 	 -0.205941
1.62 	 2.74512 	 -0.205858
1.635 	 2.74462 	 -0.205775
1.65 	 2.74412 	 -0.205692
1.665 	 2.74361 	 -0.205608
1.68 	 2.7431 	 -0.205524
1.695 	 2.74258 	 -0.205439
1.71 	 2.74206 	 -0.205354
1.725 	 2.74154 	 -0.205268
1.74 	 2.74101 	 -0.205182
1.755 	 2.74048 	 -0.205095
1.77 	 2.73995 	 -0.205009
1.785 	 2.73941 	 -0.204921
1.8 	 2.73891 	 -0.204921
1.815 	 2.73832 	 -0.204746
1.83 	 2.73777 	 -0.204658
1.845 	 2.73722 	 -0.204569
1.86 	 2.73666 	 -0.20448
1.875 	 2.7361 	 -0.20439
1.89 	 2.73554 	 -0.204301
1.905 	 2.73497 	 -0.204211
1.92 	 2.73439 	 -0.204121
1.935 	 2.73382 	 -0.20403
1.95 	 2.73324 	 -0.203939
1.965 	 2.73265 	 -0.203848
1.98 	 2.73207 	 -0.203757
1.995 	 2.73147 	 -0.203665
2.01 	 2.73088 	 -0.203573
2.025 	 2.73028 	 -0.203481
2.04 	 2.72968 	 -0.203389
2.055 	 2.72907 	 -0.203296
2.07 	 2.72846 	 -0.203203
2.085 	 2.72785 	 -0.20311
2.1 	 2.72723 	 -0.203017
2.115 	 2.72661 	 -0.202924
2.13 	 2.72599 	 -0.20283
2.145 	 2.72536 	 -0.202737
2.16 	 2.72473 	 -0.202643
2.175 	 2.72409 	 -0.202549
2.19 	 2.72345 	 -0.202455
2.205 	 2.72281 	 -0.202361
2.22 	 2.72216 	 -0.202267
2.235 	 2.72151 	 -0.202173
2.25 	 2.72086 	 -0.202078
2.265 	 2.7202 	 -0.201984
2.28 	 2.71954 	 -0.201889
2.295 	 2.71888 	 -0.201795
2.31 	 2.71821 	 -0.2017
2.325 	 2.71754 	 -0.201606
2.34 	 2.71687 	 -0.201511
2.355 	 2.71619 	 -0.201417
2.37 	 2.71551 	 -0.201322
2.385 	 2.71483 	 -0.201227
2.4 	 2.71414 	 -0.201133
2.415 	 2.71345 	 -0.201039
2.43 	 2.71275 	 -0.200944
2.445 	 2.71205 	 -0.20085
2.46 	 2.71135 	 -0.200756
2.475 	 2.71065 	 -0.200662
2.49 	 2.70994 	 -0.200568
2.505 	 2.70923 	 -0.200474
2.52 	 2.70851 	 -0.20038
2.535 	 2.70779 	 -0.200286
2.55 	 2.70707 	 -0.200193
2.565 	 2.70635 	 -0.200099
2.58 	 2.70562 	 -0.200006
2.595 	 2.70489 	 -0.199913
2.61 	 2.70415 	 -0.199821
2.625 	 2.70341 	 -0.199728
2.64 	 2.70271 	 -0.199728
2.655 	 2.70193 	 -0.199544
2.67 	 2.70118 	 -0.199452
2.685 	 2.70043 	 -0.199361
2.7 	 2.69967 	 -0.199269
2.715 	 2.69892 	 -0.199178
2.73 	 2.69815 	 -0.199088
2.745 	 2.69739 	 -0.198997
2.76 	 2.69662 	 -0.198907
2.775 	 2.69585 	 -0.198817
2.79 	 2.69508 	 -0.198728
2.805 	 2.6943 	 -0.198639
2.82 	 2.69352 	 -0.19855
2.835 	 2.69274 	 -0.198462
2.85 	 2.69195 	 -0.198374
2.865 	 2.69116 	 -0.198287
2.88 	 2.69037 	 -0.1982
2.895 	 2.68957 	 -0.198113
2.91 	 2.68877 	 -0.198027
2.925 	 2.68797 	 -0.197941
2.94 	 2.68716 	 -0.197856
2.955 	 2.68636 	 -0.197771
2.97 	 2.68554 	 -0.197687
2.985 	 2.68473 	 -0.197603
3 	 2.68391 	 -0.19752
3.015 	 2.68309 	 -0.197437
3.03 	 2.68226 	 -0.197355
3.045 	 2.68144 	 -0.197273
3.06 	 2.68061 	 -0.197192
3.075 	 2.67977 	 -0.197111
3.09 	 2.67894 	 -0.197031
3.105 	 2.6781 	 -0.196952
3.12 	 2.67726 	 -0.196873
3.135 	 2.67641 	 -0.196795
3.15 	 2.67556 	 -0.196717
3.165 	 2.67471 	 -0.19664
3.18 	 2.67385 	 -0.196564
3.195 	 2.673 	 -0.196488
3.21 	 2.67214 	 -0.196413
3.225 	 2.67127 	 -0.196339
3.24 	 2.67041 	 -0.196265
3.255 	 2.66954 	 -0.196193
3.27 	 2.66866 	 -0.19612
3.285 	 2.66779 	 -0.196049
3.3 	 2.66691 	 -0.195978
3.315 	 2.66603 	 -0.195908
3.33 	 2.66514 	 -0.195839
3.345 	 2.66425 	 -0.19577
3.36 	 2.66336 	 -0.195703
3.375 	 2.66247 	 -0.195636
3.39 	 2.66157 	 -0.19557
3.405 	 2.66067 	 -0.195504
3.42 	 2.65977 	 -0.19544
3.435 	 2.65886 	 -0.195376
3.45 	 2.65796 	 -0.195313
3.465 	 2.65704 	 -0.195251
3.48 	 2.65613 	 -0.19519
3.495 	 2.65521 	 -0.195129
3.51 	 2.65429 	 -0.19507
3.525 	 2.65337 	 -0.195011
3.54 	 2.65244 	 -0.194953
3.555 	 2.65151 	 -0.194896
3.57 	 2.65058 	 -0.19484
3.585 	 2.64965 	 -0.194785
3.6 	 2.64874 	 -0.194785
3.615 	 2.64777 	 -0.194678
3.63 	 2.64682 	 -0.194626
3.645 	 2.64588 	 -0.194574
3.66 	 2.64493 	 -0.194524
3.675 	 2.64398 	 -0.194474
3.69 	 2.64302 	 -0.194426
3.705 	 2.64206 	 -0.194378
3.72 	 2.6411 	 -0.194332
3.735 	 2.64014 	 -0.194286
3.75 	 2.63917 	 -0.194241
3.765 	 2.6382 	 -0.194198
3.78 	 2.63723 	 -0.194155
3.795 	 2.63625 	 -0.194113
3.81 	 2.63527 	 -0.194073
3.825 	 2.63429 	 -0.194033
3.84 	 2.6333 	 -0.193994
3.855 	 2.63232 	 -0.193957
3.87 	 2.63133 	 -0.19392
3.885 	 2.63033 	 -0.193885
3.9 	 2.62934 	 -0.19385
3.915 	 2.62834 	 -0.193817
3.93 	 2.62734 	 -0.193784
3.945 	 2.62633 	 -0.193753
3.96 	 2.62532 	 -0.193722
3.975 	 2.62431 	 -0.193693
3.99 	 2.6233 	 -0.193665
4.005 	 2.62228 	 -0.193638
4.02 	 2.62126 	 -0.193612
4.035 	 2.62024 	 -0.193587
4.05 	 2.61921 	 -0.193563
4.065 	 2.61818 	 -0.19354
4.08 	 2.61715 	 -0.193518
4.095 	 2.61612 	 -0.193497
4.11 	 2.61508 	 -0.193477
4.125 	 2.61404 	 -0.193459
4.14 	 2.61299 	 -0.193441
4.155 	 2.61195 	 -0.193425
4.17 	 2.6109 	 -0.19341
4.185 	 2.60985 	 -0.193395
4.2 	 2.60879 	 -0.193382
4.215 	 2.60773 	 -0.19337
4.23 	 2.60667 	 -0.193359
4.245 	 2.60561 	 -0.193349
4.26 	 2.60454 	 -0.19334
4.275 	 2.60347 	 -0.193332
4.29 	 2.6024 	 -0.193326
4.305 	 2.60132 	 -0.19332
4.32 	 2.60024 	 -0.193316
4.335 	 2.59916 	 -0.193312
4.35 	 2.59807 	 -0.19331
4.365 	 2.59698 	 -0.193308
4.38 	 2.59589 	 -0.193308
4.395 	 2.5948 	 -0.193309
4.41 	 2.5937 	 -0.193311
4.425 	 2.5926 	 -0.193314
4.44 	 2.5915 	 -0.193318
4.455 	 2.59039 	 -0.193323
4.47 	 2.58928 	 -0.193329
4.485 	 2.58817 	 -0.193336
4.5 	 2.58705 	 -0.193344
4.515 	 2.58593 	 -0.193354
4.53 	 2.58481 	 -0.193364
4.545 	 2.58368 	 -0.193375
4.56 	 2.58256 	 -0.193387
4.575 	 2.58142 	 -0.193401
4.59 	 2.58029 	 -0.193415
4.605 	 2.57915 	 -0.193431
4.62 	 2.57801 	 -0.193447
4.635 	 2.57687 	 -0.193464
4.65 	 2.57572 	 -0.193483
4.665 	 2.57457 	 -0.193502
4.68 	 2.57342 	 -0.193522
4.695 	 2.5723 	 -0.193522
4.71 	 2.5711 	 -0.193566
4.725 	 2.56994 	 -0.193589
4.74 	 2.56877 	 -0.193613
4.755 	 2.5676 	 -0.193638
4.77 	 2.56643 	 -0.193664
4.785 	 2.56525 	 -0.193691
4.8 	 2.56407 	 -0.193719
4.815 	 2.56289 	 -0.193748
4.83 	 2.56171 	 -0.193778
4.845 	 2.56052 	 -0.193808
4.86 	 2.55932 	 -0.19384
4.875 	 2.55813 	 -0.193872
4.89 	 2.55693 	 -0.193905
4.905 	 2.55573 	 -0.193939
4.92 	 2.55452 	 -0.193974
4.935 	 2.55331 	 -0.19401
4.95 	 2.5521 	 -0.194047
4.965 	 2.55089 	 -0.194084
4.98 	 2.54967 	 -0.194122
4.995 	 2.54845 	 -0.194161
5.01 	 2.54722 	 -0.194201
5.025 	 2.54599 	 -0.194241
5.04 	 2.54476 	 -0.194283
5.055 	 2.54353 	 -0.194325
5.07 	 2.54229 	 -0.194368
5.085 	 2.54104 	 -0.194411
5.1 	 2.5398 	 -0.194455
5.115 	 2.53855 	 -0.1945
5.13 	 2.5373 	 -0.194546
5.145 	 2.53604 	 -0.194592
5.16 	 2.53478 	 -0.194639
5.175 	 2.53352 	 -0.194687
5.19 	 2.53225 	 -0.194735
5.205 	 2.53098 	 -0.194784
5.22 	 2.52971 	 -0.194833
5.235 	 2.52843 	 -0.194883
5.25 	 2.52715 	 -0.194934
5.265 	 2.52587 	 -0.194985
5.28 	 2.52462 	 -0.194985
5.295 	 2.52329 	 -0.195089
5.31 	 2.52199 	 -0.195142
5.325 	 2.5207 	 -0.195196
5.34 	 2.51939 	 -0.19525
5.355 	 2.51809 	 -0.195304
5.37 	 2.51678 	 -0.195359
5.385 	 2.51547 	 -0.195414
5.4 	 2.51415 	 -0.19547
5.415 	 2.51283 	 -0.195526
5.43 	 2.51151 	 -0.195583
5.445 	 2.51018 	 -0.19564
5.46 	 2.50885 	 -0.195697
5.475 	 2.50752 	 -0.195755
5.49 	 2.50618 	 -0.195813
5.505 	 2.50484 	 -0.195872
5.52 	 2.50349 	 -0.19593
5.535 	 2.50214 	 -0.19599
5.55 	 2.50079 	 -0.196049
5.565 	 2.49943 	 -0.196109
5.58 	 2.49807 	 -0.196169
5.595 	 2.49671 	 -0.196229
5.61 	 2.49534 	 -0.196289
5.625 	 2.49397 	 -0.19635
5.64 	 2.49259 	 -0.196411
5.655 	 2.49125 	 -0.196411
5.67 	 2.48983 	 -0.196533
5.685 	 2.48844 	 -0.196595
5.7 	 2.48705 	 -0.196656
5.715 	 2.48566 	 -0.196718
5.73 	 2.48426 	 -0.19678
5.745 	 2.48285 	 -0.196841
5.76 	 2.48145 	 -0.196903
5.775 	 2.48004 	 -0.196965
5.79 	 2.47862 	 -0.197027
5.805 	 2.47721 	 -0.197089
5.82 	 2.47578 	 -0.197152
5.835 	 2.47436 	 -0.197214
5.85 	 2.47293 	 -0.197276
5.865 	 2.47149 	 -0.197338
5.88 	 2.47006 	 -0.1974
5.895 	 2.46862 	 -0.197461
5.91 	 2.46717 	 -0.197523
5.925 	 2.46572 	 -0.197585
5.94 	 2.46427 	 -0.197646
5.955 	 2.46281 	 -0.197708
5.97 	 2.46135 	 -0.197769
5.985 	 2.45988 	 -0.19783
6 	 2.45841 	 -0.197891
6.015 	 2.45694 	 -0.197952
6.03 	 2.45546 	 -0.198012
6.045 	 2.45398 	 -0.198072
6.06 	 2.45249 	 -0.198132
6.075 	 2.451 	 -0.198192
6.09 	 2.44951 	 -0.198251
6.105 	 2.44801 	 -0.19831
6.12 	 2.44651 	 -0.198369
6.135 	 2.445 	 -0.198427
6.15 	 2.44349 	 -0.198485
6.165 	 2.44198 	 -0.198543
6.18 	 2.44046 	 -0.1986
6.195 	 2.43894 	 -0.198657
6.21 	 2.43741 	 -0.198714
6.225 	 2.43588 	 -0.19877
6.24 	 2.43434 	 -0.198825
6.255 	 2.4328 	 -0.19888
6.27 	 2.43126 	 -0.198935
6.285 	 2.42971 	 -0.198989
6.3 	 2.42816 	 -0.199042
6.315 	 2.4266 	 -0.199095
6.33 	 2.42504 	 -0.199148
6.345 	 2.42348 	 -0.1992
6.36 	 2.42191 	 -0.199251
6.375 	 2.42034 	 -0.199302
6.39 	 2.41876 	 -0.199352
6.405 	 2.41718 	 -0.199401
6.42 	 2.41559 	 -0.19945
6.435 	 2.414 	 -0.199498
6.45 	 2.41241 	 -0.199545
6.465 	 2.41081 	 -0.199592
6.48 	 2.40921 	 -0.199638
6.495 	 2.4076 	 -0.199683
6.51 	 2.40599 	 -0.199728
6.525 	 2.40438 	 -0.199771
6.54 	 2.40276 	 -0.199814
6.555 	 2.40113 	 -0.199856
6.57 	 2.3995 	 -0.199898
6.585 	 2.39787 	 -0.199938
6.6 	 2.39623 	 -0.199978
6.615 	 2.39464 	 -0.199978
6.63 	 2.39295 	 -0.200054
6.645 	 2.3913 	 -0.200091
6.66 	 2.38964 	 -0.200128
6.675 	 2.38799 	 -0.200163
6.69 	 2.38632 	 -0.200197
6.705 	 2.38466 	 -0.20023
6.72 	 2.38299 	 -0.200262
6.735 	 2.38131 	 -0.200294
6.75 	 2.37963 	 -0.200324
6.765 	 2.37795 	 -0.200353
6.78 	 2.37626 	 -0.200382
6.795 	 2.37457 	 -0.200409
6.81 	 2.37287 	 -0.200435
6.825 	 2.37117 	 -0.20046
6.84 	 2.36946 	 -0.200484
6.855 	 2.36775 	 -0.200507
6.87 	 2.36604 	 -0.200529
6.885 	 2.36432 	 -0.200549
6.9 	 2.3626 	 -0.200569
6.915 	 2.36087 	 -0.200587
6.93 	 2.35914 	 -0.200604
6.945 	 2.3574 	 -0.20062
6.96 	 2.35566 	 -0.200635
6.975 	 2.35392 	 -0.200649
6.99 	 2.35217 	 -0.200661
7.005 	 2.35042 	 -0.200672
7.02 	 2.34866 	 -0.200682
7.035 	 2.3469 	 -0.200691
7.05 	 2.34513 	 -0.200698
7.065 	 2.34336 	 -0.200704
7.08 	 2.34159 	 -0.200709
7.095 	 2.33981 	 -0.200712
7.11 	 2.33803 	 -0.200714
7.125 	 2.33624 	 -0.200715
7.14 	 2.33445 	 -0.200714
7.155 	 2.33266 	 -0.200712
7.17 	 2.33086 	 -0.200708
7.185 	 2.32905 	 -0.200703
7.2 	 2.32729 	 -0.200703
7.215 	 2.32543 	 -0.200689
7.23 	 2.32362 	 -0.20068
7.245 	 2.32179 	 -0.20067
7.26 	 2.31997 	 -0.200658
7.275 	 2.31814 	 -0.200644
7.29 	 2.31631 	 -0.200629
7.305 	 2.31447 	 -0.200613
7.32 	 2.31263 	 -0.200595
7.335 	 2.31078 	 -0.200575
7.35 	 2.30893 	 -0.200554
7.365 	 2.30708 	 -0.200532
7.38 	 2.30522 	 -0.200507
7.395 	 2.30336 	 -0.200482
7.41 	 2.30149 	 -0.200454
7.425 	 2.29962 	 -0.200426
7.44 	 2.29775 	 -0.200395
7.455 	 2.29587 	 -0.200363
7.47 	 2.29398 	 -0.200329
7.485 	 2.2921 	 -0.200294
7.5 	 2.29021 	 -0.200257
7.515 	 2.28831 	 -0.200218
7.53 	 2.28641 	 -0.200178
7.545 	 2.28451 	 -0.200136
7.56 	 2.2826 	 -0.200093
7.575 	 2.28073 	 -0.200093
7.59 	 2.27877 	 -0.2
7.605 	 2.27686 	 -0.199951
7.62 	 2.27493 	 -0.199901
7.635 	 2.27301 	 -0.199849
7.65 	 2.27108 	 -0.199795
7.665 	 2.26914 	 -0.199739
7.68 	 2.2672 	 -0.199682
7.695 	 2.26526 	 -0.199623
7.71 	 2.26331 	 -0.199562
7.725 	 2.26136 	 -0.199499
7.74 	 2.25941 	 -0.199435
7.755 	 2.25745 	 -0.199368
7.77 	 2.25549 	 -0.1993
7.785 	 2.25352 	 -0.19923
7.8 	 2.25155 	 -0.199159
7.815 	 2.24958 	 -0.199085
7.83 	 2.2476 	 -0.19901
7.845 	 2.24562 	 -0.198932
7.86 	 2.24364 	 -0.198853
7.875 	 2.24165 	 -0.198772
7.89 	 2.23966 	 -0.19869
7.905 	 2.23767 	 -0.198605
7.92 	 2.23567 	 -0.198518
7.935 	 2.23367 	 -0.19843
7.95 	 2.23166 	 -0.19834
7.965 	 2.22965 	 -0.198247
7.98 	 2.22764 	 -0.198153
7.995 	 2.22562 	 -0.198057
8.01 	 2.2236 	 -0.197959
8.025 	 2.22158 	 -0.197859
8.04 	 2.21955 	 -0.197758
8.055 	 2.21752 	 -0.197654
8.07 	 2.21549 	 -0.197548
8.085 	 2.21345 	 -0.197441
8.1 	 2.21141 	 -0.197331
8.115 	 2.20936 	 -0.197219
8.13 	 2.20732 	 -0.197106
8.145 	 2.20527 	 -0.196991
8.16 	 2.20321 	 -0.196873
8.175 	 2.20116 	 -0.196754
8.19 	 2.1991 	 -0.196632
8.205 	 2.19703 	 -0.196509
8.22 	 2.19497 	 -0.196384
8.235 	 2.1929 	 -0.196256
8.25 	 2.19082 	 -0.196127
8.265 	 2.18875 	 -0.195996
8.28 	 2.18667 	 -0.195862
8.295 	 2.18459 	 -0.195727
8.31 	 2.1825 	 -0.19559
8.325 	 2.18041 	 -0.19545
8.34 	 2.17832 	 -0.195309
8.355 	 2.17623 	 -0.195165
8.37 	 2.17413 	 -0.19502
8.385 	 2.17203 	 -0.194872
8.4 	 2.16993 	 -0.194723
8.415 	 2.16782 	 -0.194571
8.43 	 2.16571 	 -0.194418
8.445 	 2.1636 	 -0.194262
8.46 	 2.16149 	 -0.194105
8.475 	 2.15937 	 -0.193945
8.49 	 2.15725 	 -0.193783
8.505 	 2.15513 	 -0.19362
8.52 	 2.153 	 -0.193454
8.535 	 2.15088 	 -0.193286
8.55 	 2.14875 	 -0.193116
8.565 	 2.14661 	 -0.192944
8.58 	 2.14448 	 -0.192771
8.595 	 2.14234 	 -0.192595
8.61 	 2.1402 	 -0.192416
8.625 	 2.13806 	 -0.192236
8.64 	 2.13591 	 -0.192054
8.655 	 2.13377 	 -0.19187
8.67 	 2.13162 	 -0.191684
8.685 	 2.12947 	 -0.191496
8.7 	 2.12731 	 -0.191305
8.715 	 2.12515 	 -0.191113
8.73 	 2.123 	 -0.190919
8.745 	 2.12083 	 -0.190722
8.76 	 2.11867 	 -0.190524
8.775 	 2.11651 	 -0.190323
8.79 	 2.11434 	 -0.190121
8.805 	 2.11217 	 -0.189916
8.82 	 2.11 	 -0.189709
8.835 	 2.10782 	 -0.189501
8.85 	 2.10565 	 -0.18929
8.865 	 2.10347 	 -0.189077
8.88 	 2.10129 	 -0.188863
8.895 	 2.09911 	 -0.188646
8.91 	 2.09693 	 -0.188427
8.925 	 2.09474 	 -0.188206
8.94 	 2.09256 	 -0.187983
8.955 	 2.09037 	 -0.187758
8.97 	 2.08818 	 -0.187532
8.985 	 2.08598 	 -0.187303
9 	 2.08379 	 -0.187072
9.015 	 2.0816 	 -0.187072
9.03 	 2.0794 	 -0.186604
9.045 	 2.0772 	 -0.186367
9.06 	 2.075 	 -0.186128
9.075 	 2.0728 	 -0.185887
9.09 	 2.0706 	 -0.185644
9.105 	 2.06839 	 -0.1854
9.12 	 2.06619 	 -0.185153
9.135 	 2.06398 	 -0.184904
9.15 	 2.06177 	 -0.184653
9.165 	 2.05956 	 -0.184401
9.18 	 2.05735 	 -0.184146
9.195 	 2.05514 	 -0.183889
9.21 	 2.05293 	 -0.183631
9.225 	 2.05071 	 -0.18337
9.24 	 2.0485 	 -0.183108
9.255 	 2.04628 	 -0.182843
9.27 	 2.04406 	 -0.182577
9.285 	 2.04184 	 -0.182309
9.3 	 2.03963 	 -0.182039
9.315 	 2.0374 	 -0.181767
9.33 	 2.03518 	 -0.181493
9.345 	 2.03296 	 -0.181217
9.36 	 2.03074 	 -0.18094
9.375 	 2.02851 	 -0.18066
9.39 	 2.02629 	 -0.18066
9.405 	 2.02406 	 -0.180095
9.42 	 2.02184 	 -0.17981
9.435 	 2.01961 	 -0.179523
9.45 	 2.01738 	 -0.179235
9.465 	 2.01516 	 -0.178944
9.48 	 2.01293 	 -0.178651
9.495 	 2.0107 	 -0.178357
9.51 	 2.00847 	 -0.178061
9.525 	 2.00624 	 -0.177763
9.54 	 2.00401 	 -0.177464
9.555 	 2.00178 	 -0.177162
9.57 	 1.99955 	 -0.176859
9.585 	 1.99732 	 -0.176554
9.6 	 1.99508 	 -0.176247
9.615 	 1.99285 	 -0.175939
9.63 	 1.99062 	 -0.175629
9.645 	 1.98839 	 -0.175317
9.66 	 1.98615 	 -0.175003
9.675 	 1.98392 	 -0.174688
9.69 	 1.98169 	 -0.174371
9.705 	 1.97946 	 -0.174052
9.72 	 1.97722 	 -0.173732
9.735 	 1.97499 	 -0.17341
9.75 	 1.97276 	 -0.173086
9.765 	 1.97053 	 -0.172761
9.78 	 1.96829 	 -0.172434
9.795 	 1.96606 	 -0.172105
9.81 	 1.96383 	 -0.171775
9.825 	 1.9616 	 -0.171443
9.84 	 1.95937 	 -0.17111
9.855 	 1.95713 	 -0.170775
9.87 	 1.9549 	 -0.170438
9.885 	 1.95267 	 -0.1701
9.9 	 1.95044 	 -0.169761
9.915 	 1.94821 	 -0.16942
9.93 	 1.94598 	 -0.169077
9.945 	 1.94375 	 -0.168733
9.96 	 1.94152 	 -0.168387
9.975 	 1.9393 	 -0.16804
9.99 	 1.93707 	 -0.167692
10.005 	 1.93484 	 -0.167342
10.02 	 1.93262 	 -0.16699
10.035 	 1.93039 	 -0.166637
10.05 	 1.92817 	 -0.166283
10.065 	 1.92594 	 -0.165927
10.08 	 1.92372 	 -0.16557
10.095 	 1.9215 	 -0.165212
10.11 	 1.91928 	 -0.164852
10.125 	 1.91706 	 -0.164491
10.14 	 1.91484 	 -0.164128
10.155 	 1.91262 	 -0.163765
10.17 	 1.9104 	 -0.163399
10.185 	 1.90818 	 -0.163033
10.2 	 1.90597 	 -0.162665
10.215 	 1.90375 	 -0.162297
10.23 	 1.90154 	 -0.161926
10.245 	 1.89932 	 -0.161555
10.26 	 1.89711 	 -0.161182
10.275 	 1.8949 	 -0.160809
10.29 	 1.89269 	 -0.160434
10.305 	 1.89049 	 -0.160058
10.32 	 1.88828 	 -0.15968
10.335 	 1.88607 	 -0.159302
10.35 	 1.88387 	 -0.158922
10.365 	 1.88167 	 -0.158542
10.38 	 1.87947 	 -0.15816
10.395 	 1.87727 	 -0.157777
10.41 	 1.87507 	 -0.157394
10.425 	 1.87287 	 -0.157009
10.44 	 1.87067 	 -0.156623
10.455 	 1.86848 	 -0.156236
10.47 	 1.86629 	 -0.155848
10.485 	 1.8641 	 -0.155459
10.5 	 1.86191 	 -0.155069
10.515 	 1.85972 	 -0.154679
10.53 	 1.85753 	 -0.154287
10.545 	 1.85535 	 -0.153895
10.56 	 1.85315 	 -0.153895
10.575 	 1.85098 	 -0.153107
10.59 	 1.8488 	 -0.152712
10.605 	 1.84663 	 -0.152316
10.62 	 1.84445 	 -0.151919
10.635 	 1.84228 	 -0.151521
10.65 	 1.8401 	 -0.151123
10.665 	 1.83793 	 -0.150724
10.68 	 1.83577 	 -0.150324
10.695 	 1.8336 	 -0.149924
10.71 	 1.83143 	 -0.149522
10.725 	 1.82927 	 -0.149121
10.74 	 1.82711 	 -0.148718
10.755 	 1.82495 	 -0.148315
10.77 	 1.8228 	 -0.147911
10.785 	 1.82064 	 -0.147507
10.8 	 1.81849 	 -0.147102
10.815 	 1.81634 	 -0.146696
10.83 	 1.81419 	 -0.14629
10.845 	 1.81204 	 -0.145883
10.86 	 1.8099 	 -0.145476
10.875 	 1.80776 	 -0.145069
10.89 	 1.80562 	 -0.144661
10.905 	 1.80348 	 -0.144252
10.92 	 1.80134 	 -0.143843
10.935 	 1.7992 	 -0.143843
10.95 	 1.79708 	 -0.143024
10.965 	 1.79495 	 -0.142614
10.98 	 1.79283 	 -0.142204
10.995 	 1.7907 	 -0.141793
11.01 	 1.78858 	 -0.141382
11.025 	 1.78646 	 -0.14097
11.04 	 1.78435 	 -0.140559
11.055 	 1.78223 	 -0.140147
11.07 	 1.78012 	 -0.139735
11.085 	 1.77801 	 -0.139323
11.1 	 1.7759 	 -0.13891
11.115 	 1.7738 	 -0.138497
11.13 	 1.7717 	 -0.138084
11.145 	 1.7696 	 -0.137671
11.16 	 1.7675 	 -0.137258
11.175 	 1.76541 	 -0.136845
11.19 	 1.76332 	 -0.136432
11.205 	 1.76123 	 -0.136018
11.22 	 1.75914 	 -0.135605
11.235 	 1.75706 	 -0.135191
11.25 	 1.75497 	 -0.134777
11.265 	 1.7529 	 -0.134364
11.28 	 1.75082 	 -0.13395
11.295 	 1.74875 	 -0.133536
11.31 	 1.74666 	 -0.133536
11.325 	 1.74461 	 -0.132709
11.34 	 1.74254 	 -0.132295
11.355 	 1.74048 	 -0.131882
11.37 	 1.73842 	 -0.131468
11.385 	 1.73637 	 -0.131055
11.4 	 1.73431 	 -0.130642
11.415 	 1.73226 	 -0.130229
11.43 	 1.73021 	 -0.129816
11.445 	 1.72817 	 -0.129403
11.46 	 1.72612 	 -0.12899
11.475 	 1.72408 	 -0.128578
11.49 	 1.72205 	 -0.128165
11.505 	 1.72001 	 -0.127753
11.52 	 1.71798 	 -0.127341
11.535 	 1.71595 	 -0.12693
11.55 	 1.71393 	 -0.126518
11.565 	 1.71191 	 -0.126107
11.58 	 1.70989 	 -0.125696
11.595 	 1.70787 	 -0.125285
11.61 	 1.70586 	 -0.124875
11.625 	 1.70385 	 -0.124465
11.64 	 1.70184 	 -0.124055
11.655 	 1.69983 	 -0.123646
11.67 	 1.69783 	 -0.123237
11.685 	 1.69583 	 -0.122828
11.7 	 1.69384 	 -0.122419
11.715 	 1.69185 	 -0.122011
11.73 	 1.68986 	 -0.121604
11.745 	 1.68787 	 -0.121196
11.76 	 1.68589 	 -0.120789
11.775 	 1.68391 	 -0.120383
11.79 	 1.68193 	 -0.119977
11.805 	 1.67996 	 -0.119571
11.82 	 1.67798 	 -0.119166
11.835 	 1.67602 	 -0.118761
11.85 	 1.67405 	 -0.118357
11.865 	 1.67209 	 -0.117953
11.88 	 1.67013 	 -0.117549
11.895 	 1.66818 	 -0.117146
11.91 	 1.66622 	 -0.116744
11.925 	 1.66427 	 -0.116342
11.94 	 1.66233 	 -0.115941
11.955 	 1.66038 	 -0.11554
11.97 	 1.65845 	 -0.115139
11.985 	 1.65651 	 -0.114739
12 	 1.65458 	 -0.11434
12.015 	 1.65264 	 -0.113941
12.03 	 1.65072 	 -0.113543
12.045 	 1.64879 	 -0.113146
12.06 	 1.64687 	 -0.112748
12.075 	 1.64496 	 -0.112352
12.09 	 1.64304 	 -0.111956
12.105 	 1.64113 	 -0.111561
12.12 	 1.63922 	 -0.111166
12.135 	 1.63732 	 -0.110772
12.15 	 1.63542 	 -0.110379
12.165 	 1.63352 	 -0.109986
12.18 	 1.63162 	 -0.109594
12.195 	 1.62973 	 -0.109202
12.21 	 1.62784 	 -0.108812
12.225 	 1.62596 	 -0.108421
12.24 	 1.62408 	 -0.108032
12.255 	 1.6222 	 -0.107643
12.27 	 1.62032 	 -0.107255
12.285 	 1.61845 	 -0.106867
12.3 	 1.61658 	 -0.106481
12.315 	 1.61472 	 -0.106094
12.33 	 1.61285 	 -0.105709
12.345 	 1.61099 	 -0.105324
12.36 	 1.60914 	 -0.10494
12.375 	 1.60729 	 -0.104557
12.39 	 1.60544 	 -0.104175
12.405 	 1.60359 	 -0.103793
12.42 	 1.60175 	 -0.103412
12.435 	 1.59991 	 -0.103031
12.45 	 1.59807 	 -0.102652
12.465 	 1.59624 	 -0.102273
12.48 	 1.59441 	 -0.101895
12.495 	 1.59258 	 -0.101518
12.51 	 1.59076 	 -0.101141
12.525 	 1.58894 	 -0.100765
12.54 	 1.58712 	 -0.100391
12.555 	 1.58531 	 -0.100016
12.57 	 1.5835 	 -0.0996429
12.585 	 1.58169 	 -0.0992703
12.6 	 1.57989 	 -0.0988985
12.615 	 1.57809 	 -0.0985275
12.63 	 1.57629 	 -0.0981573
12.645 	 1.5745 	 -0.0977879
12.66 	 1.57271 	 -0.0974193
12.675 	 1.57092 	 -0.0970516
12.69 	 1.56914 	 -0.0966846
12.705 	 1.56736 	 -0.0963185
12.72 	 1.56558 	 -0.0959532
12.735 	 1.56381 	 -0.0955887
12.75 	 1.56204 	 -0.0952251
12.765 	 1.56027 	 -0.0948623
12.78 	 1.55851 	 -0.0945004
12.795 	 1.55675 	 -0.0941393
12.81 	 1.55499 	 -0.093779
12.825 	 1.55323 	 -0.0934196
12.84 	 1.55148 	 -0.0930611
12.855 	 1.54973 	 -0.0930611
12.87 	 1.54799 	 -0.0923465
12.885 	 1.54625 	 -0.0919905
12.9 	 1.54451 	 -0.0916354
12.915 	 1.54278 	 -0.0912812
12.93 	 1.54105 	 -0.0909278
12.945 	 1.53932 	 -0.0905753
12.96 	 1.53759 	 -0.0902237
12.975 	 1.53587 	 -0.0898729
12.99 	 1.53416 	 -0.0895231
13.005 	 1.53244 	 -0.0891741
13.02 	 1.53073 	 -0.088826
13.035 	 1.52902 	 -0.0884788
13.05 	 1.52732 	 -0.0881325
13.065 	 1.52561 	 -0.087787
13.08 	 1.52391 	 -0.0874425
13.095 	 1.52222 	 -0.0870988
13.11 	 1.52053 	 -0.0867561
13.125 	 1.51884 	 -0.0864142
13.14 	 1.51715 	 -0.0860733
13.155 	 1.51547 	 -0.0857332
13.17 	 1.51379 	 -0.0853941
13.185 	 1.51211 	 -0.0850558
13.2 	 1.51044 	 -0.0847185
13.215 	 1.50877 	 -0.0843821
13.23 	 1.5071 	 -0.0843821
13.245 	 1.50544 	 -0.0837119
13.26 	 1.50378 	 -0.0833782
13.275 	 1.50212 	 -0.0830454
13.29 	 1.50047 	 -0.0827136
13.305 	 1.49882 	 -0.0823826
13.32 	 1.49717 	 -0.0820525
13.335 	 1.49553 	 -0.0817234
13.35 	 1.49389 	 -0.0813952
13.365 	 1.49225 	 -0.0810679
13.38 	 1.49062 	 -0.0807415
13.395 	 1.48898 	 -0.080416
13.41 	 1.48736 	 -0.0800915
13.425 	 1.48573 	 -0.0797679
13.44 	 1.48411 	 -0.0794452
13.455 	 1.48249 	 -0.0791234
13.47 	 1.48087 	 -0.0788025
13.485 	 1.47926 	 -0.0784826
13.5 	 1.47765 	 -0.0781636
13.515 	 1.47604 	 -0.0778455
13.53 	 1.47444 	 -0.0775283
13.545 	 1.47284 	 -0.0772121
13.56 	 1.47124 	 -0.0768967
13.575 	 1.46965 	 -0.0765823
13.59 	 1.46806 	 -0.0762689
13.605 	 1.46647 	 -0.0759563
13.62 	 1.46489 	 -0.0756447
13.635 	 1.46331 	 -0.075334
13.65 	 1.46173 	 -0.0750242
13.665 	 1.46015 	 -0.0747154
13.68 	 1.45858 	 -0.0744075
13.695 	 1.45701 	 -0.0741005
13.71 	 1.45544 	 -0.0737944
13.725 	 1.45388 	 -0.0734892
13.74 	 1.45232 	 -0.073185
13.755 	 1.45076 	 -0.0728817
13.77 	 1.44921 	 -0.0725793
13.785 	 1.44766 	 -0.0722779
13.8 	 1.44611 	 -0.0719773
13.815 	 1.44457 	 -0.0716777
13.83 	 1.44302 	 -0.071379
13.845 	 1.44149 	 -0.0710813
13.86 	 1.43995 	 -0.0707844
13.875 	 1.43842 	 -0.0704885
13.89 	 1.43689 	 -0.0701935
13.905 	 1.43536 	 -0.0698994
13.92 	 1.43384 	 -0.0696062
13.935 	 1.43232 	 -0.069314
13.95 	 1.4308 	 -0.0690226
13.965 	 1.42928 	 -0.0687322
13.98 	 1.42777 	 -0.0684427
13.995 	 1.42626 	 -0.0681541
14.01 	 1.42475 	 -0.0678664
14.025 	 1.42325 	 -0.0675797
14.04 	 1.42175 	 -0.0672938
14.055 	 1.42025 	 -0.0670089
14.07 	 1.41876 	 -0.0667248
14.085 	 1.41727 	 -0.0664417
14.1 	 1.41578 	 -0.0661595
14.115 	 1.41429 	 -0.0658782
14.13 	 1.41281 	 -0.0655978
14.145 	 1.41133 	 -0.0653183
14.16 	 1.40986 	 -0.0650397
14.175 	 1.40838 	 -0.064762
14.19 	 1.40691 	 -0.0644853
14.205 	 1.40544 	 -0.0642094
14.22 	 1.40398 	 -0.0639344
14.235 	 1.40251 	 -0.0636603
14.25 	 1.40105 	 -0.0633871
14.265 	 1.3996 	 -0.0631149
14.28 	 1.39814 	 -0.0628435
14.295 	 1.39669 	 -0.062573
14.31 	 1.39524 	 -0.0623034
14.325 	 1.3938 	 -0.0620347
14.34 	 1.39236 	 -0.0617669
14.355 	 1.39092 	 -0.0614999
14.37 	 1.38948 	 -0.0612339
14.385 	 1.38804 	 -0.0609687
14.4 	 1.38661 	 -0.0609687
14.415 	 1.38518 	 -0.0604411
14.43 	 1.38376 	 -0.0601786
14.445 	 1.38234 	 -0.0599169
14.46 	 1.38091 	 -0.0596562
14.475 	 1.3795 	 -0.0593963
14.49 	 1.37808 	 -0.0591373
14.505 	 1.37667 	 -0.0588792
14.52 	 1.37526 	 -0.058622
14.535 	 1.37385 	 -0.0583656
14.55 	 1.37245 	 -0.0581101
14.565 	 1.37105 	 -0.0578555
14.58 	 1.36965 	 -0.0576017
14.595 	 1.36826 	 -0.0573488
14.61 	 1.36686 	 -0.0570968
14.625 	 1.36547 	 -0.0568457
14.64 	 1.36408 	 -0.0565954
14.655 	 1.3627 	 -0.0563459
14.67 	 1.36132 	 -0.0560973
14.685 	 1.35994 	 -0.0558496
14.7 	 1.35856 	 -0.0556027
14.715 	 1.35719 	 -0.0553567
14.73 	 1.35582 	 -0.0551115
14.745 	 1.35445 	 -0.0548672
14.76 	 1.35308 	 -0.0546237
14.775 	 1.35172 	 -0.0546237
14.79 	 1.35036 	 -0.0541393
14.805 	 1.349 	 -0.0538984
14.82 	 1.34764 	 -0.0536583
14.835 	 1.34629 	 -0.053419
14.85 	 1.34494 	 -0.0531806
14.865 	 1.34359 	 -0.052943
14.88 	 1.34225 	 -0.0527063
14.895 	 1.3409 	 -0.0524703
14.91 	 1.33956 	 -0.0522352
14.925 	 1.33823 	 -0.052001
14.94 	 1.33689 	 -0.0517675
14.955 	 1.33556 	 -0.0515349
14.97 	 1.33423 	 -0.0513031
14.985 	 1.3329 	 -0.0510722
15 	 1.33158 	 -0.050842
15.015 	 1.33025 	 -0.0506127
15.03 	 1.32893 	 -0.0503842
15.045 	 1.32762 	 -0.0501565
15.06 	 1.3263 	 -0.0499296
15.075 	 1.32499 	 -0.0497035
15.09 	 1.32368 	 -0.0494782
15.105 	 1.32237 	 -0.0492538
15.12 	 1.32107 	 -0.0490301
15.135 	 1.31977 	 -0.0488073
15.15 	 1.31847 	 -0.0488073
15.165 	 1.31717 	 -0.0483639
15.18 	 1.31588 	 -0.0481435
15.195 	 1.31458 	 -0.0479238
15.21 	 1.31329 	 -0.0477049
15.225 	 1.31201 	 -0.0474868
15.24 	 1.31072 	 -0.0472695
15.255 	 1.30944 	 -0.047053
15.27 	 1.30816 	 -0.0468373
15.285 	 1.30688 	 -0.0466223
15.3 	 1.30561 	 -0.0464081
15.315 	 1.30434 	 -0.0461947
15.33 	 1.30307 	 -0.0459821
15.345 	 1.3018 	 -0.0457703
15.36 	 1.30053 	 -0.0455592
15.375 	 1.29927 	 -0.0453489
15.39 	 1.29801 	 -0.0451394
15.405 	 1.29675 	 -0.0449306
15.42 	 1.29549 	 -0.0447226
15.435 	 1.29424 	 -0.0445153
15.45 	 1.29299 	 -0.0443088
15.465 	 1.29174 	 -0.0441031
15.48 	 1.29049 	 -0.0438981
15.495 	 1.28925 	 -0.0436939
15.51 	 1.28801 	 -0.0434904
15.525 	 1.28677 	 -0.0432877
15.54 	 1.28553 	 -0.0430857
15.555 	 1.2843 	 -0.0428845
15.57 	 1.28307 	 -0.042684
15.585 	 1.28184 	 -0.0424843
15.6 	 1.28061 	 -0.0422852
15.615 	 1.27938 	 -0.042087
15.63 	 1.27816 	 -0.0418894
15.645 	 1.27694 	 -0.0416926
15.66 	 1.27572 	 -0.0414965
15.675 	 1.2745 	 -0.0413012
15.69 	 1.27329 	 -0.0411065
15.705 	 1.27208 	 -0.0409126
15.72 	 1.27087 	 -0.0407194
15.735 	 1.26966 	 -0.0405269
15.75 	 1.26846 	 -0.0403352
15.765 	 1.26725 	 -0.0401441
15.78 	 1.26605 	 -0.0399538
15.795 	 1.26485 	 -0.0397642
15.81 	 1.26366 	 -0.0395753
15.825 	 1.26246 	 -0.039387
15.84 	 1.26127 	 -0.0391995
15.855 	 1.26008 	 -0.0390127
15.87 	 1.2589 	 -0.0388266
15.885 	 1.25771 	 -0.0386412
15.9 	 1.25653 	 -0.0384564
15.915 	 1.25535 	 -0.0382724
15.93 	 1.25417 	 -0.0380891
15.945 	 1.25299 	 -0.0379064
15.96 	 1.25182 	 -0.0377244
15.975 	 1.25065 	 -0.0375431
15.99 	 1.24948 	 -0.0373625
16.005 	 1.24831 	 -0.0371826
16.02 	 1.24714 	 -0.0370033
16.035 	 1.24598 	 -0.0368247
16.05 	 1.24482 	 -0.0366468
16.065 	 1.24366 	 -0.0364695
16.08 	 1.2425 	 -0.036293
16.095 	 1.24135 	 -0.036117
16.11 	 1.2402 	 -0.0359418
16.125 	 1.23905 	 -0.0357672
16.14 	 1.2379 	 -0.0355932
16.155 	 1.23675 	 -0.0354199
16.17 	 1.23561 	 -0.0352473
16.185 	 1.23446 	 -0.0350753
16.2 	 1.23332 	 -0.0349039
16.215 	 1.23219 	 -0.0347332
16.23 	 1.23105 	 -0.0345632
16.245 	 1.22992 	 -0.0343937
16.26 	 1.22878 	 -0.034225
16.275 	 1.22765 	 -0.0340568
16.29 	 1.22653 	 -0.0338893
16.305 	 1.2254 	 -0.0337224
16.32 	 1.22428 	 -0.0335562
16.335 	 1.22316 	 -0.0333905
16.35 	 1.22204 	 -0.0332255
16.365 	 1.22092 	 -0.0330611
16.38 	 1.2198 	 -0.0328973
16.395 	 1.21869 	 -0.0327342
16.41 	 1.21758 	 -0.0325716
16.425 	 1.21647 	 -0.0324097
16.44 	 1.21536 	 -0.0322484
16.455 	 1.21425 	 -0.0320877
16.47 	 1.21315 	 -0.0319276
16.485 	 1.21205 	 -0.0317681
16.5 	 1.21095 	 -0.0316091
16.515 	 1.20985 	 -0.0314508
16.53 	 1.20876 	 -0.0312931
16.545 	 1.20766 	 -0.031136
16.56 	 1.20657 	 -0.0309794
16.575 	 1.20548 	 -0.0308235
16.59 	 1.20439 	 -0.0306681
16.605 	 1.20331 	 -0.0305133
16.62 	 1.20222 	 -0.0303591
16.635 	 1.20114 	 -0.0302055
16.65 	 1.20006 	 -0.0300524
16.665 	 1.19898 	 -0.0298999
16.68 	 1.19791 	 -0.029748
16.695 	 1.19683 	 -0.0295966
16.71 	 1.19576 	 -0.0294459
16.725 	 1.19469 	 -0.0292956
16.74 	 1.19362 	 -0.029146
16.755 	 1.19256 	 -0.0289969
16.77 	 1.19149 	 -0.0288483
16.785 	 1.19043 	 -0.0287003
16.8 	 1.18937 	 -0.0285529
16.815 	 1.18831 	 -0.0284059
16.83 	 1.18725 	 -0.0282596
16.845 	 1.18619 	 -0.0281138
16.86 	 1.18514 	 -0.0279685
16.875 	 1.18409 	 -0.0278237
16.89 	 1.18304 	 -0.0276795
16.905 	 1.18199 	 -0.0275358
16.92 	 1.18095 	 -0.0273927
16.935 	 1.1799 	 -0.0272501
16.95 	 1.17886 	 -0.027108
16.965 	 1.17782 	 -0.0269664
16.98 	 1.17678 	 -0.0268253
16.995 	 1.17574 	 -0.0266848
17.01 	 1.17471 	 -0.0265448
17.025 	 1.17367 	 -0.0264052
17.04 	 1.17264 	 -0.0262662
17.055 	 1.17161 	 -0.0261277
17.07 	 1.17058 	 -0.0259897
17.085 	 1.16956 	 -0.0258522
17.1 	 1.16853 	 -0.0257152
17.115 	 1.16751 	 -0.0255787
17.13 	 1.16649 	 -0.0254427
17.145 	 1.16547 	 -0.0253072
17.16 	 1.16445 	 -0.0251722
17.175 	 1.16344 	 -0.0250376
17.19 	 1.16242 	 -0.0249036
17.205 	 1.16141 	 -0.02477
17.22 	 1.1604 	 -0.0246369
17.235 	 1.15939 	 -0.0245042
17.25 	 1.15839 	 -0.0243721
17.265 	 1.15738 	 -0.0242404
17.28 	 1.15638 	 -0.0241092
17.295 	 1.15538 	 -0.0239784
17.31 	 1.15438 	 -0.0238481
17.325 	 1.15338 	 -0.0237183
17.34 	 1.15238 	 -0.0235889
17.355 	 1.15139 	 -0.0234599
17.37 	 1.1504 	 -0.0233315
17.385 	 1.1494 	 -0.0232034
17.4 	 1.14841 	 -0.0230758
17.415 	 1.14743 	 -0.0229487
17.43 	 1.14644 	 -0.022822
17.445 	 1.14546 	 -0.0226957
17.46 	 1.14447 	 -0.0225699
17.475 	 1.14349 	 -0.0224445
17.49 	 1.14251 	 -0.0223195
17.505 	 1.14153 	 -0.022195
17.52 	 1.14056 	 -0.0220709
17.535 	 1.13958 	 -0.0219472
17.55 	 1.13861 	 -0.0218239
17.565 	 1.13764 	 -0.0217011
17.58 	 1.13667 	 -0.0215786
17.595 	 1.1357 	 -0.0214566
17.61 	 1.13474 	 -0.0213349
17.625 	 1.13377 	 -0.0212137
17.64 	 1.13281 	 -0.0210929
17.655 	 1.13185 	 -0.0210929
17.67 	 1.13089 	 -0.0208524
17.685 	 1.12993 	 -0.0207328
17.7 	 1.12897 	 -0.0206136
17.715 	 1.12802 	 -0.0204947
17.73 	 1.12707 	 -0.0203763
17.745 	 1.12611 	 -0.0202582
17.76 	 1.12516 	 -0.0201405
17.775 	 1.12422 	 -0.0200231
17.79 	 1.12327 	 -0.0199062
17.805 	 1.12232 	 -0.0197896
17.82 	 1.12138 	 -0.0196734
17.835 	 1.12044 	 -0.0195576
17.85 	 1.1195 	 -0.0194421
17.865 	 1.11856 	 -0.019327
17.88 	 1.11762 	 -0.0192122
17.895 	 1.11668 	 -0.0190978
17.91 	 1.11575 	 -0.0189837
17.925 	 1.11482 	 -0.01887
17.94 	 1.11389 	 -0.0187567
17.955 	 1.11296 	 -0.0186437
17.97 	 1.11203 	 -0.018531
17.985 	 1.1111 	 -0.0184187
18 	 1.11018 	 -0.0183067
18.015 	 1.10925 	 -0.018195
18.03 	 1.10833 	 -0.018195
18.045 	 1.10741 	 -0.0179726
18.06 	 1.10649 	 -0.017862
18.075 	 1.10558 	 -0.0177516
18.09 	 1.10466 	 -0.0176416
18.105 	 1.10375 	 -0.0175318
18.12 	 1.10283 	 -0.0174224
18.135 	 1.10192 	 -0.0173133
18.15 	 1.10101 	 -0.0172045
18.165 	 1.1001 	 -0.017096
18.18 	 1.0992 	 -0.0169878
18.195 	 1.09829 	 -0.0168799
18.21 	 1.09739 	 -0.0167723
18.225 	 1.09649 	 -0.016665
18.24 	 1.09558 	 -0.016558
18.255 	 1.09469 	 -0.0164513
18.27 	 1.09379 	 -0.0163449
18.285 	 1.09289 	 -0.0162387
18.3 	 1.092 	 -0.0161328
18.315 	 1.0911 	 -0.0160272
18.33 	 1.09021 	 -0.0159219
18.345 	 1.08932 	 -0.0158169
18.36 	 1.08843 	 -0.0157121
18.375 	 1.08754 	 -0.0156076
18.39 	 1.08666 	 -0.0155033
18.405 	 1.08577 	 -0.0155033
18.42 	 1.08489 	 -0.0152956
18.435 	 1.08401 	 -0.0151921
18.45 	 1.08313 	 -0.0150889
18.465 	 1.08225 	 -0.0149859
18.48 	 1.08137 	 -0.0148832
18.495 	 1.08049 	 -0.0147807
18.51 	 1.07962 	 -0.0146785
18.525 	 1.07875 	 -0.0145765
18.54 	 1.07787 	 -0.0144748
18.555 	 1.077 	 -0.0143733
18.57 	 1.07613 	 -0.014272
18.585 	 1.07527 	 -0.0141709
18.6 	 1.0744 	 -0.0140701
18.615 	 1.07353 	 -0.0139695
18.63 	 1.07267 	 -0.0138691
18.645 	 1.07181 	 -0.013769
18.66 	 1.07095 	 -0.0136691
18.675 	 1.07009 	 -0.0135694
18.69 	 1.06923 	 -0.0134699
18.705 	 1.06837 	 -0.0133706
18.72 	 1.06752 	 -0.0132715
18.735 	 1.06666 	 -0.0131727
18.75 	 1.06581 	 -0.0130741
18.765 	 1.06496 	 -0.0129756
18.78 	 1.06411 	 -0.0129756
18.795 	 1.06326 	 -0.0127794
18.81 	 1.06241 	 -0.0126816
18.825 	 1.06157 	 -0.012584
18.84 	 1.06072 	 -0.0124866
18.855 	 1.05988 	 -0.0123894
18.87 	 1.05904 	 -0.0122924
18.885 	 1.0582 	 -0.0121956
18.9 	 1.05736 	 -0.012099
18.915 	 1.05652 	 -0.0120026
18.93 	 1.05569 	 -0.0119064
18.945 	 1.05485 	 -0.0118104
18.96 	 1.05402 	 -0.0117146
18.975 	 1.05318 	 -0.011619
18.99 	 1.05235 	 -0.0115237
19.005 	 1.05152 	 -0.0114285
19.02 	 1.05069 	 -0.0113335
19.035 	 1.04987 	 -0.0112387
19.05 	 1.04904 	 -0.0111442
19.065 	 1.04822 	 -0.0110498
19.08 	 1.04739 	 -0.0109557
19.095 	 1.04657 	 -0.0108618
19.11 	 1.04575 	 -0.0107681
19.125 	 1.04493 	 -0.0106746
19.14 	 1.04411 	 -0.0105814
19.155 	 1.0433 	 -0.0105814
19.17 	 1.04248 	 -0.0103956
19.185 	 1.04167 	 -0.0103031
19.2 	 1.04085 	 -0.0102108
19.215 	 1.04004 	 -0.0101188
19.23 	 1.03923 	 -0.0100271
19.245 	 1.03842 	 -0.00993561
19.26 	 1.03761 	 -0.00984442
19.275 	 1.03681 	 -0.00975353
19.29 	 1.036 	 -0.00966295
19.305 	 1.0352 	 -0.00957268
19.32 	 1.03439 	 -0.00948273
19.335 	 1.03359 	 -0.00939314
19.35 	 1.03279 	 -0.00930389
19.365 	 1.03199 	 -0.00921502
19.38 	 1.03119 	 -0.00912654
19.395 	 1.0304 	 -0.00903847
19.41 	 1.0296 	 -0.00895082
19.425 	 1.02881 	 -0.00886363
19.44 	 1.02801 	 -0.0087769
19.455 	 1.02722 	 -0.00869067
19.47 	 1.02643 	 -0.00860496
19.485 	 1.02564 	 -0.0085198
19.5 	 1.02485 	 -0.00843522
19.515 	 1.02406 	 -0.00835124
19.53 	 1.02328 	 -0.00826792
19.545 	 1.02249 	 -0.00818526
19.56 	 1.02171 	 -0.00810333
19.575 	 1.02093 	 -0.00802216
19.59 	 1.02015 	 -0.00794179
19.605 	 1.01937 	 -0.00786226
19.62 	 1.01859 	 -0.00778363
19.635 	 1.01781 	 -0.00770595
19.65 	 1.01703 	 -0.00762927
19.665 	 1.01626 	 -0.00755364
19.68 	 1.01549 	 -0.00747914
19.695 	 1.01471 	 -0.00740582
19.71 	 1.01394 	 -0.00733375
19.725 	 1.01317 	 -0.00726301
19.74 	 1.0124 	 -0.00719365
19.755 	 1.01163 	 -0.00712576
19.77 	 1.01087 	 -0.00705943
19.785 	 1.0101 	 -0.00699472
19.8 	 1.00934 	 -0.00693173
19.815 	 1.00857 	 -0.00687055
19.83 	 1.00781 	 -0.00681125
19.845 	 1.00705 	 -0.00675395
19.86 	 1.00629 	 -0.00669873
19.875 	 1.00553 	 -0.00664568
19.89 	 1.00477 	 -0.0065949
19.905 	 1.00402 	 -0.00654649
19.92 	 1.00326 	 -0.00650054
19.935 	 1.00251 	 -0.00645715
19.95 	 1.00175 	 -0.00641641
19.965 	 1.001 	 -0.0063784
19.98 	 1.00025 	 -0.00634322
