0 	 0.483895 	 -0.176795
0.015 	 0.483891 	 -0.17679
0.03 	 0.48388 	 -0.176785
0.045 	 0.483861 	 -0.17678
0.06 	 0.483844 	 -0.176775
0.075 	 0.483824 	 -0.17677
0.09 	 0.483802 	 -0.176765
0.105 	 0.483776 	 -0.17676
0.12 	 0.483748 	 -0.176755
0.135 	 0.483717 	 -0.176749
0.15 	 0.483683 	 -0.176744
0.165 	 0.48367 	 -0.176744
0.18 	 0.483609 	 -0.176732
0.195 	 0.483568 	 -0.176727
0.21 	 0.483524 	 -0.176721
0.225 	 0.483501 	 -0.176721
0.24 	 0.483429 	 -0.176709
0.255 	 0.483377 	 -0.176703
0.27 	 0.483324 	 -0.176697
0.285 	 0.483267 	 -0.17669
0.3 	 0.483208 	 -0.176684
0.315 	 0.483147 	 -0.176677
0.33 	 0.483107 	 -0.176677
0.345 	 0.483017 	 -0.176664
0.36 	 0.482948 	 -0.176657
0.375 	 0.482876 	 -0.176651
0.39 	 0.482802 	 -0.176644
0.405 	 0.482726 	 -0.176636
0.42 	 0.482647 	 -0.176629
0.435 	 0.482566 	 -0.176622
0.45 	 0.482506 	 -0.176622
0.465 	 0.482395 	 -0.176607
0.48 	 0.482306 	 -0.176599
0.495 	 0.482215 	 -0.176592
0.51 	 0.482121 	 -0.176584
0.525 	 0.482024 	 -0.176576
0.54 	 0.481925 	 -0.176568
0.555 	 0.481824 	 -0.17656
0.57 	 0.48172 	 -0.176551
0.585 	 0.481614 	 -0.176543
0.6 	 0.481505 	 -0.176534
0.615 	 0.481393 	 -0.176526
0.63 	 0.48128 	 -0.176517
0.645 	 0.481163 	 -0.176508
0.66 	 0.481069 	 -0.176508
0.675 	 0.480923 	 -0.176489
0.69 	 0.480799 	 -0.17648
0.705 	 0.480673 	 -0.17647
0.72 	 0.480544 	 -0.176461
0.735 	 0.480413 	 -0.176451
0.75 	 0.480279 	 -0.176441
0.765 	 0.480143 	 -0.176431
0.78 	 0.480004 	 -0.176421
0.795 	 0.479863 	 -0.17641
0.81 	 0.479719 	 -0.1764
0.825 	 0.479573 	 -0.176389
0.84 	 0.479424 	 -0.176378
0.855 	 0.479273 	 -0.176367
0.87 	 0.479119 	 -0.176356
0.885 	 0.478963 	 -0.176345
0.9 	 0.47883 	 -0.176345
0.915 	 0.478644 	 -0.176321
0.93 	 0.47848 	 -0.17631
0.945 	 0.478314 	 -0.176298
0.96 	 0.478146 	 -0.176285
0.975 	 0.477975 	 -0.176273
0.99 	 0.477802 	 -0.17626
1.005 	 0.477626 	 -0.176248
1.02 	 0.477448 	 -0.176235
1.035 	 0.477267 	 -0.176221
1.05 	 0.477084 	 -0.176208
1.065 	 0.476898 	 -0.176195
1.08 	 0.47671 	 -0.176181
1.095 	 0.476519 	 -0.176167
1.11 	 0.476326 	 -0.176153
1.125 	 0.476131 	 -0.176138
1.14 	 0.475933 	 -0.176124
1.155 	 0.475733 	 -0.176109
1.17 	 0.47553 	 -0.176094
1.185 	 0.475324 	 -0.176079
1.2 	 0.475117 	 -0.176063
1.215 	 0.474907 	 -0.176048
1.23 	 0.474694 	 -0.176032
1.245 	 0.474479 	 -0.176016
1.26 	 0.474261 	 -0.175999
1.275 	 0.474041 	 -0.175983
1.29 	 0.473819 	 -0.175966
1.305 	 0.473594 	 -0.175949
1.32 	 0.473392 	 -0.175949
1.335 	 0.473137 	 -0.175914
1.35 	 0.472905 	 -0.175896
1.365 	 0.472671 	 -0.175878
1.38 	 0.472434 	 -0.175859
1.395 	 0.472194 	 -0.175841
1.41 	 0.471953 	 -0.175822
1.425 	 0.471708 	 -0.175803
1.44 	 0.471462 	 -0.175783
1.455 	 0.471213 	 -0.175763
1.47 	 0.470961 	 -0.175743
1.485 	 0.470707 	 -0.175723
1.5 	 0.470451 	 -0.175702
1.515 	 0.470192 	 -0.175681
1.53 	 0.469931 	 -0.17566
1.545 	 0.469668 	 -0.175638
1.56 	 0.469402 	 -0.175617
1.575 	 0.469134 	 -0.175594
1.59 	 0.468863 	 -0.175572
1.605 	 0.46859 	 -0.175549
1.62 	 0.468314 	 -0.175526
1.635 	 0.468037 	 -0.175502
1.65 	 0.467756 	 -0.175478
1.665 	 0.467474 	 -0.175454
1.68 	 0.467189 	 -0.17543
1.695 	 0.466901 	 -0.175405
1.71 	 0.466611 	 -0.17538
1.725 	 0.466319 	 -0.175354
1.74 	 0.466025 	 -0.175328
1.755 	 0.465728 	 -0.175302
1.77 	 0.465429 	 -0.175275
1.785 	 0.465127 	 -0.175248
1.8 	 0.464848 	 -0.175248
1.815 	 0.464517 	 -0.175192
1.83 	 0.464208 	 -0.175164
1.845 	 0.463897 	 -0.175135
1.86 	 0.463584 	 -0.175106
1.875 	 0.463268 	 -0.175076
1.89 	 0.46295 	 -0.175046
1.905 	 0.462629 	 -0.175016
1.92 	 0.462307 	 -0.174985
1.935 	 0.461982 	 -0.174954
1.95 	 0.461654 	 -0.174922
1.965 	 0.461324 	 -0.17489
1.98 	 0.460992 	 -0.174857
1.995 	 0.460658 	 -0.174824
2.01 	 0.460321 	 -0.174791
2.025 	 0.459982 	 -0.174757
2.04 	 0.459641 	 -0.174722
2.055 	 0.459297 	 -0.174687
2.07 	 0.458951 	 -0.174652
2.085 	 0.458603 	 -0.174616
2.1 	 0.458253 	 -0.174579
2.115 	 0.4579 	 -0.174542
2.13 	 0.457545 	 -0.174504
2.145 	 0.457187 	 -0.174466
2.16 	 0.456828 	 -0.174428
2.175 	 0.456466 	 -0.174388
2.19 	 0.456102 	 -0.174349
2.205 	 0.455735 	 -0.174308
2.22 	 0.455366 	 -0.174268
2.235 	 0.454995 	 -0.174226
2.25 	 0.454622 	 -0.174184
2.265 	 0.454247 	 -0.174141
2.28 	 0.453869 	 -0.174098
2.295 	 0.453489 	 -0.174055
2.31 	 0.453107 	 -0.17401
2.325 	 0.452722 	 -0.173965
2.34 	 0.452336 	 -0.173919
2.355 	 0.451947 	 -0.173873
2.37 	 0.451556 	 -0.173826
2.385 	 0.451163 	 -0.173779
2.4 	 0.450767 	 -0.17373
2.415 	 0.450369 	 -0.173682
2.43 	 0.44997 	 -0.173632
2.445 	 0.449567 	 -0.173582
2.46 	 0.449163 	 -0.173531
2.475 	 0.448757 	 -0.173479
2.49 	 0.448348 	 -0.173427
2.505 	 0.447937 	 -0.173374
2.52 	 0.447524 	 -0.17332
2.535 	 0.447109 	 -0.173265
2.55 	 0.446692 	 -0.17321
2.565 	 0.446273 	 -0.173154
2.58 	 0.445851 	 -0.173097
2.595 	 0.445427 	 -0.17304
2.61 	 0.445002 	 -0.172981
2.625 	 0.444574 	 -0.172922
2.64 	 0.444166 	 -0.172922
2.655 	 0.443712 	 -0.172802
2.67 	 0.443277 	 -0.17274
2.685 	 0.442841 	 -0.172678
2.7 	 0.442403 	 -0.172615
2.715 	 0.441962 	 -0.172551
2.73 	 0.441519 	 -0.172486
2.745 	 0.441075 	 -0.17242
2.76 	 0.440628 	 -0.172353
2.775 	 0.440179 	 -0.172286
2.79 	 0.439728 	 -0.172217
2.805 	 0.439276 	 -0.172148
2.82 	 0.438821 	 -0.172078
2.835 	 0.438364 	 -0.172007
2.85 	 0.437905 	 -0.171934
2.865 	 0.437444 	 -0.171861
2.88 	 0.436981 	 -0.171787
2.895 	 0.436516 	 -0.171712
2.91 	 0.436049 	 -0.171636
2.925 	 0.43558 	 -0.171559
2.94 	 0.435109 	 -0.171482
2.955 	 0.434637 	 -0.171403
2.97 	 0.434162 	 -0.171323
2.985 	 0.433685 	 -0.171242
3 	 0.433206 	 -0.171159
3.015 	 0.432726 	 -0.171076
3.03 	 0.432243 	 -0.170992
3.045 	 0.431759 	 -0.170907
3.06 	 0.431272 	 -0.170821
3.075 	 0.430784 	 -0.170733
3.09 	 0.430294 	 -0.170645
3.105 	 0.429802 	 -0.170555
3.12 	 0.429308 	 -0.170464
3.135 	 0.428812 	 -0.170372
3.15 	 0.428315 	 -0.170279
3.165 	 0.427815 	 -0.170185
3.18 	 0.427314 	 -0.170089
3.195 	 0.426811 	 -0.169993
3.21 	 0.426306 	 -0.169895
3.225 	 0.425799 	 -0.169796
3.24 	 0.425291 	 -0.169696
3.255 	 0.424781 	 -0.169594
3.27 	 0.424269 	 -0.169491
3.285 	 0.423755 	 -0.169387
3.3 	 0.423239 	 -0.169282
3.315 	 0.422722 	 -0.169175
3.33 	 0.422203 	 -0.169068
3.345 	 0.421682 	 -0.168958
3.36 	 0.42116 	 -0.168848
3.375 	 0.420636 	 -0.168736
3.39 	 0.42011 	 -0.168623
3.405 	 0.419582 	 -0.168508
3.42 	 0.419053 	 -0.168393
3.435 	 0.418522 	 -0.168275
3.45 	 0.41799 	 -0.168157
3.465 	 0.417456 	 -0.168037
3.48 	 0.41692 	 -0.167915
3.495 	 0.416383 	 -0.167792
3.51 	 0.415844 	 -0.167668
3.525 	 0.415303 	 -0.167542
3.54 	 0.414761 	 -0.167415
3.555 	 0.414218 	 -0.167286
3.57 	 0.413673 	 -0.167156
3.585 	 0.413126 	 -0.167025
3.6 	 0.412595 	 -0.167025
3.615 	 0.412028 	 -0.166757
3.63 	 0.411477 	 -0.166621
3.645 	 0.410924 	 -0.166483
3.66 	 0.41037 	 -0.166344
3.675 	 0.409814 	 -0.166203
3.69 	 0.409257 	 -0.166061
3.705 	 0.408699 	 -0.165917
3.72 	 0.408139 	 -0.165771
3.735 	 0.407578 	 -0.165624
3.75 	 0.407015 	 -0.165475
3.765 	 0.406451 	 -0.165325
3.78 	 0.405885 	 -0.165173
3.795 	 0.405318 	 -0.16502
3.81 	 0.40475 	 -0.164864
3.825 	 0.404181 	 -0.164707
3.84 	 0.40361 	 -0.164549
3.855 	 0.403038 	 -0.164389
3.87 	 0.402465 	 -0.164227
3.885 	 0.40189 	 -0.164063
3.9 	 0.401314 	 -0.163898
3.915 	 0.400737 	 -0.163731
3.93 	 0.400159 	 -0.163562
3.945 	 0.399579 	 -0.163391
3.96 	 0.398999 	 -0.163219
3.975 	 0.398417 	 -0.163045
3.99 	 0.397834 	 -0.162869
4.005 	 0.39725 	 -0.162692
4.02 	 0.396664 	 -0.162513
4.035 	 0.396078 	 -0.162332
4.05 	 0.39549 	 -0.162149
4.065 	 0.394902 	 -0.161964
4.08 	 0.394312 	 -0.161778
4.095 	 0.393722 	 -0.16159
4.11 	 0.39313 	 -0.161399
4.125 	 0.392537 	 -0.161208
4.14 	 0.391943 	 -0.161014
4.155 	 0.391348 	 -0.160818
4.17 	 0.390753 	 -0.160621
4.185 	 0.390156 	 -0.160422
4.2 	 0.389558 	 -0.160221
4.215 	 0.38896 	 -0.160018
4.23 	 0.38836 	 -0.159813
4.245 	 0.38776 	 -0.159607
4.26 	 0.387159 	 -0.159398
4.275 	 0.386557 	 -0.159188
4.29 	 0.385954 	 -0.158976
4.305 	 0.38535 	 -0.158762
4.32 	 0.384745 	 -0.158546
4.335 	 0.38414 	 -0.158328
4.35 	 0.383534 	 -0.158108
4.365 	 0.382927 	 -0.157887
4.38 	 0.382319 	 -0.157663
4.395 	 0.381711 	 -0.157438
4.41 	 0.381102 	 -0.15721
4.425 	 0.380492 	 -0.156981
4.44 	 0.379881 	 -0.15675
4.455 	 0.37927 	 -0.156517
4.47 	 0.378658 	 -0.156283
4.485 	 0.378046 	 -0.156046
4.5 	 0.377433 	 -0.155807
4.515 	 0.376819 	 -0.155567
4.53 	 0.376205 	 -0.155324
4.545 	 0.375591 	 -0.15508
4.56 	 0.374975 	 -0.154834
4.575 	 0.374359 	 -0.154586
4.59 	 0.373743 	 -0.154336
4.605 	 0.373126 	 -0.154084
4.62 	 0.372509 	 -0.153831
4.635 	 0.371891 	 -0.153575
4.65 	 0.371273 	 -0.153318
4.665 	 0.370655 	 -0.153059
4.68 	 0.370036 	 -0.152798
4.695 	 0.369423 	 -0.152798
4.71 	 0.368797 	 -0.15227
4.725 	 0.368177 	 -0.152003
4.74 	 0.367556 	 -0.151735
4.755 	 0.366936 	 -0.151465
4.77 	 0.366315 	 -0.151192
4.785 	 0.365693 	 -0.150919
4.8 	 0.365072 	 -0.150643
4.815 	 0.36445 	 -0.150365
4.83 	 0.363828 	 -0.150086
4.845 	 0.363206 	 -0.149805
4.86 	 0.362583 	 -0.149522
4.875 	 0.361961 	 -0.149238
4.89 	 0.361338 	 -0.148951
4.905 	 0.360715 	 -0.148663
4.92 	 0.360092 	 -0.148373
4.935 	 0.359469 	 -0.148082
4.95 	 0.358845 	 -0.147788
4.965 	 0.358222 	 -0.147494
4.98 	 0.357599 	 -0.147197
4.995 	 0.356975 	 -0.146899
5.01 	 0.356352 	 -0.146599
5.025 	 0.355728 	 -0.146297
5.04 	 0.355105 	 -0.145994
5.055 	 0.354481 	 -0.145689
5.07 	 0.353858 	 -0.145382
5.085 	 0.353235 	 -0.145074
5.1 	 0.352611 	 -0.144764
5.115 	 0.351988 	 -0.144453
5.13 	 0.351365 	 -0.14414
5.145 	 0.350742 	 -0.143826
5.16 	 0.350119 	 -0.14351
5.175 	 0.349497 	 -0.143192
5.19 	 0.348874 	 -0.142873
5.205 	 0.348252 	 -0.142553
5.22 	 0.34763 	 -0.142231
5.235 	 0.347008 	 -0.141908
5.25 	 0.346386 	 -0.141583
5.265 	 0.345765 	 -0.141257
5.28 	 0.345146 	 -0.141257
5.295 	 0.344523 	 -0.1406
5.31 	 0.343902 	 -0.14027
5.325 	 0.343282 	 -0.139938
5.34 	 0.342662 	 -0.139605
5.355 	 0.342042 	 -0.139271
5.37 	 0.341423 	 -0.138935
5.385 	 0.340804 	 -0.138598
5.4 	 0.340186 	 -0.13826
5.415 	 0.339568 	 -0.13792
5.43 	 0.33895 	 -0.13758
5.445 	 0.338333 	 -0.137238
5.46 	 0.337716 	 -0.136895
5.475 	 0.3371 	 -0.136551
5.49 	 0.336484 	 -0.136205
5.505 	 0.335868 	 -0.135859
5.52 	 0.335254 	 -0.135511
5.535 	 0.334639 	 -0.135163
5.55 	 0.334025 	 -0.134813
5.565 	 0.333412 	 -0.134462
5.58 	 0.332799 	 -0.13411
5.595 	 0.332187 	 -0.133757
5.61 	 0.331575 	 -0.133404
5.625 	 0.330964 	 -0.133049
5.64 	 0.330354 	 -0.132693
5.655 	 0.329744 	 -0.132693
5.67 	 0.329135 	 -0.131979
5.685 	 0.328527 	 -0.131621
5.7 	 0.327919 	 -0.131262
5.715 	 0.327312 	 -0.130901
5.73 	 0.326705 	 -0.130541
5.745 	 0.326099 	 -0.130179
5.76 	 0.325494 	 -0.129816
5.775 	 0.32489 	 -0.129453
5.79 	 0.324286 	 -0.129089
5.805 	 0.323683 	 -0.128725
5.82 	 0.323081 	 -0.128359
5.835 	 0.32248 	 -0.127993
5.85 	 0.321879 	 -0.127626
5.865 	 0.321279 	 -0.127259
5.88 	 0.32068 	 -0.126891
5.895 	 0.320082 	 -0.126523
5.91 	 0.319485 	 -0.126154
5.925 	 0.318888 	 -0.125784
5.94 	 0.318292 	 -0.125414
5.955 	 0.317698 	 -0.125043
5.97 	 0.317104 	 -0.124672
5.985 	 0.31651 	 -0.1243
6 	 0.315918 	 -0.123928
6.015 	 0.315327 	 -0.123556
6.03 	 0.314736 	 -0.123183
6.045 	 0.314147 	 -0.12281
6.06 	 0.313558 	 -0.122436
6.075 	 0.312971 	 -0.122062
6.09 	 0.312384 	 -0.121688
6.105 	 0.311798 	 -0.121314
6.12 	 0.311213 	 -0.120939
6.135 	 0.310629 	 -0.120564
6.15 	 0.310046 	 -0.120188
6.165 	 0.309464 	 -0.119813
6.18 	 0.308884 	 -0.119437
6.195 	 0.308304 	 -0.119061
6.21 	 0.307725 	 -0.118685
6.225 	 0.307147 	 -0.118309
6.24 	 0.30657 	 -0.117932
6.255 	 0.305994 	 -0.117556
6.27 	 0.305419 	 -0.117179
6.285 	 0.304845 	 -0.116802
6.3 	 0.304273 	 -0.116426
6.315 	 0.303701 	 -0.116049
6.33 	 0.303131 	 -0.115672
6.345 	 0.302561 	 -0.115295
6.36 	 0.301993 	 -0.114919
6.375 	 0.301425 	 -0.114542
6.39 	 0.300859 	 -0.114165
6.405 	 0.300294 	 -0.113789
6.42 	 0.29973 	 -0.113412
6.435 	 0.299167 	 -0.113036
6.45 	 0.298605 	 -0.11266
6.465 	 0.298045 	 -0.112284
6.48 	 0.297485 	 -0.111908
6.495 	 0.296927 	 -0.111532
6.51 	 0.29637 	 -0.111156
6.525 	 0.295813 	 -0.110781
6.54 	 0.295259 	 -0.110406
6.555 	 0.294705 	 -0.110031
6.57 	 0.294152 	 -0.109656
6.585 	 0.293601 	 -0.109282
6.6 	 0.29305 	 -0.108907
6.615 	 0.292499 	 -0.108907
6.63 	 0.291954 	 -0.10816
6.645 	 0.291407 	 -0.107787
6.66 	 0.290861 	 -0.107414
6.675 	 0.290317 	 -0.107041
6.69 	 0.289774 	 -0.106669
6.705 	 0.289232 	 -0.106297
6.72 	 0.288691 	 -0.105926
6.735 	 0.288152 	 -0.105555
6.75 	 0.287614 	 -0.105184
6.765 	 0.287077 	 -0.104814
6.78 	 0.286541 	 -0.104444
6.795 	 0.286006 	 -0.104075
6.81 	 0.285473 	 -0.103706
6.825 	 0.284941 	 -0.103338
6.84 	 0.28441 	 -0.10297
6.855 	 0.28388 	 -0.102602
6.87 	 0.283352 	 -0.102236
6.885 	 0.282825 	 -0.101869
6.9 	 0.282299 	 -0.101504
6.915 	 0.281774 	 -0.101138
6.93 	 0.281251 	 -0.100774
6.945 	 0.280728 	 -0.100409
6.96 	 0.280208 	 -0.100046
6.975 	 0.279688 	 -0.099683
6.99 	 0.27917 	 -0.0993207
7.005 	 0.278652 	 -0.0989589
7.02 	 0.278137 	 -0.0985978
7.035 	 0.277622 	 -0.0982373
7.05 	 0.277109 	 -0.0978774
7.065 	 0.276597 	 -0.0975182
7.08 	 0.276086 	 -0.0971596
7.095 	 0.275577 	 -0.0968017
7.11 	 0.275068 	 -0.0964445
7.125 	 0.274561 	 -0.096088
7.14 	 0.274056 	 -0.0957321
7.155 	 0.273551 	 -0.0953769
7.17 	 0.273048 	 -0.0950225
7.185 	 0.272547 	 -0.0946687
7.2 	 0.272044 	 -0.0946687
7.215 	 0.271547 	 -0.0939634
7.23 	 0.271049 	 -0.0936118
7.245 	 0.270552 	 -0.093261
7.26 	 0.270057 	 -0.0929109
7.275 	 0.269563 	 -0.0925616
7.29 	 0.26907 	 -0.092213
7.305 	 0.268578 	 -0.0918652
7.32 	 0.268088 	 -0.0915182
7.335 	 0.267599 	 -0.091172
7.35 	 0.267111 	 -0.0908265
7.365 	 0.266625 	 -0.0904818
7.38 	 0.26614 	 -0.090138
7.395 	 0.265656 	 -0.0897949
7.41 	 0.265174 	 -0.0894526
7.425 	 0.264692 	 -0.0891112
7.44 	 0.264212 	 -0.0887706
7.455 	 0.263734 	 -0.0884308
7.47 	 0.263256 	 -0.0880918
7.485 	 0.26278 	 -0.0877537
7.5 	 0.262305 	 -0.0874164
7.515 	 0.261832 	 -0.0870799
7.53 	 0.26136 	 -0.0867443
7.545 	 0.260889 	 -0.0864096
7.56 	 0.260419 	 -0.0860757
7.575 	 0.259949 	 -0.0860757
7.59 	 0.259483 	 -0.0854105
7.605 	 0.259018 	 -0.0850792
7.62 	 0.258553 	 -0.0847487
7.635 	 0.25809 	 -0.0844192
7.65 	 0.257628 	 -0.0840905
7.665 	 0.257167 	 -0.0837627
7.68 	 0.256707 	 -0.0834358
7.695 	 0.256249 	 -0.0831098
7.71 	 0.255792 	 -0.0827846
7.725 	 0.255337 	 -0.0824604
7.74 	 0.254882 	 -0.0821371
7.755 	 0.254429 	 -0.0818146
7.77 	 0.253977 	 -0.0814931
7.785 	 0.253526 	 -0.0811724
7.8 	 0.253077 	 -0.0808527
7.815 	 0.252629 	 -0.0805339
7.83 	 0.252182 	 -0.080216
7.845 	 0.251736 	 -0.079899
7.86 	 0.251292 	 -0.0795829
7.875 	 0.250849 	 -0.0792677
7.89 	 0.250407 	 -0.0789535
7.905 	 0.249966 	 -0.0786401
7.92 	 0.249527 	 -0.0783277
7.935 	 0.249089 	 -0.0780163
7.95 	 0.248652 	 -0.0777057
7.965 	 0.248216 	 -0.0773961
7.98 	 0.247782 	 -0.0770874
7.995 	 0.247349 	 -0.0767796
8.01 	 0.246917 	 -0.0764727
8.025 	 0.246486 	 -0.0761668
8.04 	 0.246057 	 -0.0758618
8.055 	 0.245628 	 -0.0755578
8.07 	 0.245201 	 -0.0752547
8.085 	 0.244775 	 -0.0749525
8.1 	 0.244351 	 -0.0746512
8.115 	 0.243927 	 -0.0743509
8.13 	 0.243505 	 -0.0740516
8.145 	 0.243084 	 -0.0737531
8.16 	 0.242664 	 -0.0734556
8.175 	 0.242246 	 -0.0731591
8.19 	 0.241828 	 -0.0728634
8.205 	 0.241412 	 -0.0725687
8.22 	 0.240997 	 -0.072275
8.235 	 0.240584 	 -0.0719822
8.25 	 0.240171 	 -0.0716903
8.265 	 0.23976 	 -0.0713994
8.28 	 0.239349 	 -0.0711094
8.295 	 0.23894 	 -0.0708203
8.31 	 0.238532 	 -0.0705322
8.325 	 0.238126 	 -0.070245
8.34 	 0.23772 	 -0.0699587
8.355 	 0.237316 	 -0.0696734
8.37 	 0.236913 	 -0.0693891
8.385 	 0.236511 	 -0.0691056
8.4 	 0.23611 	 -0.0688231
8.415 	 0.23571 	 -0.0685415
8.43 	 0.235312 	 -0.0682609
8.445 	 0.234915 	 -0.0679812
8.46 	 0.234518 	 -0.0677024
8.475 	 0.234123 	 -0.0674246
8.49 	 0.233729 	 -0.0671477
8.505 	 0.233337 	 -0.0668717
8.52 	 0.232945 	 -0.0665967
8.535 	 0.232554 	 -0.0663226
8.55 	 0.232165 	 -0.0660494
8.565 	 0.231777 	 -0.0657771
8.58 	 0.23139 	 -0.0655058
8.595 	 0.231004 	 -0.0652354
8.61 	 0.230619 	 -0.0649659
8.625 	 0.230235 	 -0.0646973
8.64 	 0.229853 	 -0.0644297
8.655 	 0.229471 	 -0.064163
8.67 	 0.229091 	 -0.0638972
8.685 	 0.228711 	 -0.0636323
8.7 	 0.228333 	 -0.0633683
8.715 	 0.227956 	 -0.0631053
8.73 	 0.22758 	 -0.0628431
8.745 	 0.227205 	 -0.0625819
8.76 	 0.226832 	 -0.0623216
8.775 	 0.226459 	 -0.0620622
8.79 	 0.226087 	 -0.0618037
8.805 	 0.225717 	 -0.0615461
8.82 	 0.225347 	 -0.0612894
8.835 	 0.224979 	 -0.0610337
8.85 	 0.224611 	 -0.0607788
8.865 	 0.224245 	 -0.0605248
8.88 	 0.22388 	 -0.0602717
8.895 	 0.223516 	 -0.0600196
8.91 	 0.223153 	 -0.0597683
8.925 	 0.222791 	 -0.0595179
8.94 	 0.22243 	 -0.0592684
8.955 	 0.22207 	 -0.0590198
8.97 	 0.221711 	 -0.0587721
8.985 	 0.221353 	 -0.0585253
9 	 0.220996 	 -0.0582793
9.015 	 0.22064 	 -0.0582793
9.03 	 0.220286 	 -0.0577901
9.045 	 0.219932 	 -0.0575468
9.06 	 0.21958 	 -0.0573044
9.075 	 0.219228 	 -0.0570629
9.09 	 0.218877 	 -0.0568222
9.105 	 0.218528 	 -0.0565824
9.12 	 0.218179 	 -0.0563435
9.135 	 0.217831 	 -0.0561055
9.15 	 0.217485 	 -0.0558683
9.165 	 0.217139 	 -0.055632
9.18 	 0.216795 	 -0.0553965
9.195 	 0.216451 	 -0.055162
9.21 	 0.216108 	 -0.0549282
9.225 	 0.215767 	 -0.0546954
9.24 	 0.215426 	 -0.0544633
9.255 	 0.215087 	 -0.0542322
9.27 	 0.214748 	 -0.0540019
9.285 	 0.21441 	 -0.0537724
9.3 	 0.214074 	 -0.0535438
9.315 	 0.213738 	 -0.053316
9.33 	 0.213403 	 -0.0530891
9.345 	 0.213069 	 -0.052863
9.36 	 0.212736 	 -0.0526378
9.375 	 0.212405 	 -0.0524134
9.39 	 0.212073 	 -0.0524134
9.405 	 0.211744 	 -0.0519671
9.42 	 0.211415 	 -0.0517452
9.435 	 0.211087 	 -0.0515241
9.45 	 0.210759 	 -0.0513039
9.465 	 0.210433 	 -0.0510844
9.48 	 0.210108 	 -0.0508658
9.495 	 0.209784 	 -0.050648
9.51 	 0.20946 	 -0.0504311
9.525 	 0.209138 	 -0.0502149
9.54 	 0.208816 	 -0.0499996
9.555 	 0.208495 	 -0.0497851
9.57 	 0.208176 	 -0.0495714
9.585 	 0.207857 	 -0.0493585
9.6 	 0.207539 	 -0.0491464
9.615 	 0.207222 	 -0.0489351
9.63 	 0.206906 	 -0.0487246
9.645 	 0.206591 	 -0.0485149
9.66 	 0.206276 	 -0.048306
9.675 	 0.205963 	 -0.0480979
9.69 	 0.20565 	 -0.0478905
9.705 	 0.205339 	 -0.047684
9.72 	 0.205028 	 -0.0474783
9.735 	 0.204718 	 -0.0472733
9.75 	 0.204409 	 -0.0470691
9.765 	 0.204101 	 -0.0468658
9.78 	 0.203794 	 -0.0466631
9.795 	 0.203488 	 -0.0464613
9.81 	 0.203182 	 -0.0462603
9.825 	 0.202877 	 -0.04606
9.84 	 0.202574 	 -0.0458605
9.855 	 0.202271 	 -0.0456617
9.87 	 0.201969 	 -0.0454637
9.885 	 0.201667 	 -0.0452665
9.9 	 0.201367 	 -0.04507
9.915 	 0.201068 	 -0.0448743
9.93 	 0.200769 	 -0.0446794
9.945 	 0.200471 	 -0.0444852
9.96 	 0.200174 	 -0.0442918
9.975 	 0.199878 	 -0.0440991
9.99 	 0.199583 	 -0.0439071
10.005 	 0.199288 	 -0.0437159
10.02 	 0.198994 	 -0.0435255
10.035 	 0.198701 	 -0.0433358
10.05 	 0.198409 	 -0.0431468
10.065 	 0.198118 	 -0.0429586
10.08 	 0.197828 	 -0.0427711
10.095 	 0.197538 	 -0.0425843
10.11 	 0.197249 	 -0.0423982
10.125 	 0.196961 	 -0.0422129
10.14 	 0.196674 	 -0.0420283
10.155 	 0.196388 	 -0.0418445
10.17 	 0.196102 	 -0.0416613
10.185 	 0.195817 	 -0.0414789
10.2 	 0.195533 	 -0.0412972
10.215 	 0.19525 	 -0.0411162
10.23 	 0.194968 	 -0.0409359
10.245 	 0.194686 	 -0.0407563
10.26 	 0.194405 	 -0.0405775
10.275 	 0.194125 	 -0.0403993
10.29 	 0.193845 	 -0.0402218
10.305 	 0.193567 	 -0.0400451
10.32 	 0.193289 	 -0.039869
10.335 	 0.193012 	 -0.0396937
10.35 	 0.192736 	 -0.039519
10.365 	 0.19246 	 -0.039345
10.38 	 0.192185 	 -0.0391717
10.395 	 0.191911 	 -0.0389991
10.41 	 0.191638 	 -0.0388272
10.425 	 0.191366 	 -0.038656
10.44 	 0.191094 	 -0.0384854
10.455 	 0.190823 	 -0.0383156
10.47 	 0.190552 	 -0.0381464
10.485 	 0.190283 	 -0.0379779
10.5 	 0.190014 	 -0.03781
10.515 	 0.189746 	 -0.0376428
10.53 	 0.189478 	 -0.0374763
10.545 	 0.189212 	 -0.0373105
10.56 	 0.188946 	 -0.0373105
10.575 	 0.188681 	 -0.0369808
10.59 	 0.188416 	 -0.0368169
10.605 	 0.188152 	 -0.0366537
10.62 	 0.187889 	 -0.0364912
10.635 	 0.187627 	 -0.0363293
10.65 	 0.187365 	 -0.036168
10.665 	 0.187104 	 -0.0360075
10.68 	 0.186844 	 -0.0358475
10.695 	 0.186585 	 -0.0356882
10.71 	 0.186326 	 -0.0355295
10.725 	 0.186068 	 -0.0353715
10.74 	 0.18581 	 -0.0352141
10.755 	 0.185553 	 -0.0350574
10.77 	 0.185297 	 -0.0349013
10.785 	 0.185042 	 -0.0347458
10.8 	 0.184787 	 -0.0345909
10.815 	 0.184533 	 -0.0344367
10.83 	 0.18428 	 -0.0342831
10.845 	 0.184027 	 -0.0341301
10.86 	 0.183775 	 -0.0339778
10.875 	 0.183524 	 -0.0338261
10.89 	 0.183273 	 -0.0336749
10.905 	 0.183023 	 -0.0335244
10.92 	 0.182774 	 -0.0333745
10.935 	 0.182525 	 -0.0333745
10.95 	 0.182277 	 -0.0330766
10.965 	 0.18203 	 -0.0329285
10.98 	 0.181783 	 -0.0327811
10.995 	 0.181537 	 -0.0326342
11.01 	 0.181292 	 -0.0324879
11.025 	 0.181047 	 -0.0323423
11.04 	 0.180803 	 -0.0321972
11.055 	 0.180559 	 -0.0320528
11.07 	 0.180316 	 -0.0319089
11.085 	 0.180074 	 -0.0317656
11.1 	 0.179833 	 -0.0316229
11.115 	 0.179592 	 -0.0314808
11.13 	 0.179351 	 -0.0313393
11.145 	 0.179112 	 -0.0311983
11.16 	 0.178873 	 -0.0310579
11.175 	 0.178634 	 -0.0309182
11.19 	 0.178396 	 -0.0307789
11.205 	 0.178159 	 -0.0306403
11.22 	 0.177922 	 -0.0305022
11.235 	 0.177687 	 -0.0303647
11.25 	 0.177451 	 -0.0302278
11.265 	 0.177216 	 -0.0300915
11.28 	 0.176982 	 -0.0299557
11.295 	 0.176749 	 -0.0298204
11.31 	 0.176516 	 -0.0298204
11.325 	 0.176283 	 -0.0295516
11.34 	 0.176052 	 -0.0294181
11.355 	 0.175821 	 -0.0292851
11.37 	 0.17559 	 -0.0291526
11.385 	 0.17536 	 -0.0290207
11.4 	 0.175131 	 -0.0288894
11.415 	 0.174902 	 -0.0287586
11.43 	 0.174674 	 -0.0286283
11.445 	 0.174446 	 -0.0284986
11.46 	 0.174219 	 -0.0283694
11.475 	 0.173993 	 -0.0282408
11.49 	 0.173767 	 -0.0281127
11.505 	 0.173541 	 -0.0279851
11.52 	 0.173317 	 -0.0278581
11.535 	 0.173093 	 -0.0277316
11.55 	 0.172869 	 -0.0276056
11.565 	 0.172646 	 -0.0274801
11.58 	 0.172424 	 -0.0273552
11.595 	 0.172202 	 -0.0272308
11.61 	 0.17198 	 -0.0271069
11.625 	 0.17176 	 -0.0269836
11.64 	 0.171539 	 -0.0268608
11.655 	 0.17132 	 -0.0267384
11.67 	 0.171101 	 -0.0266166
11.685 	 0.170882 	 -0.0264953
11.7 	 0.170664 	 -0.0263746
11.715 	 0.170447 	 -0.0262543
11.73 	 0.17023 	 -0.0261345
11.745 	 0.170013 	 -0.0260153
11.76 	 0.169797 	 -0.0258965
11.775 	 0.169582 	 -0.0257782
11.79 	 0.169367 	 -0.0256605
11.805 	 0.169153 	 -0.0255432
11.82 	 0.168939 	 -0.0254265
11.835 	 0.168726 	 -0.0253102
11.85 	 0.168514 	 -0.0251944
11.865 	 0.168302 	 -0.0250791
11.88 	 0.16809 	 -0.0249644
11.895 	 0.167879 	 -0.02485
11.91 	 0.167668 	 -0.0247362
11.925 	 0.167458 	 -0.0246229
11.94 	 0.167249 	 -0.02451
11.955 	 0.16704 	 -0.0243977
11.97 	 0.166832 	 -0.0242858
11.985 	 0.166624 	 -0.0241743
12 	 0.166416 	 -0.0240634
12.015 	 0.166209 	 -0.0239529
12.03 	 0.166003 	 -0.0238429
12.045 	 0.165797 	 -0.0237334
12.06 	 0.165592 	 -0.0236243
12.075 	 0.165387 	 -0.0235157
12.09 	 0.165182 	 -0.0234076
12.105 	 0.164978 	 -0.0232999
12.12 	 0.164775 	 -0.0231927
12.135 	 0.164572 	 -0.0230859
12.15 	 0.16437 	 -0.0229796
12.165 	 0.164168 	 -0.0228738
12.18 	 0.163966 	 -0.0227684
12.195 	 0.163765 	 -0.0226635
12.21 	 0.163565 	 -0.022559
12.225 	 0.163365 	 -0.022455
12.24 	 0.163165 	 -0.0223514
12.255 	 0.162966 	 -0.0222482
12.27 	 0.162768 	 -0.0221455
12.285 	 0.16257 	 -0.0220433
12.3 	 0.162372 	 -0.0219415
12.315 	 0.162175 	 -0.0218401
12.33 	 0.161978 	 -0.0217392
12.345 	 0.161782 	 -0.0216387
12.36 	 0.161587 	 -0.0215386
12.375 	 0.161391 	 -0.021439
12.39 	 0.161197 	 -0.0213398
12.405 	 0.161002 	 -0.021241
12.42 	 0.160808 	 -0.0211426
12.435 	 0.160615 	 -0.0210447
12.45 	 0.160422 	 -0.0209472
12.465 	 0.16023 	 -0.0208502
12.48 	 0.160038 	 -0.0207535
12.495 	 0.159846 	 -0.0206573
12.51 	 0.159655 	 -0.0205614
12.525 	 0.159465 	 -0.020466
12.54 	 0.159274 	 -0.0203711
12.555 	 0.159085 	 -0.0202765
12.57 	 0.158895 	 -0.0201823
12.585 	 0.158707 	 -0.0200886
12.6 	 0.158518 	 -0.0199952
12.615 	 0.15833 	 -0.0199023
12.63 	 0.158143 	 -0.0198098
12.645 	 0.157956 	 -0.0197176
12.66 	 0.157769 	 -0.0196259
12.675 	 0.157583 	 -0.0195346
12.69 	 0.157397 	 -0.0194437
12.705 	 0.157212 	 -0.0193531
12.72 	 0.157027 	 -0.019263
12.735 	 0.156842 	 -0.0191733
12.75 	 0.156658 	 -0.0190839
12.765 	 0.156475 	 -0.018995
12.78 	 0.156292 	 -0.0189064
12.795 	 0.156109 	 -0.0188182
12.81 	 0.155927 	 -0.0187305
12.825 	 0.155745 	 -0.0186431
12.84 	 0.155563 	 -0.018556
12.855 	 0.155382 	 -0.018556
12.87 	 0.155201 	 -0.0183832
12.885 	 0.155021 	 -0.0182973
12.9 	 0.154841 	 -0.0182118
12.915 	 0.154662 	 -0.0181267
12.93 	 0.154483 	 -0.0180419
12.945 	 0.154305 	 -0.0179575
12.96 	 0.154126 	 -0.0178735
12.975 	 0.153949 	 -0.0177899
12.99 	 0.153771 	 -0.0177066
13.005 	 0.153594 	 -0.0176238
13.02 	 0.153418 	 -0.0175412
13.035 	 0.153242 	 -0.0174591
13.05 	 0.153066 	 -0.0173773
13.065 	 0.152891 	 -0.0172958
13.08 	 0.152716 	 -0.0172147
13.095 	 0.152541 	 -0.017134
13.11 	 0.152367 	 -0.0170537
13.125 	 0.152193 	 -0.0169737
13.14 	 0.15202 	 -0.016894
13.155 	 0.151847 	 -0.0168147
13.17 	 0.151674 	 -0.0167358
13.185 	 0.151502 	 -0.0166572
13.2 	 0.15133 	 -0.0165789
13.215 	 0.151159 	 -0.016501
13.23 	 0.150988 	 -0.016501
13.245 	 0.150817 	 -0.0163463
13.26 	 0.150647 	 -0.0162694
13.275 	 0.150477 	 -0.0161929
13.29 	 0.150308 	 -0.0161167
13.305 	 0.150139 	 -0.0160409
13.32 	 0.14997 	 -0.0159654
13.335 	 0.149802 	 -0.0158902
13.35 	 0.149634 	 -0.0158154
13.365 	 0.149466 	 -0.0157409
13.38 	 0.149299 	 -0.0156667
13.395 	 0.149132 	 -0.0155929
13.41 	 0.148965 	 -0.0155194
13.425 	 0.148799 	 -0.0154462
13.44 	 0.148634 	 -0.0153734
13.455 	 0.148468 	 -0.0153009
13.47 	 0.148303 	 -0.0152287
13.485 	 0.148139 	 -0.0151568
13.5 	 0.147974 	 -0.0150853
13.515 	 0.14781 	 -0.015014
13.53 	 0.147647 	 -0.0149431
13.545 	 0.147484 	 -0.0148726
13.56 	 0.147321 	 -0.0148023
13.575 	 0.147158 	 -0.0147323
13.59 	 0.146996 	 -0.0146627
13.605 	 0.146834 	 -0.0145934
13.62 	 0.146673 	 -0.0145243
13.635 	 0.146512 	 -0.0144556
13.65 	 0.146351 	 -0.0143872
13.665 	 0.146191 	 -0.0143192
13.68 	 0.146031 	 -0.0142514
13.695 	 0.145871 	 -0.0141839
13.71 	 0.145712 	 -0.0141167
13.725 	 0.145553 	 -0.0140499
13.74 	 0.145394 	 -0.0139833
13.755 	 0.145236 	 -0.013917
13.77 	 0.145078 	 -0.0138511
13.785 	 0.14492 	 -0.0137854
13.8 	 0.144763 	 -0.01372
13.815 	 0.144606 	 -0.013655
13.83 	 0.14445 	 -0.0135902
13.845 	 0.144293 	 -0.0135257
13.86 	 0.144138 	 -0.0134615
13.875 	 0.143982 	 -0.0133976
13.89 	 0.143827 	 -0.013334
13.905 	 0.143672 	 -0.0132706
13.92 	 0.143517 	 -0.0132076
13.935 	 0.143363 	 -0.0131449
13.95 	 0.143209 	 -0.0130824
13.965 	 0.143056 	 -0.0130202
13.98 	 0.142902 	 -0.0129583
13.995 	 0.142749 	 -0.0128967
14.01 	 0.142597 	 -0.0128353
14.025 	 0.142445 	 -0.0127743
14.04 	 0.142293 	 -0.0127135
14.055 	 0.142141 	 -0.012653
14.07 	 0.14199 	 -0.0125928
14.085 	 0.141839 	 -0.0125328
14.1 	 0.141688 	 -0.0124731
14.115 	 0.141538 	 -0.0124137
14.13 	 0.141388 	 -0.0123546
14.145 	 0.141238 	 -0.0122957
14.16 	 0.141089 	 -0.0122371
14.175 	 0.14094 	 -0.0121788
14.19 	 0.140791 	 -0.0121207
14.205 	 0.140642 	 -0.0120629
14.22 	 0.140494 	 -0.0120053
14.235 	 0.140346 	 -0.0119481
14.25 	 0.140199 	 -0.0118911
14.265 	 0.140052 	 -0.0118343
14.28 	 0.139905 	 -0.0117778
14.295 	 0.139758 	 -0.0117216
14.31 	 0.139612 	 -0.0116656
14.325 	 0.139466 	 -0.0116099
14.34 	 0.13932 	 -0.0115544
14.355 	 0.139175 	 -0.0114992
14.37 	 0.13903 	 -0.0114443
14.385 	 0.138885 	 -0.0113896
14.4 	 0.138741 	 -0.0113896
14.415 	 0.138596 	 -0.0112809
14.43 	 0.138453 	 -0.0112269
14.445 	 0.138309 	 -0.0111732
14.46 	 0.138166 	 -0.0111198
14.475 	 0.138023 	 -0.0110666
14.49 	 0.13788 	 -0.0110136
14.505 	 0.137738 	 -0.0109609
14.52 	 0.137596 	 -0.0109084
14.535 	 0.137454 	 -0.0108562
14.55 	 0.137312 	 -0.0108042
14.565 	 0.137171 	 -0.0107524
14.58 	 0.13703 	 -0.0107009
14.595 	 0.136889 	 -0.0106496
14.61 	 0.136749 	 -0.0105985
14.625 	 0.136609 	 -0.0105477
14.64 	 0.136469 	 -0.0104972
14.655 	 0.13633 	 -0.0104468
14.67 	 0.13619 	 -0.0103967
14.685 	 0.136052 	 -0.0103468
14.7 	 0.135913 	 -0.0102972
14.715 	 0.135775 	 -0.0102478
14.73 	 0.135636 	 -0.0101986
14.745 	 0.135499 	 -0.0101496
14.76 	 0.135361 	 -0.0101009
14.775 	 0.135224 	 -0.0101009
14.79 	 0.135087 	 -0.0100041
14.805 	 0.13495 	 -0.00995602
14.82 	 0.134814 	 -0.00990818
14.835 	 0.134678 	 -0.00986057
14.85 	 0.134542 	 -0.00981317
14.865 	 0.134406 	 -0.009766
14.88 	 0.134271 	 -0.00971904
14.895 	 0.134136 	 -0.0096723
14.91 	 0.134001 	 -0.00962578
14.925 	 0.133867 	 -0.00957947
14.94 	 0.133732 	 -0.00953338
14.955 	 0.133598 	 -0.00948751
14.97 	 0.133465 	 -0.00944185
14.985 	 0.133331 	 -0.0093964
15 	 0.133198 	 -0.00935116
15.015 	 0.133065 	 -0.00930613
15.03 	 0.132933 	 -0.00926131
15.045 	 0.1328 	 -0.0092167
15.06 	 0.132668 	 -0.0091723
15.075 	 0.132536 	 -0.0091281
15.09 	 0.132405 	 -0.00908412
15.105 	 0.132273 	 -0.00904033
15.12 	 0.132142 	 -0.00899675
15.135 	 0.132011 	 -0.00895338
15.15 	 0.131881 	 -0.00895338
15.165 	 0.131751 	 -0.00886723
15.18 	 0.131621 	 -0.00882446
15.195 	 0.131491 	 -0.00878189
15.21 	 0.131361 	 -0.00873951
15.225 	 0.131232 	 -0.00869734
15.24 	 0.131103 	 -0.00865536
15.255 	 0.130974 	 -0.00861358
15.27 	 0.130846 	 -0.008572
15.285 	 0.130717 	 -0.0085306
15.3 	 0.130589 	 -0.00848941
15.315 	 0.130462 	 -0.0084484
15.33 	 0.130334 	 -0.00840759
15.345 	 0.130207 	 -0.00836697
15.36 	 0.13008 	 -0.00832654
15.375 	 0.129953 	 -0.0082863
15.39 	 0.129827 	 -0.00824624
15.405 	 0.1297 	 -0.00820638
15.42 	 0.129574 	 -0.0081667
15.435 	 0.129449 	 -0.00812721
15.45 	 0.129323 	 -0.0080879
15.465 	 0.129198 	 -0.00804878
15.48 	 0.129073 	 -0.00800984
15.495 	 0.128948 	 -0.00797109
15.51 	 0.128823 	 -0.00793252
15.525 	 0.128699 	 -0.00789413
15.54 	 0.128575 	 -0.00785591
15.555 	 0.128451 	 -0.00781788
15.57 	 0.128327 	 -0.00778003
15.585 	 0.128204 	 -0.00774236
15.6 	 0.128081 	 -0.00770486
15.615 	 0.127958 	 -0.00766754
15.63 	 0.127835 	 -0.00763039
15.645 	 0.127713 	 -0.00759342
15.66 	 0.127591 	 -0.00755663
15.675 	 0.127469 	 -0.00752001
15.69 	 0.127347 	 -0.00748356
15.705 	 0.127225 	 -0.00744728
15.72 	 0.127104 	 -0.00741117
15.735 	 0.126983 	 -0.00737524
15.75 	 0.126862 	 -0.00733947
15.765 	 0.126742 	 -0.00730387
15.78 	 0.126621 	 -0.00726844
15.795 	 0.126501 	 -0.00723318
15.81 	 0.126381 	 -0.00719808
15.825 	 0.126262 	 -0.00716315
15.84 	 0.126142 	 -0.00712839
15.855 	 0.126023 	 -0.00709379
15.87 	 0.125904 	 -0.00705935
15.885 	 0.125785 	 -0.00702508
15.9 	 0.125667 	 -0.00699097
15.915 	 0.125548 	 -0.00695701
15.93 	 0.12543 	 -0.00692322
15.945 	 0.125312 	 -0.00688959
15.96 	 0.125195 	 -0.00685612
15.975 	 0.125077 	 -0.00682281
15.99 	 0.12496 	 -0.00678966
16.005 	 0.124843 	 -0.00675666
16.02 	 0.124726 	 -0.00672382
16.035 	 0.12461 	 -0.00669113
16.05 	 0.124494 	 -0.0066586
16.065 	 0.124377 	 -0.00662623
16.08 	 0.124262 	 -0.00659401
16.095 	 0.124146 	 -0.00656194
16.11 	 0.12403 	 -0.00653002
16.125 	 0.123915 	 -0.00649825
16.14 	 0.1238 	 -0.00646664
16.155 	 0.123685 	 -0.00643517
16.17 	 0.123571 	 -0.00640386
16.185 	 0.123456 	 -0.00637269
16.2 	 0.123342 	 -0.00634167
16.215 	 0.123228 	 -0.0063108
16.23 	 0.123114 	 -0.00628008
16.245 	 0.123001 	 -0.0062495
16.26 	 0.122887 	 -0.00621907
16.275 	 0.122774 	 -0.00618878
16.29 	 0.122661 	 -0.00615864
16.305 	 0.122548 	 -0.00612864
16.32 	 0.122436 	 -0.00609878
16.335 	 0.122324 	 -0.00606906
16.35 	 0.122212 	 -0.00603949
16.365 	 0.1221 	 -0.00601006
16.38 	 0.121988 	 -0.00598076
16.395 	 0.121876 	 -0.00595161
16.41 	 0.121765 	 -0.0059226
16.425 	 0.121654 	 -0.00589372
16.44 	 0.121543 	 -0.00586498
16.455 	 0.121432 	 -0.00583638
16.47 	 0.121322 	 -0.00580792
16.485 	 0.121212 	 -0.00577959
16.5 	 0.121102 	 -0.0057514
16.515 	 0.120992 	 -0.00572334
16.53 	 0.120882 	 -0.00569541
16.545 	 0.120773 	 -0.00566762
16.56 	 0.120663 	 -0.00563996
16.575 	 0.120554 	 -0.00561244
16.59 	 0.120445 	 -0.00558504
16.605 	 0.120337 	 -0.00555778
16.62 	 0.120228 	 -0.00553065
16.635 	 0.12012 	 -0.00550364
16.65 	 0.120012 	 -0.00547677
16.665 	 0.119904 	 -0.00545002
16.68 	 0.119796 	 -0.0054234
16.695 	 0.119688 	 -0.00539691
16.71 	 0.119581 	 -0.00537055
16.725 	 0.119474 	 -0.00534431
16.74 	 0.119367 	 -0.0053182
16.755 	 0.11926 	 -0.00529221
16.77 	 0.119154 	 -0.00526635
16.785 	 0.119047 	 -0.00524061
16.8 	 0.118941 	 -0.00521499
16.815 	 0.118835 	 -0.0051895
16.83 	 0.118729 	 -0.00516413
16.845 	 0.118624 	 -0.00513888
16.86 	 0.118518 	 -0.00511375
16.875 	 0.118413 	 -0.00508875
16.89 	 0.118308 	 -0.00506386
16.905 	 0.118203 	 -0.00503909
16.92 	 0.118098 	 -0.00501444
16.935 	 0.117994 	 -0.00498991
16.95 	 0.117889 	 -0.0049655
16.965 	 0.117785 	 -0.0049412
16.98 	 0.117681 	 -0.00491702
16.995 	 0.117578 	 -0.00489296
17.01 	 0.117474 	 -0.00486901
17.025 	 0.117371 	 -0.00484518
17.04 	 0.117267 	 -0.00482146
17.055 	 0.117164 	 -0.00479786
17.07 	 0.117062 	 -0.00477437
17.085 	 0.116959 	 -0.00475099
17.1 	 0.116856 	 -0.00472773
17.115 	 0.116754 	 -0.00470458
17.13 	 0.116652 	 -0.00468153
17.145 	 0.11655 	 -0.0046586
17.16 	 0.116448 	 -0.00463578
17.175 	 0.116346 	 -0.00461307
17.19 	 0.116245 	 -0.00459047
17.205 	 0.116144 	 -0.00456798
17.22 	 0.116043 	 -0.00454559
17.235 	 0.115942 	 -0.00452332
17.25 	 0.115841 	 -0.00450115
17.265 	 0.115741 	 -0.00447909
17.28 	 0.11564 	 -0.00445713
17.295 	 0.11554 	 -0.00443528
17.31 	 0.11544 	 -0.00441354
17.325 	 0.11534 	 -0.0043919
17.34 	 0.11524 	 -0.00437036
17.355 	 0.115141 	 -0.00434893
17.37 	 0.115042 	 -0.0043276
17.385 	 0.114942 	 -0.00430638
17.4 	 0.114843 	 -0.00428525
17.415 	 0.114745 	 -0.00426423
17.43 	 0.114646 	 -0.00424331
17.445 	 0.114547 	 -0.00422249
17.46 	 0.114449 	 -0.00420178
17.475 	 0.114351 	 -0.00418116
17.49 	 0.114253 	 -0.00416064
17.505 	 0.114155 	 -0.00414022
17.52 	 0.114057 	 -0.0041199
17.535 	 0.11396 	 -0.00409968
17.55 	 0.113863 	 -0.00407955
17.565 	 0.113765 	 -0.00405952
17.58 	 0.113669 	 -0.00403959
17.595 	 0.113572 	 -0.00401976
17.61 	 0.113475 	 -0.00400002
17.625 	 0.113379 	 -0.00398038
17.64 	 0.113282 	 -0.00396083
17.655 	 0.113186 	 -0.00396083
17.67 	 0.11309 	 -0.00392202
17.685 	 0.112994 	 -0.00390275
17.7 	 0.112899 	 -0.00388358
17.715 	 0.112803 	 -0.0038645
17.73 	 0.112708 	 -0.00384551
17.745 	 0.112612 	 -0.00382662
17.76 	 0.112517 	 -0.00380781
17.775 	 0.112423 	 -0.0037891
17.79 	 0.112328 	 -0.00377048
17.805 	 0.112233 	 -0.00375195
17.82 	 0.112139 	 -0.0037335
17.835 	 0.112045 	 -0.00371515
17.85 	 0.111951 	 -0.00369689
17.865 	 0.111857 	 -0.00367871
17.88 	 0.111763 	 -0.00366062
17.895 	 0.111669 	 -0.00364263
17.91 	 0.111576 	 -0.00362471
17.925 	 0.111483 	 -0.00360689
17.94 	 0.111389 	 -0.00358915
17.955 	 0.111297 	 -0.0035715
17.97 	 0.111204 	 -0.00355393
17.985 	 0.111111 	 -0.00353645
18 	 0.111018 	 -0.00351905
18.015 	 0.110926 	 -0.00350174
18.03 	 0.110834 	 -0.00350174
18.045 	 0.110742 	 -0.00346736
18.06 	 0.11065 	 -0.0034503
18.075 	 0.110558 	 -0.00343332
18.09 	 0.110467 	 -0.00341643
18.105 	 0.110375 	 -0.00339961
18.12 	 0.110284 	 -0.00338288
18.135 	 0.110193 	 -0.00336623
18.15 	 0.110102 	 -0.00334966
18.165 	 0.110011 	 -0.00333317
18.18 	 0.10992 	 -0.00331676
18.195 	 0.10983 	 -0.00330043
18.21 	 0.109739 	 -0.00328418
18.225 	 0.109649 	 -0.003268
18.24 	 0.109559 	 -0.00325191
18.255 	 0.109469 	 -0.0032359
18.27 	 0.109379 	 -0.00321996
18.285 	 0.10929 	 -0.0032041
18.3 	 0.1092 	 -0.00318832
18.315 	 0.109111 	 -0.00317261
18.33 	 0.109021 	 -0.00315698
18.345 	 0.108932 	 -0.00314143
18.36 	 0.108843 	 -0.00312595
18.375 	 0.108755 	 -0.00311055
18.39 	 0.108666 	 -0.00309522
18.405 	 0.108578 	 -0.00309522
18.42 	 0.108489 	 -0.00306479
18.435 	 0.108401 	 -0.00304969
18.45 	 0.108313 	 -0.00303466
18.465 	 0.108225 	 -0.0030197
18.48 	 0.108137 	 -0.00300482
18.495 	 0.10805 	 -0.00299001
18.51 	 0.107962 	 -0.00297527
18.525 	 0.107875 	 -0.0029606
18.54 	 0.107788 	 -0.002946
18.555 	 0.107701 	 -0.00293148
18.57 	 0.107614 	 -0.00291702
18.585 	 0.107527 	 -0.00290264
18.6 	 0.10744 	 -0.00288832
18.615 	 0.107354 	 -0.00287408
18.63 	 0.107267 	 -0.00285991
18.645 	 0.107181 	 -0.0028458
18.66 	 0.107095 	 -0.00283176
18.675 	 0.107009 	 -0.0028178
18.69 	 0.106923 	 -0.0028039
18.705 	 0.106838 	 -0.00279006
18.72 	 0.106752 	 -0.0027763
18.735 	 0.106667 	 -0.0027626
18.75 	 0.106581 	 -0.00274897
18.765 	 0.106496 	 -0.00273541
18.78 	 0.106411 	 -0.00273541
18.795 	 0.106326 	 -0.00270848
18.81 	 0.106242 	 -0.00269511
18.825 	 0.106157 	 -0.00268181
18.84 	 0.106073 	 -0.00266857
18.855 	 0.105988 	 -0.0026554
18.87 	 0.105904 	 -0.00264229
18.885 	 0.10582 	 -0.00262925
18.9 	 0.105736 	 -0.00261627
18.915 	 0.105652 	 -0.00260336
18.93 	 0.105569 	 -0.0025905
18.945 	 0.105485 	 -0.00257771
18.96 	 0.105402 	 -0.00256499
18.975 	 0.105319 	 -0.00255232
18.99 	 0.105235 	 -0.00253972
19.005 	 0.105152 	 -0.00252718
19.02 	 0.10507 	 -0.0025147
19.035 	 0.104987 	 -0.00250228
19.05 	 0.104904 	 -0.00248992
19.065 	 0.104822 	 -0.00247762
19.08 	 0.104739 	 -0.00246538
19.095 	 0.104657 	 -0.0024532
19.11 	 0.104575 	 -0.00244108
19.125 	 0.104493 	 -0.00242903
19.14 	 0.104411 	 -0.00241703
19.155 	 0.10433 	 -0.00241703
19.17 	 0.104248 	 -0.0023932
19.185 	 0.104167 	 -0.00238138
19.2 	 0.104085 	 -0.00236961
19.215 	 0.104004 	 -0.0023579
19.23 	 0.103923 	 -0.00234625
19.245 	 0.103842 	 -0.00233465
19.26 	 0.103761 	 -0.00232311
19.275 	 0.103681 	 -0.00231163
19.29 	 0.1036 	 -0.00230021
19.305 	 0.10352 	 -0.00228884
19.32 	 0.103439 	 -0.00227752
19.335 	 0.103359 	 -0.00226627
19.35 	 0.103279 	 -0.00225506
19.365 	 0.103199 	 -0.00224391
19.38 	 0.103119 	 -0.00223282
19.395 	 0.10304 	 -0.00222178
19.41 	 0.10296 	 -0.0022108
19.425 	 0.102881 	 -0.00219987
19.44 	 0.102801 	 -0.00218899
19.455 	 0.102722 	 -0.00217816
19.47 	 0.102643 	 -0.00216739
19.485 	 0.102564 	 -0.00215667
19.5 	 0.102485 	 -0.00214601
19.515 	 0.102407 	 -0.00213539
19.53 	 0.102328 	 -0.00212483
19.545 	 0.102249 	 -0.00211432
19.56 	 0.102171 	 -0.00210386
19.575 	 0.102093 	 -0.00209346
19.59 	 0.102015 	 -0.0020831
19.605 	 0.101937 	 -0.0020728
19.62 	 0.101859 	 -0.00206254
19.635 	 0.101781 	 -0.00205234
19.65 	 0.101704 	 -0.00204218
19.665 	 0.101626 	 -0.00203208
19.68 	 0.101549 	 -0.00202203
19.695 	 0.101471 	 -0.00201202
19.71 	 0.101394 	 -0.00200206
19.725 	 0.101317 	 -0.00199216
19.74 	 0.10124 	 -0.0019823
19.755 	 0.101163 	 -0.00197249
19.77 	 0.101087 	 -0.00196273
19.785 	 0.10101 	 -0.00195301
19.8 	 0.100934 	 -0.00194335
19.815 	 0.100857 	 -0.00193373
19.83 	 0.100781 	 -0.00192416
19.845 	 0.100705 	 -0.00191463
19.86 	 0.100629 	 -0.00190515
19.875 	 0.100553 	 -0.00189572
19.89 	 0.100477 	 -0.00188634
19.905 	 0.100402 	 -0.001877
19.92 	 0.100326 	 -0.00186771
19.935 	 0.100251 	 -0.00185846
19.95 	 0.100175 	 -0.00184926
19.965 	 0.1001 	 -0.0018401
19.98 	 0.100025 	 -0.00183099
