0 	 3.79109 	 -0.191155
0.015 	 3.79109 	 -0.191155
0.03 	 3.79107 	 -0.191155
0.045 	 3.79105 	 -0.191155
0.06 	 3.79102 	 -0.191155
0.075 	 3.791 	 -0.191155
0.09 	 3.79097 	 -0.191155
0.105 	 3.79093 	 -0.191155
0.12 	 3.7909 	 -0.191155
0.135 	 3.79086 	 -0.191155
0.15 	 3.79081 	 -0.191155
0.165 	 3.79079 	 -0.191155
0.18 	 3.79071 	 -0.191155
0.195 	 3.79066 	 -0.191155
0.21 	 3.7906 	 -0.191155
0.225 	 3.79057 	 -0.191155
0.24 	 3.79047 	 -0.191155
0.255 	 3.79041 	 -0.191154
0.27 	 3.79034 	 -0.191154
0.285 	 3.79026 	 -0.191154
0.3 	 3.79018 	 -0.191154
0.315 	 3.7901 	 -0.191154
0.33 	 3.79005 	 -0.191154
0.345 	 3.78993 	 -0.191154
0.36 	 3.78984 	 -0.191154
0.375 	 3.78974 	 -0.191154
0.39 	 3.78965 	 -0.191154
0.405 	 3.78954 	 -0.191154
0.42 	 3.78944 	 -0.191154
0.435 	 3.78933 	 -0.191154
0.45 	 3.78925 	 -0.191154
0.465 	 3.78911 	 -0.191154
0.48 	 3.78899 	 -0.191154
0.495 	 3.78887 	 -0.191154
0.51 	 3.78874 	 -0.191154
0.525 	 3.78861 	 -0.191154
0.54 	 3.78848 	 -0.191154
0.555 	 3.78835 	 -0.191154
0.57 	 3.78821 	 -0.191154
0.585 	 3.78807 	 -0.191154
0.6 	 3.78793 	 -0.191154
0.615 	 3.78778 	 -0.191154
0.63 	 3.78763 	 -0.191154
0.645 	 3.78747 	 -0.191154
0.66 	 3.78735 	 -0.191154
0.675 	 3.78715 	 -0.191154
0.69 	 3.78699 	 -0.191154
0.705 	 3.78682 	 -0.191154
0.72 	 3.78665 	 -0.191154
0.735 	 3.78648 	 -0.191154
0.75 	 3.7863 	 -0.191154
0.765 	 3.78612 	 -0.191154
0.78 	 3.78593 	 -0.191154
0.795 	 3.78574 	 -0.191154
0.81 	 3.78555 	 -0.191154
0.825 	 3.78536 	 -0.191154
0.84 	 3.78516 	 -0.191154
0.855 	 3.78496 	 -0.191154
0.87 	 3.78476 	 -0.191154
0.885 	 3.78455 	 -0.191154
0.9 	 3.78437 	 -0.191154
0.915 	 3.78412 	 -0.191154
0.93 	 3.78391 	 -0.191154
0.945 	 3.78369 	 -0.191154
0.96 	 3.78346 	 -0.191154
0.975 	 3.78323 	 -0.191154
0.99 	 3.783 	 -0.191154
1.005 	 3.78277 	 -0.191154
1.02 	 3.78253 	 -0.191154
1.035 	 3.78229 	 -0.191154
1.05 	 3.78205 	 -0.191154
1.065 	 3.7818 	 -0.191154
1.08 	 3.78155 	 -0.191154
1.095 	 3.78129 	 -0.191154
1.11 	 3.78104 	 -0.191154
1.125 	 3.78078 	 -0.191154
1.14 	 3.78051 	 -0.191154
1.155 	 3.78024 	 -0.191154
1.17 	 3.77997 	 -0.191154
1.185 	 3.7797 	 -0.191154
1.2 	 3.77942 	 -0.191154
1.215 	 3.77914 	 -0.191154
1.23 	 3.77886 	 -0.191154
1.245 	 3.77857 	 -0.191154
1.26 	 3.77828 	 -0.191154
1.275 	 3.77798 	 -0.191154
1.29 	 3.77769 	 -0.191154
1.305 	 3.77739 	 -0.191154
1.32 	 3.77712 	 -0.191154
1.335 	 3.77678 	 -0.191154
1.35 	 3.77646 	 -0.191154
1.365 	 3.77615 	 -0.191154
1.38 	 3.77583 	 -0.191154
1.395 	 3.77551 	 -0.191154
1.41 	 3.77519 	 -0.191154
1.425 	 3.77486 	 -0.191154
1.44 	 3.77453 	 -0.191154
1.455 	 3.7742 	 -0.191154
1.47 	 3.77386 	 -0.191154
1.485 	 3.77352 	 -0.191154
1.5 	 3.77318 	 -0.191154
1.515 	 3.77283 	 -0.191154
1.53 	 3.77248 	 -0.191154
1.545 	 3.77212 	 -0.191154
1.56 	 3.77177 	 -0.191154
1.575 	 3.77141 	 -0.191154
1.59 	 3.77104 	 -0.191154
1.605 	 3.77068 	 -0.191154
1.62 	 3.77031 	 -0.191154
1.635 	 3.76993 	 -0.191154
1.65 	 3.76956 	 -0.191154
1.665 	 3.76917 	 -0.191154
1.68 	 3.76879 	 -0.191154
1.695 	 3.7684 	 -0.191154
1.71 	 3.76801 	 -0.191154
1.725 	 3.76762 	 -0.191154
1.74 	 3.76722 	 -0.191154
1.755 	 3.76682 	 -0.191154
1.77 	 3.76642 	 -0.191154
1.785 	 3.76601 	 -0.191154
1.8 	 3.76564 	 -0.191154
1.815 	 3.76519 	 -0.191154
1.83 	 3.76477 	 -0.191154
1.845 	 3.76435 	 -0.191154
1.86 	 3.76393 	 -0.191154
1.875 	 3.7635 	 -0.191154
1.89 	 3.76307 	 -0.191154
1.905 	 3.76264 	 -0.191154
1.92 	 3.7622 	 -0.191154
1.935 	 3.76176 	 -0.191154
1.95 	 3.76132 	 -0.191154
1.965 	 3.76087 	 -0.191154
1.98 	 3.76042 	 -0.191154
1.995 	 3.75997 	 -0.191154
2.01 	 3.75951 	 -0.191154
2.025 	 3.75905 	 -0.191154
2.04 	 3.75859 	 -0.191154
2.055 	 3.75812 	 -0.191154
2.07 	 3.75765 	 -0.191154
2.085 	 3.75718 	 -0.191154
2.1 	 3.7567 	 -0.191154
2.115 	 3.75622 	 -0.191154
2.13 	 3.75574 	 -0.191154
2.145 	 3.75525 	 -0.191154
2.16 	 3.75476 	 -0.191154
2.175 	 3.75427 	 -0.191154
2.19 	 3.75377 	 -0.191154
2.205 	 3.75327 	 -0.191154
2.22 	 3.75277 	 -0.191153
2.235 	 3.75226 	 -0.191153
2.25 	 3.75175 	 -0.191153
2.265 	 3.75124 	 -0.191153
2.28 	 3.75072 	 -0.191153
2.295 	 3.7502 	 -0.191153
2.31 	 3.74968 	 -0.191153
2.325 	 3.74915 	 -0.191153
2.34 	 3.74862 	 -0.191153
2.355 	 3.74809 	 -0.191153
2.37 	 3.74755 	 -0.191153
2.385 	 3.74701 	 -0.191153
2.4 	 3.74647 	 -0.191153
2.415 	 3.74592 	 -0.191153
2.43 	 3.74537 	 -0.191153
2.445 	 3.74482 	 -0.191153
2.46 	 3.74426 	 -0.191153
2.475 	 3.7437 	 -0.191153
2.49 	 3.74314 	 -0.191153
2.505 	 3.74257 	 -0.191153
2.52 	 3.742 	 -0.191153
2.535 	 3.74143 	 -0.191153
2.55 	 3.74085 	 -0.191153
2.565 	 3.74027 	 -0.191153
2.58 	 3.73969 	 -0.191153
2.595 	 3.7391 	 -0.191153
2.61 	 3.73851 	 -0.191153
2.625 	 3.73792 	 -0.191153
2.64 	 3.73736 	 -0.191153
2.655 	 3.73672 	 -0.191153
2.67 	 3.73612 	 -0.191153
2.685 	 3.73552 	 -0.191153
2.7 	 3.73491 	 -0.191153
2.715 	 3.73429 	 -0.191153
2.73 	 3.73368 	 -0.191153
2.745 	 3.73306 	 -0.191153
2.76 	 3.73243 	 -0.191153
2.775 	 3.73181 	 -0.191153
2.79 	 3.73118 	 -0.191153
2.805 	 3.73055 	 -0.191153
2.82 	 3.72991 	 -0.191153
2.835 	 3.72927 	 -0.191153
2.85 	 3.72863 	 -0.191152
2.865 	 3.72798 	 -0.191152
2.88 	 3.72733 	 -0.191152
2.895 	 3.72668 	 -0.191152
2.91 	 3.72602 	 -0.191152
2.925 	 3.72536 	 -0.191152
2.94 	 3.7247 	 -0.191152
2.955 	 3.72403 	 -0.191152
2.97 	 3.72337 	 -0.191152
2.985 	 3.72269 	 -0.191152
3 	 3.72202 	 -0.191152
3.015 	 3.72134 	 -0.191152
3.03 	 3.72065 	 -0.191152
3.045 	 3.71997 	 -0.191152
3.06 	 3.71928 	 -0.191152
3.075 	 3.71859 	 -0.191152
3.09 	 3.71789 	 -0.191152
3.105 	 3.71719 	 -0.191152
3.12 	 3.71649 	 -0.191152
3.135 	 3.71578 	 -0.191152
3.15 	 3.71507 	 -0.191152
3.165 	 3.71436 	 -0.191152
3.18 	 3.71364 	 -0.191152
3.195 	 3.71293 	 -0.191152
3.21 	 3.7122 	 -0.191152
3.225 	 3.71148 	 -0.191151
3.24 	 3.71075 	 -0.191151
3.255 	 3.71002 	 -0.191151
3.27 	 3.70928 	 -0.191151
3.285 	 3.70854 	 -0.191151
3.3 	 3.7078 	 -0.191151
3.315 	 3.70705 	 -0.191151
3.33 	 3.7063 	 -0.191151
3.345 	 3.70555 	 -0.191151
3.36 	 3.70479 	 -0.191151
3.375 	 3.70404 	 -0.191151
3.39 	 3.70327 	 -0.191151
3.405 	 3.70251 	 -0.191151
3.42 	 3.70174 	 -0.191151
3.435 	 3.70097 	 -0.191151
3.45 	 3.70019 	 -0.191151
3.465 	 3.69941 	 -0.191151
3.48 	 3.69863 	 -0.191151
3.495 	 3.69784 	 -0.19115
3.51 	 3.69705 	 -0.19115
3.525 	 3.69626 	 -0.19115
3.54 	 3.69547 	 -0.19115
3.555 	 3.69467 	 -0.19115
3.57 	 3.69387 	 -0.19115
3.585 	 3.69306 	 -0.19115
3.6 	 3.69229 	 -0.19115
3.615 	 3.69144 	 -0.19115
3.63 	 3.69062 	 -0.19115
3.645 	 3.6898 	 -0.19115
3.66 	 3.68898 	 -0.19115
3.675 	 3.68816 	 -0.19115
3.69 	 3.68733 	 -0.19115
3.705 	 3.6865 	 -0.19115
3.72 	 3.68566 	 -0.191149
3.735 	 3.68482 	 -0.191149
3.75 	 3.68398 	 -0.191149
3.765 	 3.68313 	 -0.191149
3.78 	 3.68229 	 -0.191149
3.795 	 3.68143 	 -0.191149
3.81 	 3.68058 	 -0.191149
3.825 	 3.67972 	 -0.191149
3.84 	 3.67886 	 -0.191149
3.855 	 3.67799 	 -0.191149
3.87 	 3.67712 	 -0.191149
3.885 	 3.67625 	 -0.191149
3.9 	 3.67538 	 -0.191148
3.915 	 3.6745 	 -0.191148
3.93 	 3.67361 	 -0.191148
3.945 	 3.67273 	 -0.191148
3.96 	 3.67184 	 -0.191148
3.975 	 3.67095 	 -0.191148
3.99 	 3.67005 	 -0.191148
4.005 	 3.66916 	 -0.191148
4.02 	 3.66825 	 -0.191148
4.035 	 3.66735 	 -0.191148
4.05 	 3.66644 	 -0.191147
4.065 	 3.66553 	 -0.191147
4.08 	 3.66461 	 -0.191147
4.095 	 3.66369 	 -0.191147
4.11 	 3.66277 	 -0.191147
4.125 	 3.66185 	 -0.191147
4.14 	 3.66092 	 -0.191147
4.155 	 3.65999 	 -0.191147
4.17 	 3.65905 	 -0.191146
4.185 	 3.65811 	 -0.191146
4.2 	 3.65717 	 -0.191146
4.215 	 3.65623 	 -0.191146
4.23 	 3.65528 	 -0.191146
4.245 	 3.65433 	 -0.191146
4.26 	 3.65337 	 -0.191146
4.275 	 3.65241 	 -0.191146
4.29 	 3.65145 	 -0.191145
4.305 	 3.65049 	 -0.191145
4.32 	 3.64952 	 -0.191145
4.335 	 3.64855 	 -0.191145
4.35 	 3.64757 	 -0.191145
4.365 	 3.64659 	 -0.191145
4.38 	 3.64561 	 -0.191145
4.395 	 3.64463 	 -0.191144
4.41 	 3.64364 	 -0.191144
4.425 	 3.64265 	 -0.191144
4.44 	 3.64165 	 -0.191144
4.455 	 3.64065 	 -0.191144
4.47 	 3.63965 	 -0.191144
4.485 	 3.63865 	 -0.191143
4.5 	 3.63764 	 -0.191143
4.515 	 3.63663 	 -0.191143
4.53 	 3.63561 	 -0.191143
4.545 	 3.63459 	 -0.191143
4.56 	 3.63357 	 -0.191143
4.575 	 3.63255 	 -0.191142
4.59 	 3.63152 	 -0.191142
4.605 	 3.63049 	 -0.191142
4.62 	 3.62945 	 -0.191142
4.635 	 3.62842 	 -0.191142
4.65 	 3.62737 	 -0.191141
4.665 	 3.62633 	 -0.191141
4.68 	 3.62528 	 -0.191141
4.695 	 3.62427 	 -0.191141
4.71 	 3.62318 	 -0.191141
4.725 	 3.62212 	 -0.19114
4.74 	 3.62106 	 -0.19114
4.755 	 3.61999 	 -0.19114
4.77 	 3.61892 	 -0.19114
4.785 	 3.61785 	 -0.19114
4.8 	 3.61678 	 -0.191139
4.815 	 3.6157 	 -0.191139
4.83 	 3.61462 	 -0.191139
4.845 	 3.61353 	 -0.191139
4.86 	 3.61245 	 -0.191138
4.875 	 3.61136 	 -0.191138
4.89 	 3.61026 	 -0.191138
4.905 	 3.60916 	 -0.191138
4.92 	 3.60806 	 -0.191137
4.935 	 3.60696 	 -0.191137
4.95 	 3.60585 	 -0.191137
4.965 	 3.60474 	 -0.191137
4.98 	 3.60362 	 -0.191136
4.995 	 3.60251 	 -0.191136
5.01 	 3.60139 	 -0.191136
5.025 	 3.60026 	 -0.191135
5.04 	 3.59913 	 -0.191135
5.055 	 3.598 	 -0.191135
5.07 	 3.59687 	 -0.191135
5.085 	 3.59573 	 -0.191134
5.1 	 3.59459 	 -0.191134
5.115 	 3.59345 	 -0.191134
5.13 	 3.5923 	 -0.191133
5.145 	 3.59115 	 -0.191133
5.16 	 3.58999 	 -0.191133
5.175 	 3.58884 	 -0.191132
5.19 	 3.58767 	 -0.191132
5.205 	 3.58651 	 -0.191132
5.22 	 3.58534 	 -0.191131
5.235 	 3.58417 	 -0.191131
5.25 	 3.583 	 -0.191131
5.265 	 3.58182 	 -0.19113
5.28 	 3.58067 	 -0.19113
5.295 	 3.57946 	 -0.191129
5.31 	 3.57827 	 -0.191129
5.325 	 3.57708 	 -0.191129
5.34 	 3.57588 	 -0.191128
5.355 	 3.57469 	 -0.191128
5.37 	 3.57349 	 -0.191127
5.385 	 3.57228 	 -0.191127
5.4 	 3.57107 	 -0.191127
5.415 	 3.56986 	 -0.191126
5.43 	 3.56865 	 -0.191126
5.445 	 3.56743 	 -0.191125
5.46 	 3.56621 	 -0.191125
5.475 	 3.56499 	 -0.191124
5.49 	 3.56376 	 -0.191124
5.505 	 3.56253 	 -0.191124
5.52 	 3.5613 	 -0.191123
5.535 	 3.56006 	 -0.191123
5.55 	 3.55882 	 -0.191122
5.565 	 3.55757 	 -0.191122
5.58 	 3.55633 	 -0.191121
5.595 	 3.55508 	 -0.191121
5.61 	 3.55382 	 -0.19112
5.625 	 3.55257 	 -0.19112
5.64 	 3.55131 	 -0.191119
5.655 	 3.55008 	 -0.191119
5.67 	 3.54877 	 -0.191118
5.685 	 3.5475 	 -0.191117
5.7 	 3.54623 	 -0.191117
5.715 	 3.54495 	 -0.191116
5.73 	 3.54367 	 -0.191116
5.745 	 3.54239 	 -0.191115
5.76 	 3.5411 	 -0.191114
5.775 	 3.53981 	 -0.191114
5.79 	 3.53852 	 -0.191113
5.805 	 3.53722 	 -0.191113
5.82 	 3.53592 	 -0.191112
5.835 	 3.53462 	 -0.191111
5.85 	 3.53331 	 -0.191111
5.865 	 3.532 	 -0.19111
5.88 	 3.53069 	 -0.191109
5.895 	 3.52937 	 -0.191109
5.91 	 3.52805 	 -0.191108
5.925 	 3.52673 	 -0.191107
5.94 	 3.5254 	 -0.191107
5.955 	 3.52407 	 -0.191106
5.97 	 3.52274 	 -0.191105
5.985 	 3.5214 	 -0.191104
6 	 3.52006 	 -0.191104
6.015 	 3.51872 	 -0.191103
6.03 	 3.51737 	 -0.191102
6.045 	 3.51602 	 -0.191101
6.06 	 3.51467 	 -0.1911
6.075 	 3.51331 	 -0.1911
6.09 	 3.51195 	 -0.191099
6.105 	 3.51059 	 -0.191098
6.12 	 3.50922 	 -0.191097
6.135 	 3.50785 	 -0.191096
6.15 	 3.50648 	 -0.191095
6.165 	 3.5051 	 -0.191094
6.18 	 3.50372 	 -0.191094
6.195 	 3.50234 	 -0.191093
6.21 	 3.50095 	 -0.191092
6.225 	 3.49956 	 -0.191091
6.24 	 3.49817 	 -0.19109
6.255 	 3.49678 	 -0.191089
6.27 	 3.49538 	 -0.191088
6.285 	 3.49397 	 -0.191087
6.3 	 3.49257 	 -0.191086
6.315 	 3.49116 	 -0.191085
6.33 	 3.48974 	 -0.191084
6.345 	 3.48833 	 -0.191083
6.36 	 3.48691 	 -0.191081
6.375 	 3.48549 	 -0.19108
6.39 	 3.48406 	 -0.191079
6.405 	 3.48263 	 -0.191078
6.42 	 3.4812 	 -0.191077
6.435 	 3.47976 	 -0.191076
6.45 	 3.47832 	 -0.191075
6.465 	 3.47688 	 -0.191073
6.48 	 3.47543 	 -0.191072
6.495 	 3.47398 	 -0.191071
6.51 	 3.47253 	 -0.19107
6.525 	 3.47108 	 -0.191068
6.54 	 3.46962 	 -0.191067
6.555 	 3.46815 	 -0.191066
6.57 	 3.46669 	 -0.191064
6.585 	 3.46522 	 -0.191063
6.6 	 3.46375 	 -0.191062
6.615 	 3.46231 	 -0.191062
6.63 	 3.46079 	 -0.191059
6.645 	 3.45931 	 -0.191057
6.66 	 3.45782 	 -0.191056
6.675 	 3.45634 	 -0.191054
6.69 	 3.45484 	 -0.191053
6.705 	 3.45335 	 -0.191051
6.72 	 3.45185 	 -0.19105
6.735 	 3.45035 	 -0.191048
6.75 	 3.44884 	 -0.191047
6.765 	 3.44733 	 -0.191045
6.78 	 3.44582 	 -0.191043
6.795 	 3.44431 	 -0.191042
6.81 	 3.44279 	 -0.19104
6.825 	 3.44127 	 -0.191038
6.84 	 3.43974 	 -0.191036
6.855 	 3.43821 	 -0.191035
6.87 	 3.43668 	 -0.191033
6.885 	 3.43514 	 -0.191031
6.9 	 3.43361 	 -0.191029
6.915 	 3.43206 	 -0.191027
6.93 	 3.43052 	 -0.191025
6.945 	 3.42897 	 -0.191023
6.96 	 3.42742 	 -0.191021
6.975 	 3.42586 	 -0.191019
6.99 	 3.42431 	 -0.191017
7.005 	 3.42274 	 -0.191015
7.02 	 3.42118 	 -0.191013
7.035 	 3.41961 	 -0.191011
7.05 	 3.41804 	 -0.191009
7.065 	 3.41647 	 -0.191007
7.08 	 3.41489 	 -0.191004
7.095 	 3.41331 	 -0.191002
7.11 	 3.41172 	 -0.191
7.125 	 3.41013 	 -0.190998
7.14 	 3.40854 	 -0.190995
7.155 	 3.40695 	 -0.190993
7.17 	 3.40535 	 -0.19099
7.185 	 3.40375 	 -0.190988
7.2 	 3.40218 	 -0.190988
7.215 	 3.40054 	 -0.190983
7.23 	 3.39893 	 -0.19098
7.245 	 3.39731 	 -0.190978
7.26 	 3.39569 	 -0.190975
7.275 	 3.39407 	 -0.190972
7.29 	 3.39245 	 -0.190969
7.305 	 3.39082 	 -0.190967
7.32 	 3.38919 	 -0.190964
7.335 	 3.38756 	 -0.190961
7.35 	 3.38592 	 -0.190958
7.365 	 3.38428 	 -0.190955
7.38 	 3.38263 	 -0.190952
7.395 	 3.38099 	 -0.190949
7.41 	 3.37934 	 -0.190946
7.425 	 3.37768 	 -0.190943
7.44 	 3.37603 	 -0.19094
7.455 	 3.37437 	 -0.190936
7.47 	 3.3727 	 -0.190933
7.485 	 3.37104 	 -0.19093
7.5 	 3.36937 	 -0.190926
7.515 	 3.36769 	 -0.190923
7.53 	 3.36602 	 -0.190919
7.545 	 3.36434 	 -0.190916
7.56 	 3.36265 	 -0.190912
7.575 	 3.361 	 -0.190912
7.59 	 3.35928 	 -0.190905
7.605 	 3.35758 	 -0.190901
7.62 	 3.35589 	 -0.190897
7.635 	 3.35419 	 -0.190893
7.65 	 3.35248 	 -0.190889
7.665 	 3.35078 	 -0.190885
7.68 	 3.34907 	 -0.190881
7.695 	 3.34735 	 -0.190877
7.71 	 3.34564 	 -0.190873
7.725 	 3.34392 	 -0.190869
7.74 	 3.3422 	 -0.190865
7.755 	 3.34047 	 -0.19086
7.77 	 3.33874 	 -0.190856
7.785 	 3.33701 	 -0.190851
7.8 	 3.33527 	 -0.190847
7.815 	 3.33353 	 -0.190842
7.83 	 3.33179 	 -0.190837
7.845 	 3.33005 	 -0.190833
7.86 	 3.3283 	 -0.190828
7.875 	 3.32655 	 -0.190823
7.89 	 3.32479 	 -0.190818
7.905 	 3.32303 	 -0.190813
7.92 	 3.32127 	 -0.190808
7.935 	 3.31951 	 -0.190802
7.95 	 3.31774 	 -0.190797
7.965 	 3.31597 	 -0.190792
7.98 	 3.31419 	 -0.190786
7.995 	 3.31241 	 -0.190781
8.01 	 3.31063 	 -0.190775
8.025 	 3.30885 	 -0.190769
8.04 	 3.30706 	 -0.190764
8.055 	 3.30527 	 -0.190758
8.07 	 3.30347 	 -0.190752
8.085 	 3.30168 	 -0.190746
8.1 	 3.29988 	 -0.19074
8.115 	 3.29807 	 -0.190733
8.13 	 3.29626 	 -0.190727
8.145 	 3.29445 	 -0.19072
8.16 	 3.29264 	 -0.190714
8.175 	 3.29082 	 -0.190707
8.19 	 3.289 	 -0.190701
8.205 	 3.28718 	 -0.190694
8.22 	 3.28535 	 -0.190687
8.235 	 3.28352 	 -0.19068
8.25 	 3.28169 	 -0.190673
8.265 	 3.27985 	 -0.190665
8.28 	 3.27801 	 -0.190658
8.295 	 3.27617 	 -0.190651
8.31 	 3.27432 	 -0.190643
8.325 	 3.27247 	 -0.190635
8.34 	 3.27062 	 -0.190628
8.355 	 3.26876 	 -0.19062
8.37 	 3.26691 	 -0.190612
8.385 	 3.26504 	 -0.190604
8.4 	 3.26318 	 -0.190595
8.415 	 3.26131 	 -0.190587
8.43 	 3.25944 	 -0.190578
8.445 	 3.25756 	 -0.19057
8.46 	 3.25568 	 -0.190561
8.475 	 3.2538 	 -0.190552
8.49 	 3.25192 	 -0.190543
8.505 	 3.25003 	 -0.190534
8.52 	 3.24814 	 -0.190524
8.535 	 3.24624 	 -0.190515
8.55 	 3.24435 	 -0.190505
8.565 	 3.24244 	 -0.190496
8.58 	 3.24054 	 -0.190486
8.595 	 3.23863 	 -0.190476
8.61 	 3.23672 	 -0.190466
8.625 	 3.23481 	 -0.190455
8.64 	 3.23289 	 -0.190445
8.655 	 3.23097 	 -0.190434
8.67 	 3.22905 	 -0.190423
8.685 	 3.22712 	 -0.190412
8.7 	 3.22519 	 -0.190401
8.715 	 3.22326 	 -0.19039
8.73 	 3.22132 	 -0.190379
8.745 	 3.21938 	 -0.190367
8.76 	 3.21744 	 -0.190355
8.775 	 3.2155 	 -0.190343
8.79 	 3.21355 	 -0.190331
8.805 	 3.2116 	 -0.190319
8.82 	 3.20964 	 -0.190306
8.835 	 3.20768 	 -0.190294
8.85 	 3.20572 	 -0.190281
8.865 	 3.20376 	 -0.190268
8.88 	 3.20179 	 -0.190254
8.895 	 3.19982 	 -0.190241
8.91 	 3.19784 	 -0.190227
8.925 	 3.19587 	 -0.190213
8.94 	 3.19389 	 -0.190199
8.955 	 3.1919 	 -0.190185
8.97 	 3.18992 	 -0.190171
8.985 	 3.18793 	 -0.190156
9 	 3.18593 	 -0.190141
9.015 	 3.18397 	 -0.190141
9.03 	 3.18194 	 -0.19011
9.045 	 3.17993 	 -0.190095
9.06 	 3.17793 	 -0.190079
9.075 	 3.17592 	 -0.190063
9.09 	 3.17391 	 -0.190047
9.105 	 3.17189 	 -0.19003
9.12 	 3.16988 	 -0.190013
9.135 	 3.16785 	 -0.189996
9.15 	 3.16583 	 -0.189979
9.165 	 3.1638 	 -0.189962
9.18 	 3.16177 	 -0.189944
9.195 	 3.15974 	 -0.189926
9.21 	 3.1577 	 -0.189908
9.225 	 3.15566 	 -0.189889
9.24 	 3.15362 	 -0.18987
9.255 	 3.15157 	 -0.189851
9.27 	 3.14953 	 -0.189832
9.285 	 3.14747 	 -0.189812
9.3 	 3.14542 	 -0.189792
9.315 	 3.14336 	 -0.189772
9.33 	 3.1413 	 -0.189751
9.345 	 3.13923 	 -0.18973
9.36 	 3.13717 	 -0.189709
9.375 	 3.1351 	 -0.189688
9.39 	 3.13305 	 -0.189688
9.405 	 3.13095 	 -0.189644
9.42 	 3.12887 	 -0.189622
9.435 	 3.12678 	 -0.189599
9.45 	 3.1247 	 -0.189576
9.465 	 3.12261 	 -0.189552
9.48 	 3.12052 	 -0.189529
9.495 	 3.11842 	 -0.189505
9.51 	 3.11633 	 -0.18948
9.525 	 3.11422 	 -0.189455
9.54 	 3.11212 	 -0.18943
9.555 	 3.11001 	 -0.189405
9.57 	 3.1079 	 -0.189379
9.585 	 3.10579 	 -0.189352
9.6 	 3.10368 	 -0.189326
9.615 	 3.10156 	 -0.189299
9.63 	 3.09943 	 -0.189271
9.645 	 3.09731 	 -0.189244
9.66 	 3.09518 	 -0.189215
9.675 	 3.09305 	 -0.189187
9.69 	 3.09092 	 -0.189158
9.705 	 3.08878 	 -0.189128
9.72 	 3.08664 	 -0.189098
9.735 	 3.0845 	 -0.189068
9.75 	 3.08235 	 -0.189037
9.765 	 3.08021 	 -0.189006
9.78 	 3.07805 	 -0.188975
9.795 	 3.0759 	 -0.188942
9.81 	 3.07374 	 -0.18891
9.825 	 3.07158 	 -0.188877
9.84 	 3.06942 	 -0.188843
9.855 	 3.06725 	 -0.18881
9.87 	 3.06508 	 -0.188775
9.885 	 3.06291 	 -0.18874
9.9 	 3.06074 	 -0.188705
9.915 	 3.05856 	 -0.188669
9.93 	 3.05638 	 -0.188632
9.945 	 3.0542 	 -0.188595
9.96 	 3.05201 	 -0.188558
9.975 	 3.04982 	 -0.18852
9.99 	 3.04763 	 -0.188481
10.005 	 3.04544 	 -0.188442
10.02 	 3.04324 	 -0.188403
10.035 	 3.04104 	 -0.188362
10.05 	 3.03884 	 -0.188322
10.065 	 3.03663 	 -0.18828
10.08 	 3.03442 	 -0.188238
10.095 	 3.03221 	 -0.188196
10.11 	 3.03 	 -0.188153
10.125 	 3.02778 	 -0.188109
10.14 	 3.02556 	 -0.188065
10.155 	 3.02334 	 -0.18802
10.17 	 3.02111 	 -0.187974
10.185 	 3.01888 	 -0.187928
10.2 	 3.01665 	 -0.187881
10.215 	 3.01442 	 -0.187834
10.23 	 3.01218 	 -0.187785
10.245 	 3.00994 	 -0.187737
10.26 	 3.0077 	 -0.187687
10.275 	 3.00546 	 -0.187637
10.29 	 3.00321 	 -0.187586
10.305 	 3.00096 	 -0.187534
10.32 	 2.99871 	 -0.187482
10.335 	 2.99645 	 -0.187429
10.35 	 2.9942 	 -0.187375
10.365 	 2.99194 	 -0.187321
10.38 	 2.98967 	 -0.187265
10.395 	 2.98741 	 -0.187209
10.41 	 2.98514 	 -0.187153
10.425 	 2.98287 	 -0.187095
10.44 	 2.9806 	 -0.187037
10.455 	 2.97832 	 -0.186977
10.47 	 2.97604 	 -0.186917
10.485 	 2.97376 	 -0.186857
10.5 	 2.97148 	 -0.186795
10.515 	 2.96919 	 -0.186733
10.53 	 2.9669 	 -0.186669
10.545 	 2.96461 	 -0.186605
10.56 	 2.96234 	 -0.186605
10.575 	 2.96002 	 -0.186474
10.59 	 2.95772 	 -0.186408
10.605 	 2.95542 	 -0.18634
10.62 	 2.95312 	 -0.186271
10.635 	 2.95081 	 -0.186202
10.65 	 2.9485 	 -0.186131
10.665 	 2.94619 	 -0.18606
10.68 	 2.94388 	 -0.185988
10.695 	 2.94156 	 -0.185915
10.71 	 2.93924 	 -0.18584
10.725 	 2.93692 	 -0.185765
10.74 	 2.9346 	 -0.185689
10.755 	 2.93228 	 -0.185612
10.77 	 2.92995 	 -0.185533
10.785 	 2.92762 	 -0.185454
10.8 	 2.92529 	 -0.185374
10.815 	 2.92295 	 -0.185293
10.83 	 2.92062 	 -0.18521
10.845 	 2.91828 	 -0.185127
10.86 	 2.91593 	 -0.185042
10.875 	 2.91359 	 -0.184957
10.89 	 2.91125 	 -0.18487
10.905 	 2.9089 	 -0.184782
10.92 	 2.90655 	 -0.184693
10.935 	 2.90421 	 -0.184693
10.95 	 2.90184 	 -0.184511
10.965 	 2.89948 	 -0.184419
10.98 	 2.89712 	 -0.184325
10.995 	 2.89476 	 -0.18423
11.01 	 2.8924 	 -0.184134
11.025 	 2.89004 	 -0.184037
11.04 	 2.88767 	 -0.183939
11.055 	 2.8853 	 -0.183839
11.07 	 2.88293 	 -0.183738
11.085 	 2.88055 	 -0.183636
11.1 	 2.87818 	 -0.183532
11.115 	 2.8758 	 -0.183427
11.13 	 2.87342 	 -0.183321
11.145 	 2.87104 	 -0.183214
11.16 	 2.86866 	 -0.183105
11.175 	 2.86627 	 -0.182995
11.19 	 2.86388 	 -0.182884
11.205 	 2.86149 	 -0.182771
11.22 	 2.8591 	 -0.182657
11.235 	 2.85671 	 -0.182541
11.25 	 2.85432 	 -0.182424
11.265 	 2.85192 	 -0.182306
11.28 	 2.84952 	 -0.182186
11.295 	 2.84712 	 -0.182065
11.31 	 2.84473 	 -0.182065
11.325 	 2.84232 	 -0.181818
11.34 	 2.83991 	 -0.181692
11.355 	 2.8375 	 -0.181565
11.37 	 2.83509 	 -0.181436
11.385 	 2.83268 	 -0.181306
11.4 	 2.83027 	 -0.181174
11.415 	 2.82786 	 -0.181041
11.43 	 2.82544 	 -0.180906
11.445 	 2.82302 	 -0.18077
11.46 	 2.82061 	 -0.180632
11.475 	 2.81819 	 -0.180493
11.49 	 2.81576 	 -0.180352
11.505 	 2.81334 	 -0.180209
11.52 	 2.81092 	 -0.180065
11.535 	 2.80849 	 -0.179919
11.55 	 2.80606 	 -0.179771
11.565 	 2.80363 	 -0.179622
11.58 	 2.8012 	 -0.179471
11.595 	 2.79877 	 -0.179318
11.61 	 2.79634 	 -0.179164
11.625 	 2.7939 	 -0.179008
11.64 	 2.79146 	 -0.17885
11.655 	 2.78903 	 -0.17869
11.67 	 2.78659 	 -0.178529
11.685 	 2.78415 	 -0.178366
11.7 	 2.78171 	 -0.178202
11.715 	 2.77926 	 -0.178035
11.73 	 2.77682 	 -0.177867
11.745 	 2.77437 	 -0.177697
11.76 	 2.77193 	 -0.177525
11.775 	 2.76948 	 -0.177351
11.79 	 2.76703 	 -0.177176
11.805 	 2.76458 	 -0.176998
11.82 	 2.76213 	 -0.176819
11.835 	 2.75968 	 -0.176638
11.85 	 2.75723 	 -0.176455
11.865 	 2.75477 	 -0.17627
11.88 	 2.75232 	 -0.176084
11.895 	 2.74986 	 -0.175895
11.91 	 2.74741 	 -0.175705
11.925 	 2.74495 	 -0.175512
11.94 	 2.74249 	 -0.175318
11.955 	 2.74003 	 -0.175122
11.97 	 2.73757 	 -0.174924
11.985 	 2.73511 	 -0.174723
12 	 2.73265 	 -0.174521
12.015 	 2.73019 	 -0.174318
12.03 	 2.72773 	 -0.174112
12.045 	 2.72526 	 -0.173904
12.06 	 2.7228 	 -0.173694
12.075 	 2.72033 	 -0.173482
12.09 	 2.71787 	 -0.173268
12.105 	 2.7154 	 -0.173052
12.12 	 2.71293 	 -0.172835
12.135 	 2.71046 	 -0.172615
12.15 	 2.708 	 -0.172393
12.165 	 2.70553 	 -0.172169
12.18 	 2.70306 	 -0.171943
12.195 	 2.70059 	 -0.171715
12.21 	 2.69812 	 -0.171485
12.225 	 2.69565 	 -0.171254
12.24 	 2.69318 	 -0.17102
12.255 	 2.69071 	 -0.170784
12.27 	 2.68823 	 -0.170546
12.285 	 2.68576 	 -0.170306
12.3 	 2.68329 	 -0.170064
12.315 	 2.68082 	 -0.169819
12.33 	 2.67834 	 -0.169573
12.345 	 2.67587 	 -0.169325
12.36 	 2.6734 	 -0.169075
12.375 	 2.67093 	 -0.168823
12.39 	 2.66845 	 -0.168568
12.405 	 2.66598 	 -0.168312
12.42 	 2.66351 	 -0.168054
12.435 	 2.66103 	 -0.167793
12.45 	 2.65856 	 -0.167531
12.465 	 2.65608 	 -0.167266
12.48 	 2.65361 	 -0.167
12.495 	 2.65114 	 -0.166731
12.51 	 2.64866 	 -0.166461
12.525 	 2.64619 	 -0.166188
12.54 	 2.64372 	 -0.165913
12.555 	 2.64124 	 -0.165637
12.57 	 2.63877 	 -0.165358
12.585 	 2.6363 	 -0.165077
12.6 	 2.63383 	 -0.164795
12.615 	 2.63135 	 -0.16451
12.63 	 2.62888 	 -0.164224
12.645 	 2.62641 	 -0.163935
12.66 	 2.62394 	 -0.163644
12.675 	 2.62147 	 -0.163352
12.69 	 2.619 	 -0.163057
12.705 	 2.61653 	 -0.162761
12.72 	 2.61406 	 -0.162462
12.735 	 2.61159 	 -0.162162
12.75 	 2.60912 	 -0.16186
12.765 	 2.60665 	 -0.161556
12.78 	 2.60418 	 -0.161249
12.795 	 2.60172 	 -0.160941
12.81 	 2.59925 	 -0.160632
12.825 	 2.59678 	 -0.16032
12.84 	 2.59432 	 -0.160006
12.855 	 2.59184 	 -0.160006
12.87 	 2.58939 	 -0.159373
12.885 	 2.58693 	 -0.159054
12.9 	 2.58447 	 -0.158733
12.915 	 2.582 	 -0.15841
12.93 	 2.57954 	 -0.158086
12.945 	 2.57708 	 -0.15776
12.96 	 2.57463 	 -0.157431
12.975 	 2.57217 	 -0.157102
12.99 	 2.56971 	 -0.15677
13.005 	 2.56725 	 -0.156437
13.02 	 2.5648 	 -0.156102
13.035 	 2.56234 	 -0.155765
13.05 	 2.55989 	 -0.155426
13.065 	 2.55744 	 -0.155086
13.08 	 2.55499 	 -0.154745
13.095 	 2.55254 	 -0.154401
13.11 	 2.55009 	 -0.154056
13.125 	 2.54764 	 -0.15371
13.14 	 2.54519 	 -0.153362
13.155 	 2.54275 	 -0.153012
13.17 	 2.5403 	 -0.152661
13.185 	 2.53786 	 -0.152308
13.2 	 2.53542 	 -0.151954
13.215 	 2.53298 	 -0.151598
13.23 	 2.53052 	 -0.151598
13.245 	 2.5281 	 -0.150882
13.26 	 2.52566 	 -0.150522
13.275 	 2.52323 	 -0.150161
13.29 	 2.52079 	 -0.149798
13.305 	 2.51836 	 -0.149434
13.32 	 2.51593 	 -0.149068
13.335 	 2.5135 	 -0.148701
13.35 	 2.51107 	 -0.148333
13.365 	 2.50865 	 -0.147964
13.38 	 2.50622 	 -0.147593
13.395 	 2.5038 	 -0.147221
13.41 	 2.50138 	 -0.146848
13.425 	 2.49895 	 -0.146473
13.44 	 2.49654 	 -0.146098
13.455 	 2.49412 	 -0.145721
13.47 	 2.4917 	 -0.145343
13.485 	 2.48929 	 -0.144964
13.5 	 2.48688 	 -0.144584
13.515 	 2.48447 	 -0.144203
13.53 	 2.48206 	 -0.143821
13.545 	 2.47965 	 -0.143437
13.56 	 2.47725 	 -0.143053
13.575 	 2.47484 	 -0.142668
13.59 	 2.47244 	 -0.142282
13.605 	 2.47004 	 -0.141895
13.62 	 2.46765 	 -0.141507
13.635 	 2.46525 	 -0.141118
13.65 	 2.46286 	 -0.140728
13.665 	 2.46046 	 -0.140337
13.68 	 2.45807 	 -0.139946
13.695 	 2.45569 	 -0.139554
13.71 	 2.4533 	 -0.139161
13.725 	 2.45092 	 -0.138767
13.74 	 2.44853 	 -0.138372
13.755 	 2.44615 	 -0.137977
13.77 	 2.44378 	 -0.137581
13.785 	 2.4414 	 -0.137185
13.8 	 2.43903 	 -0.136787
13.815 	 2.43666 	 -0.13639
13.83 	 2.43429 	 -0.135991
13.845 	 2.43192 	 -0.135592
13.86 	 2.42956 	 -0.135193
13.875 	 2.42719 	 -0.134793
13.89 	 2.42483 	 -0.134392
13.905 	 2.42247 	 -0.133991
13.92 	 2.42012 	 -0.133589
13.935 	 2.41776 	 -0.133188
13.95 	 2.41541 	 -0.132785
13.965 	 2.41306 	 -0.132382
13.98 	 2.41072 	 -0.131979
13.995 	 2.40837 	 -0.131576
14.01 	 2.40603 	 -0.131172
14.025 	 2.40369 	 -0.130768
14.04 	 2.40135 	 -0.130363
14.055 	 2.39902 	 -0.129959
14.07 	 2.39669 	 -0.129554
14.085 	 2.39436 	 -0.129149
14.1 	 2.39203 	 -0.128743
14.115 	 2.3897 	 -0.128338
14.13 	 2.38738 	 -0.127932
14.145 	 2.38506 	 -0.127526
14.16 	 2.38274 	 -0.12712
14.175 	 2.38043 	 -0.126714
14.19 	 2.37811 	 -0.126308
14.205 	 2.3758 	 -0.125902
14.22 	 2.3735 	 -0.125496
14.235 	 2.37119 	 -0.125089
14.25 	 2.36889 	 -0.124683
14.265 	 2.36659 	 -0.124277
14.28 	 2.36429 	 -0.123871
14.295 	 2.362 	 -0.123465
14.31 	 2.35971 	 -0.123059
14.325 	 2.35742 	 -0.122653
14.34 	 2.35513 	 -0.122247
14.355 	 2.35285 	 -0.121841
14.37 	 2.35057 	 -0.121436
14.385 	 2.34829 	 -0.12103
14.4 	 2.346 	 -0.12103
14.415 	 2.34374 	 -0.12022
14.43 	 2.34147 	 -0.119815
14.445 	 2.3392 	 -0.11941
14.46 	 2.33694 	 -0.119006
14.475 	 2.33467 	 -0.118602
14.49 	 2.33242 	 -0.118198
14.505 	 2.33016 	 -0.117795
14.52 	 2.32791 	 -0.117392
14.535 	 2.32566 	 -0.116989
14.55 	 2.32341 	 -0.116586
14.565 	 2.32116 	 -0.116184
14.58 	 2.31892 	 -0.115782
14.595 	 2.31668 	 -0.115381
14.61 	 2.31444 	 -0.11498
14.625 	 2.31221 	 -0.11458
14.64 	 2.30998 	 -0.11418
14.655 	 2.30775 	 -0.11378
14.67 	 2.30553 	 -0.113381
14.685 	 2.30331 	 -0.112982
14.7 	 2.30109 	 -0.112584
14.715 	 2.29887 	 -0.112186
14.73 	 2.29666 	 -0.111789
14.745 	 2.29445 	 -0.111392
14.76 	 2.29224 	 -0.110996
14.775 	 2.29002 	 -0.110996
14.79 	 2.28783 	 -0.110206
14.805 	 2.28564 	 -0.109811
14.82 	 2.28344 	 -0.109417
14.835 	 2.28125 	 -0.109024
14.85 	 2.27906 	 -0.108632
14.865 	 2.27687 	 -0.10824
14.88 	 2.27469 	 -0.107848
14.895 	 2.27251 	 -0.107458
14.91 	 2.27033 	 -0.107068
14.925 	 2.26816 	 -0.106678
14.94 	 2.26599 	 -0.106289
14.955 	 2.26382 	 -0.105901
14.97 	 2.26165 	 -0.105514
14.985 	 2.25949 	 -0.105128
15 	 2.25733 	 -0.104742
15.015 	 2.25518 	 -0.104357
15.03 	 2.25302 	 -0.103972
15.045 	 2.25087 	 -0.103588
15.06 	 2.24873 	 -0.103206
15.075 	 2.24658 	 -0.102823
15.09 	 2.24444 	 -0.102442
15.105 	 2.2423 	 -0.102061
15.12 	 2.24017 	 -0.101682
15.135 	 2.23804 	 -0.101303
15.15 	 2.2359 	 -0.101303
15.165 	 2.23379 	 -0.100547
15.18 	 2.23166 	 -0.10017
15.195 	 2.22954 	 -0.0997945
15.21 	 2.22743 	 -0.0994195
15.225 	 2.22532 	 -0.0990454
15.24 	 2.22321 	 -0.0986722
15.255 	 2.2211 	 -0.0982998
15.27 	 2.219 	 -0.0979282
15.285 	 2.2169 	 -0.0975575
15.3 	 2.2148 	 -0.0971877
15.315 	 2.21271 	 -0.0968187
15.33 	 2.21062 	 -0.0964507
15.345 	 2.20853 	 -0.0960835
15.36 	 2.20644 	 -0.0957172
15.375 	 2.20436 	 -0.0953518
15.39 	 2.20228 	 -0.0949873
15.405 	 2.20021 	 -0.0946237
15.42 	 2.19814 	 -0.0942611
15.435 	 2.19607 	 -0.0938993
15.45 	 2.194 	 -0.0935385
15.465 	 2.19194 	 -0.0931786
15.48 	 2.18988 	 -0.0928196
15.495 	 2.18783 	 -0.0924616
15.51 	 2.18577 	 -0.0921045
15.525 	 2.18372 	 -0.0917483
15.54 	 2.18168 	 -0.0913931
15.555 	 2.17963 	 -0.0910388
15.57 	 2.17759 	 -0.0906855
15.585 	 2.17556 	 -0.0903332
15.6 	 2.17352 	 -0.0899818
15.615 	 2.17149 	 -0.0896314
15.63 	 2.16946 	 -0.0892819
15.645 	 2.16744 	 -0.0889334
15.66 	 2.16542 	 -0.0885859
15.675 	 2.1634 	 -0.0882393
15.69 	 2.16138 	 -0.0878937
15.705 	 2.15937 	 -0.0875492
15.72 	 2.15736 	 -0.0872055
15.735 	 2.15536 	 -0.0868629
15.75 	 2.15336 	 -0.0865213
15.765 	 2.15136 	 -0.0861806
15.78 	 2.14936 	 -0.085841
15.795 	 2.14737 	 -0.0855023
15.81 	 2.14538 	 -0.0851646
15.825 	 2.14339 	 -0.0848279
15.84 	 2.14141 	 -0.0844923
15.855 	 2.13943 	 -0.0841576
15.87 	 2.13745 	 -0.0838239
15.885 	 2.13548 	 -0.0834912
15.9 	 2.13351 	 -0.0831595
15.915 	 2.13154 	 -0.0828289
15.93 	 2.12957 	 -0.0824992
15.945 	 2.12761 	 -0.0821705
15.96 	 2.12566 	 -0.0818429
15.975 	 2.1237 	 -0.0815162
15.99 	 2.12175 	 -0.0811906
16.005 	 2.1198 	 -0.0808659
16.02 	 2.11785 	 -0.0805423
16.035 	 2.11591 	 -0.0802197
16.05 	 2.11397 	 -0.0798981
16.065 	 2.11204 	 -0.0795775
16.08 	 2.1101 	 -0.0792579
16.095 	 2.10817 	 -0.0789394
16.11 	 2.10624 	 -0.0786218
16.125 	 2.10432 	 -0.0783053
16.14 	 2.1024 	 -0.0779897
16.155 	 2.10048 	 -0.0776752
16.17 	 2.09857 	 -0.0773617
16.185 	 2.09666 	 -0.0770492
16.2 	 2.09475 	 -0.0767377
16.215 	 2.09284 	 -0.0764272
16.23 	 2.09094 	 -0.0761177
16.245 	 2.08904 	 -0.0758093
16.26 	 2.08715 	 -0.0755018
16.275 	 2.08525 	 -0.0751954
16.29 	 2.08336 	 -0.07489
16.305 	 2.08148 	 -0.0745856
16.32 	 2.07959 	 -0.0742821
16.335 	 2.07771 	 -0.0739797
16.35 	 2.07584 	 -0.0736783
16.365 	 2.07396 	 -0.0733779
16.38 	 2.07209 	 -0.0730785
16.395 	 2.07022 	 -0.0727801
16.41 	 2.06836 	 -0.0724828
16.425 	 2.06649 	 -0.0721864
16.44 	 2.06463 	 -0.071891
16.455 	 2.06278 	 -0.0715966
16.47 	 2.06093 	 -0.0713032
16.485 	 2.05908 	 -0.0710108
16.5 	 2.05723 	 -0.0707194
16.515 	 2.05538 	 -0.070429
16.53 	 2.05354 	 -0.0701396
16.545 	 2.05171 	 -0.0698512
16.56 	 2.04987 	 -0.0695638
16.575 	 2.04804 	 -0.0692774
16.59 	 2.04621 	 -0.0689919
16.605 	 2.04438 	 -0.0687074
16.62 	 2.04256 	 -0.068424
16.635 	 2.04074 	 -0.0681415
16.65 	 2.03892 	 -0.06786
16.665 	 2.03711 	 -0.0675794
16.68 	 2.0353 	 -0.0672999
16.695 	 2.03349 	 -0.0670213
16.71 	 2.03169 	 -0.0667437
16.725 	 2.02988 	 -0.0664671
16.74 	 2.02809 	 -0.0661914
16.755 	 2.02629 	 -0.0659168
16.77 	 2.0245 	 -0.0656431
16.785 	 2.02271 	 -0.0653703
16.8 	 2.02092 	 -0.0650985
16.815 	 2.01913 	 -0.0648277
16.83 	 2.01735 	 -0.0645579
16.845 	 2.01558 	 -0.064289
16.86 	 2.0138 	 -0.064021
16.875 	 2.01203 	 -0.0637541
16.89 	 2.01026 	 -0.063488
16.905 	 2.00849 	 -0.0632229
16.92 	 2.00673 	 -0.0629588
16.935 	 2.00497 	 -0.0626956
16.95 	 2.00321 	 -0.0624334
16.965 	 2.00145 	 -0.0621721
16.98 	 1.9997 	 -0.0619118
16.995 	 1.99795 	 -0.0616524
17.01 	 1.9962 	 -0.0613939
17.025 	 1.99446 	 -0.0611364
17.04 	 1.99272 	 -0.0608798
17.055 	 1.99098 	 -0.0606241
17.07 	 1.98925 	 -0.0603694
17.085 	 1.98752 	 -0.0601156
17.1 	 1.98579 	 -0.0598627
17.115 	 1.98406 	 -0.0596107
17.13 	 1.98234 	 -0.0593597
17.145 	 1.98062 	 -0.0591096
17.16 	 1.9789 	 -0.0588604
17.175 	 1.97718 	 -0.0586121
17.19 	 1.97547 	 -0.0583647
17.205 	 1.97376 	 -0.0581182
17.22 	 1.97205 	 -0.0578727
17.235 	 1.97035 	 -0.057628
17.25 	 1.96865 	 -0.0573843
17.265 	 1.96695 	 -0.0571414
17.28 	 1.96526 	 -0.0568995
17.295 	 1.96356 	 -0.0566584
17.31 	 1.96187 	 -0.0564182
17.325 	 1.96019 	 -0.056179
17.34 	 1.9585 	 -0.0559406
17.355 	 1.95682 	 -0.0557031
17.37 	 1.95514 	 -0.0554665
17.385 	 1.95346 	 -0.0552307
17.4 	 1.95179 	 -0.0549959
17.415 	 1.95012 	 -0.0547619
17.43 	 1.94845 	 -0.0545288
17.445 	 1.94679 	 -0.0542966
17.46 	 1.94513 	 -0.0540653
17.475 	 1.94347 	 -0.0538348
17.49 	 1.94181 	 -0.0536052
17.505 	 1.94015 	 -0.0533764
17.52 	 1.9385 	 -0.0531485
17.535 	 1.93685 	 -0.0529215
17.55 	 1.93521 	 -0.0526953
17.565 	 1.93356 	 -0.05247
17.58 	 1.93192 	 -0.0522455
17.595 	 1.93029 	 -0.0520219
17.61 	 1.92865 	 -0.0517991
17.625 	 1.92702 	 -0.0515771
17.64 	 1.92539 	 -0.0513561
17.655 	 1.92376 	 -0.0513561
17.67 	 1.92214 	 -0.0509164
17.685 	 1.92051 	 -0.0506978
17.7 	 1.91889 	 -0.0504801
17.715 	 1.91728 	 -0.0502631
17.73 	 1.91566 	 -0.0500471
17.745 	 1.91405 	 -0.0498318
17.76 	 1.91244 	 -0.0496173
17.775 	 1.91084 	 -0.0494037
17.79 	 1.90923 	 -0.0491909
17.805 	 1.90763 	 -0.0489789
17.82 	 1.90603 	 -0.0487677
17.835 	 1.90444 	 -0.0485574
17.85 	 1.90284 	 -0.0483478
17.865 	 1.90125 	 -0.0481391
17.88 	 1.89966 	 -0.0479311
17.895 	 1.89808 	 -0.047724
17.91 	 1.8965 	 -0.0475176
17.925 	 1.89492 	 -0.0473121
17.94 	 1.89334 	 -0.0471073
17.955 	 1.89176 	 -0.0469033
17.97 	 1.89019 	 -0.0467002
17.985 	 1.88862 	 -0.0464978
18 	 1.88705 	 -0.0462962
18.015 	 1.88549 	 -0.0460953
18.03 	 1.88392 	 -0.0460953
18.045 	 1.88236 	 -0.045696
18.06 	 1.88081 	 -0.0454975
18.075 	 1.87925 	 -0.0452998
18.09 	 1.8777 	 -0.0451028
18.105 	 1.87615 	 -0.0449067
18.12 	 1.8746 	 -0.0447112
18.135 	 1.87306 	 -0.0445166
18.15 	 1.87151 	 -0.0443227
18.165 	 1.86997 	 -0.0441295
18.18 	 1.86843 	 -0.0439372
18.195 	 1.8669 	 -0.0437455
18.21 	 1.86537 	 -0.0435546
18.225 	 1.86384 	 -0.0433645
18.24 	 1.86231 	 -0.0431751
18.255 	 1.86078 	 -0.0429865
18.27 	 1.85926 	 -0.0427986
18.285 	 1.85774 	 -0.0426114
18.3 	 1.85622 	 -0.042425
18.315 	 1.85471 	 -0.0422393
18.33 	 1.85319 	 -0.0420543
18.345 	 1.85168 	 -0.0418701
18.36 	 1.85017 	 -0.0416866
18.375 	 1.84867 	 -0.0415038
18.39 	 1.84716 	 -0.0413217
18.405 	 1.84566 	 -0.0413217
18.42 	 1.84416 	 -0.0409598
18.435 	 1.84267 	 -0.0407799
18.45 	 1.84117 	 -0.0406007
18.465 	 1.83968 	 -0.0404222
18.48 	 1.83819 	 -0.0402444
18.495 	 1.83671 	 -0.0400674
18.51 	 1.83522 	 -0.039891
18.525 	 1.83374 	 -0.0397153
18.54 	 1.83226 	 -0.0395404
18.555 	 1.83078 	 -0.0393661
18.57 	 1.82931 	 -0.0391925
18.585 	 1.82783 	 -0.0390197
18.6 	 1.82636 	 -0.0388475
18.615 	 1.8249 	 -0.038676
18.63 	 1.82343 	 -0.0385052
18.645 	 1.82197 	 -0.038335
18.66 	 1.8205 	 -0.0381656
18.675 	 1.81905 	 -0.0379968
18.69 	 1.81759 	 -0.0378287
18.705 	 1.81613 	 -0.0376613
18.72 	 1.81468 	 -0.0374946
18.735 	 1.81323 	 -0.0373285
18.75 	 1.81179 	 -0.0371631
18.765 	 1.81034 	 -0.0369983
18.78 	 1.8089 	 -0.0369983
18.795 	 1.80746 	 -0.0366708
18.81 	 1.80602 	 -0.0365081
18.825 	 1.80458 	 -0.036346
18.84 	 1.80315 	 -0.0361845
18.855 	 1.80172 	 -0.0360237
18.87 	 1.80029 	 -0.0358636
18.885 	 1.79886 	 -0.0357041
18.9 	 1.79744 	 -0.0355452
18.915 	 1.79601 	 -0.035387
18.93 	 1.79459 	 -0.0352294
18.945 	 1.79317 	 -0.0350725
18.96 	 1.79176 	 -0.0349162
18.975 	 1.79034 	 -0.0347605
18.99 	 1.78893 	 -0.0346055
19.005 	 1.78752 	 -0.0344511
19.02 	 1.78612 	 -0.0342973
19.035 	 1.78471 	 -0.0341442
19.05 	 1.78331 	 -0.0339917
19.065 	 1.78191 	 -0.0338398
19.08 	 1.78051 	 -0.0336885
19.095 	 1.77911 	 -0.0335378
19.11 	 1.77772 	 -0.0333878
19.125 	 1.77633 	 -0.0332383
19.14 	 1.77494 	 -0.0330895
19.155 	 1.77355 	 -0.0330895
19.17 	 1.77216 	 -0.0327937
19.185 	 1.77078 	 -0.0326467
19.2 	 1.7694 	 -0.0325003
19.215 	 1.76802 	 -0.0323545
19.23 	 1.76664 	 -0.0322093
19.245 	 1.76527 	 -0.0320647
19.26 	 1.76389 	 -0.0319207
19.275 	 1.76252 	 -0.0317773
19.29 	 1.76115 	 -0.0316345
19.305 	 1.75979 	 -0.0314922
19.32 	 1.75842 	 -0.0313506
19.335 	 1.75706 	 -0.0312095
19.35 	 1.7557 	 -0.031069
19.365 	 1.75434 	 -0.0309291
19.38 	 1.75299 	 -0.0307898
19.395 	 1.75163 	 -0.030651
19.41 	 1.75028 	 -0.0305128
19.425 	 1.74893 	 -0.0303752
19.44 	 1.74758 	 -0.0302382
19.455 	 1.74624 	 -0.0301017
19.47 	 1.74489 	 -0.0299658
19.485 	 1.74355 	 -0.0298305
19.5 	 1.74221 	 -0.0296957
19.515 	 1.74088 	 -0.0295615
19.53 	 1.73954 	 -0.0294278
19.545 	 1.73821 	 -0.0292947
19.56 	 1.73688 	 -0.0291622
19.575 	 1.73555 	 -0.0290302
19.59 	 1.73422 	 -0.0288987
19.605 	 1.73289 	 -0.0287679
19.62 	 1.73157 	 -0.0286375
19.635 	 1.73025 	 -0.0285077
19.65 	 1.72893 	 -0.0283784
19.665 	 1.72761 	 -0.0282497
19.68 	 1.7263 	 -0.0281215
19.695 	 1.72498 	 -0.0279939
19.71 	 1.72367 	 -0.0278667
19.725 	 1.72236 	 -0.0277402
19.74 	 1.72106 	 -0.0276141
19.755 	 1.71975 	 -0.0274886
19.77 	 1.71845 	 -0.0273636
19.785 	 1.71714 	 -0.0272391
19.8 	 1.71584 	 -0.0271152
19.815 	 1.71455 	 -0.0269917
19.83 	 1.71325 	 -0.0268688
19.845 	 1.71196 	 -0.0267464
19.86 	 1.71067 	 -0.0266245
19.875 	 1.70938 	 -0.0265032
19.89 	 1.70809 	 -0.0263823
19.905 	 1.7068 	 -0.026262
19.92 	 1.70552 	 -0.0261422
19.935 	 1.70424 	 -0.0260228
19.95 	 1.70296 	 -0.025904
19.965 	 1.70168 	 -0.0257857
19.98 	 1.7004 	 -0.0256679
