0.01 	 1 	 -0
0.02 	 1 	 -0
0.03 	 1 	 -0
0.04 	 1 	 -0
0.05 	 1 	 -0
0.06 	 1 	 -0
0.07 	 1 	 -0
0.08 	 1 	 -0
0.09 	 1 	 -0
0.1 	 1 	 -0
0.11 	 1 	 -0
0.12 	 1 	 -0
0.13 	 1 	 -0
0.14 	 1 	 -0
0.15 	 1 	 -0
0.16 	 1 	 -0
0.17 	 1 	 -0
0.18 	 1 	 -0
0.19 	 1 	 -0
0.2 	 1 	 -0
0.21 	 1 	 -0
0.22 	 1 	 -0
0.23 	 1 	 -0
0.24 	 1 	 -0
0.25 	 1 	 -0
0.26 	 1 	 -0
0.27 	 1 	 -0
0.28 	 1 	 -0
0.29 	 1 	 -0
0.3 	 1 	 -0
0.31 	 1 	 -0
0.32 	 1 	 -0
0.33 	 1 	 -0
0.34 	 1 	 -0
0.35 	 1 	 -0
0.36 	 1 	 -0
0.37 	 1 	 -0
0.38 	 1 	 -0
0.39 	 1 	 -0
0.4 	 1 	 -0
0.41 	 1 	 -0
0.42 	 1 	 -0
0.43 	 1 	 -0
0.44 	 1 	 -0
0.45 	 1 	 -0
0.46 	 1 	 -0
0.47 	 1 	 -0
0.48 	 1 	 -0
0.49 	 1 	 -0
0.5 	 1 	 -0
0.51 	 1 	 -0
0.52 	 1 	 -0
0.53 	 1 	 -0
0.54 	 1 	 -0
0.55 	 1 	 -0
0.56 	 1 	 -0
0.57 	 1 	 -0
0.58 	 1 	 -0
0.59 	 1 	 -0
0.6 	 1 	 -0
0.61 	 1 	 -0
0.62 	 1 	 -0
0.63 	 1 	 -0
0.64 	 1 	 -0
0.65 	 1 	 -0
0.66 	 1 	 -0
0.67 	 1 	 -0
0.68 	 1 	 -0
0.69 	 1 	 -0
0.7 	 1 	 -0
0.71 	 1 	 -0
0.72 	 1 	 -0
0.73 	 1 	 -0
0.74 	 1 	 -0
0.75 	 1 	 -0
0.76 	 1 	 -0
0.77 	 1 	 -0
0.78 	 1 	 -0
0.79 	 1 	 -0
0.8 	 1 	 -0
0.81 	 1 	 -0
0.82 	 1 	 -0
0.83 	 1 	 -0
0.84 	 1 	 -0
0.85 	 1 	 -0
0.86 	 1 	 -0
0.87 	 1 	 -0
0.88 	 1 	 -0
0.89 	 1 	 -0
0.9 	 1 	 -0
0.91 	 1 	 -0
0.92 	 1 	 -0
0.93 	 1 	 -0
0.94 	 1 	 -0
0.95 	 1 	 -0
0.96 	 1 	 -0
0.97 	 1 	 -0
0.98 	 1 	 -0
0.99 	 1 	 -0
1 	 1 	 -0
1.01 	 1 	 -0
1.02 	 1 	 -0
1.03 	 1 	 -0
1.04 	 1 	 -0
1.05 	 1 	 -0
1.06 	 1 	 -0
1.07 	 1 	 -0
1.08 	 1 	 -0
1.09 	 1 	 -0
1.1 	 1 	 -0
1.11 	 1 	 -0
1.12 	 1 	 -0
1.13 	 1 	 -0
1.14 	 1 	 -0
1.15 	 1 	 -0
1.16 	 1 	 -0
1.17 	 1 	 -0
1.18 	 1 	 -0
1.19 	 1 	 -0
1.2 	 1 	 -0
1.21 	 1 	 -0
1.22 	 1 	 -0
1.23 	 1 	 -0
1.24 	 1 	 -0
1.25 	 1 	 -0
1.26 	 1 	 -0
1.27 	 1 	 -0
1.28 	 1 	 -0
1.29 	 1 	 -0
1.3 	 1 	 -0
1.31 	 1 	 -0
1.32 	 1 	 -0
1.33 	 1 	 -0
1.34 	 1 	 -0
1.35 	 1 	 -0
1.36 	 1 	 -0
1.37 	 1 	 -0
1.38 	 1 	 -0
1.39 	 1 	 -0
1.4 	 1 	 -0
1.41 	 1 	 -0
1.42 	 1 	 -0
1.43 	 1 	 -0
1.44 	 1 	 -0
1.45 	 1 	 -0
1.46 	 1 	 -0
1.47 	 1 	 -0
1.48 	 1 	 -0
1.49 	 1 	 -0
1.5 	 1 	 -0
1.51 	 1 	 -0
1.52 	 1 	 -0
1.53 	 1 	 -0
1.54 	 1 	 -0
1.55 	 0.999989 	 -0
1.56 	 0.999989 	 -0
1.57 	 0.999989 	 -0
1.58 	 0.999989 	 -0
1.59 	 0.999989 	 -0
1.6 	 0.999989 	 -0
1.61 	 0.999989 	 -0
1.62 	 0.999989 	 -0
1.63 	 0.999989 	 -0
1.64 	 0.999989 	 -0
1.65 	 0.999989 	 -0
1.66 	 0.999989 	 -0
1.67 	 0.999989 	 -0
1.68 	 0.999989 	 -0
1.69 	 0.999989 	 -0
1.7 	 0.999989 	 -0
1.71 	 0.999978 	 -0
1.72 	 0.999978 	 -0
1.73 	 0.999978 	 -0
1.74 	 0.999978 	 -0
1.75 	 0.999978 	 -0
1.76 	 0.999978 	 -0
1.77 	 0.999978 	 -0
1.78 	 0.999978 	 -0
1.79 	 0.999967 	 -0
1.8 	 0.999967 	 -0
1.81 	 0.999967 	 -0
1.82 	 0.999967 	 -0
1.83 	 0.999967 	 -0
1.84 	 0.999967 	 -0
1.85 	 0.999955 	 -0
1.86 	 0.999955 	 -0
1.87 	 0.999955 	 -0
1.88 	 0.999955 	 -0
1.89 	 0.999944 	 -0
1.9 	 0.999944 	 -0
1.91 	 0.999944 	 -0
1.92 	 0.999944 	 -0
1.93 	 0.999932 	 -0
1.94 	 0.999932 	 -0
1.95 	 0.999932 	 -0
1.96 	 0.999921 	 -0
1.97 	 0.999921 	 -0
1.98 	 0.999921 	 -0
1.99 	 0.999909 	 -0
2 	 0.999909 	 -0
2.01 	 0.999909 	 -0
2.02 	 0.999898 	 -0
2.03 	 0.999898 	 -0
2.04 	 0.999886 	 -0
2.05 	 0.999886 	 -0
2.06 	 0.999875 	 -0
2.07 	 0.999875 	 -0
2.08 	 0.999864 	 -0
2.09 	 0.999864 	 -0
2.1 	 0.999852 	 -0
2.11 	 0.999852 	 -0
2.12 	 0.999841 	 -0
2.13 	 0.999829 	 -0
2.14 	 0.999829 	 -0
2.15 	 0.999818 	 -0
2.16 	 0.999806 	 -0
2.17 	 0.999806 	 -0
2.18 	 0.999795 	 -0
2.19 	 0.999783 	 -0
2.2 	 0.999772 	 -0
2.21 	 0.999761 	 -0
2.22 	 0.999761 	 -0
2.23 	 0.999749 	 -0
2.24 	 0.999738 	 -0
2.25 	 0.999726 	 -0
2.26 	 0.999715 	 -0
2.27 	 0.999703 	 -0
2.28 	 0.999692 	 -0
2.29 	 0.99968 	 -0
2.3 	 0.999669 	 -0
2.31 	 0.999646 	 -0
2.32 	 0.999635 	 -0
2.33 	 0.999623 	 -0
2.34 	 0.999612 	 -0
2.35 	 0.9996 	 -0
2.36 	 0.999578 	 -0
2.37 	 0.999566 	 -0
2.38 	 0.999555 	 -0
2.39 	 0.999532 	 -0
2.4 	 0.99952 	 -0
2.41 	 0.999497 	 -0
2.42 	 0.999486 	 -0
2.43 	 0.999463 	 -0
2.44 	 0.999452 	 -0
2.45 	 0.999429 	 -0
2.46 	 0.999406 	 -0
2.47 	 0.999383 	 -0
2.48 	 0.999372 	 -0
2.49 	 0.999349 	 -0
2.5 	 0.999326 	 -0
2.51 	 0.999303 	 -0
2.52 	 0.99928 	 -0
2.53 	 0.999257 	 -0
2.54 	 0.999234 	 -0
2.55 	 0.999211 	 -0
2.56 	 0.999188 	 -0
2.57 	 0.999166 	 -0
2.58 	 0.999131 	 -0
2.59 	 0.999108 	 -0
2.6 	 0.999085 	 -0
2.61 	 0.999051 	 -0
2.62 	 0.999028 	 -0
2.63 	 0.998994 	 -0
2.64 	 0.998971 	 -0
2.65 	 0.998937 	 -0
2.66 	 0.998902 	 -0
2.67 	 0.998879 	 -0
2.68 	 0.998845 	 -0
2.69 	 0.998811 	 -0
2.7 	 0.998776 	 -0
2.71 	 0.998742 	 -0
2.72 	 0.998708 	 -0
2.73 	 0.998673 	 -0
2.74 	 0.998639 	 -0
2.75 	 0.998593 	 -0
2.76 	 0.998559 	 -0
2.77 	 0.998525 	 -0
2.78 	 0.998479 	 -0
2.79 	 0.998445 	 -0
2.8 	 0.998399 	 -0
2.81 	 0.998365 	 -0
2.82 	 0.998319 	 -0
2.83 	 0.998273 	 -0
2.84 	 0.998227 	 -0
2.85 	 0.998181 	 -0
2.86 	 0.998136 	 -0
2.87 	 0.99809 	 -0
2.88 	 0.998044 	 -0
2.89 	 0.997998 	 -0
2.9 	 0.997953 	 -0
2.91 	 0.997907 	 -0
2.92 	 0.99785 	 -0
2.93 	 0.997804 	 -0
2.94 	 0.997747 	 -0
2.95 	 0.997689 	 -0
2.96 	 0.997644 	 -0
2.97 	 0.997586 	 -0
2.98 	 0.997529 	 -0
2.99 	 0.997472 	 -0
3 	 0.997415 	 -0
3.01 	 0.997358 	 -0
3.02 	 0.9973 	 -0
3.03 	 0.997232 	 -0
3.04 	 0.997174 	 -0
3.05 	 0.997106 	 -0
3.06 	 0.997049 	 -0
3.07 	 0.99698 	 -0
3.08 	 0.996923 	 -0
3.09 	 0.996854 	 -0
3.1 	 0.996785 	 -0
3.11 	 0.996717 	 -0
3.12 	 0.996648 	 -0
3.13 	 0.996579 	 -0
3.14 	 0.996499 	 -0
3.15 	 0.996431 	 -0
3.16 	 0.99635 	 -0
3.17 	 0.996282 	 -0
3.18 	 0.996202 	 -0
3.19 	 0.996133 	 -0
3.2 	 0.996053 	 -0
3.21 	 0.995973 	 -0
3.22 	 0.995893 	 -0
3.23 	 0.995813 	 -0
3.24 	 0.995733 	 -0
3.25 	 0.995641 	 -0
3.26 	 0.995561 	 -0
3.27 	 0.995469 	 -0
3.28 	 0.995389 	 -0
3.29 	 0.995298 	 -0
3.3 	 0.995206 	 -0
3.31 	 0.995115 	 -0
3.32 	 0.995023 	 -0
3.33 	 0.994932 	 -0
3.34 	 0.99484 	 -0
3.35 	 0.994748 	 -0
3.36 	 0.994645 	 -0
3.37 	 0.994554 	 -0
3.38 	 0.994451 	 -0
3.39 	 0.994348 	 -0
3.4 	 0.994245 	 -0
3.41 	 0.994142 	 -0
3.42 	 0.994039 	 -0
3.43 	 0.993936 	 -0
3.44 	 0.993833 	 -0
3.45 	 0.993719 	 -0
3.46 	 0.993616 	 -0
3.47 	 0.993501 	 -0
3.48 	 0.993387 	 -0
3.49 	 0.993272 	 -0
3.5 	 0.993169 	 -0
3.51 	 0.993043 	 -0
3.52 	 0.992929 	 -0
3.53 	 0.992815 	 -0
3.54 	 0.992689 	 -0
3.55 	 0.992574 	 -0
3.56 	 0.992448 	 -0
3.57 	 0.992322 	 -0
3.58 	 0.992197 	 -0
3.59 	 0.992071 	 -0
3.6 	 0.991945 	 -0
3.61 	 0.991819 	 -0
3.62 	 0.991682 	 -0
3.63 	 0.991556 	 -0
3.64 	 0.991418 	 -0
3.65 	 0.991293 	 -0
3.66 	 0.991155 	 -0
3.67 	 0.991018 	 -0
3.68 	 0.990869 	 -0
3.69 	 0.990732 	 -0
3.7 	 0.990594 	 -0
3.71 	 0.990446 	 -0
3.72 	 0.990308 	 -0
3.73 	 0.99016 	 -0
3.74 	 0.990011 	 -0
3.75 	 0.989862 	 -0
3.76 	 0.989713 	 -0
3.77 	 0.989553 	 -0
3.78 	 0.989404 	 -0
3.79 	 0.989244 	 -0
3.8 	 0.989095 	 -0
3.81 	 0.988935 	 -0
3.82 	 0.988775 	 -0
3.83 	 0.988615 	 -0
3.84 	 0.988443 	 -0
3.85 	 0.988283 	 -0
3.86 	 0.988111 	 -0
3.87 	 0.987951 	 -0
3.88 	 0.987779 	 -0
3.89 	 0.987608 	 -0
3.9 	 0.987436 	 -0
3.91 	 0.987264 	 -0
3.92 	 0.987081 	 -0
3.93 	 0.98691 	 -0
3.94 	 0.986727 	 -0
3.95 	 0.986555 	 -0
3.96 	 0.986372 	 -0
3.97 	 0.986189 	 -0
3.98 	 0.985994 	 -0
3.99 	 0.985811 	 -0
4 	 0.985628 	 -0
4.01 	 0.985434 	 -0
4.02 	 0.985239 	 -0
4.03 	 0.985044 	 -0
4.04 	 0.98485 	 -0
4.05 	 0.984655 	 -0
4.06 	 0.984461 	 -0
4.07 	 0.984255 	 -0
4.08 	 0.98406 	 -0
4.09 	 0.983854 	 -0
4.1 	 0.983648 	 -0
4.11 	 0.983442 	 -0
4.12 	 0.983236 	 -0
4.13 	 0.983019 	 -0
4.14 	 0.982813 	 -0
4.15 	 0.982596 	 -0
4.16 	 0.982378 	 -0
4.17 	 0.982161 	 -0
4.18 	 0.981943 	 -0
4.19 	 0.981726 	 -0
4.2 	 0.981497 	 -0
4.21 	 0.98128 	 -0
4.22 	 0.981051 	 -0
4.23 	 0.980822 	 -0
4.24 	 0.980593 	 -0
4.25 	 0.980364 	 -0
4.26 	 0.980124 	 -0
4.27 	 0.979895 	 -0
4.28 	 0.979655 	 -0
4.29 	 0.979414 	 -0
4.3 	 0.979174 	 -0
4.31 	 0.978934 	 -0
4.32 	 0.978693 	 -0
4.33 	 0.978442 	 -0
4.34 	 0.97819 	 -0
4.35 	 0.97795 	 -0
4.36 	 0.977698 	 -0
4.37 	 0.977446 	 -0
4.38 	 0.977183 	 -0
4.39 	 0.976931 	 -0
4.4 	 0.976668 	 -0
4.41 	 0.976405 	 -0
4.42 	 0.976142 	 -0
4.43 	 0.975878 	 -0
4.44 	 0.975615 	 -0
4.45 	 0.975352 	 -0
4.46 	 0.975077 	 -0
4.47 	 0.974803 	 -0
4.48 	 0.974528 	 -0
4.49 	 0.974253 	 -0
4.5 	 0.973979 	 -0
4.51 	 0.973693 	 -0
4.52 	 0.973418 	 -0
4.53 	 0.973132 	 -0
4.54 	 0.972846 	 -0
4.55 	 0.97256 	 -0
4.56 	 0.972262 	 -0
4.57 	 0.971976 	 -0
4.58 	 0.971679 	 -0
4.59 	 0.971381 	 -0
4.6 	 0.971084 	 -0
4.61 	 0.970786 	 -0
4.62 	 0.970489 	 -0
4.63 	 0.97018 	 -0
4.64 	 0.969882 	 -0
4.65 	 0.969573 	 -0
4.66 	 0.969264 	 -0
4.67 	 0.968955 	 -0
4.68 	 0.968635 	 -0
4.69 	 0.968326 	 -0
4.7 	 0.968005 	 -0
4.71 	 0.967685 	 -0
4.72 	 0.967365 	 -0
4.73 	 0.967044 	 -0
4.74 	 0.966712 	 -0
4.75 	 0.96638 	 -0
4.76 	 0.96606 	 -0
4.77 	 0.965728 	 -0
4.78 	 0.965385 	 -0
4.79 	 0.965053 	 -0
4.8 	 0.96471 	 -0
4.81 	 0.964378 	 -0
4.82 	 0.964035 	 -0
4.83 	 0.963691 	 -0
4.84 	 0.963336 	 -0
4.85 	 0.962993 	 -0
4.86 	 0.962638 	 -0
4.87 	 0.962284 	 -0
4.88 	 0.961929 	 -0
4.89 	 0.961574 	 -0
4.9 	 0.961219 	 -0
4.91 	 0.960853 	 -0
4.92 	 0.960487 	 -0
4.93 	 0.960121 	 -0
4.94 	 0.959755 	 -0
4.95 	 0.959389 	 -0
4.96 	 0.959011 	 -0
4.97 	 0.958645 	 -0
4.98 	 0.958267 	 -0
4.99 	 0.957889 	 -0
5 	 0.9575 	 -0
5.01 	 0.957123 	 -0
5.02 	 0.956734 	 -0
5.03 	 0.956345 	 -0
5.04 	 0.955956 	 -0
5.05 	 0.955566 	 -0
5.06 	 0.955166 	 -0
5.07 	 0.954777 	 -0
5.08 	 0.954376 	 -0
5.09 	 0.953976 	 -0
5.1 	 0.953575 	 -0
5.11 	 0.953163 	 -0
5.12 	 0.952763 	 -0
5.13 	 0.952351 	 -0
5.14 	 0.951939 	 -0
5.15 	 0.951516 	 -0
5.16 	 0.951104 	 -0
5.17 	 0.95068 	 -0
5.18 	 0.950268 	 -0
5.19 	 0.949845 	 -0
5.2 	 0.94941 	 -0
5.21 	 0.948987 	 -0
5.22 	 0.948552 	 -0
5.23 	 0.948117 	 -0
5.24 	 0.947682 	 -0
5.25 	 0.947247 	 -0
5.26 	 0.946812 	 -0
5.27 	 0.946366 	 -0
5.28 	 0.94592 	 -0
5.29 	 0.945473 	 -0
5.3 	 0.945027 	 -0
5.31 	 0.944569 	 -0
5.32 	 0.944123 	 -0
5.33 	 0.943665 	 -0
5.34 	 0.943208 	 -0
5.35 	 0.942738 	 -0
5.36 	 0.942281 	 -0
5.37 	 0.941812 	 -0
5.38 	 0.941342 	 -0
5.39 	 0.940873 	 -0
5.4 	 0.940393 	 -0
5.41 	 0.939923 	 -0
5.42 	 0.939443 	 -0
5.43 	 0.938962 	 -0
5.44 	 0.938482 	 -0
5.45 	 0.93799 	 -0
5.46 	 0.937509 	 -0
5.47 	 0.937017 	 -0
5.48 	 0.936525 	 -0
5.49 	 0.936033 	 -0
5.5 	 0.935529 	 -0
5.51 	 0.935026 	 -0
5.52 	 0.934522 	 -0
5.53 	 0.934019 	 -0
5.54 	 0.933515 	 -0
5.55 	 0.933 	 -0
5.56 	 0.932485 	 -0
5.57 	 0.93197 	 -0
5.58 	 0.931455 	 -0
5.59 	 0.93094 	 -0
5.6 	 0.930414 	 -0
5.61 	 0.929888 	 -0
5.62 	 0.929361 	 -0
5.63 	 0.928823 	 -0
5.64 	 0.928297 	 -0
5.65 	 0.927759 	 -0
5.66 	 0.927221 	 -0
5.67 	 0.926684 	 -0
5.68 	 0.926134 	 -0
5.69 	 0.925585 	 -0
5.7 	 0.925036 	 -0
5.71 	 0.924486 	 -0
5.72 	 0.923937 	 -0
5.73 	 0.923376 	 -0
5.74 	 0.922816 	 -0
5.75 	 0.922255 	 -0
5.76 	 0.921694 	 -0
5.77 	 0.921122 	 -0
5.78 	 0.920561 	 -0
5.79 	 0.919978 	 -0
5.8 	 0.919406 	 -0
5.81 	 0.918833 	 -0
5.82 	 0.91825 	 -0
5.83 	 0.917666 	 -0
5.84 	 0.917083 	 -0
5.85 	 0.916487 	 -0
5.86 	 0.915904 	 -0
5.87 	 0.915309 	 -0
5.88 	 0.914714 	 -0
5.89 	 0.914107 	 -0
5.9 	 0.913512 	 -0
5.91 	 0.912906 	 -0
5.92 	 0.912299 	 -0
5.93 	 0.911681 	 -0
5.94 	 0.911075 	 -0
5.95 	 0.910457 	 -0
5.96 	 0.909839 	 -0
5.97 	 0.90921 	 -0
5.98 	 0.908592 	 -0
5.99 	 0.907962 	 -0
6 	 0.907333 	 -0
6.01 	 0.906703 	 -0
6.02 	 0.906063 	 -0
6.03 	 0.905422 	 -0
6.04 	 0.904781 	 -0
6.05 	 0.90414 	 -0
6.06 	 0.903488 	 -0
6.07 	 0.902847 	 -0
6.08 	 0.902195 	 -0
6.09 	 0.901531 	 -0
6.1 	 0.900879 	 -0
6.11 	 0.900215 	 -0
6.12 	 0.899551 	 -0
6.13 	 0.898876 	 -0
6.14 	 0.898213 	 -0
6.15 	 0.897537 	 -0
6.16 	 0.896862 	 -0
6.17 	 0.896187 	 -0
6.18 	 0.8955 	 -0
6.19 	 0.894814 	 -0
6.2 	 0.894127 	 -0
6.21 	 0.893441 	 -0
6.22 	 0.892743 	 -0
6.23 	 0.892045 	 -0
6.24 	 0.891347 	 -0
6.25 	 0.890648 	 -0
6.26 	 0.889939 	 -0
6.27 	 0.889229 	 -0
6.28 	 0.88852 	 -0
6.29 	 0.887799 	 -0
6.3 	 0.887078 	 -0
6.31 	 0.886357 	 -0
6.32 	 0.885636 	 -0
6.33 	 0.884915 	 -0
6.34 	 0.884183 	 -0
6.35 	 0.883451 	 -0
6.36 	 0.882707 	 -0
6.37 	 0.881974 	 -0
6.38 	 0.881231 	 -0
6.39 	 0.880487 	 -0
6.4 	 0.879732 	 -0
6.41 	 0.878976 	 -0
6.42 	 0.878221 	 -0
6.43 	 0.877466 	 -0
6.44 	 0.876699 	 -0
6.45 	 0.875944 	 -0
6.46 	 0.875166 	 -0
6.47 	 0.874399 	 -0
6.48 	 0.873621 	 -0
6.49 	 0.872843 	 -0
6.5 	 0.872064 	 -0
6.51 	 0.871286 	 -0
6.52 	 0.870497 	 -0
6.53 	 0.869707 	 -0
6.54 	 0.868906 	 -0
6.55 	 0.868105 	 -0
6.56 	 0.867316 	 -0
6.57 	 0.866503 	 -0
6.58 	 0.865702 	 -0
6.59 	 0.86489 	 -0
6.6 	 0.864077 	 -0
6.61 	 0.863253 	 -0
6.62 	 0.862441 	 -0
6.63 	 0.861605 	 -0
6.64 	 0.860781 	 -0
6.65 	 0.859957 	 -0
6.66 	 0.859122 	 -0
6.67 	 0.858275 	 -0
6.68 	 0.85744 	 -0
6.69 	 0.856593 	 -0
6.7 	 0.855746 	 -0
6.71 	 0.8549 	 -0
6.72 	 0.854041 	 -0
6.73 	 0.853183 	 -0
6.74 	 0.852313 	 -0
6.75 	 0.851455 	 -0
6.76 	 0.850585 	 -0
6.77 	 0.849716 	 -0
6.78 	 0.848835 	 -0
6.79 	 0.847953 	 -0
6.8 	 0.847072 	 -0
6.81 	 0.84618 	 -0
6.82 	 0.845299 	 -0
6.83 	 0.844395 	 -0
6.84 	 0.843502 	 -0
6.85 	 0.842598 	 -0
6.86 	 0.841694 	 -0
6.87 	 0.84079 	 -0
6.88 	 0.839874 	 -0
6.89 	 0.838959 	 -0
6.9 	 0.838043 	 -0
6.91 	 0.837117 	 -0
6.92 	 0.83619 	 -0
6.93 	 0.835263 	 -0
6.94 	 0.834324 	 -0
6.95 	 0.833386 	 -0
6.96 	 0.832436 	 -0
6.97 	 0.831498 	 -0
6.98 	 0.830548 	 -0
6.99 	 0.829587 	 -0
7 	 0.828637 	 -0
7.01 	 0.827676 	 -0
7.02 	 0.826703 	 -0
7.03 	 0.825742 	 -0
7.04 	 0.824769 	 -0
7.05 	 0.823785 	 -0
7.06 	 0.822812 	 -0
7.07 	 0.821828 	 -0
7.08 	 0.820833 	 -0
7.09 	 0.819837 	 -0
7.1 	 0.818842 	 -0
7.11 	 0.817846 	 -0
7.12 	 0.816839 	 -0
7.13 	 0.815832 	 -0
7.14 	 0.814814 	 -0
7.15 	 0.813807 	 -0
7.16 	 0.812777 	 -0
7.17 	 0.811758 	 -0
7.18 	 0.810728 	 -0
7.19 	 0.809698 	 -0
7.2 	 0.808657 	 -0
7.21 	 0.807616 	 -0
7.22 	 0.806574 	 -0
7.23 	 0.805522 	 -0
7.24 	 0.804469 	 -0
7.25 	 0.803405 	 -0
7.26 	 0.80234 	 -0
7.27 	 0.801276 	 -0
7.28 	 0.8002 	 -0
7.29 	 0.799125 	 -0
7.3 	 0.798049 	 -0
7.31 	 0.796962 	 -0
7.32 	 0.795875 	 -0
7.33 	 0.794788 	 -0
7.34 	 0.793689 	 -0
7.35 	 0.792591 	 -0
7.36 	 0.791481 	 -0
7.37 	 0.790371 	 -0
7.38 	 0.789249 	 -0
7.39 	 0.788139 	 -0
7.4 	 0.787006 	 -0
7.41 	 0.785885 	 -0
7.42 	 0.784752 	 -0
7.43 	 0.783608 	 -0
7.44 	 0.782463 	 -0
7.45 	 0.781319 	 -0
7.46 	 0.780175 	 -0
7.47 	 0.779019 	 -0
7.48 	 0.777852 	 -0
7.49 	 0.776684 	 -0
7.5 	 0.775517 	 -0
7.51 	 0.774338 	 -0
7.52 	 0.77316 	 -0
7.53 	 0.771981 	 -0
7.54 	 0.770791 	 -0
7.55 	 0.769589 	 -0
7.56 	 0.768388 	 -0
7.57 	 0.767186 	 -0
7.58 	 0.765985 	 -0
7.59 	 0.764772 	 -0
7.6 	 0.763547 	 -0
7.61 	 0.762323 	 -0
7.62 	 0.761099 	 -0
7.63 	 0.759863 	 -0
7.64 	 0.758627 	 -0
7.65 	 0.757379 	 -0
7.66 	 0.756132 	 -0
7.67 	 0.754873 	 -0
7.68 	 0.753615 	 -0
7.69 	 0.752356 	 -0
7.7 	 0.751086 	 -0
7.71 	 0.749804 	 -0
7.72 	 0.748522 	 -0
7.73 	 0.747241 	 -0
7.74 	 0.745948 	 -0
7.75 	 0.744654 	 -0
7.76 	 0.74335 	 -0
7.77 	 0.742045 	 -0
7.78 	 0.740729 	 -0
7.79 	 0.739413 	 -0
7.8 	 0.738086 	 -0
7.81 	 0.736759 	 -0
7.82 	 0.73542 	 -0
7.83 	 0.734081 	 -0
7.84 	 0.732742 	 -0
7.85 	 0.731392 	 -0
7.86 	 0.73003 	 -0
7.87 	 0.728668 	 -0
7.88 	 0.727295 	 -0
7.89 	 0.725922 	 -0
7.9 	 0.724549 	 -0
7.91 	 0.723152 	 -0
7.92 	 0.721768 	 -0
7.93 	 0.720372 	 -0
7.94 	 0.718964 	 -0
7.95 	 0.717557 	 -0
7.96 	 0.716138 	 -0
7.97 	 0.714719 	 -0
7.98 	 0.713288 	 -0
7.99 	 0.711858 	 -0
8 	 0.710416 	 -0
8.01 	 0.708963 	 -0
8.02 	 0.707509 	 -0
8.03 	 0.706056 	 -0
8.04 	 0.704591 	 -0
8.05 	 0.703115 	 -0
8.06 	 0.701639 	 -0
8.07 	 0.700151 	 -0
8.08 	 0.698664 	 -0
8.09 	 0.697165 	 -0
8.1 	 0.695654 	 -0
8.11 	 0.694144 	 -0
8.12 	 0.692633 	 -0
8.13 	 0.6911 	 -0
8.14 	 0.689578 	 -0
8.15 	 0.688033 	 -0
8.16 	 0.686488 	 -0
8.17 	 0.684943 	 -0
8.18 	 0.683375 	 -0
8.19 	 0.681819 	 -0
8.2 	 0.68024 	 -0
8.21 	 0.678661 	 -0
8.22 	 0.67707 	 -0
8.23 	 0.67548 	 -0
8.24 	 0.673877 	 -0
8.25 	 0.672264 	 -0
8.26 	 0.67065 	 -0
8.27 	 0.669026 	 -0
8.28 	 0.667401 	 -0
8.29 	 0.665764 	 -0
8.3 	 0.664116 	 -0
8.31 	 0.662457 	 -0
8.32 	 0.660798 	 -0
8.33 	 0.659127 	 -0
8.34 	 0.657456 	 -0
8.35 	 0.655763 	 -0
8.36 	 0.654069 	 -0
8.37 	 0.652375 	 -0
8.38 	 0.650659 	 -0
8.39 	 0.648942 	 -0
8.4 	 0.647226 	 -0
8.41 	 0.645487 	 -0
8.42 	 0.643747 	 -0
8.43 	 0.641996 	 -0
8.44 	 0.640234 	 -0
8.45 	 0.638472 	 -0
8.46 	 0.636698 	 -0
8.47 	 0.634913 	 -0
8.48 	 0.633116 	 -0
8.49 	 0.631308 	 -0
8.5 	 0.6295 	 -0
8.51 	 0.627681 	 -0
8.52 	 0.62585 	 -0
8.53 	 0.624019 	 -0
8.54 	 0.622165 	 -0
8.55 	 0.620311 	 -0
8.56 	 0.618446 	 -0
8.57 	 0.616569 	 -0
8.58 	 0.614681 	 -0
8.59 	 0.612793 	 -0
8.6 	 0.610882 	 -0
8.61 	 0.608971 	 -0
8.62 	 0.607048 	 -0
8.63 	 0.605115 	 -0
8.64 	 0.603169 	 -0
8.65 	 0.601212 	 -0
8.66 	 0.599244 	 -0
8.67 	 0.597276 	 -0
8.68 	 0.595285 	 -0
8.69 	 0.593294 	 -0
8.7 	 0.59128 	 -0
8.71 	 0.589266 	 -0
8.72 	 0.587229 	 -0
8.73 	 0.585192 	 -0
8.74 	 0.583143 	 -0
8.75 	 0.581084 	 -0
8.76 	 0.579001 	 -0
8.77 	 0.576918 	 -0
8.78 	 0.574824 	 -0
8.79 	 0.572707 	 -0
8.8 	 0.57059 	 -0
8.81 	 0.568462 	 -0
8.82 	 0.56631 	 -0
8.83 	 0.564159 	 -0
8.84 	 0.561985 	 -0
8.85 	 0.559799 	 -0
8.86 	 0.557602 	 -0
8.87 	 0.555393 	 -0
8.88 	 0.553173 	 -0
8.89 	 0.550942 	 -0
8.9 	 0.548687 	 -0
8.91 	 0.546433 	 -0
8.92 	 0.544156 	 -0
8.93 	 0.541867 	 -0
8.94 	 0.539556 	 -0
8.95 	 0.537244 	 -0
8.96 	 0.53491 	 -0
8.97 	 0.532564 	 -0
8.98 	 0.530195 	 -0
8.99 	 0.527826 	 -0
9 	 0.525435 	 -0
9.01 	 0.52302 	 -0
9.02 	 0.520594 	 -0
9.03 	 0.518157 	 -0
9.04 	 0.515708 	 -0
9.05 	 0.513225 	 -0
9.06 	 0.510741 	 -0
9.07 	 0.508235 	 -0
9.08 	 0.505718 	 -0
9.09 	 0.503177 	 -0
9.1 	 0.500614 	 -0
9.11 	 0.498039 	 -0
9.12 	 0.495442 	 -0
9.13 	 0.492833 	 -0
9.14 	 0.490201 	 -0
9.15 	 0.487546 	 -0
9.16 	 0.484879 	 -0
9.17 	 0.48219 	 -0
9.18 	 0.479478 	 -0
9.19 	 0.476755 	 -0
9.2 	 0.473997 	 -0
9.21 	 0.471228 	 -0
9.22 	 0.468435 	 -0
9.23 	 0.46562 	 -0
9.24 	 0.462782 	 -0
9.25 	 0.459922 	 -0
9.26 	 0.457038 	 -0
9.27 	 0.454131 	 -0
9.28 	 0.451202 	 -0
9.29 	 0.448249 	 -0
9.3 	 0.445274 	 -0
9.31 	 0.442265 	 -0
9.32 	 0.439232 	 -0
9.33 	 0.436177 	 -0
9.34 	 0.433087 	 -0
9.35 	 0.429974 	 -0
9.36 	 0.426839 	 -0
9.37 	 0.423669 	 -0
9.38 	 0.420465 	 -0
9.39 	 0.417238 	 -0
9.4 	 0.413977 	 -0
9.41 	 0.410681 	 -0
9.42 	 0.407362 	 -0
9.43 	 0.403998 	 -0
9.44 	 0.400611 	 -0
9.45 	 0.397178 	 -0
9.46 	 0.393722 	 -0
9.47 	 0.39022 	 -0
9.48 	 0.386684 	 -0
9.49 	 0.383102 	 -0
9.5 	 0.379486 	 -0
9.51 	 0.375825 	 -0
9.52 	 0.372128 	 -0
9.53 	 0.368386 	 -0
9.54 	 0.364599 	 -0
9.55 	 0.360754 	 -0
9.56 	 0.356874 	 -0
9.57 	 0.352938 	 -0
9.58 	 0.348956 	 -0
9.59 	 0.344916 	 -0
9.6 	 0.340831 	 -0
9.61 	 0.336677 	 -0
9.62 	 0.332477 	 -0
9.63 	 0.328209 	 -0
9.64 	 0.323872 	 -0
9.65 	 0.319478 	 -0
9.66 	 0.315003 	 -0
9.67 	 0.31046 	 -0
9.68 	 0.305849 	 -0
9.69 	 0.301157 	 -0
9.7 	 0.296385 	 -0
9.71 	 0.291522 	 -0
9.72 	 0.286567 	 -0
9.73 	 0.28152 	 -0
9.74 	 0.276371 	 -0
9.75 	 0.271107 	 -0
9.76 	 0.26574 	 -0
9.77 	 0.260247 	 -0
9.78 	 0.25464 	 -0
9.79 	 0.248884 	 -0
9.8 	 0.242979 	 -0
9.81 	 0.236925 	 -0
9.82 	 0.2307 	 -0
9.83 	 0.224292 	 -0
9.84 	 0.217678 	 -0
9.85 	 0.210858 	 -0
9.86 	 0.203786 	 -0
9.87 	 0.19645 	 -0
9.88 	 0.188829 	 -0
9.89 	 0.180853 	 -0
9.9 	 0.172511 	 -0
9.91 	 0.163722 	 -0
9.92 	 0.154419 	 -0
9.93 	 0.144509 	 -0
9.94 	 0.133844 	 -0
9.95 	 0.122229 	 -0
9.96 	 0.109367 	 -0
9.97 	 0.0947535 	 -0
9.98 	 0.077394 	 -0
9.99 	 0.0547476 	 -0
#Non esiste uno zero in questo intervallo
10 	 0 	 -0
