0 	 0.006437 	 	 
0.02 	 0.0064364 	 	 
0.04 	 0.00643548 	 	 
0.06 	 0.00643423 	 	 
0.08 	 0.00643265 	 	 
0.1 	 0.00643074 	 	 
0.12 	 0.0064285 	 	 
0.14 	 0.00642594 	 	 
0.16 	 0.00642305 	 	 
0.18 	 0.00641983 	 	 
0.2 	 0.00641629 	 	 
0.22 	 0.00641242 	 	 
0.24 	 0.00640822 	 	 
0.26 	 0.0064037 	 	 
0.28 	 0.00639885 	 	 
0.3 	 0.00639369 	 	 
0.32 	 0.0063882 	 	 
0.34 	 0.00638238 	 	 
0.36 	 0.00637625 	 	 
0.38 	 0.00636979 	 	 
0.4 	 0.00636301 	 	 
0.42 	 0.00635591 	 	 
0.44 	 0.00634849 	 	 
0.46 	 0.00634076 	 	 
0.48 	 0.00633271 	 	 
0.5 	 0.00632434 	 	 
0.52 	 0.00631565 	 	 
0.54 	 0.00630666 	 	 
0.56 	 0.00629735 	 	 
0.58 	 0.00628773 	 	 
0.6 	 0.00627782 	 	 
0.62 	 0.00626759 	 	 
0.64 	 0.00625705 	 	 
0.66 	 0.00624621 	 	 
0.68 	 0.00623506 	 	 
0.7 	 0.00622361 	 	 
0.72 	 0.00621186 	 	 
0.74 	 0.0061998 	 	 
0.76 	 0.00618745 	 	 
0.78 	 0.0061748 	 	 
0.8 	 0.00616185 	 	 
0.82 	 0.00614861 	 	 
0.84 	 0.00613508 	 	 
0.86 	 0.00612126 	 	 
0.88 	 0.00610715 	 	 
0.9 	 0.00609276 	 	 
0.92 	 0.00607807 	 	 
0.94 	 0.00606311 	 	 
0.96 	 0.00604787 	 	 
0.98 	 0.00603234 	 	 
1 	 0.00601655 	 	 
1.02 	 0.00600047 	 	 
1.04 	 0.00598413 	 	 
1.06 	 0.00596751 	 	 
1.08 	 0.00595063 	 	 
1.1 	 0.00593348 	 	 
1.12 	 0.00591607 	 	 
1.14 	 0.00589841 	 	 
1.16 	 0.0058805 	 	 
1.18 	 0.00586234 	 	 
1.2 	 0.00584394 	 	 
1.22 	 0.00582528 	 	 
1.24 	 0.00580638 	 	 
1.26 	 0.00578722 	 	 
1.28 	 0.00576783 	 	 
1.3 	 0.00574819 	 	 
1.32 	 0.00572831 	 	 
1.34 	 0.00570819 	 	 
1.36 	 0.00568784 	 	 
1.38 	 0.00566726 	 	 
1.4 	 0.00564644 	 	 
1.42 	 0.00562541 	 	 
1.44 	 0.00560415 	 	 
1.46 	 0.00558266 	 	 
1.48 	 0.00556097 	 	 
1.5 	 0.00553905 	 	 
1.52 	 0.00551693 	 	 
1.54 	 0.0054946 	 	 
1.56 	 0.00547206 	 	 
1.58 	 0.00544932 	 	 
1.6 	 0.00542637 	 	 
1.62 	 0.00540324 	 	 
1.64 	 0.00537991 	 	 
1.66 	 0.00535638 	 	 
1.68 	 0.00533267 	 	 
1.7 	 0.00530878 	 	 
1.72 	 0.00528471 	 	 
1.74 	 0.00526046 	 	 
1.76 	 0.00523603 	 	 
1.78 	 0.00521143 	 	 
1.8 	 0.00518666 	 	 
1.82 	 0.00516173 	 	 
1.84 	 0.00513664 	 	 
1.86 	 0.00511139 	 	 
1.88 	 0.00508598 	 	 
1.9 	 0.00506042 	 	 
1.92 	 0.00503471 	 	 
1.94 	 0.00500886 	 	 
1.96 	 0.00498287 	 	 
1.98 	 0.00495673 	 	 
2 	 0.00493047 	 	 
2.02 	 0.00490407 	 	 
2.04 	 0.00487754 	 	 
2.06 	 0.00485088 	 	 
2.08 	 0.00482411 	 	 
2.1 	 0.00479721 	 	 
2.12 	 0.0047702 	 	 
2.14 	 0.00474308 	 	 
2.16 	 0.00471585 	 	 
2.18 	 0.00468852 	 	 
2.2 	 0.00466109 	 	 
2.22 	 0.00463355 	 	 
2.24 	 0.00460594 	 	 
2.26 	 0.00457825 	 	 
2.28 	 0.00455048 	 	 
2.3 	 0.00452264 	 	 
2.32 	 0.00449473 	 	 
2.34 	 0.00446676 	 	 
2.36 	 0.00443872 	 	 
2.38 	 0.00441062 	 	 
2.4 	 0.00438246 	 	 
2.42 	 0.00435424 	 	 
2.44 	 0.00432595 	 	 
2.46 	 0.0042976 	 	 
2.48 	 0.0042692 	 	 
2.5 	 0.00424074 	 	 
2.52 	 0.00421224 	 	 
2.54 	 0.00418369 	 	 
2.56 	 0.00415509 	 	 
2.58 	 0.00412646 	 	 
2.6 	 0.00409779 	 	 
2.62 	 0.00406909 	 	 
2.64 	 0.00404035 	 	 
2.66 	 0.0040116 	 	 
2.68 	 0.00398282 	 	 
2.7 	 0.00395402 	 	 
2.72 	 0.0039252 	 	 
2.74 	 0.00389637 	 	 
2.76 	 0.00386753 	 	 
2.78 	 0.00383869 	 	 
2.8 	 0.00380984 	 	 
2.82 	 0.00378099 	 	 
2.84 	 0.00375214 	 	 
2.86 	 0.0037233 	 	 
2.88 	 0.00369447 	 	 
2.9 	 0.00366565 	 	 
2.92 	 0.00363684 	 	 
2.94 	 0.00360806 	 	 
2.96 	 0.00357929 	 	 
2.98 	 0.00355055 	 	 
3 	 0.00352183 	 	 
3.02 	 0.00349315 	 	 
3.04 	 0.00346449 	 	 
3.06 	 0.00343588 	 	 
3.08 	 0.0034073 	 	 
3.1 	 0.00337876 	 	 
3.12 	 0.00335026 	 	 
3.14 	 0.00332182 	 	 
3.16 	 0.00329342 	 	 
3.18 	 0.00326507 	 	 
3.2 	 0.00323678 	 	 
3.22 	 0.00320854 	 	 
3.24 	 0.00318037 	 	 
3.26 	 0.00315226 	 	 
3.28 	 0.00312421 	 	 
3.3 	 0.00309623 	 	 
3.32 	 0.00306832 	 	 
3.34 	 0.00304048 	 	 
3.36 	 0.00301272 	 	 
3.38 	 0.00298503 	 	 
3.4 	 0.00295742 	 	 
3.42 	 0.00292989 	 	 
3.44 	 0.00290245 	 	 
3.46 	 0.0028751 	 	 
3.48 	 0.00284783 	 	 
3.5 	 0.00282065 	 	 
3.52 	 0.00279356 	 	 
3.54 	 0.00276657 	 	 
3.56 	 0.00273968 	 	 
3.58 	 0.00271288 	 	 
3.6 	 0.00268619 	 	 
3.62 	 0.00265959 	 	 
3.64 	 0.00263311 	 	 
3.66 	 0.00260673 	 	 
3.68 	 0.00258045 	 	 
3.7 	 0.00255429 	 	 
3.72 	 0.00252824 	 	 
3.74 	 0.0025023 	 	 
3.76 	 0.00247648 	 	 
3.78 	 0.00245077 	 	 
3.8 	 0.00242518 	 	 
3.82 	 0.00239972 	 	 
3.84 	 0.00237437 	 	 
3.86 	 0.00234915 	 	 
3.88 	 0.00232405 	 	 
3.9 	 0.00229908 	 	 
3.92 	 0.00227424 	 	 
3.94 	 0.00224953 	 	 
3.96 	 0.00222494 	 	 
3.98 	 0.00220049 	 	 
4 	 0.00217617 	 	 
4.02 	 0.00215199 	 	 
4.04 	 0.00212795 	 	 
4.06 	 0.00210405 	 	 
4.08 	 0.00208028 	 	 
4.1 	 0.00205666 	 	 
4.12 	 0.00203318 	 	 
4.14 	 0.00200985 	 	 
4.16 	 0.00198666 	 	 
4.18 	 0.00196361 	 	 
4.2 	 0.00194071 	 	 
4.22 	 0.00191796 	 	 
4.24 	 0.00189535 	 	 
4.26 	 0.0018729 	 	 
4.28 	 0.00185059 	 	 
4.3 	 0.00182843 	 	 
4.32 	 0.00180643 	 	 
4.34 	 0.00178457 	 	 
4.36 	 0.00176287 	 	 
4.38 	 0.00174132 	 	 
4.4 	 0.00171992 	 	 
4.42 	 0.00169867 	 	 
4.44 	 0.00167758 	 	 
4.46 	 0.00165665 	 	 
4.48 	 0.00163588 	 	 
4.5 	 0.00161526 	 	 
4.52 	 0.0015948 	 	 
4.54 	 0.0015745 	 	 
4.56 	 0.00155436 	 	 
4.58 	 0.00153438 	 	 
4.6 	 0.00151456 	 	 
4.62 	 0.0014949 	 	 
4.64 	 0.0014754 	 	 
4.66 	 0.00145607 	 	 
4.68 	 0.00143689 	 	 
4.7 	 0.00141788 	 	 
4.72 	 0.00139903 	 	 
4.74 	 0.00138034 	 	 
4.76 	 0.00136181 	 	 
4.78 	 0.00134345 	 	 
4.8 	 0.00132525 	 	 
4.82 	 0.00130721 	 	 
4.84 	 0.00128934 	 	 
4.86 	 0.00127163 	 	 
4.88 	 0.00125408 	 	 
4.9 	 0.00123669 	 	 
4.92 	 0.00121947 	 	 
4.94 	 0.00120241 	 	 
4.96 	 0.00118552 	 	 
4.98 	 0.00116879 	 	 
5 	 0.00115222 	 	 
5.02 	 0.00113582 	 	 
5.04 	 0.00111959 	 	 
5.06 	 0.00110351 	 	 
5.08 	 0.00108761 	 	 
5.1 	 0.00107186 	 	 
5.12 	 0.00105628 	 	 
5.14 	 0.00104086 	 	 
5.16 	 0.00102561 	 	 
5.18 	 0.00101051 	 	 
5.2 	 0.000995581 	 	 
5.22 	 0.00098081 	 	 
5.24 	 0.0009662 	 	 
5.26 	 0.00095175 	 	 
5.28 	 0.000937461 	 	 
5.3 	 0.00092333 	 	 
5.32 	 0.000909359 	 	 
5.34 	 0.000895546 	 	 
5.36 	 0.000881891 	 	 
5.38 	 0.000868393 	 	 
5.4 	 0.000855051 	 	 
5.42 	 0.000841866 	 	 
5.44 	 0.000828835 	 	 
5.46 	 0.000815959 	 	 
5.48 	 0.000803237 	 	 
5.5 	 0.000790667 	 	 
5.52 	 0.00077825 	 	 
5.54 	 0.000765985 	 	 
5.56 	 0.00075387 	 	 
5.58 	 0.000741904 	 	 
5.6 	 0.000730088 	 	 
5.62 	 0.000718419 	 	 
5.64 	 0.000706898 	 	 
5.66 	 0.000695523 	 	 
5.68 	 0.000684293 	 	 
5.7 	 0.000673208 	 	 
5.72 	 0.000662266 	 	 
5.74 	 0.000651467 	 	 
5.76 	 0.000640809 	 	 
5.78 	 0.000630292 	 	 
5.8 	 0.000619914 	 	 
5.82 	 0.000609674 	 	 
5.84 	 0.000599573 	 	 
5.86 	 0.000589607 	 	 
5.88 	 0.000579777 	 	 
5.9 	 0.000570081 	 	 
5.92 	 0.000560519 	 	 
5.94 	 0.000551089 	 	 
5.96 	 0.00054179 	 	 
5.98 	 0.00053262 	 	 
6 	 0.00052358 	 	 
6.02 	 0.000514668 	 	 
6.04 	 0.000505882 	 	 
6.06 	 0.000497221 	 	 
6.08 	 0.000488685 	 	 
6.1 	 0.000480273 	 	 
6.12 	 0.000471982 	 	 
6.14 	 0.000463813 	 	 
6.16 	 0.000455763 	 	 
6.18 	 0.000447832 	 	 
6.2 	 0.000440018 	 	 
6.22 	 0.000432321 	 	 
6.24 	 0.000424739 	 	 
6.26 	 0.00041727 	 	 
6.28 	 0.000409915 	 	 
6.3 	 0.000402671 	 	 
6.32 	 0.000395538 	 	 
6.34 	 0.000388514 	 	 
6.36 	 0.000381598 	 	 
6.38 	 0.000374789 	 	 
6.4 	 0.000368085 	 	 
6.42 	 0.000361487 	 	 
6.44 	 0.000354991 	 	 
6.46 	 0.000348598 	 	 
6.48 	 0.000342306 	 	 
6.5 	 0.000336113 	 	 
6.52 	 0.00033002 	 	 
6.54 	 0.000324023 	 	 
6.56 	 0.000318123 	 	 
6.58 	 0.000312318 	 	 
6.6 	 0.000306608 	 	 
6.62 	 0.00030099 	 	 
6.64 	 0.000295463 	 	 
6.66 	 0.000290027 	 	 
6.68 	 0.000284681 	 	 
6.7 	 0.000279423 	 	 
6.72 	 0.000274252 	 	 
6.74 	 0.000269166 	 	 
6.76 	 0.000264166 	 	 
6.78 	 0.000259249 	 	 
6.8 	 0.000254415 	 	 
6.82 	 0.000249663 	 	 
6.84 	 0.000244991 	 	 
6.86 	 0.000240398 	 	 
6.88 	 0.000235883 	 	 
6.9 	 0.000231446 	 	 
6.92 	 0.000227084 	 	 
6.94 	 0.000222798 	 	 
6.96 	 0.000218585 	 	 
6.98 	 0.000214445 	 	 
7 	 0.000210378 	 	 
7.02 	 0.00020638 	 	 
7.04 	 0.000202453 	 	 
7.06 	 0.000198595 	 	 
7.08 	 0.000194804 	 	 
7.1 	 0.00019108 	 	 
7.12 	 0.000187421 	 	 
7.14 	 0.000183828 	 	 
7.16 	 0.000180298 	 	 
7.18 	 0.000176831 	 	 
7.2 	 0.000173426 	 	 
7.22 	 0.000170082 	 	 
7.24 	 0.000166798 	 	 
7.26 	 0.000163573 	 	 
7.28 	 0.000160406 	 	 
7.3 	 0.000157296 	 	 
7.32 	 0.000154243 	 	 
7.34 	 0.000151245 	 	 
7.36 	 0.000148301 	 	 
7.38 	 0.000145412 	 	 
7.4 	 0.000142575 	 	 
7.42 	 0.00013979 	 	 
7.44 	 0.000137056 	 	 
7.46 	 0.000134373 	 	 
7.48 	 0.000131739 	 	 
7.5 	 0.000129154 	 	 
7.52 	 0.000126617 	 	 
7.54 	 0.000124127 	 	 
7.56 	 0.000121683 	 	 
7.58 	 0.000119284 	 	 
7.6 	 0.000116931 	 	 
7.62 	 0.000114621 	 	 
7.64 	 0.000112355 	 	 
7.66 	 0.000110132 	 	 
7.68 	 0.00010795 	 	 
7.7 	 0.000105809 	 	 
7.72 	 0.000103709 	 	 
7.74 	 0.000101648 	 	 
7.76 	 9.96269e-05 	 	 
7.78 	 9.76438e-05 	 	 
7.8 	 9.56984e-05 	 	 
7.82 	 9.379e-05 	 	 
7.84 	 9.19181e-05 	 	 
7.86 	 9.00819e-05 	 	 
7.88 	 8.82809e-05 	 	 
7.9 	 8.65144e-05 	 	 
7.92 	 8.47818e-05 	 	 
7.94 	 8.30825e-05 	 	 
7.96 	 8.14159e-05 	 	 
7.98 	 7.97815e-05 	 	 
8 	 7.81786e-05 	 	 
8.02 	 7.66068e-05 	 	 
8.04 	 7.50653e-05 	 	 
8.06 	 7.35538e-05 	 	 
8.08 	 7.20716e-05 	 	 
8.1 	 7.06182e-05 	 	 
8.12 	 6.91931e-05 	 	 
8.14 	 6.77958e-05 	 	 
8.16 	 6.64258e-05 	 	 
8.18 	 6.50826e-05 	 	 
8.2 	 6.37656e-05 	 	 
8.22 	 6.24744e-05 	 	 
8.24 	 6.12086e-05 	 	 
8.26 	 5.99676e-05 	 	 
8.28 	 5.8751e-05 	 	 
8.3 	 5.75584e-05 	 	 
8.32 	 5.63892e-05 	 	 
8.34 	 5.52432e-05 	 	 
8.36 	 5.41197e-05 	 	 
8.38 	 5.30185e-05 	 	 
8.4 	 5.1939e-05 	 	 
8.42 	 5.0881e-05 	 	 
8.44 	 4.98439e-05 	 	 
8.46 	 4.88274e-05 	 	 
8.48 	 4.78311e-05 	 	 
8.5 	 4.68546e-05 	 	 
8.52 	 4.58976e-05 	 	 
8.54 	 4.49596e-05 	 	 
8.56 	 4.40403e-05 	 	 
8.58 	 4.31394e-05 	 	 
8.6 	 4.22565e-05 	 	 
8.62 	 4.13913e-05 	 	 
8.64 	 4.05434e-05 	 	 
8.66 	 3.97125e-05 	 	 
8.68 	 3.88982e-05 	 	 
8.7 	 3.81003e-05 	 	 
8.72 	 3.73184e-05 	 	 
8.74 	 3.65522e-05 	 	 
8.76 	 3.58014e-05 	 	 
8.78 	 3.50658e-05 	 	 
8.8 	 3.43449e-05 	 	 
8.82 	 3.36386e-05 	 	 
8.84 	 3.29466e-05 	 	 
8.86 	 3.22685e-05 	 	 
8.88 	 3.16042e-05 	 	 
8.9 	 3.09532e-05 	 	 
8.92 	 3.03155e-05 	 	 
8.94 	 2.96906e-05 	 	 
8.96 	 2.90784e-05 	 	 
8.98 	 2.84787e-05 	 	 
9 	 2.78911e-05 	 	 
9.02 	 2.73154e-05 	 	 
9.04 	 2.67514e-05 	 	 
9.06 	 2.61989e-05 	 	 
9.08 	 2.56576e-05 	 	 
9.1 	 2.51274e-05 	 	 
9.12 	 2.46079e-05 	 	 
9.14 	 2.4099e-05 	 	 
9.16 	 2.36005e-05 	 	 
9.18 	 2.31122e-05 	 	 
9.2 	 2.26338e-05 	 	 
9.22 	 2.21653e-05 	 	 
9.24 	 2.17062e-05 	 	 
9.26 	 2.12566e-05 	 	 
9.28 	 2.08162e-05 	 	 
9.3 	 2.03848e-05 	 	 
9.32 	 1.99622e-05 	 	 
9.34 	 1.95483e-05 	 	 
9.36 	 1.91428e-05 	 	 
9.38 	 1.87457e-05 	 	 
9.4 	 1.83567e-05 	 	 
9.42 	 1.79757e-05 	 	 
9.44 	 1.76025e-05 	 	 
9.46 	 1.7237e-05 	 	 
9.48 	 1.6879e-05 	 	 
9.5 	 1.65284e-05 	 	 
9.52 	 1.6185e-05 	 	 
9.54 	 1.58486e-05 	 	 
9.56 	 1.55192e-05 	 	 
9.58 	 1.51965e-05 	 	 
9.6 	 1.48805e-05 	 	 
9.62 	 1.4571e-05 	 	 
9.64 	 1.42679e-05 	 	 
9.66 	 1.39711e-05 	 	 
9.68 	 1.36804e-05 	 	 
9.7 	 1.33956e-05 	 	 
9.72 	 1.31168e-05 	 	 
9.74 	 1.28437e-05 	 	 
9.76 	 1.25763e-05 	 	 
9.78 	 1.23143e-05 	 	 
9.8 	 1.20578e-05 	 	 
9.82 	 1.18066e-05 	 	 
9.84 	 1.15606e-05 	 	 
9.86 	 1.13197e-05 	 	 
9.88 	 1.10838e-05 	 	 
9.9 	 1.08528e-05 	 	 
9.92 	 1.06265e-05 	 	 
9.94 	 1.0405e-05 	 	 
9.96 	 1.0188e-05 	 	 
9.98 	 9.97554e-06 	 	 
10 	 9.76748e-06 	 	 
10.02 	 9.56374e-06 	 	 
10.04 	 9.36422e-06 	 	 
10.06 	 9.16884e-06 	 	 
10.08 	 8.97752e-06 	 	 
10.1 	 8.79017e-06 	 	 
10.12 	 8.60671e-06 	 	 
10.14 	 8.42707e-06 	 	 
10.16 	 8.25116e-06 	 	 
10.18 	 8.0789e-06 	 	 
10.2 	 7.91023e-06 	 	 
10.22 	 7.74506e-06 	 	 
10.24 	 7.58333e-06 	 	 
10.26 	 7.42496e-06 	 	 
10.28 	 7.26989e-06 	 	 
10.3 	 7.11805e-06 	 	 
10.32 	 6.96937e-06 	 	 
10.34 	 6.82378e-06 	 	 
10.36 	 6.68123e-06 	 	 
10.38 	 6.54164e-06 	 	 
10.4 	 6.40496e-06 	 	 
10.42 	 6.27113e-06 	 	 
10.44 	 6.14009e-06 	 	 
10.46 	 6.01178e-06 	 	 
10.48 	 5.88615e-06 	 	 
10.5 	 5.76313e-06 	 	 
10.52 	 5.64268e-06 	 	 
10.54 	 5.52475e-06 	 	 
10.56 	 5.40927e-06 	 	 
10.58 	 5.2962e-06 	 	 
10.6 	 5.18549e-06 	 	 
10.62 	 5.07709e-06 	 	 
10.64 	 4.97096e-06 	 	 
10.66 	 4.86704e-06 	 	 
10.68 	 4.76529e-06 	 	 
10.7 	 4.66566e-06 	 	 
10.72 	 4.56811e-06 	 	 
10.74 	 4.4726e-06 	 	 
10.76 	 4.37909e-06 	 	 
10.78 	 4.28753e-06 	 	 
10.8 	 4.19788e-06 	 	 
10.82 	 4.11011e-06 	 	 
10.84 	 4.02417e-06 	 	 
10.86 	 3.94002e-06 	 	 
10.88 	 3.85764e-06 	 	 
10.9 	 3.77697e-06 	 	 
10.92 	 3.698e-06 	 	 
10.94 	 3.62067e-06 	 	 
10.96 	 3.54496e-06 	 	 
10.98 	 3.47084e-06 	 	 
11 	 3.39826e-06 	 	 
11.02 	 3.3272e-06 	 	 
11.04 	 3.25763e-06 	 	 
11.06 	 3.18951e-06 	 	 
11.08 	 3.12282e-06 	 	 
11.1 	 3.05752e-06 	 	 
11.12 	 2.99359e-06 	 	 
11.14 	 2.931e-06 	 	 
11.16 	 2.86971e-06 	 	 
11.18 	 2.80971e-06 	 	 
11.2 	 2.75096e-06 	 	 
11.22 	 2.69345e-06 	 	 
11.24 	 2.63714e-06 	 	 
11.26 	 2.582e-06 	 	 
11.28 	 2.52802e-06 	 	 
11.3 	 2.47517e-06 	 	 
11.32 	 2.42342e-06 	 	 
11.34 	 2.37276e-06 	 	 
11.36 	 2.32316e-06 	 	 
11.38 	 2.2746e-06 	 	 
11.4 	 2.22705e-06 	 	 
11.42 	 2.1805e-06 	 	 
11.44 	 2.13493e-06 	 	 
11.46 	 2.09031e-06 	 	 
11.48 	 2.04662e-06 	 	 
11.5 	 2.00384e-06 	 	 
11.52 	 1.96197e-06 	 	 
11.54 	 1.92097e-06 	 	 
11.56 	 1.88082e-06 	 	 
11.58 	 1.84152e-06 	 	 
11.6 	 1.80304e-06 	 	 
11.62 	 1.76537e-06 	 	 
11.64 	 1.72849e-06 	 	 
11.66 	 1.69238e-06 	 	 
11.68 	 1.65702e-06 	 	 
11.7 	 1.6224e-06 	 	 
11.72 	 1.58851e-06 	 	 
11.74 	 1.55533e-06 	 	 
11.76 	 1.52285e-06 	 	 
11.78 	 1.49104e-06 	 	 
11.8 	 1.4599e-06 	 	 
11.82 	 1.42941e-06 	 	 
11.84 	 1.39956e-06 	 	 
11.86 	 1.37034e-06 	 	 
11.88 	 1.34173e-06 	 	 
11.9 	 1.31371e-06 	 	 
11.92 	 1.28629e-06 	 	 
11.94 	 1.25943e-06 	 	 
11.96 	 1.23314e-06 	 	 
11.98 	 1.2074e-06 	 	 
12 	 1.1822e-06 	 	 
12.02 	 1.15753e-06 	 	 
12.04 	 1.13337e-06 	 	 
12.06 	 1.10972e-06 	 	 
12.08 	 1.08656e-06 	 	 
12.1 	 1.06389e-06 	 	 
12.12 	 1.04169e-06 	 	 
12.14 	 1.01996e-06 	 	 
12.16 	 9.98683e-07 	 	 
12.18 	 9.77851e-07 	 	 
12.2 	 9.57455e-07 	 	 
12.22 	 9.37485e-07 	 	 
12.24 	 9.17934e-07 	 	 
12.26 	 8.98792e-07 	 	 
12.28 	 8.8005e-07 	 	 
12.3 	 8.61701e-07 	 	 
12.32 	 8.43735e-07 	 	 
12.34 	 8.26146e-07 	 	 
12.36 	 8.08924e-07 	 	 
12.38 	 7.92063e-07 	 	 
12.4 	 7.75554e-07 	 	 
12.42 	 7.59391e-07 	 	 
12.44 	 7.43566e-07 	 	 
12.46 	 7.28072e-07 	 	 
12.48 	 7.12902e-07 	 	 
12.5 	 6.98049e-07 	 	 
12.52 	 6.83507e-07 	 	 
12.54 	 6.69269e-07 	 	 
12.56 	 6.55329e-07 	 	 
12.58 	 6.41681e-07 	 	 
12.6 	 6.28317e-07 	 	 
12.62 	 6.15233e-07 	 	 
12.64 	 6.02423e-07 	 	 
12.66 	 5.89881e-07 	 	 
12.68 	 5.776e-07 	 	 
12.7 	 5.65577e-07 	 	 
12.72 	 5.53804e-07 	 	 
12.74 	 5.42278e-07 	 	 
12.76 	 5.30993e-07 	 	 
12.78 	 5.19943e-07 	 	 
12.8 	 5.09125e-07 	 	 
12.82 	 4.98532e-07 	 	 
12.84 	 4.88161e-07 	 	 
12.86 	 4.78006e-07 	 	 
12.88 	 4.68064e-07 	 	 
12.9 	 4.58329e-07 	 	 
12.92 	 4.48798e-07 	 	 
12.94 	 4.39465e-07 	 	 
12.96 	 4.30328e-07 	 	 
12.98 	 4.21381e-07 	 	 
13 	 4.12621e-07 	 	 
13.02 	 4.04045e-07 	 	 
13.04 	 3.95647e-07 	 	 
13.06 	 3.87424e-07 	 	 
13.08 	 3.79373e-07 	 	 
13.1 	 3.71491e-07 	 	 
13.12 	 3.63772e-07 	 	 
13.14 	 3.56215e-07 	 	 
13.16 	 3.48816e-07 	 	 
13.18 	 3.41571e-07 	 	 
13.2 	 3.34477e-07 	 	 
13.22 	 3.27531e-07 	 	 
13.24 	 3.2073e-07 	 	 
13.26 	 3.14071e-07 	 	 
13.28 	 3.0755e-07 	 	 
13.3 	 3.01166e-07 	 	 
13.32 	 2.94915e-07 	 	 
13.34 	 2.88794e-07 	 	 
13.36 	 2.82801e-07 	 	 
13.38 	 2.76933e-07 	 	 
13.4 	 2.71187e-07 	 	 
13.42 	 2.65561e-07 	 	 
13.44 	 2.60052e-07 	 	 
13.46 	 2.54658e-07 	 	 
13.48 	 2.49377e-07 	 	 
13.5 	 2.44205e-07 	 	 
13.52 	 2.39141e-07 	 	 
13.54 	 2.34183e-07 	 	 
13.56 	 2.29328e-07 	 	 
13.58 	 2.24574e-07 	 	 
13.6 	 2.1992e-07 	 	 
13.62 	 2.15362e-07 	 	 
13.64 	 2.10899e-07 	 	 
13.66 	 2.06529e-07 	 	 
13.68 	 2.0225e-07 	 	 
13.7 	 1.9806e-07 	 	 
13.72 	 1.93957e-07 	 	 
13.74 	 1.8994e-07 	 	 
13.76 	 1.86006e-07 	 	 
13.78 	 1.82154e-07 	 	 
13.8 	 1.78382e-07 	 	 
13.82 	 1.74689e-07 	 	 
13.84 	 1.71073e-07 	 	 
13.86 	 1.67532e-07 	 	 
13.88 	 1.64064e-07 	 	 
13.9 	 1.60669e-07 	 	 
13.92 	 1.57344e-07 	 	 
13.94 	 1.54088e-07 	 	 
13.96 	 1.509e-07 	 	 
13.98 	 1.47779e-07 	 	 
14 	 1.44722e-07 	 	 
14.02 	 1.41729e-07 	 	 
14.04 	 1.38798e-07 	 	 
14.06 	 1.35928e-07 	 	 
14.08 	 1.33117e-07 	 	 
14.1 	 1.30365e-07 	 	 
14.12 	 1.2767e-07 	 	 
14.14 	 1.25031e-07 	 	 
14.16 	 1.22447e-07 	 	 
14.18 	 1.19917e-07 	 	 
14.2 	 1.17439e-07 	 	 
14.22 	 1.15013e-07 	 	 
14.24 	 1.12637e-07 	 	 
14.26 	 1.1031e-07 	 	 
14.28 	 1.08031e-07 	 	 
14.3 	 1.058e-07 	 	 
14.32 	 1.03616e-07 	 	 
14.34 	 1.01476e-07 	 	 
14.36 	 9.9381e-08 	 	 
14.38 	 9.73294e-08 	 	 
14.4 	 9.53204e-08 	 	 
14.42 	 9.3353e-08 	 	 
14.44 	 9.14265e-08 	 	 
14.46 	 8.95399e-08 	 	 
14.48 	 8.76924e-08 	 	 
14.5 	 8.58833e-08 	 	 
14.52 	 8.41116e-08 	 	 
14.54 	 8.23767e-08 	 	 
14.56 	 8.06777e-08 	 	 
14.58 	 7.9014e-08 	 	 
14.6 	 7.73847e-08 	 	 
14.62 	 7.57892e-08 	 	 
14.64 	 7.42267e-08 	 	 
14.66 	 7.26967e-08 	 	 
14.68 	 7.11983e-08 	 	 
14.7 	 6.97309e-08 	 	 
14.72 	 6.8294e-08 	 	 
14.74 	 6.68868e-08 	 	 
14.76 	 6.55087e-08 	 	 
14.78 	 6.41592e-08 	 	 
14.8 	 6.28376e-08 	 	 
14.82 	 6.15434e-08 	 	 
14.84 	 6.02759e-08 	 	 
14.86 	 5.90347e-08 	 	 
14.88 	 5.78192e-08 	 	 
14.9 	 5.66288e-08 	 	 
14.92 	 5.54631e-08 	 	 
14.94 	 5.43214e-08 	 	 
14.96 	 5.32034e-08 	 	 
14.98 	 5.21085e-08 	 	 
15 	 5.10363e-08 	 	 
15.02 	 4.99862e-08 	 	 
15.04 	 4.89578e-08 	 	 
15.06 	 4.79507e-08 	 	 
15.08 	 4.69644e-08 	 	 
15.1 	 4.59985e-08 	 	 
15.12 	 4.50526e-08 	 	 
15.14 	 4.41262e-08 	 	 
15.16 	 4.3219e-08 	 	 
15.18 	 4.23304e-08 	 	 
15.2 	 4.14603e-08 	 	 
15.22 	 4.06081e-08 	 	 
15.24 	 3.97735e-08 	 	 
15.26 	 3.89562e-08 	 	 
15.28 	 3.81557e-08 	 	 
15.3 	 3.73718e-08 	 	 
15.32 	 3.6604e-08 	 	 
15.34 	 3.58521e-08 	 	 
15.36 	 3.51158e-08 	 	 
15.38 	 3.43946e-08 	 	 
15.4 	 3.36883e-08 	 	 
15.42 	 3.29965e-08 	 	 
15.44 	 3.23191e-08 	 	 
15.46 	 3.16556e-08 	 	 
15.48 	 3.10058e-08 	 	 
15.5 	 3.03694e-08 	 	 
15.52 	 2.97461e-08 	 	 
15.54 	 2.91357e-08 	 	 
15.56 	 2.85379e-08 	 	 
15.58 	 2.79524e-08 	 	 
15.6 	 2.73789e-08 	 	 
15.62 	 2.68173e-08 	 	 
15.64 	 2.62673e-08 	 	 
15.66 	 2.57286e-08 	 	 
15.68 	 2.5201e-08 	 	 
15.7 	 2.46842e-08 	 	 
15.72 	 2.41781e-08 	 	 
15.74 	 2.36825e-08 	 	 
15.76 	 2.3197e-08 	 	 
15.78 	 2.27215e-08 	 	 
15.8 	 2.22559e-08 	 	 
15.82 	 2.17998e-08 	 	 
15.84 	 2.13531e-08 	 	 
15.86 	 2.09156e-08 	 	 
15.88 	 2.04871e-08 	 	 
15.9 	 2.00674e-08 	 	 
15.92 	 1.96564e-08 	 	 
15.94 	 1.92538e-08 	 	 
15.96 	 1.88595e-08 	 	 
15.98 	 1.84734e-08 	 	 
16 	 1.80951e-08 	 	 
16.02 	 1.77247e-08 	 	 
16.04 	 1.73618e-08 	 	 
16.06 	 1.70064e-08 	 	 
16.08 	 1.66584e-08 	 	 
16.1 	 1.63175e-08 	 	 
16.12 	 1.59836e-08 	 	 
16.14 	 1.56565e-08 	 	 
16.16 	 1.53362e-08 	 	 
16.18 	 1.50225e-08 	 	 
16.2 	 1.47152e-08 	 	 
16.22 	 1.44142e-08 	 	 
16.24 	 1.41194e-08 	 	 
16.26 	 1.38307e-08 	 	 
16.28 	 1.35479e-08 	 	 
16.3 	 1.32709e-08 	 	 
16.32 	 1.29996e-08 	 	 
16.34 	 1.27338e-08 	 	 
16.36 	 1.24735e-08 	 	 
16.38 	 1.22186e-08 	 	 
16.4 	 1.19689e-08 	 	 
16.42 	 1.17243e-08 	 	 
16.44 	 1.14848e-08 	 	 
16.46 	 1.12501e-08 	 	 
16.48 	 1.10203e-08 	 	 
16.5 	 1.07952e-08 	 	 
16.52 	 1.05747e-08 	 	 
16.54 	 1.03587e-08 	 	 
16.56 	 1.01472e-08 	 	 
16.58 	 9.93998e-09 	 	 
16.6 	 9.73702e-09 	 	 
16.62 	 9.53823e-09 	 	 
16.64 	 9.34352e-09 	 	 
16.66 	 9.1528e-09 	 	 
16.68 	 8.96598e-09 	 	 
16.7 	 8.783e-09 	 	 
16.72 	 8.60377e-09 	 	 
16.74 	 8.4282e-09 	 	 
16.76 	 8.25624e-09 	 	 
16.78 	 8.0878e-09 	 	 
16.8 	 7.92281e-09 	 	 
16.82 	 7.76121e-09 	 	 
16.84 	 7.60291e-09 	 	 
16.86 	 7.44785e-09 	 	 
16.88 	 7.29597e-09 	 	 
16.9 	 7.1472e-09 	 	 
16.92 	 7.00148e-09 	 	 
16.94 	 6.85873e-09 	 	 
16.96 	 6.71892e-09 	 	 
16.98 	 6.58196e-09 	 	 
17 	 6.44781e-09 	 	 
17.02 	 6.3164e-09 	 	 
17.04 	 6.18768e-09 	 	 
17.06 	 6.06159e-09 	 	 
17.08 	 5.93809e-09 	 	 
17.1 	 5.81711e-09 	 	 
17.12 	 5.6986e-09 	 	 
17.14 	 5.58252e-09 	 	 
17.16 	 5.46882e-09 	 	 
17.18 	 5.35744e-09 	 	 
17.2 	 5.24833e-09 	 	 
17.22 	 5.14146e-09 	 	 
17.24 	 5.03677e-09 	 	 
17.26 	 4.93422e-09 	 	 
17.28 	 4.83377e-09 	 	 
17.3 	 4.73537e-09 	 	 
17.32 	 4.63899e-09 	 	 
17.34 	 4.54457e-09 	 	 
17.36 	 4.45208e-09 	 	 
17.38 	 4.36148e-09 	 	 
17.4 	 4.27273e-09 	 	 
17.42 	 4.1858e-09 	 	 
17.44 	 4.10064e-09 	 	 
17.46 	 4.01722e-09 	 	 
17.48 	 3.9355e-09 	 	 
17.5 	 3.85545e-09 	 	 
17.52 	 3.77704e-09 	 	 
17.54 	 3.70022e-09 	 	 
17.56 	 3.62498e-09 	 	 
17.58 	 3.55127e-09 	 	 
17.6 	 3.47907e-09 	 	 
17.62 	 3.40833e-09 	 	 
17.64 	 3.33905e-09 	 	 
17.66 	 3.27117e-09 	 	 
17.68 	 3.20468e-09 	 	 
17.7 	 3.13955e-09 	 	 
17.72 	 3.07575e-09 	 	 
17.74 	 3.01324e-09 	 	 
17.76 	 2.95202e-09 	 	 
17.78 	 2.89204e-09 	 	 
17.8 	 2.83328e-09 	 	 
17.82 	 2.77572e-09 	 	 
17.84 	 2.71934e-09 	 	 
17.86 	 2.6641e-09 	 	 
17.88 	 2.61e-09 	 	 
17.9 	 2.55699e-09 	 	 
17.92 	 2.50506e-09 	 	 
17.94 	 2.4542e-09 	 	 
17.96 	 2.40437e-09 	 	 
17.98 	 2.35555e-09 	 	 
18 	 2.30773e-09 	 	 
18.02 	 2.26088e-09 	 	 
18.04 	 2.21499e-09 	 	 
18.06 	 2.17003e-09 	 	 
18.08 	 2.12599e-09 	 	 
18.1 	 2.08285e-09 	 	 
18.12 	 2.04058e-09 	 	 
18.14 	 1.99917e-09 	 	 
18.16 	 1.95861e-09 	 	 
18.18 	 1.91887e-09 	 	 
18.2 	 1.87995e-09 	 	 
18.22 	 1.84181e-09 	 	 
18.24 	 1.80445e-09 	 	 
18.26 	 1.76785e-09 	 	 
18.28 	 1.732e-09 	 	 
18.3 	 1.69687e-09 	 	 
18.32 	 1.66246e-09 	 	 
18.34 	 1.62875e-09 	 	 
18.36 	 1.59573e-09 	 	 
18.38 	 1.56338e-09 	 	 
18.4 	 1.53168e-09 	 	 
18.42 	 1.50063e-09 	 	 
18.44 	 1.47021e-09 	 	 
18.46 	 1.44041e-09 	 	 
18.48 	 1.41122e-09 	 	 
18.5 	 1.38262e-09 	 	 
18.52 	 1.3546e-09 	 	 
18.54 	 1.32715e-09 	 	 
18.56 	 1.30026e-09 	 	 
18.58 	 1.27392e-09 	 	 
18.6 	 1.24811e-09 	 	 
18.62 	 1.22282e-09 	 	 
18.64 	 1.19805e-09 	 	 
18.66 	 1.17378e-09 	 	 
18.68 	 1.15001e-09 	 	 
18.7 	 1.12672e-09 	 	 
18.72 	 1.1039e-09 	 	 
18.74 	 1.08154e-09 	 	 
18.76 	 1.05964e-09 	 	 
18.78 	 1.03819e-09 	 	 
18.8 	 1.01717e-09 	 	 
18.82 	 9.96574e-10 	 	 
18.84 	 9.76399e-10 	 	 
18.86 	 9.56633e-10 	 	 
18.88 	 9.37269e-10 	 	 
18.9 	 9.18298e-10 	 	 
18.92 	 8.99712e-10 	 	 
18.94 	 8.81503e-10 	 	 
18.96 	 8.63663e-10 	 	 
18.98 	 8.46186e-10 	 	 
19 	 8.29063e-10 	 	 
19.02 	 8.12288e-10 	 	 
19.04 	 7.95853e-10 	 	 
19.06 	 7.79752e-10 	 	 
19.08 	 7.63977e-10 	 	 
19.1 	 7.48522e-10 	 	 
19.12 	 7.33381e-10 	 	 
19.14 	 7.18547e-10 	 	 
19.16 	 7.04013e-10 	 	 
19.18 	 6.89775e-10 	 	 
19.2 	 6.75825e-10 	 	 
19.22 	 6.62158e-10 	 	 
19.24 	 6.48768e-10 	 	 
19.26 	 6.35649e-10 	 	 
19.28 	 6.22797e-10 	 	 
19.3 	 6.10205e-10 	 	 
19.32 	 5.97868e-10 	 	 
19.34 	 5.85781e-10 	 	 
19.36 	 5.73939e-10 	 	 
19.38 	 5.62337e-10 	 	 
19.4 	 5.50971e-10 	 	 
19.42 	 5.39834e-10 	 	 
19.44 	 5.28923e-10 	 	 
19.46 	 5.18234e-10 	 	 
19.48 	 5.0776e-10 	 	 
19.5 	 4.97499e-10 	 	 
19.52 	 4.87446e-10 	 	 
19.54 	 4.77596e-10 	 	 
19.56 	 4.67946e-10 	 	 
19.58 	 4.58491e-10 	 	 
19.6 	 4.49228e-10 	 	 
19.62 	 4.40152e-10 	 	 
19.64 	 4.3126e-10 	 	 
19.66 	 4.22549e-10 	 	 
19.68 	 4.14013e-10 	 	 
19.7 	 4.0565e-10 	 	 
19.72 	 3.97457e-10 	 	 
19.74 	 3.89429e-10 	 	 
19.76 	 3.81564e-10 	 	 
19.78 	 3.73858e-10 	 	 
19.8 	 3.66308e-10 	 	 
19.82 	 3.5891e-10 	 	 
19.84 	 3.51663e-10 	 	 
19.86 	 3.44561e-10 	 	 
19.88 	 3.37604e-10 	 	 
19.9 	 3.30787e-10 	 	 
19.92 	 3.24109e-10 	 	 
19.94 	 3.17565e-10 	 	 
19.96 	 3.11154e-10 	 	 
19.98 	 3.04872e-10 	 	 
20 	 2.98717e-10 	 	 
20.02 	 2.92687e-10 	 	 
20.04 	 2.86779e-10 	 	 
20.06 	 2.8099e-10 	 	 
20.08 	 2.75319e-10 	 	 
20.1 	 2.69762e-10 	 	 
20.12 	 2.64317e-10 	 	 
20.14 	 2.58982e-10 	 	 
20.16 	 2.53755e-10 	 	 
20.18 	 2.48634e-10 	 	 
20.2 	 2.43616e-10 	 	 
20.22 	 2.387e-10 	 	 
20.24 	 2.33883e-10 	 	 
20.26 	 2.29164e-10 	 	 
20.28 	 2.24539e-10 	 	 
20.3 	 2.20008e-10 	 	 
20.32 	 2.15569e-10 	 	 
20.34 	 2.1122e-10 	 	 
20.36 	 2.06958e-10 	 	 
20.38 	 2.02782e-10 	 	 
20.4 	 1.98691e-10 	 	 
20.42 	 1.94682e-10 	 	 
20.44 	 1.90754e-10 	 	 
20.46 	 1.86906e-10 	 	 
20.48 	 1.83135e-10 	 	 
20.5 	 1.79441e-10 	 	 
20.52 	 1.75821e-10 	 	 
20.54 	 1.72274e-10 	 	 
20.56 	 1.68799e-10 	 	 
20.58 	 1.65394e-10 	 	 
20.6 	 1.62057e-10 	 	 
20.62 	 1.58788e-10 	 	 
20.64 	 1.55585e-10 	 	 
20.66 	 1.52447e-10 	 	 
20.68 	 1.49372e-10 	 	 
20.7 	 1.46359e-10 	 	 
20.72 	 1.43407e-10 	 	 
20.74 	 1.40514e-10 	 	 
20.76 	 1.3768e-10 	 	 
20.78 	 1.34903e-10 	 	 
20.8 	 1.32182e-10 	 	 
20.82 	 1.29516e-10 	 	 
20.84 	 1.26903e-10 	 	 
20.86 	 1.24344e-10 	 	 
20.88 	 1.21836e-10 	 	 
20.9 	 1.19378e-10 	 	 
20.92 	 1.1697e-10 	 	 
20.94 	 1.14611e-10 	 	 
20.96 	 1.12299e-10 	 	 
20.98 	 1.10034e-10 	 	 
21 	 1.07815e-10 	 	 
21.02 	 1.0564e-10 	 	 
21.04 	 1.0351e-10 	 	 
21.06 	 1.01422e-10 	 	 
21.08 	 9.93759e-11 	 	 
21.1 	 9.73714e-11 	 	 
21.12 	 9.54074e-11 	 	 
21.14 	 9.34829e-11 	 	 
21.16 	 9.15972e-11 	 	 
21.18 	 8.97495e-11 	 	 
21.2 	 8.7939e-11 	 	 
21.22 	 8.6165e-11 	 	 
21.24 	 8.44268e-11 	 	 
21.26 	 8.27237e-11 	 	 
21.28 	 8.10548e-11 	 	 
21.3 	 7.94196e-11 	 	 
21.32 	 7.78173e-11 	 	 
21.34 	 7.62473e-11 	 	 
21.36 	 7.4709e-11 	 	 
21.38 	 7.32016e-11 	 	 
21.4 	 7.17246e-11 	 	 
21.42 	 7.02774e-11 	 	 
21.44 	 6.88593e-11 	 	 
21.46 	 6.74698e-11 	 	 
21.48 	 6.61083e-11 	 	 
21.5 	 6.47742e-11 	 	 
21.52 	 6.3467e-11 	 	 
21.54 	 6.21861e-11 	 	 
21.56 	 6.0931e-11 	 	 
21.58 	 5.97011e-11 	 	 
21.6 	 5.84961e-11 	 	 
21.62 	 5.73153e-11 	 	 
21.64 	 5.61583e-11 	 	 
21.66 	 5.50246e-11 	 	 
21.68 	 5.39137e-11 	 	 
21.7 	 5.28252e-11 	 	 
21.72 	 5.17586e-11 	 	 
21.74 	 5.07135e-11 	 	 
21.76 	 4.96894e-11 	 	 
21.78 	 4.8686e-11 	 	 
21.8 	 4.77027e-11 	 	 
21.82 	 4.67393e-11 	 	 
21.84 	 4.57952e-11 	 	 
21.86 	 4.48701e-11 	 	 
21.88 	 4.39637e-11 	 	 
21.9 	 4.30755e-11 	 	 
21.92 	 4.22052e-11 	 	 
21.94 	 4.13524e-11 	 	 
21.96 	 4.05168e-11 	 	 
21.98 	 3.9698e-11 	 	 
22 	 3.88956e-11 	 	 
22.02 	 3.81094e-11 	 	 
22.04 	 3.73391e-11 	 	 
22.06 	 3.65842e-11 	 	 
22.08 	 3.58446e-11 	 	 
22.1 	 3.51198e-11 	 	 
22.12 	 3.44096e-11 	 	 
22.14 	 3.37137e-11 	 	 
22.16 	 3.30318e-11 	 	 
22.18 	 3.23636e-11 	 	 
22.2 	 3.17089e-11 	 	 
22.22 	 3.10673e-11 	 	 
22.24 	 3.04387e-11 	 	 
22.26 	 2.98227e-11 	 	 
22.28 	 2.92191e-11 	 	 
22.3 	 2.86276e-11 	 	 
22.32 	 2.80481e-11 	 	 
22.34 	 2.74802e-11 	 	 
22.36 	 2.69237e-11 	 	 
22.38 	 2.63785e-11 	 	 
22.4 	 2.58442e-11 	 	 
22.42 	 2.53206e-11 	 	 
22.44 	 2.48076e-11 	 	 
22.46 	 2.43049e-11 	 	 
22.48 	 2.38123e-11 	 	 
22.5 	 2.33297e-11 	 	 
22.52 	 2.28567e-11 	 	 
22.54 	 2.23933e-11 	 	 
22.56 	 2.19392e-11 	 	 
22.58 	 2.14942e-11 	 	 
22.6 	 2.10582e-11 	 	 
22.62 	 2.0631e-11 	 	 
22.64 	 2.02123e-11 	 	 
22.66 	 1.98021e-11 	 	 
22.68 	 1.94001e-11 	 	 
22.7 	 1.90063e-11 	 	 
22.72 	 1.86203e-11 	 	 
22.74 	 1.82421e-11 	 	 
22.76 	 1.78716e-11 	 	 
22.78 	 1.75084e-11 	 	 
22.8 	 1.71526e-11 	 	 
22.82 	 1.6804e-11 	 	 
22.84 	 1.64624e-11 	 	 
22.86 	 1.61276e-11 	 	 
22.88 	 1.57996e-11 	 	 
22.9 	 1.54782e-11 	 	 
22.92 	 1.51633e-11 	 	 
22.94 	 1.48547e-11 	 	 
22.96 	 1.45524e-11 	 	 
22.98 	 1.42561e-11 	 	 
23 	 1.39658e-11 	 	 
23.02 	 1.36813e-11 	 	 
23.04 	 1.34026e-11 	 	 
23.06 	 1.31294e-11 	 	 
23.08 	 1.28618e-11 	 	 
23.1 	 1.25996e-11 	 	 
23.12 	 1.23427e-11 	 	 
23.14 	 1.20909e-11 	 	 
23.16 	 1.18442e-11 	 	 
23.18 	 1.16025e-11 	 	 
23.2 	 1.13656e-11 	 	 
23.22 	 1.11336e-11 	 	 
23.24 	 1.09062e-11 	 	 
23.26 	 1.06834e-11 	 	 
23.28 	 1.04651e-11 	 	 
23.3 	 1.02512e-11 	 	 
23.32 	 1.00416e-11 	 	 
23.34 	 9.83624e-12 	 	 
23.36 	 9.63502e-12 	 	 
23.38 	 9.43788e-12 	 	 
23.4 	 9.24471e-12 	 	 
23.42 	 9.05544e-12 	 	 
23.44 	 8.87e-12 	 	 
23.46 	 8.68831e-12 	 	 
23.48 	 8.51029e-12 	 	 
23.5 	 8.33586e-12 	 	 
23.52 	 8.16497e-12 	 	 
23.54 	 7.99753e-12 	 	 
23.56 	 7.83348e-12 	 	 
23.58 	 7.67275e-12 	 	 
23.6 	 7.51527e-12 	 	 
23.62 	 7.36098e-12 	 	 
23.64 	 7.20982e-12 	 	 
23.66 	 7.06172e-12 	 	 
23.68 	 6.91662e-12 	 	 
23.7 	 6.77447e-12 	 	 
23.72 	 6.63519e-12 	 	 
23.74 	 6.49875e-12 	 	 
23.76 	 6.36508e-12 	 	 
23.78 	 6.23412e-12 	 	 
23.8 	 6.10582e-12 	 	 
23.82 	 5.98013e-12 	 	 
23.84 	 5.857e-12 	 	 
23.86 	 5.73637e-12 	 	 
23.88 	 5.6182e-12 	 	 
23.9 	 5.50244e-12 	 	 
23.92 	 5.38904e-12 	 	 
23.94 	 5.27795e-12 	 	 
23.96 	 5.16913e-12 	 	 
23.98 	 5.06253e-12 	 	 
24 	 4.95811e-12 	 	 
24.02 	 4.85582e-12 	 	 
24.04 	 4.75563e-12 	 	 
24.06 	 4.65749e-12 	 	 
24.08 	 4.56137e-12 	 	 
24.1 	 4.46721e-12 	 	 
24.12 	 4.37499e-12 	 	 
24.14 	 4.28466e-12 	 	 
24.16 	 4.1962e-12 	 	 
24.18 	 4.10955e-12 	 	 
24.2 	 4.02469e-12 	 	 
24.22 	 3.94158e-12 	 	 
24.24 	 3.86019e-12 	 	 
24.26 	 3.78048e-12 	 	 
24.28 	 3.70242e-12 	 	 
24.3 	 3.62598e-12 	 	 
24.32 	 3.55112e-12 	 	 
24.34 	 3.47782e-12 	 	 
24.36 	 3.40605e-12 	 	 
24.38 	 3.33577e-12 	 	 
24.4 	 3.26696e-12 	 	 
24.42 	 3.19959e-12 	 	 
24.44 	 3.13363e-12 	 	 
24.46 	 3.06905e-12 	 	 
24.48 	 3.00583e-12 	 	 
24.5 	 2.94394e-12 	 	 
24.52 	 2.88335e-12 	 	 
24.54 	 2.82405e-12 	 	 
24.56 	 2.766e-12 	 	 
24.58 	 2.70918e-12 	 	 
24.6 	 2.65357e-12 	 	 
24.62 	 2.59915e-12 	 	 
24.64 	 2.54589e-12 	 	 
24.66 	 2.49377e-12 	 	 
24.68 	 2.44277e-12 	 	 
24.7 	 2.39287e-12 	 	 
24.72 	 2.34404e-12 	 	 
24.74 	 2.29627e-12 	 	 
24.76 	 2.24954e-12 	 	 
24.78 	 2.20383e-12 	 	 
24.8 	 2.15912e-12 	 	 
24.82 	 2.11539e-12 	 	 
24.84 	 2.07262e-12 	 	 
24.86 	 2.0308e-12 	 	 
24.88 	 1.9899e-12 	 	 
24.9 	 1.94991e-12 	 	 
24.92 	 1.91082e-12 	 	 
24.94 	 1.87261e-12 	 	 
24.96 	 1.83526e-12 	 	 
24.98 	 1.79876e-12 	 	 
