0 	 0.00354335 	 	 
0.025 	 0.00354335 	 	 
0.05 	 0.00354335 	 	 
0.075 	 0.00354335 	 	 
0.1 	 0.00354335 	 	 
0.125 	 0.00354335 	 	 
0.15 	 0.00354335 	 	 
0.175 	 0.00354335 	 	 
0.2 	 0.00354335 	 	 
0.225 	 0.00354335 	 	 
0.25 	 0.00354335 	 	 
0.275 	 0.00354335 	 	 
0.3 	 0.00354335 	 	 
0.325 	 0.00354335 	 	 
0.35 	 0.00354335 	 	 
0.375 	 0.00354335 	 	 
0.4 	 0.00354335 	 	 
0.425 	 0.00354335 	 	 
0.45 	 0.00354335 	 	 
0.475 	 0.00354335 	 	 
0.5 	 0.00354335 	 	 
0.525 	 0.00354335 	 	 
0.55 	 0.00354335 	 	 
0.575 	 0.00354335 	 	 
0.6 	 0.00354335 	 	 
0.625 	 0.00354334 	 	 
0.65 	 0.00354334 	 	 
0.675 	 0.00354334 	 	 
0.7 	 0.00354334 	 	 
0.725 	 0.00354334 	 	 
0.75 	 0.00354334 	 	 
0.775 	 0.00354334 	 	 
0.8 	 0.00354334 	 	 
0.825 	 0.00354334 	 	 
0.85 	 0.00354334 	 	 
0.875 	 0.00354334 	 	 
0.9 	 0.00354334 	 	 
0.925 	 0.00354334 	 	 
0.95 	 0.00354334 	 	 
0.975 	 0.00354334 	 	 
1 	 0.00354334 	 	 
1.025 	 0.00354334 	 	 
1.05 	 0.00354334 	 	 
1.075 	 0.00354334 	 	 
1.1 	 0.00354334 	 	 
1.125 	 0.00354334 	 	 
1.15 	 0.00354334 	 	 
1.175 	 0.00354334 	 	 
1.2 	 0.00354334 	 	 
1.225 	 0.00354334 	 	 
1.25 	 0.00354334 	 	 
1.275 	 0.00354334 	 	 
1.3 	 0.00354334 	 	 
1.325 	 0.00354334 	 	 
1.35 	 0.00354334 	 	 
1.375 	 0.00354334 	 	 
1.4 	 0.00354334 	 	 
1.425 	 0.00354334 	 	 
1.45 	 0.00354334 	 	 
1.475 	 0.00354333 	 	 
1.5 	 0.00354333 	 	 
1.525 	 0.00354333 	 	 
1.55 	 0.00354333 	 	 
1.575 	 0.00354333 	 	 
1.6 	 0.00354333 	 	 
1.625 	 0.00354333 	 	 
1.65 	 0.00354333 	 	 
1.675 	 0.00354333 	 	 
1.7 	 0.00354333 	 	 
1.725 	 0.00354333 	 	 
1.75 	 0.00354333 	 	 
1.775 	 0.00354333 	 	 
1.8 	 0.00354333 	 	 
1.825 	 0.00354333 	 	 
1.85 	 0.00354333 	 	 
1.875 	 0.00354333 	 	 
1.9 	 0.00354333 	 	 
1.925 	 0.00354332 	 	 
1.95 	 0.00354332 	 	 
1.975 	 0.00354332 	 	 
2 	 0.00354332 	 	 
2.025 	 0.00354332 	 	 
2.05 	 0.00354332 	 	 
2.075 	 0.00354332 	 	 
2.1 	 0.00354332 	 	 
2.125 	 0.00354332 	 	 
2.15 	 0.00354332 	 	 
2.175 	 0.00354332 	 	 
2.2 	 0.00354332 	 	 
2.225 	 0.00354331 	 	 
2.25 	 0.00354331 	 	 
2.275 	 0.00354331 	 	 
2.3 	 0.00354331 	 	 
2.325 	 0.00354331 	 	 
2.35 	 0.00354331 	 	 
2.375 	 0.00354331 	 	 
2.4 	 0.00354331 	 	 
2.425 	 0.00354331 	 	 
2.45 	 0.00354331 	 	 
2.475 	 0.0035433 	 	 
2.5 	 0.0035433 	 	 
2.525 	 0.0035433 	 	 
2.55 	 0.0035433 	 	 
2.575 	 0.0035433 	 	 
2.6 	 0.0035433 	 	 
2.625 	 0.0035433 	 	 
2.65 	 0.0035433 	 	 
2.675 	 0.00354329 	 	 
2.7 	 0.00354329 	 	 
2.725 	 0.00354329 	 	 
2.75 	 0.00354329 	 	 
2.775 	 0.00354329 	 	 
2.8 	 0.00354329 	 	 
2.825 	 0.00354328 	 	 
2.85 	 0.00354328 	 	 
2.875 	 0.00354328 	 	 
2.9 	 0.00354328 	 	 
2.925 	 0.00354328 	 	 
2.95 	 0.00354328 	 	 
2.975 	 0.00354327 	 	 
3 	 0.00354327 	 	 
3.025 	 0.00354327 	 	 
3.05 	 0.00354327 	 	 
3.075 	 0.00354326 	 	 
3.1 	 0.00354326 	 	 
3.125 	 0.00354326 	 	 
3.15 	 0.00354326 	 	 
3.175 	 0.00354326 	 	 
3.2 	 0.00354325 	 	 
3.225 	 0.00354325 	 	 
3.25 	 0.00354325 	 	 
3.275 	 0.00354325 	 	 
3.3 	 0.00354324 	 	 
3.325 	 0.00354324 	 	 
3.35 	 0.00354324 	 	 
3.375 	 0.00354323 	 	 
3.4 	 0.00354323 	 	 
3.425 	 0.00354323 	 	 
3.45 	 0.00354322 	 	 
3.475 	 0.00354322 	 	 
3.5 	 0.00354322 	 	 
3.525 	 0.00354321 	 	 
3.55 	 0.00354321 	 	 
3.575 	 0.00354321 	 	 
3.6 	 0.0035432 	 	 
3.625 	 0.0035432 	 	 
3.65 	 0.0035432 	 	 
3.675 	 0.00354319 	 	 
3.7 	 0.00354319 	 	 
3.725 	 0.00354318 	 	 
3.75 	 0.00354318 	 	 
3.775 	 0.00354318 	 	 
3.8 	 0.00354317 	 	 
3.825 	 0.00354317 	 	 
3.85 	 0.00354316 	 	 
3.875 	 0.00354316 	 	 
3.9 	 0.00354315 	 	 
3.925 	 0.00354315 	 	 
3.95 	 0.00354314 	 	 
3.975 	 0.00354314 	 	 
4 	 0.00354313 	 	 
4.025 	 0.00354313 	 	 
4.05 	 0.00354312 	 	 
4.075 	 0.00354311 	 	 
4.1 	 0.00354311 	 	 
4.125 	 0.0035431 	 	 
4.15 	 0.0035431 	 	 
4.175 	 0.00354309 	 	 
4.2 	 0.00354308 	 	 
4.225 	 0.00354308 	 	 
4.25 	 0.00354307 	 	 
4.275 	 0.00354306 	 	 
4.3 	 0.00354305 	 	 
4.325 	 0.00354305 	 	 
4.35 	 0.00354304 	 	 
4.375 	 0.00354303 	 	 
4.4 	 0.00354302 	 	 
4.425 	 0.00354301 	 	 
4.45 	 0.00354301 	 	 
4.475 	 0.003543 	 	 
4.5 	 0.00354299 	 	 
4.525 	 0.00354298 	 	 
4.55 	 0.00354297 	 	 
4.575 	 0.00354296 	 	 
4.6 	 0.00354295 	 	 
4.625 	 0.00354294 	 	 
4.65 	 0.00354293 	 	 
4.675 	 0.00354292 	 	 
4.7 	 0.00354291 	 	 
4.725 	 0.0035429 	 	 
4.75 	 0.00354288 	 	 
4.775 	 0.00354287 	 	 
4.8 	 0.00354286 	 	 
4.825 	 0.00354285 	 	 
4.85 	 0.00354283 	 	 
4.875 	 0.00354282 	 	 
4.9 	 0.00354281 	 	 
4.925 	 0.00354279 	 	 
4.95 	 0.00354278 	 	 
4.975 	 0.00354277 	 	 
5 	 0.00354275 	 	 
5.025 	 0.00354274 	 	 
5.05 	 0.00354272 	 	 
5.075 	 0.0035427 	 	 
5.1 	 0.00354269 	 	 
5.125 	 0.00354267 	 	 
5.15 	 0.00354265 	 	 
5.175 	 0.00354264 	 	 
5.2 	 0.00354262 	 	 
5.225 	 0.0035426 	 	 
5.25 	 0.00354258 	 	 
5.275 	 0.00354256 	 	 
5.3 	 0.00354254 	 	 
5.325 	 0.00354252 	 	 
5.35 	 0.0035425 	 	 
5.375 	 0.00354248 	 	 
5.4 	 0.00354245 	 	 
5.425 	 0.00354243 	 	 
5.45 	 0.00354241 	 	 
5.475 	 0.00354238 	 	 
5.5 	 0.00354236 	 	 
5.525 	 0.00354233 	 	 
5.55 	 0.00354231 	 	 
5.575 	 0.00354228 	 	 
5.6 	 0.00354226 	 	 
5.625 	 0.00354223 	 	 
5.65 	 0.0035422 	 	 
5.675 	 0.00354217 	 	 
5.7 	 0.00354214 	 	 
5.725 	 0.00354211 	 	 
5.75 	 0.00354208 	 	 
5.775 	 0.00354205 	 	 
5.8 	 0.00354201 	 	 
5.825 	 0.00354198 	 	 
5.85 	 0.00354194 	 	 
5.875 	 0.00354191 	 	 
5.9 	 0.00354187 	 	 
5.925 	 0.00354183 	 	 
5.95 	 0.0035418 	 	 
5.975 	 0.00354176 	 	 
6 	 0.00354172 	 	 
6.025 	 0.00354167 	 	 
6.05 	 0.00354163 	 	 
6.075 	 0.00354159 	 	 
6.1 	 0.00354154 	 	 
6.125 	 0.0035415 	 	 
6.15 	 0.00354145 	 	 
6.175 	 0.0035414 	 	 
6.2 	 0.00354135 	 	 
6.225 	 0.0035413 	 	 
6.25 	 0.00354125 	 	 
6.275 	 0.0035412 	 	 
6.3 	 0.00354114 	 	 
6.325 	 0.00354109 	 	 
6.35 	 0.00354103 	 	 
6.375 	 0.00354097 	 	 
6.4 	 0.00354091 	 	 
6.425 	 0.00354085 	 	 
6.45 	 0.00354079 	 	 
6.475 	 0.00354072 	 	 
6.5 	 0.00354066 	 	 
6.525 	 0.00354059 	 	 
6.55 	 0.00354052 	 	 
6.575 	 0.00354045 	 	 
6.6 	 0.00354037 	 	 
6.625 	 0.0035403 	 	 
6.65 	 0.00354022 	 	 
6.675 	 0.00354014 	 	 
6.7 	 0.00354006 	 	 
6.725 	 0.00353998 	 	 
6.75 	 0.00353989 	 	 
6.775 	 0.0035398 	 	 
6.8 	 0.00353971 	 	 
6.825 	 0.00353962 	 	 
6.85 	 0.00353953 	 	 
6.875 	 0.00353943 	 	 
6.9 	 0.00353933 	 	 
6.925 	 0.00353923 	 	 
6.95 	 0.00353912 	 	 
6.975 	 0.00353902 	 	 
7 	 0.00353891 	 	 
7.025 	 0.0035388 	 	 
7.05 	 0.00353868 	 	 
7.075 	 0.00353856 	 	 
7.1 	 0.00353844 	 	 
7.125 	 0.00353832 	 	 
7.15 	 0.00353819 	 	 
7.175 	 0.00353806 	 	 
7.2 	 0.00353792 	 	 
7.225 	 0.00353779 	 	 
7.25 	 0.00353765 	 	 
7.275 	 0.0035375 	 	 
7.3 	 0.00353736 	 	 
7.325 	 0.0035372 	 	 
7.35 	 0.00353705 	 	 
7.375 	 0.00353689 	 	 
7.4 	 0.00353673 	 	 
7.425 	 0.00353656 	 	 
7.45 	 0.00353639 	 	 
7.475 	 0.00353621 	 	 
7.5 	 0.00353603 	 	 
7.525 	 0.00353585 	 	 
7.55 	 0.00353566 	 	 
7.575 	 0.00353546 	 	 
7.6 	 0.00353526 	 	 
7.625 	 0.00353506 	 	 
7.65 	 0.00353485 	 	 
7.675 	 0.00353463 	 	 
7.7 	 0.00353441 	 	 
7.725 	 0.00353419 	 	 
7.75 	 0.00353396 	 	 
7.775 	 0.00353372 	 	 
7.8 	 0.00353348 	 	 
7.825 	 0.00353323 	 	 
7.85 	 0.00353297 	 	 
7.875 	 0.00353271 	 	 
7.9 	 0.00353244 	 	 
7.925 	 0.00353216 	 	 
7.95 	 0.00353188 	 	 
7.975 	 0.00353159 	 	 
8 	 0.0035313 	 	 
8.025 	 0.00353099 	 	 
8.05 	 0.00353068 	 	 
8.075 	 0.00353036 	 	 
8.1 	 0.00353003 	 	 
8.125 	 0.0035297 	 	 
8.15 	 0.00352935 	 	 
8.175 	 0.003529 	 	 
8.2 	 0.00352864 	 	 
8.225 	 0.00352827 	 	 
8.25 	 0.00352789 	 	 
8.275 	 0.0035275 	 	 
8.3 	 0.0035271 	 	 
8.325 	 0.00352669 	 	 
8.35 	 0.00352627 	 	 
8.375 	 0.00352584 	 	 
8.4 	 0.0035254 	 	 
8.425 	 0.00352494 	 	 
8.45 	 0.00352448 	 	 
8.475 	 0.00352401 	 	 
8.5 	 0.00352352 	 	 
8.525 	 0.00352302 	 	 
8.55 	 0.00352251 	 	 
8.575 	 0.00352198 	 	 
8.6 	 0.00352145 	 	 
8.625 	 0.00352089 	 	 
8.65 	 0.00352033 	 	 
8.675 	 0.00351975 	 	 
8.7 	 0.00351916 	 	 
8.725 	 0.00351855 	 	 
8.75 	 0.00351793 	 	 
8.775 	 0.00351729 	 	 
8.8 	 0.00351663 	 	 
8.825 	 0.00351596 	 	 
8.85 	 0.00351527 	 	 
8.875 	 0.00351457 	 	 
8.9 	 0.00351384 	 	 
8.925 	 0.0035131 	 	 
8.95 	 0.00351234 	 	 
8.975 	 0.00351157 	 	 
9 	 0.00351077 	 	 
9.025 	 0.00350995 	 	 
9.05 	 0.00350912 	 	 
9.075 	 0.00350826 	 	 
9.1 	 0.00350738 	 	 
9.125 	 0.00350648 	 	 
9.15 	 0.00350555 	 	 
9.175 	 0.00350461 	 	 
9.2 	 0.00350364 	 	 
9.225 	 0.00350264 	 	 
9.25 	 0.00350162 	 	 
9.275 	 0.00350058 	 	 
9.3 	 0.00349951 	 	 
9.325 	 0.00349842 	 	 
9.35 	 0.00349729 	 	 
9.375 	 0.00349614 	 	 
9.4 	 0.00349496 	 	 
9.425 	 0.00349376 	 	 
9.45 	 0.00349252 	 	 
9.475 	 0.00349125 	 	 
9.5 	 0.00348995 	 	 
9.525 	 0.00348862 	 	 
9.55 	 0.00348726 	 	 
9.575 	 0.00348586 	 	 
9.6 	 0.00348443 	 	 
9.625 	 0.00348296 	 	 
9.65 	 0.00348146 	 	 
9.675 	 0.00347992 	 	 
9.7 	 0.00347834 	 	 
9.725 	 0.00347673 	 	 
9.75 	 0.00347508 	 	 
9.775 	 0.00347338 	 	 
9.8 	 0.00347165 	 	 
9.825 	 0.00346987 	 	 
9.85 	 0.00346805 	 	 
9.875 	 0.00346618 	 	 
9.9 	 0.00346427 	 	 
9.925 	 0.00346232 	 	 
9.95 	 0.00346031 	 	 
9.975 	 0.00345826 	 	 
10 	 0.00345616 	 	 
10.025 	 0.00345401 	 	 
10.05 	 0.00345181 	 	 
10.075 	 0.00344955 	 	 
10.1 	 0.00344724 	 	 
10.125 	 0.00344487 	 	 
10.15 	 0.00344245 	 	 
10.175 	 0.00343997 	 	 
10.2 	 0.00343743 	 	 
10.225 	 0.00343483 	 	 
10.25 	 0.00343217 	 	 
10.275 	 0.00342945 	 	 
10.3 	 0.00342666 	 	 
10.325 	 0.00342381 	 	 
10.35 	 0.00342088 	 	 
10.375 	 0.00341789 	 	 
10.4 	 0.00341483 	 	 
10.425 	 0.0034117 	 	 
10.45 	 0.0034085 	 	 
10.475 	 0.00340521 	 	 
10.5 	 0.00340186 	 	 
10.525 	 0.00339842 	 	 
10.55 	 0.00339491 	 	 
10.575 	 0.00339131 	 	 
10.6 	 0.00338763 	 	 
10.625 	 0.00338386 	 	 
10.65 	 0.00338001 	 	 
10.675 	 0.00337607 	 	 
10.7 	 0.00337204 	 	 
10.725 	 0.00336792 	 	 
10.75 	 0.00336371 	 	 
10.775 	 0.00335939 	 	 
10.8 	 0.00335499 	 	 
10.825 	 0.00335048 	 	 
10.85 	 0.00334587 	 	 
10.875 	 0.00334115 	 	 
10.9 	 0.00333633 	 	 
10.925 	 0.0033314 	 	 
10.95 	 0.00332637 	 	 
10.975 	 0.00332122 	 	 
11 	 0.00331596 	 	 
11.025 	 0.00331058 	 	 
11.05 	 0.00330508 	 	 
11.075 	 0.00329946 	 	 
11.1 	 0.00329373 	 	 
11.125 	 0.00328786 	 	 
11.15 	 0.00328187 	 	 
11.175 	 0.00327575 	 	 
11.2 	 0.0032695 	 	 
11.225 	 0.00326312 	 	 
11.25 	 0.0032566 	 	 
11.275 	 0.00324994 	 	 
11.3 	 0.00324314 	 	 
11.325 	 0.0032362 	 	 
11.35 	 0.00322911 	 	 
11.375 	 0.00322188 	 	 
11.4 	 0.0032145 	 	 
11.425 	 0.00320696 	 	 
11.45 	 0.00319927 	 	 
11.475 	 0.00319143 	 	 
11.5 	 0.00318342 	 	 
11.525 	 0.00317526 	 	 
11.55 	 0.00316693 	 	 
11.575 	 0.00315844 	 	 
11.6 	 0.00314977 	 	 
11.625 	 0.00314094 	 	 
11.65 	 0.00313194 	 	 
11.675 	 0.00312276 	 	 
11.7 	 0.0031134 	 	 
11.725 	 0.00310387 	 	 
11.75 	 0.00309416 	 	 
11.775 	 0.00308426 	 	 
11.8 	 0.00307417 	 	 
11.825 	 0.0030639 	 	 
11.85 	 0.00305344 	 	 
11.875 	 0.00304279 	 	 
11.9 	 0.00303195 	 	 
11.925 	 0.00302091 	 	 
11.95 	 0.00300968 	 	 
11.975 	 0.00299825 	 	 
12 	 0.00298662 	 	 
12.025 	 0.00297479 	 	 
12.05 	 0.00296275 	 	 
12.075 	 0.00295051 	 	 
12.1 	 0.00293807 	 	 
12.125 	 0.00292542 	 	 
12.15 	 0.00291256 	 	 
12.175 	 0.00289949 	 	 
12.2 	 0.00288621 	 	 
12.225 	 0.00287273 	 	 
12.25 	 0.00285903 	 	 
12.275 	 0.00284512 	 	 
12.3 	 0.002831 	 	 
12.325 	 0.00281666 	 	 
12.35 	 0.00280211 	 	 
12.375 	 0.00278735 	 	 
12.4 	 0.00277238 	 	 
12.425 	 0.00275719 	 	 
12.45 	 0.00274179 	 	 
12.475 	 0.00272618 	 	 
12.5 	 0.00271036 	 	 
12.525 	 0.00269432 	 	 
12.55 	 0.00267808 	 	 
12.575 	 0.00266162 	 	 
12.6 	 0.00264496 	 	 
12.625 	 0.00262809 	 	 
12.65 	 0.00261102 	 	 
12.675 	 0.00259374 	 	 
12.7 	 0.00257627 	 	 
12.725 	 0.00255859 	 	 
12.75 	 0.00254071 	 	 
12.775 	 0.00252264 	 	 
12.8 	 0.00250438 	 	 
12.825 	 0.00248593 	 	 
12.85 	 0.00246729 	 	 
12.875 	 0.00244846 	 	 
12.9 	 0.00242946 	 	 
12.925 	 0.00241028 	 	 
12.95 	 0.00239092 	 	 
12.975 	 0.0023714 	 	 
13 	 0.00235171 	 	 
13.025 	 0.00233186 	 	 
13.05 	 0.00231185 	 	 
13.075 	 0.00229168 	 	 
13.1 	 0.00227137 	 	 
13.125 	 0.00225092 	 	 
13.15 	 0.00223032 	 	 
13.175 	 0.00220959 	 	 
13.2 	 0.00218874 	 	 
13.225 	 0.00216776 	 	 
13.25 	 0.00214666 	 	 
13.275 	 0.00212545 	 	 
13.3 	 0.00210414 	 	 
13.325 	 0.00208272 	 	 
13.35 	 0.00206121 	 	 
13.375 	 0.00203962 	 	 
13.4 	 0.00201794 	 	 
13.425 	 0.00199618 	 	 
13.45 	 0.00197436 	 	 
13.475 	 0.00195247 	 	 
13.5 	 0.00193053 	 	 
13.525 	 0.00190854 	 	 
13.55 	 0.0018865 	 	 
13.575 	 0.00186443 	 	 
13.6 	 0.00184234 	 	 
13.625 	 0.00182021 	 	 
13.65 	 0.00179808 	 	 
13.675 	 0.00177593 	 	 
13.7 	 0.00175379 	 	 
13.725 	 0.00173165 	 	 
13.75 	 0.00170952 	 	 
13.775 	 0.00168741 	 	 
13.8 	 0.00166533 	 	 
13.825 	 0.00164328 	 	 
13.85 	 0.00162128 	 	 
13.875 	 0.00159931 	 	 
13.9 	 0.00157741 	 	 
13.925 	 0.00155556 	 	 
13.95 	 0.00153378 	 	 
13.975 	 0.00151207 	 	 
14 	 0.00149044 	 	 
14.025 	 0.00146889 	 	 
14.05 	 0.00144744 	 	 
14.075 	 0.00142609 	 	 
14.1 	 0.00140484 	 	 
14.125 	 0.00138369 	 	 
14.15 	 0.00136267 	 	 
14.175 	 0.00134177 	 	 
14.2 	 0.00132099 	 	 
14.225 	 0.00130034 	 	 
14.25 	 0.00127983 	 	 
14.275 	 0.00125946 	 	 
14.3 	 0.00123924 	 	 
14.325 	 0.00121917 	 	 
14.35 	 0.00119926 	 	 
14.375 	 0.00117951 	 	 
14.4 	 0.00115992 	 	 
14.425 	 0.0011405 	 	 
14.45 	 0.00112125 	 	 
14.475 	 0.00110218 	 	 
14.5 	 0.00108328 	 	 
14.525 	 0.00106457 	 	 
14.55 	 0.00104605 	 	 
14.575 	 0.00102771 	 	 
14.6 	 0.00100957 	 	 
14.625 	 0.000991617 	 	 
14.65 	 0.000973863 	 	 
14.675 	 0.000956307 	 	 
14.7 	 0.000938953 	 	 
14.725 	 0.000921801 	 	 
14.75 	 0.000904854 	 	 
14.775 	 0.000888112 	 	 
14.8 	 0.000871578 	 	 
14.825 	 0.000855253 	 	 
14.85 	 0.000839137 	 	 
14.875 	 0.000823233 	 	 
14.9 	 0.000807539 	 	 
14.925 	 0.000792058 	 	 
14.95 	 0.000776789 	 	 
14.975 	 0.000761733 	 	 
15 	 0.00074689 	 	 
15.025 	 0.00073226 	 	 
15.05 	 0.000717843 	 	 
15.075 	 0.000703639 	 	 
15.1 	 0.000689648 	 	 
15.125 	 0.000675868 	 	 
15.15 	 0.0006623 	 	 
15.175 	 0.000648943 	 	 
15.2 	 0.000635795 	 	 
15.225 	 0.000622857 	 	 
15.25 	 0.000610126 	 	 
15.275 	 0.000597603 	 	 
15.3 	 0.000585285 	 	 
15.325 	 0.000573172 	 	 
15.35 	 0.000561262 	 	 
15.375 	 0.000549553 	 	 
15.4 	 0.000538045 	 	 
15.425 	 0.000526736 	 	 
15.45 	 0.000515623 	 	 
15.475 	 0.000504706 	 	 
15.5 	 0.000493982 	 	 
15.525 	 0.000483449 	 	 
15.55 	 0.000473107 	 	 
15.575 	 0.000462952 	 	 
15.6 	 0.000452983 	 	 
15.625 	 0.000443197 	 	 
15.65 	 0.000433594 	 	 
15.675 	 0.00042417 	 	 
15.7 	 0.000414923 	 	 
15.725 	 0.000405852 	 	 
15.75 	 0.000396954 	 	 
15.775 	 0.000388227 	 	 
15.8 	 0.000379669 	 	 
15.825 	 0.000371277 	 	 
15.85 	 0.00036305 	 	 
15.875 	 0.000354984 	 	 
15.9 	 0.000347078 	 	 
15.925 	 0.000339329 	 	 
15.95 	 0.000331735 	 	 
15.975 	 0.000324294 	 	 
16 	 0.000317004 	 	 
16.025 	 0.000309861 	 	 
16.05 	 0.000302865 	 	 
16.075 	 0.000296012 	 	 
16.1 	 0.0002893 	 	 
16.125 	 0.000282727 	 	 
16.15 	 0.000276291 	 	 
16.175 	 0.000269989 	 	 
16.2 	 0.000263819 	 	 
16.225 	 0.000257779 	 	 
16.25 	 0.000251867 	 	 
16.275 	 0.00024608 	 	 
16.3 	 0.000240417 	 	 
16.325 	 0.000234874 	 	 
16.35 	 0.000229451 	 	 
16.375 	 0.000224144 	 	 
16.4 	 0.000218952 	 	 
16.425 	 0.000213872 	 	 
16.45 	 0.000208903 	 	 
16.475 	 0.000204042 	 	 
16.5 	 0.000199288 	 	 
16.525 	 0.000194638 	 	 
16.55 	 0.00019009 	 	 
16.575 	 0.000185642 	 	 
16.6 	 0.000181293 	 	 
16.625 	 0.000177041 	 	 
16.65 	 0.000172883 	 	 
16.675 	 0.000168818 	 	 
16.7 	 0.000164844 	 	 
16.725 	 0.000160959 	 	 
16.75 	 0.000157161 	 	 
16.775 	 0.000153448 	 	 
16.8 	 0.00014982 	 	 
16.825 	 0.000146274 	 	 
16.85 	 0.000142808 	 	 
16.875 	 0.00013942 	 	 
16.9 	 0.00013611 	 	 
16.925 	 0.000132876 	 	 
16.95 	 0.000129715 	 	 
16.975 	 0.000126627 	 	 
17 	 0.00012361 	 	 
17.025 	 0.000120662 	 	 
17.05 	 0.000117781 	 	 
17.075 	 0.000114968 	 	 
17.1 	 0.000112219 	 	 
17.125 	 0.000109534 	 	 
17.15 	 0.000106911 	 	 
17.175 	 0.000104349 	 	 
17.2 	 0.000101847 	 	 
17.225 	 9.9403e-05 	 	 
17.25 	 9.70159e-05 	 	 
17.275 	 9.46846e-05 	 	 
17.3 	 9.24078e-05 	 	 
17.325 	 9.01843e-05 	 	 
17.35 	 8.80129e-05 	 	 
17.375 	 8.58925e-05 	 	 
17.4 	 8.3822e-05 	 	 
17.425 	 8.18002e-05 	 	 
17.45 	 7.98261e-05 	 	 
17.475 	 7.78985e-05 	 	 
17.5 	 7.60164e-05 	 	 
17.525 	 7.41789e-05 	 	 
17.55 	 7.23848e-05 	 	 
17.575 	 7.06332e-05 	 	 
17.6 	 6.89232e-05 	 	 
17.625 	 6.72538e-05 	 	 
17.65 	 6.5624e-05 	 	 
17.675 	 6.40331e-05 	 	 
17.7 	 6.248e-05 	 	 
17.725 	 6.09639e-05 	 	 
17.75 	 5.94839e-05 	 	 
17.775 	 5.80393e-05 	 	 
17.8 	 5.66292e-05 	 	 
17.825 	 5.52529e-05 	 	 
17.85 	 5.39094e-05 	 	 
17.875 	 5.25981e-05 	 	 
17.9 	 5.13183e-05 	 	 
17.925 	 5.00691e-05 	 	 
17.95 	 4.885e-05 	 	 
17.975 	 4.76601e-05 	 	 
18 	 4.64988e-05 	 	 
18.025 	 4.53654e-05 	 	 
18.05 	 4.42594e-05 	 	 
18.075 	 4.31799e-05 	 	 
18.1 	 4.21265e-05 	 	 
18.125 	 4.10984e-05 	 	 
18.15 	 4.00952e-05 	 	 
18.175 	 3.91162e-05 	 	 
18.2 	 3.81608e-05 	 	 
18.225 	 3.72285e-05 	 	 
18.25 	 3.63187e-05 	 	 
18.275 	 3.5431e-05 	 	 
18.3 	 3.45647e-05 	 	 
18.325 	 3.37194e-05 	 	 
18.35 	 3.28946e-05 	 	 
18.375 	 3.20898e-05 	 	 
18.4 	 3.13045e-05 	 	 
18.425 	 3.05383e-05 	 	 
18.45 	 2.97906e-05 	 	 
18.475 	 2.90611e-05 	 	 
18.5 	 2.83493e-05 	 	 
18.525 	 2.76548e-05 	 	 
18.55 	 2.69772e-05 	 	 
18.575 	 2.63161e-05 	 	 
18.6 	 2.56711e-05 	 	 
18.625 	 2.50417e-05 	 	 
18.65 	 2.44277e-05 	 	 
18.675 	 2.38286e-05 	 	 
18.7 	 2.32442e-05 	 	 
18.725 	 2.26739e-05 	 	 
18.75 	 2.21176e-05 	 	 
18.775 	 2.15749e-05 	 	 
18.8 	 2.10453e-05 	 	 
18.825 	 2.05287e-05 	 	 
18.85 	 2.00247e-05 	 	 
18.875 	 1.95331e-05 	 	 
18.9 	 1.90534e-05 	 	 
18.925 	 1.85854e-05 	 	 
18.95 	 1.81289e-05 	 	 
18.975 	 1.76835e-05 	 	 
19 	 1.7249e-05 	 	 
19.025 	 1.68252e-05 	 	 
19.05 	 1.64117e-05 	 	 
19.075 	 1.60083e-05 	 	 
19.1 	 1.56148e-05 	 	 
19.125 	 1.52309e-05 	 	 
19.15 	 1.48565e-05 	 	 
19.175 	 1.44912e-05 	 	 
19.2 	 1.41348e-05 	 	 
19.225 	 1.37872e-05 	 	 
19.25 	 1.3448e-05 	 	 
19.275 	 1.31172e-05 	 	 
19.3 	 1.27945e-05 	 	 
19.325 	 1.24798e-05 	 	 
19.35 	 1.21727e-05 	 	 
19.375 	 1.18732e-05 	 	 
19.4 	 1.1581e-05 	 	 
19.425 	 1.12959e-05 	 	 
19.45 	 1.10179e-05 	 	 
19.475 	 1.07467e-05 	 	 
19.5 	 1.04821e-05 	 	 
19.525 	 1.02241e-05 	 	 
19.55 	 9.97237e-06 	 	 
19.575 	 9.72682e-06 	 	 
19.6 	 9.48731e-06 	 	 
19.625 	 9.25368e-06 	 	 
19.65 	 9.02579e-06 	 	 
19.675 	 8.80349e-06 	 	 
19.7 	 8.58666e-06 	 	 
19.725 	 8.37516e-06 	 	 
19.75 	 8.16885e-06 	 	 
19.775 	 7.96761e-06 	 	 
19.8 	 7.77132e-06 	 	 
19.825 	 7.57986e-06 	 	 
19.85 	 7.3931e-06 	 	 
19.875 	 7.21094e-06 	 	 
19.9 	 7.03325e-06 	 	 
19.925 	 6.85994e-06 	 	 
19.95 	 6.69088e-06 	 	 
19.975 	 6.52599e-06 	 	 
20 	 6.36515e-06 	 	 
20.025 	 6.20827e-06 	 	 
20.05 	 6.05525e-06 	 	 
20.075 	 5.906e-06 	 	 
20.1 	 5.76041e-06 	 	 
20.125 	 5.61841e-06 	 	 
20.15 	 5.47991e-06 	 	 
20.175 	 5.34481e-06 	 	 
20.2 	 5.21304e-06 	 	 
20.225 	 5.08452e-06 	 	 
20.25 	 4.95916e-06 	 	 
20.275 	 4.83688e-06 	 	 
20.3 	 4.71762e-06 	 	 
20.325 	 4.60129e-06 	 	 
20.35 	 4.48783e-06 	 	 
20.375 	 4.37716e-06 	 	 
20.4 	 4.26922e-06 	 	 
20.425 	 4.16393e-06 	 	 
20.45 	 4.06124e-06 	 	 
20.475 	 3.96108e-06 	 	 
20.5 	 3.86339e-06 	 	 
20.525 	 3.7681e-06 	 	 
20.55 	 3.67517e-06 	 	 
20.575 	 3.58452e-06 	 	 
20.6 	 3.4961e-06 	 	 
20.625 	 3.40987e-06 	 	 
20.65 	 3.32576e-06 	 	 
20.675 	 3.24372e-06 	 	 
20.7 	 3.1637e-06 	 	 
20.725 	 3.08566e-06 	 	 
20.75 	 3.00954e-06 	 	 
20.775 	 2.93529e-06 	 	 
20.8 	 2.86288e-06 	 	 
20.825 	 2.79225e-06 	 	 
20.85 	 2.72336e-06 	 	 
20.875 	 2.65617e-06 	 	 
20.9 	 2.59064e-06 	 	 
20.925 	 2.52672e-06 	 	 
20.95 	 2.46438e-06 	 	 
20.975 	 2.40358e-06 	 	 
21 	 2.34427e-06 	 	 
21.025 	 2.28643e-06 	 	 
21.05 	 2.23001e-06 	 	 
21.075 	 2.17499e-06 	 	 
21.1 	 2.12132e-06 	 	 
21.125 	 2.06897e-06 	 	 
21.15 	 2.01792e-06 	 	 
21.175 	 1.96812e-06 	 	 
21.2 	 1.91956e-06 	 	 
21.225 	 1.87219e-06 	 	 
21.25 	 1.82599e-06 	 	 
21.275 	 1.78093e-06 	 	 
21.3 	 1.73698e-06 	 	 
21.325 	 1.69411e-06 	 	 
21.35 	 1.6523e-06 	 	 
21.375 	 1.61153e-06 	 	 
21.4 	 1.57175e-06 	 	 
21.425 	 1.53296e-06 	 	 
21.45 	 1.49513e-06 	 	 
21.475 	 1.45823e-06 	 	 
21.5 	 1.42224e-06 	 	 
21.525 	 1.38714e-06 	 	 
21.55 	 1.35291e-06 	 	 
21.575 	 1.31951e-06 	 	 
21.6 	 1.28695e-06 	 	 
21.625 	 1.25518e-06 	 	 
21.65 	 1.2242e-06 	 	 
21.675 	 1.19399e-06 	 	 
21.7 	 1.16452e-06 	 	 
21.725 	 1.13578e-06 	 	 
21.75 	 1.10774e-06 	 	 
21.775 	 1.0804e-06 	 	 
21.8 	 1.05373e-06 	 	 
21.825 	 1.02772e-06 	 	 
21.85 	 1.00236e-06 	 	 
21.875 	 9.77615e-07 	 	 
21.9 	 9.53484e-07 	 	 
21.925 	 9.29948e-07 	 	 
21.95 	 9.06994e-07 	 	 
21.975 	 8.84605e-07 	 	 
22 	 8.6277e-07 	 	 
22.025 	 8.41473e-07 	 	 
22.05 	 8.20702e-07 	 	 
22.075 	 8.00443e-07 	 	 
22.1 	 7.80685e-07 	 	 
22.125 	 7.61413e-07 	 	 
22.15 	 7.42618e-07 	 	 
22.175 	 7.24286e-07 	 	 
22.2 	 7.06407e-07 	 	 
22.225 	 6.88969e-07 	 	 
22.25 	 6.71962e-07 	 	 
22.275 	 6.55374e-07 	 	 
22.3 	 6.39196e-07 	 	 
22.325 	 6.23417e-07 	 	 
22.35 	 6.08027e-07 	 	 
22.375 	 5.93018e-07 	 	 
22.4 	 5.78378e-07 	 	 
22.425 	 5.641e-07 	 	 
22.45 	 5.50175e-07 	 	 
22.475 	 5.36593e-07 	 	 
22.5 	 5.23346e-07 	 	 
22.525 	 5.10427e-07 	 	 
22.55 	 4.97826e-07 	 	 
22.575 	 4.85536e-07 	 	 
22.6 	 4.7355e-07 	 	 
22.625 	 4.6186e-07 	 	 
22.65 	 4.50458e-07 	 	 
22.675 	 4.39337e-07 	 	 
22.7 	 4.28491e-07 	 	 
22.725 	 4.17913e-07 	 	 
22.75 	 4.07596e-07 	 	 
22.775 	 3.97534e-07 	 	 
22.8 	 3.87719e-07 	 	 
22.825 	 3.78148e-07 	 	 
22.85 	 3.68812e-07 	 	 
22.875 	 3.59707e-07 	 	 
22.9 	 3.50827e-07 	 	 
22.925 	 3.42166e-07 	 	 
22.95 	 3.33718e-07 	 	 
22.975 	 3.2548e-07 	 	 
23 	 3.17444e-07 	 	 
23.025 	 3.09607e-07 	 	 
23.05 	 3.01964e-07 	 	 
23.075 	 2.94509e-07 	 	 
23.1 	 2.87238e-07 	 	 
23.125 	 2.80146e-07 	 	 
23.15 	 2.7323e-07 	 	 
23.175 	 2.66485e-07 	 	 
23.2 	 2.59906e-07 	 	 
23.225 	 2.53489e-07 	 	 
23.25 	 2.47231e-07 	 	 
23.275 	 2.41127e-07 	 	 
23.3 	 2.35174e-07 	 	 
23.325 	 2.29368e-07 	 	 
23.35 	 2.23705e-07 	 	 
23.375 	 2.18182e-07 	 	 
23.4 	 2.12795e-07 	 	 
23.425 	 2.07542e-07 	 	 
23.45 	 2.02418e-07 	 	 
23.475 	 1.9742e-07 	 	 
23.5 	 1.92546e-07 	 	 
23.525 	 1.87793e-07 	 	 
23.55 	 1.83156e-07 	 	 
23.575 	 1.78634e-07 	 	 
23.6 	 1.74224e-07 	 	 
23.625 	 1.69923e-07 	 	 
23.65 	 1.65727e-07 	 	 
23.675 	 1.61636e-07 	 	 
23.7 	 1.57645e-07 	 	 
23.725 	 1.53753e-07 	 	 
23.75 	 1.49957e-07 	 	 
23.775 	 1.46255e-07 	 	 
23.8 	 1.42644e-07 	 	 
23.825 	 1.39122e-07 	 	 
23.85 	 1.35687e-07 	 	 
23.875 	 1.32337e-07 	 	 
23.9 	 1.2907e-07 	 	 
23.925 	 1.25883e-07 	 	 
23.95 	 1.22775e-07 	 	 
23.975 	 1.19744e-07 	 	 
24 	 1.16788e-07 	 	 
24.025 	 1.13904e-07 	 	 
24.05 	 1.11092e-07 	 	 
24.075 	 1.08349e-07 	 	 
24.1 	 1.05674e-07 	 	 
24.125 	 1.03065e-07 	 	 
24.15 	 1.00521e-07 	 	 
24.175 	 9.80388e-08 	 	 
24.2 	 9.56183e-08 	 	 
24.225 	 9.32576e-08 	 	 
24.25 	 9.09551e-08 	 	 
24.275 	 8.87094e-08 	 	 
24.3 	 8.65193e-08 	 	 
24.325 	 8.43831e-08 	 	 
24.35 	 8.22998e-08 	 	 
24.375 	 8.02678e-08 	 	 
24.4 	 7.8286e-08 	 	 
24.425 	 7.63532e-08 	 	 
24.45 	 7.44681e-08 	 	 
24.475 	 7.26295e-08 	 	 
24.5 	 7.08363e-08 	 	 
24.525 	 6.90874e-08 	 	 
24.55 	 6.73816e-08 	 	 
24.575 	 6.5718e-08 	 	 
24.6 	 6.40954e-08 	 	 
24.625 	 6.2513e-08 	 	 
24.65 	 6.09695e-08 	 	 
24.675 	 5.94642e-08 	 	 
24.7 	 5.79961e-08 	 	 
24.725 	 5.65642e-08 	 	 
24.75 	 5.51676e-08 	 	 
24.775 	 5.38055e-08 	 	 
24.8 	 5.24771e-08 	 	 
24.825 	 5.11814e-08 	 	 
24.85 	 4.99178e-08 	 	 
24.875 	 4.86853e-08 	 	 
24.9 	 4.74833e-08 	 	 
24.925 	 4.63109e-08 	 	 
24.95 	 4.51675e-08 	 	 
24.975 	 4.40524e-08 	 	 
