0 	 0.0030036 	 	 
0.025 	 0.00300386 	 	 
0.05 	 0.0030043 	 	 
0.075 	 0.00300492 	 	 
0.1 	 0.00300571 	 	 
0.125 	 0.00300668 	 	 
0.15 	 0.00300782 	 	 
0.175 	 0.00300914 	 	 
0.2 	 0.00301063 	 	 
0.225 	 0.00301229 	 	 
0.25 	 0.00301413 	 	 
0.275 	 0.00301614 	 	 
0.3 	 0.00301833 	 	 
0.325 	 0.00302068 	 	 
0.35 	 0.00302321 	 	 
0.375 	 0.0030259 	 	 
0.4 	 0.00302877 	 	 
0.425 	 0.0030318 	 	 
0.45 	 0.003035 	 	 
0.475 	 0.00303837 	 	 
0.5 	 0.0030419 	 	 
0.525 	 0.0030456 	 	 
0.55 	 0.00304946 	 	 
0.575 	 0.00305348 	 	 
0.6 	 0.00305766 	 	 
0.625 	 0.003062 	 	 
0.65 	 0.00306649 	 	 
0.675 	 0.00307115 	 	 
0.7 	 0.00307595 	 	 
0.725 	 0.00308092 	 	 
0.75 	 0.00308603 	 	 
0.775 	 0.00309129 	 	 
0.8 	 0.0030967 	 	 
0.825 	 0.00310225 	 	 
0.85 	 0.00310795 	 	 
0.875 	 0.00311379 	 	 
0.9 	 0.00311978 	 	 
0.925 	 0.0031259 	 	 
0.95 	 0.00313216 	 	 
0.975 	 0.00313855 	 	 
1 	 0.00314507 	 	 
1.025 	 0.00315173 	 	 
1.05 	 0.00315851 	 	 
1.075 	 0.00316542 	 	 
1.1 	 0.00317246 	 	 
1.125 	 0.00317961 	 	 
1.15 	 0.00318688 	 	 
1.175 	 0.00319427 	 	 
1.2 	 0.00320178 	 	 
1.225 	 0.0032094 	 	 
1.25 	 0.00321712 	 	 
1.275 	 0.00322496 	 	 
1.3 	 0.00323289 	 	 
1.325 	 0.00324093 	 	 
1.35 	 0.00324907 	 	 
1.375 	 0.0032573 	 	 
1.4 	 0.00326563 	 	 
1.425 	 0.00327405 	 	 
1.45 	 0.00328256 	 	 
1.475 	 0.00329115 	 	 
1.5 	 0.00329983 	 	 
1.525 	 0.00330858 	 	 
1.55 	 0.00331742 	 	 
1.575 	 0.00332633 	 	 
1.6 	 0.0033353 	 	 
1.625 	 0.00334435 	 	 
1.65 	 0.00335346 	 	 
1.675 	 0.00336264 	 	 
1.7 	 0.00337188 	 	 
1.725 	 0.00338117 	 	 
1.75 	 0.00339051 	 	 
1.775 	 0.00339991 	 	 
1.8 	 0.00340936 	 	 
1.825 	 0.00341885 	 	 
1.85 	 0.00342838 	 	 
1.875 	 0.00343795 	 	 
1.9 	 0.00344755 	 	 
1.925 	 0.00345719 	 	 
1.95 	 0.00346686 	 	 
1.975 	 0.00347656 	 	 
2 	 0.00348627 	 	 
2.025 	 0.00349601 	 	 
2.05 	 0.00350577 	 	 
2.075 	 0.00351554 	 	 
2.1 	 0.00352532 	 	 
2.125 	 0.00353511 	 	 
2.15 	 0.00354491 	 	 
2.175 	 0.0035547 	 	 
2.2 	 0.0035645 	 	 
2.225 	 0.00357429 	 	 
2.25 	 0.00358408 	 	 
2.275 	 0.00359385 	 	 
2.3 	 0.00360361 	 	 
2.325 	 0.00361336 	 	 
2.35 	 0.00362309 	 	 
2.375 	 0.00363279 	 	 
2.4 	 0.00364247 	 	 
2.425 	 0.00365212 	 	 
2.45 	 0.00366174 	 	 
2.475 	 0.00367133 	 	 
2.5 	 0.00368087 	 	 
2.525 	 0.00369038 	 	 
2.55 	 0.00369985 	 	 
2.575 	 0.00370927 	 	 
2.6 	 0.00371864 	 	 
2.625 	 0.00372796 	 	 
2.65 	 0.00373722 	 	 
2.675 	 0.00374643 	 	 
2.7 	 0.00375558 	 	 
2.725 	 0.00376467 	 	 
2.75 	 0.00377369 	 	 
2.775 	 0.00378265 	 	 
2.8 	 0.00379153 	 	 
2.825 	 0.00380034 	 	 
2.85 	 0.00380908 	 	 
2.875 	 0.00381774 	 	 
2.9 	 0.00382632 	 	 
2.925 	 0.00383481 	 	 
2.95 	 0.00384322 	 	 
2.975 	 0.00385154 	 	 
3 	 0.00385978 	 	 
3.025 	 0.00386792 	 	 
3.05 	 0.00387596 	 	 
3.075 	 0.00388391 	 	 
3.1 	 0.00389176 	 	 
3.125 	 0.00389951 	 	 
3.15 	 0.00390716 	 	 
3.175 	 0.0039147 	 	 
3.2 	 0.00392214 	 	 
3.225 	 0.00392946 	 	 
3.25 	 0.00393668 	 	 
3.275 	 0.00394378 	 	 
3.3 	 0.00395077 	 	 
3.325 	 0.00395764 	 	 
3.35 	 0.00396439 	 	 
3.375 	 0.00397102 	 	 
3.4 	 0.00397753 	 	 
3.425 	 0.00398392 	 	 
3.45 	 0.00399018 	 	 
3.475 	 0.00399632 	 	 
3.5 	 0.00400233 	 	 
3.525 	 0.00400821 	 	 
3.55 	 0.00401397 	 	 
3.575 	 0.00401958 	 	 
3.6 	 0.00402507 	 	 
3.625 	 0.00403043 	 	 
3.65 	 0.00403564 	 	 
3.675 	 0.00404073 	 	 
3.7 	 0.00404567 	 	 
3.725 	 0.00405048 	 	 
3.75 	 0.00405515 	 	 
3.775 	 0.00405968 	 	 
3.8 	 0.00406407 	 	 
3.825 	 0.00406831 	 	 
3.85 	 0.00407242 	 	 
3.875 	 0.00407639 	 	 
3.9 	 0.00408021 	 	 
3.925 	 0.00408388 	 	 
3.95 	 0.00408742 	 	 
3.975 	 0.00409081 	 	 
4 	 0.00409405 	 	 
4.025 	 0.00409715 	 	 
4.05 	 0.00410011 	 	 
4.075 	 0.00410292 	 	 
4.1 	 0.00410559 	 	 
4.125 	 0.00410811 	 	 
4.15 	 0.00411048 	 	 
4.175 	 0.00411271 	 	 
4.2 	 0.0041148 	 	 
4.225 	 0.00411674 	 	 
4.25 	 0.00411854 	 	 
4.275 	 0.00412019 	 	 
4.3 	 0.0041217 	 	 
4.325 	 0.00412307 	 	 
4.35 	 0.00412429 	 	 
4.375 	 0.00412537 	 	 
4.4 	 0.00412631 	 	 
4.425 	 0.00412711 	 	 
4.45 	 0.00412777 	 	 
4.475 	 0.00412829 	 	 
4.5 	 0.00412867 	 	 
4.525 	 0.00412891 	 	 
4.55 	 0.00412902 	 	 
4.575 	 0.00412899 	 	 
4.6 	 0.00412883 	 	 
4.625 	 0.00412853 	 	 
4.65 	 0.0041281 	 	 
4.675 	 0.00412754 	 	 
4.7 	 0.00412685 	 	 
4.725 	 0.00412603 	 	 
4.75 	 0.00412509 	 	 
4.775 	 0.00412402 	 	 
4.8 	 0.00412282 	 	 
4.825 	 0.0041215 	 	 
4.85 	 0.00412006 	 	 
4.875 	 0.00411851 	 	 
4.9 	 0.00411683 	 	 
4.925 	 0.00411504 	 	 
4.95 	 0.00411313 	 	 
4.975 	 0.00411111 	 	 
5 	 0.00410898 	 	 
5.025 	 0.00410674 	 	 
5.05 	 0.0041044 	 	 
5.075 	 0.00410195 	 	 
5.1 	 0.0040994 	 	 
5.125 	 0.00409674 	 	 
5.15 	 0.00409399 	 	 
5.175 	 0.00409114 	 	 
5.2 	 0.0040882 	 	 
5.225 	 0.00408517 	 	 
5.25 	 0.00408204 	 	 
5.275 	 0.00407883 	 	 
5.3 	 0.00407554 	 	 
5.325 	 0.00407216 	 	 
5.35 	 0.0040687 	 	 
5.375 	 0.00406516 	 	 
5.4 	 0.00406155 	 	 
5.425 	 0.00405786 	 	 
5.45 	 0.0040541 	 	 
5.475 	 0.00405028 	 	 
5.5 	 0.00404639 	 	 
5.525 	 0.00404244 	 	 
5.55 	 0.00403842 	 	 
5.575 	 0.00403435 	 	 
5.6 	 0.00403023 	 	 
5.625 	 0.00402605 	 	 
5.65 	 0.00402182 	 	 
5.675 	 0.00401755 	 	 
5.7 	 0.00401323 	 	 
5.725 	 0.00400887 	 	 
5.75 	 0.00400447 	 	 
5.775 	 0.00400004 	 	 
5.8 	 0.00399557 	 	 
5.825 	 0.00399107 	 	 
5.85 	 0.00398655 	 	 
5.875 	 0.003982 	 	 
5.9 	 0.00397743 	 	 
5.925 	 0.00397284 	 	 
5.95 	 0.00396823 	 	 
5.975 	 0.00396361 	 	 
6 	 0.00395898 	 	 
6.025 	 0.00395434 	 	 
6.05 	 0.00394969 	 	 
6.075 	 0.00394504 	 	 
6.1 	 0.0039404 	 	 
6.125 	 0.00393575 	 	 
6.15 	 0.00393111 	 	 
6.175 	 0.00392648 	 	 
6.2 	 0.00392187 	 	 
6.225 	 0.00391726 	 	 
6.25 	 0.00391268 	 	 
6.275 	 0.00390811 	 	 
6.3 	 0.00390356 	 	 
6.325 	 0.00389904 	 	 
6.35 	 0.00389455 	 	 
6.375 	 0.00389009 	 	 
6.4 	 0.00388566 	 	 
6.425 	 0.00388127 	 	 
6.45 	 0.00387691 	 	 
6.475 	 0.00387259 	 	 
6.5 	 0.00386832 	 	 
6.525 	 0.0038641 	 	 
6.55 	 0.00385992 	 	 
6.575 	 0.00385579 	 	 
6.6 	 0.00385171 	 	 
6.625 	 0.00384769 	 	 
6.65 	 0.00384372 	 	 
6.675 	 0.00383982 	 	 
6.7 	 0.00383598 	 	 
6.725 	 0.0038322 	 	 
6.75 	 0.00382848 	 	 
6.775 	 0.00382484 	 	 
6.8 	 0.00382126 	 	 
6.825 	 0.00381776 	 	 
6.85 	 0.00381433 	 	 
6.875 	 0.00381098 	 	 
6.9 	 0.00380771 	 	 
6.925 	 0.00380451 	 	 
6.95 	 0.0038014 	 	 
6.975 	 0.00379836 	 	 
7 	 0.00379542 	 	 
7.025 	 0.00379256 	 	 
7.05 	 0.00378979 	 	 
7.075 	 0.0037871 	 	 
7.1 	 0.00378451 	 	 
7.125 	 0.00378201 	 	 
7.15 	 0.0037796 	 	 
7.175 	 0.00377729 	 	 
7.2 	 0.00377507 	 	 
7.225 	 0.00377295 	 	 
7.25 	 0.00377093 	 	 
7.275 	 0.003769 	 	 
7.3 	 0.00376718 	 	 
7.325 	 0.00376545 	 	 
7.35 	 0.00376383 	 	 
7.375 	 0.00376231 	 	 
7.4 	 0.00376089 	 	 
7.425 	 0.00375957 	 	 
7.45 	 0.00375836 	 	 
7.475 	 0.00375725 	 	 
7.5 	 0.00375624 	 	 
7.525 	 0.00375534 	 	 
7.55 	 0.00375455 	 	 
7.575 	 0.00375385 	 	 
7.6 	 0.00375327 	 	 
7.625 	 0.00375278 	 	 
7.65 	 0.00375241 	 	 
7.675 	 0.00375213 	 	 
7.7 	 0.00375196 	 	 
7.725 	 0.0037519 	 	 
7.75 	 0.00375193 	 	 
7.775 	 0.00375207 	 	 
7.8 	 0.00375232 	 	 
7.825 	 0.00375266 	 	 
7.85 	 0.0037531 	 	 
7.875 	 0.00375365 	 	 
7.9 	 0.00375429 	 	 
7.925 	 0.00375503 	 	 
7.95 	 0.00375587 	 	 
7.975 	 0.0037568 	 	 
8 	 0.00375782 	 	 
8.025 	 0.00375894 	 	 
8.05 	 0.00376016 	 	 
8.075 	 0.00376146 	 	 
8.1 	 0.00376285 	 	 
8.125 	 0.00376432 	 	 
8.15 	 0.00376589 	 	 
8.175 	 0.00376753 	 	 
8.2 	 0.00376926 	 	 
8.225 	 0.00377107 	 	 
8.25 	 0.00377295 	 	 
8.275 	 0.00377491 	 	 
8.3 	 0.00377695 	 	 
8.325 	 0.00377905 	 	 
8.35 	 0.00378123 	 	 
8.375 	 0.00378347 	 	 
8.4 	 0.00378577 	 	 
8.425 	 0.00378813 	 	 
8.45 	 0.00379056 	 	 
8.475 	 0.00379304 	 	 
8.5 	 0.00379557 	 	 
8.525 	 0.00379816 	 	 
8.55 	 0.00380079 	 	 
8.575 	 0.00380346 	 	 
8.6 	 0.00380618 	 	 
8.625 	 0.00380894 	 	 
8.65 	 0.00381173 	 	 
8.675 	 0.00381455 	 	 
8.7 	 0.00381741 	 	 
8.725 	 0.00382028 	 	 
8.75 	 0.00382318 	 	 
8.775 	 0.0038261 	 	 
8.8 	 0.00382904 	 	 
8.825 	 0.00383198 	 	 
8.85 	 0.00383493 	 	 
8.875 	 0.00383789 	 	 
8.9 	 0.00384085 	 	 
8.925 	 0.0038438 	 	 
8.95 	 0.00384675 	 	 
8.975 	 0.00384969 	 	 
9 	 0.00385261 	 	 
9.025 	 0.00385551 	 	 
9.05 	 0.00385839 	 	 
9.075 	 0.00386124 	 	 
9.1 	 0.00386406 	 	 
9.125 	 0.00386685 	 	 
9.15 	 0.0038696 	 	 
9.175 	 0.0038723 	 	 
9.2 	 0.00387496 	 	 
9.225 	 0.00387756 	 	 
9.25 	 0.00388011 	 	 
9.275 	 0.00388259 	 	 
9.3 	 0.00388502 	 	 
9.325 	 0.00388737 	 	 
9.35 	 0.00388965 	 	 
9.375 	 0.00389185 	 	 
9.4 	 0.00389397 	 	 
9.425 	 0.00389601 	 	 
9.45 	 0.00389795 	 	 
9.475 	 0.0038998 	 	 
9.5 	 0.00390154 	 	 
9.525 	 0.00390319 	 	 
9.55 	 0.00390472 	 	 
9.575 	 0.00390614 	 	 
9.6 	 0.00390745 	 	 
9.625 	 0.00390863 	 	 
9.65 	 0.00390969 	 	 
9.675 	 0.00391061 	 	 
9.7 	 0.0039114 	 	 
9.725 	 0.00391205 	 	 
9.75 	 0.00391256 	 	 
9.775 	 0.00391292 	 	 
9.8 	 0.00391313 	 	 
9.825 	 0.00391319 	 	 
9.85 	 0.00391308 	 	 
9.875 	 0.00391281 	 	 
9.9 	 0.00391236 	 	 
9.925 	 0.00391175 	 	 
9.95 	 0.00391096 	 	 
9.975 	 0.00390999 	 	 
10 	 0.00390883 	 	 
10.025 	 0.00390749 	 	 
10.05 	 0.00390595 	 	 
10.075 	 0.00390421 	 	 
10.1 	 0.00390228 	 	 
10.125 	 0.00390014 	 	 
10.15 	 0.00389779 	 	 
10.175 	 0.00389523 	 	 
10.2 	 0.00389246 	 	 
10.225 	 0.00388947 	 	 
10.25 	 0.00388626 	 	 
10.275 	 0.00388282 	 	 
10.3 	 0.00387915 	 	 
10.325 	 0.00387525 	 	 
10.35 	 0.00387112 	 	 
10.375 	 0.00386675 	 	 
10.4 	 0.00386214 	 	 
10.425 	 0.00385729 	 	 
10.45 	 0.00385219 	 	 
10.475 	 0.00384684 	 	 
10.5 	 0.00384124 	 	 
10.525 	 0.00383539 	 	 
10.55 	 0.00382928 	 	 
10.575 	 0.00382291 	 	 
10.6 	 0.00381628 	 	 
10.625 	 0.00380939 	 	 
10.65 	 0.00380223 	 	 
10.675 	 0.00379481 	 	 
10.7 	 0.00378712 	 	 
10.725 	 0.00377916 	 	 
10.75 	 0.00377092 	 	 
10.775 	 0.00376242 	 	 
10.8 	 0.00375363 	 	 
10.825 	 0.00374458 	 	 
10.85 	 0.00373524 	 	 
10.875 	 0.00372563 	 	 
10.9 	 0.00371574 	 	 
10.925 	 0.00370557 	 	 
10.95 	 0.00369511 	 	 
10.975 	 0.00368438 	 	 
11 	 0.00367337 	 	 
11.025 	 0.00366207 	 	 
11.05 	 0.0036505 	 	 
11.075 	 0.00363864 	 	 
11.1 	 0.0036265 	 	 
11.125 	 0.00361408 	 	 
11.15 	 0.00360137 	 	 
11.175 	 0.00358839 	 	 
11.2 	 0.00357513 	 	 
11.225 	 0.00356159 	 	 
11.25 	 0.00354776 	 	 
11.275 	 0.00353367 	 	 
11.3 	 0.00351929 	 	 
11.325 	 0.00350464 	 	 
11.35 	 0.00348972 	 	 
11.375 	 0.00347452 	 	 
11.4 	 0.00345905 	 	 
11.425 	 0.00344332 	 	 
11.45 	 0.00342731 	 	 
11.475 	 0.00341105 	 	 
11.5 	 0.00339452 	 	 
11.525 	 0.00337772 	 	 
11.55 	 0.00336067 	 	 
11.575 	 0.00334337 	 	 
11.6 	 0.00332581 	 	 
11.625 	 0.003308 	 	 
11.65 	 0.00328994 	 	 
11.675 	 0.00327164 	 	 
11.7 	 0.00325309 	 	 
11.725 	 0.00323431 	 	 
11.75 	 0.00321529 	 	 
11.775 	 0.00319604 	 	 
11.8 	 0.00317656 	 	 
11.825 	 0.00315686 	 	 
11.85 	 0.00313694 	 	 
11.875 	 0.0031168 	 	 
11.9 	 0.00309645 	 	 
11.925 	 0.00307589 	 	 
11.95 	 0.00305512 	 	 
11.975 	 0.00303415 	 	 
12 	 0.00301299 	 	 
12.025 	 0.00299164 	 	 
12.05 	 0.0029701 	 	 
12.075 	 0.00294838 	 	 
12.1 	 0.00292648 	 	 
12.125 	 0.00290441 	 	 
12.15 	 0.00288217 	 	 
12.175 	 0.00285976 	 	 
12.2 	 0.0028372 	 	 
12.225 	 0.00281449 	 	 
12.25 	 0.00279163 	 	 
12.275 	 0.00276863 	 	 
12.3 	 0.00274549 	 	 
12.325 	 0.00272223 	 	 
12.35 	 0.00269883 	 	 
12.375 	 0.00267532 	 	 
12.4 	 0.00265169 	 	 
12.425 	 0.00262795 	 	 
12.45 	 0.00260411 	 	 
12.475 	 0.00258017 	 	 
12.5 	 0.00255614 	 	 
12.525 	 0.00253203 	 	 
12.55 	 0.00250783 	 	 
12.575 	 0.00248356 	 	 
12.6 	 0.00245923 	 	 
12.625 	 0.00243483 	 	 
12.65 	 0.00241037 	 	 
12.675 	 0.00238587 	 	 
12.7 	 0.00236132 	 	 
12.725 	 0.00233673 	 	 
12.75 	 0.00231211 	 	 
12.775 	 0.00228747 	 	 
12.8 	 0.0022628 	 	 
12.825 	 0.00223812 	 	 
12.85 	 0.00221343 	 	 
12.875 	 0.00218874 	 	 
12.9 	 0.00216406 	 	 
12.925 	 0.00213938 	 	 
12.95 	 0.00211472 	 	 
12.975 	 0.00209009 	 	 
13 	 0.00206548 	 	 
13.025 	 0.0020409 	 	 
13.05 	 0.00201636 	 	 
13.075 	 0.00199187 	 	 
13.1 	 0.00196743 	 	 
13.125 	 0.00194305 	 	 
13.15 	 0.00191873 	 	 
13.175 	 0.00189448 	 	 
13.2 	 0.0018703 	 	 
13.225 	 0.0018462 	 	 
13.25 	 0.00182219 	 	 
13.275 	 0.00179826 	 	 
13.3 	 0.00177443 	 	 
13.325 	 0.0017507 	 	 
13.35 	 0.00172708 	 	 
13.375 	 0.00170357 	 	 
13.4 	 0.00168017 	 	 
13.425 	 0.00165689 	 	 
13.45 	 0.00163374 	 	 
13.475 	 0.00161072 	 	 
13.5 	 0.00158784 	 	 
13.525 	 0.00156509 	 	 
13.55 	 0.00154249 	 	 
13.575 	 0.00152004 	 	 
13.6 	 0.00149774 	 	 
13.625 	 0.0014756 	 	 
13.65 	 0.00145361 	 	 
13.675 	 0.0014318 	 	 
13.7 	 0.00141015 	 	 
13.725 	 0.00138867 	 	 
13.75 	 0.00136737 	 	 
13.775 	 0.00134625 	 	 
13.8 	 0.00132531 	 	 
13.825 	 0.00130455 	 	 
13.85 	 0.00128399 	 	 
13.875 	 0.00126361 	 	 
13.9 	 0.00124343 	 	 
13.925 	 0.00122344 	 	 
13.95 	 0.00120365 	 	 
13.975 	 0.00118406 	 	 
14 	 0.00116468 	 	 
14.025 	 0.00114549 	 	 
14.05 	 0.00112651 	 	 
14.075 	 0.00110773 	 	 
14.1 	 0.00108916 	 	 
14.125 	 0.0010708 	 	 
14.15 	 0.00105265 	 	 
14.175 	 0.0010347 	 	 
14.2 	 0.00101697 	 	 
14.225 	 0.000999449 	 	 
14.25 	 0.000982138 	 	 
14.275 	 0.000965038 	 	 
14.3 	 0.000948151 	 	 
14.325 	 0.000931475 	 	 
14.35 	 0.000915012 	 	 
14.375 	 0.00089876 	 	 
14.4 	 0.00088272 	 	 
14.425 	 0.000866891 	 	 
14.45 	 0.000851273 	 	 
14.475 	 0.000835866 	 	 
14.5 	 0.000820668 	 	 
14.525 	 0.00080568 	 	 
14.55 	 0.000790901 	 	 
14.575 	 0.000776329 	 	 
14.6 	 0.000761965 	 	 
14.625 	 0.000747806 	 	 
14.65 	 0.000733852 	 	 
14.675 	 0.000720103 	 	 
14.7 	 0.000706556 	 	 
14.725 	 0.00069321 	 	 
14.75 	 0.000680065 	 	 
14.775 	 0.00066712 	 	 
14.8 	 0.000654371 	 	 
14.825 	 0.00064182 	 	 
14.85 	 0.000629463 	 	 
14.875 	 0.000617299 	 	 
14.9 	 0.000605327 	 	 
14.925 	 0.000593545 	 	 
14.95 	 0.000581952 	 	 
14.975 	 0.000570546 	 	 
15 	 0.000559325 	 	 
15.025 	 0.000548288 	 	 
15.05 	 0.000537432 	 	 
15.075 	 0.000526756 	 	 
15.1 	 0.000516259 	 	 
15.125 	 0.000505938 	 	 
15.15 	 0.000495791 	 	 
15.175 	 0.000485817 	 	 
15.2 	 0.000476014 	 	 
15.225 	 0.00046638 	 	 
15.25 	 0.000456912 	 	 
15.275 	 0.00044761 	 	 
15.3 	 0.00043847 	 	 
15.325 	 0.000429492 	 	 
15.35 	 0.000420672 	 	 
15.375 	 0.00041201 	 	 
15.4 	 0.000403503 	 	 
15.425 	 0.000395149 	 	 
15.45 	 0.000386946 	 	 
15.475 	 0.000378893 	 	 
15.5 	 0.000370986 	 	 
15.525 	 0.000363225 	 	 
15.55 	 0.000355607 	 	 
15.575 	 0.000348131 	 	 
15.6 	 0.000340793 	 	 
15.625 	 0.000333593 	 	 
15.65 	 0.000326528 	 	 
15.675 	 0.000319597 	 	 
15.7 	 0.000312797 	 	 
15.725 	 0.000306126 	 	 
15.75 	 0.000299583 	 	 
15.775 	 0.000293165 	 	 
15.8 	 0.000286871 	 	 
15.825 	 0.000280699 	 	 
15.85 	 0.000274647 	 	 
15.875 	 0.000268713 	 	 
15.9 	 0.000262895 	 	 
15.925 	 0.000257191 	 	 
15.95 	 0.000251599 	 	 
15.975 	 0.000246118 	 	 
16 	 0.000240746 	 	 
16.025 	 0.000235481 	 	 
16.05 	 0.000230321 	 	 
16.075 	 0.000225265 	 	 
16.1 	 0.00022031 	 	 
16.125 	 0.000215455 	 	 
16.15 	 0.000210699 	 	 
16.175 	 0.000206039 	 	 
16.2 	 0.000201474 	 	 
16.225 	 0.000197002 	 	 
16.25 	 0.000192621 	 	 
16.275 	 0.000188331 	 	 
16.3 	 0.000184129 	 	 
16.325 	 0.000180014 	 	 
16.35 	 0.000175985 	 	 
16.375 	 0.000172038 	 	 
16.4 	 0.000168175 	 	 
16.425 	 0.000164392 	 	 
16.45 	 0.000160688 	 	 
16.475 	 0.000157062 	 	 
16.5 	 0.000153512 	 	 
16.525 	 0.000150037 	 	 
16.55 	 0.000146636 	 	 
16.575 	 0.000143307 	 	 
16.6 	 0.000140049 	 	 
16.625 	 0.00013686 	 	 
16.65 	 0.000133739 	 	 
16.675 	 0.000130685 	 	 
16.7 	 0.000127697 	 	 
16.725 	 0.000124773 	 	 
16.75 	 0.000121912 	 	 
16.775 	 0.000119112 	 	 
16.8 	 0.000116374 	 	 
16.825 	 0.000113695 	 	 
16.85 	 0.000111074 	 	 
16.875 	 0.00010851 	 	 
16.9 	 0.000106002 	 	 
16.925 	 0.000103549 	 	 
16.95 	 0.00010115 	 	 
16.975 	 9.8803e-05 	 	 
17 	 9.65081e-05 	 	 
17.025 	 9.42637e-05 	 	 
17.05 	 9.20689e-05 	 	 
17.075 	 8.99228e-05 	 	 
17.1 	 8.78241e-05 	 	 
17.125 	 8.5772e-05 	 	 
17.15 	 8.37657e-05 	 	 
17.175 	 8.1804e-05 	 	 
17.2 	 7.98861e-05 	 	 
17.225 	 7.80111e-05 	 	 
17.25 	 7.61781e-05 	 	 
17.275 	 7.43862e-05 	 	 
17.3 	 7.26346e-05 	 	 
17.325 	 7.09225e-05 	 	 
17.35 	 6.92489e-05 	 	 
17.375 	 6.76131e-05 	 	 
17.4 	 6.60143e-05 	 	 
17.425 	 6.44517e-05 	 	 
17.45 	 6.29246e-05 	 	 
17.475 	 6.14321e-05 	 	 
17.5 	 5.99736e-05 	 	 
17.525 	 5.85484e-05 	 	 
17.55 	 5.71557e-05 	 	 
17.575 	 5.57948e-05 	 	 
17.6 	 5.4465e-05 	 	 
17.625 	 5.31657e-05 	 	 
17.65 	 5.18962e-05 	 	 
17.675 	 5.06559e-05 	 	 
17.7 	 4.94442e-05 	 	 
17.725 	 4.82603e-05 	 	 
17.75 	 4.71038e-05 	 	 
17.775 	 4.59739e-05 	 	 
17.8 	 4.48703e-05 	 	 
17.825 	 4.37921e-05 	 	 
17.85 	 4.2739e-05 	 	 
17.875 	 4.17103e-05 	 	 
17.9 	 4.07055e-05 	 	 
17.925 	 3.97241e-05 	 	 
17.95 	 3.87656e-05 	 	 
17.975 	 3.78294e-05 	 	 
18 	 3.69151e-05 	 	 
18.025 	 3.60222e-05 	 	 
18.05 	 3.51501e-05 	 	 
18.075 	 3.42985e-05 	 	 
18.1 	 3.34669e-05 	 	 
18.125 	 3.26548e-05 	 	 
18.15 	 3.18618e-05 	 	 
18.175 	 3.10875e-05 	 	 
18.2 	 3.03314e-05 	 	 
18.225 	 2.95931e-05 	 	 
18.25 	 2.88723e-05 	 	 
18.275 	 2.81685e-05 	 	 
18.3 	 2.74814e-05 	 	 
18.325 	 2.68105e-05 	 	 
18.35 	 2.61555e-05 	 	 
18.375 	 2.55161e-05 	 	 
18.4 	 2.48919e-05 	 	 
18.425 	 2.42825e-05 	 	 
18.45 	 2.36876e-05 	 	 
18.475 	 2.31068e-05 	 	 
18.5 	 2.25399e-05 	 	 
18.525 	 2.19866e-05 	 	 
18.55 	 2.14465e-05 	 	 
18.575 	 2.09192e-05 	 	 
18.6 	 2.04046e-05 	 	 
18.625 	 1.99023e-05 	 	 
18.65 	 1.94121e-05 	 	 
18.675 	 1.89336e-05 	 	 
18.7 	 1.84666e-05 	 	 
18.725 	 1.80108e-05 	 	 
18.75 	 1.7566e-05 	 	 
18.775 	 1.71319e-05 	 	 
18.8 	 1.67082e-05 	 	 
18.825 	 1.62948e-05 	 	 
18.85 	 1.58913e-05 	 	 
18.875 	 1.54976e-05 	 	 
18.9 	 1.51133e-05 	 	 
18.925 	 1.47384e-05 	 	 
18.95 	 1.43726e-05 	 	 
18.975 	 1.40156e-05 	 	 
19 	 1.36673e-05 	 	 
19.025 	 1.33274e-05 	 	 
19.05 	 1.29957e-05 	 	 
19.075 	 1.26722e-05 	 	 
19.1 	 1.23565e-05 	 	 
19.125 	 1.20484e-05 	 	 
19.15 	 1.17479e-05 	 	 
19.175 	 1.14547e-05 	 	 
19.2 	 1.11686e-05 	 	 
19.225 	 1.08895e-05 	 	 
19.25 	 1.06172e-05 	 	 
19.275 	 1.03516e-05 	 	 
19.3 	 1.00925e-05 	 	 
19.325 	 9.83971e-06 	 	 
19.35 	 9.59311e-06 	 	 
19.375 	 9.35255e-06 	 	 
19.4 	 9.11789e-06 	 	 
19.425 	 8.88898e-06 	 	 
19.45 	 8.66569e-06 	 	 
19.475 	 8.44788e-06 	 	 
19.5 	 8.23542e-06 	 	 
19.525 	 8.02818e-06 	 	 
19.55 	 7.82604e-06 	 	 
19.575 	 7.62888e-06 	 	 
19.6 	 7.43657e-06 	 	 
19.625 	 7.249e-06 	 	 
19.65 	 7.06605e-06 	 	 
19.675 	 6.88762e-06 	 	 
19.7 	 6.71359e-06 	 	 
19.725 	 6.54386e-06 	 	 
19.75 	 6.37832e-06 	 	 
19.775 	 6.21688e-06 	 	 
19.8 	 6.05943e-06 	 	 
19.825 	 5.90587e-06 	 	 
19.85 	 5.75612e-06 	 	 
19.875 	 5.61008e-06 	 	 
19.9 	 5.46766e-06 	 	 
19.925 	 5.32877e-06 	 	 
19.95 	 5.19332e-06 	 	 
19.975 	 5.06124e-06 	 	 
20 	 4.93244e-06 	 	 
20.025 	 4.80684e-06 	 	 
20.05 	 4.68436e-06 	 	 
20.075 	 4.56493e-06 	 	 
20.1 	 4.44847e-06 	 	 
20.125 	 4.33491e-06 	 	 
20.15 	 4.22418e-06 	 	 
20.175 	 4.11621e-06 	 	 
20.2 	 4.01093e-06 	 	 
20.225 	 3.90828e-06 	 	 
20.25 	 3.80819e-06 	 	 
20.275 	 3.7106e-06 	 	 
20.3 	 3.61544e-06 	 	 
20.325 	 3.52266e-06 	 	 
20.35 	 3.43221e-06 	 	 
20.375 	 3.34401e-06 	 	 
20.4 	 3.25802e-06 	 	 
20.425 	 3.17419e-06 	 	 
20.45 	 3.09245e-06 	 	 
20.475 	 3.01276e-06 	 	 
20.5 	 2.93507e-06 	 	 
20.525 	 2.85933e-06 	 	 
20.55 	 2.78548e-06 	 	 
20.575 	 2.71349e-06 	 	 
20.6 	 2.64331e-06 	 	 
20.625 	 2.57489e-06 	 	 
20.65 	 2.50819e-06 	 	 
20.675 	 2.44317e-06 	 	 
20.7 	 2.37978e-06 	 	 
20.725 	 2.31798e-06 	 	 
20.75 	 2.25774e-06 	 	 
20.775 	 2.19902e-06 	 	 
20.8 	 2.14178e-06 	 	 
20.825 	 2.08598e-06 	 	 
20.85 	 2.03158e-06 	 	 
20.875 	 1.97856e-06 	 	 
20.9 	 1.92687e-06 	 	 
20.925 	 1.87649e-06 	 	 
20.95 	 1.82738e-06 	 	 
20.975 	 1.77951e-06 	 	 
21 	 1.73285e-06 	 	 
21.025 	 1.68737e-06 	 	 
21.05 	 1.64304e-06 	 	 
21.075 	 1.59983e-06 	 	 
21.1 	 1.55772e-06 	 	 
21.125 	 1.51667e-06 	 	 
21.15 	 1.47666e-06 	 	 
21.175 	 1.43766e-06 	 	 
21.2 	 1.39966e-06 	 	 
21.225 	 1.36261e-06 	 	 
21.25 	 1.32651e-06 	 	 
21.275 	 1.29132e-06 	 	 
21.3 	 1.25702e-06 	 	 
21.325 	 1.2236e-06 	 	 
21.35 	 1.19102e-06 	 	 
21.375 	 1.15927e-06 	 	 
21.4 	 1.12833e-06 	 	 
21.425 	 1.09818e-06 	 	 
21.45 	 1.06879e-06 	 	 
21.475 	 1.04015e-06 	 	 
21.5 	 1.01224e-06 	 	 
21.525 	 9.85045e-07 	 	 
21.55 	 9.58539e-07 	 	 
21.575 	 9.3271e-07 	 	 
21.6 	 9.07539e-07 	 	 
21.625 	 8.8301e-07 	 	 
21.65 	 8.59107e-07 	 	 
21.675 	 8.35815e-07 	 	 
21.7 	 8.13118e-07 	 	 
21.725 	 7.91001e-07 	 	 
21.75 	 7.6945e-07 	 	 
21.775 	 7.4845e-07 	 	 
21.8 	 7.27987e-07 	 	 
21.825 	 7.08048e-07 	 	 
21.85 	 6.88621e-07 	 	 
21.875 	 6.69691e-07 	 	 
21.9 	 6.51246e-07 	 	 
21.925 	 6.33275e-07 	 	 
21.95 	 6.15765e-07 	 	 
21.975 	 5.98705e-07 	 	 
22 	 5.82084e-07 	 	 
22.025 	 5.65889e-07 	 	 
22.05 	 5.50111e-07 	 	 
22.075 	 5.3474e-07 	 	 
22.1 	 5.19764e-07 	 	 
22.125 	 5.05174e-07 	 	 
22.15 	 4.9096e-07 	 	 
22.175 	 4.77113e-07 	 	 
22.2 	 4.63624e-07 	 	 
22.225 	 4.50483e-07 	 	 
22.25 	 4.37681e-07 	 	 
22.275 	 4.25211e-07 	 	 
22.3 	 4.13064e-07 	 	 
22.325 	 4.01231e-07 	 	 
22.35 	 3.89705e-07 	 	 
22.375 	 3.78478e-07 	 	 
22.4 	 3.67543e-07 	 	 
22.425 	 3.56892e-07 	 	 
22.45 	 3.46517e-07 	 	 
22.475 	 3.36413e-07 	 	 
22.5 	 3.26572e-07 	 	 
22.525 	 3.16988e-07 	 	 
22.55 	 3.07653e-07 	 	 
22.575 	 2.98563e-07 	 	 
22.6 	 2.8971e-07 	 	 
22.625 	 2.81089e-07 	 	 
22.65 	 2.72694e-07 	 	 
22.675 	 2.64519e-07 	 	 
22.7 	 2.56559e-07 	 	 
22.725 	 2.48809e-07 	 	 
22.75 	 2.41262e-07 	 	 
22.775 	 2.33914e-07 	 	 
22.8 	 2.2676e-07 	 	 
22.825 	 2.19795e-07 	 	 
22.85 	 2.13015e-07 	 	 
22.875 	 2.06414e-07 	 	 
22.9 	 1.99989e-07 	 	 
22.925 	 1.93734e-07 	 	 
22.95 	 1.87646e-07 	 	 
22.975 	 1.81721e-07 	 	 
23 	 1.75954e-07 	 	 
23.025 	 1.70341e-07 	 	 
23.05 	 1.64879e-07 	 	 
23.075 	 1.59563e-07 	 	 
23.1 	 1.54391e-07 	 	 
23.125 	 1.49359e-07 	 	 
23.15 	 1.44462e-07 	 	 
23.175 	 1.39698e-07 	 	 
23.2 	 1.35064e-07 	 	 
23.225 	 1.30556e-07 	 	 
23.25 	 1.26172e-07 	 	 
23.275 	 1.21907e-07 	 	 
23.3 	 1.1776e-07 	 	 
23.325 	 1.13727e-07 	 	 
23.35 	 1.09805e-07 	 	 
23.375 	 1.05993e-07 	 	 
23.4 	 1.02286e-07 	 	 
23.425 	 9.86828e-08 	 	 
23.45 	 9.51807e-08 	 	 
23.475 	 9.17772e-08 	 	 
23.5 	 8.84698e-08 	 	 
23.525 	 8.52562e-08 	 	 
23.55 	 8.21343e-08 	 	 
23.575 	 7.91017e-08 	 	 
23.6 	 7.61564e-08 	 	 
23.625 	 7.32963e-08 	 	 
23.65 	 7.05192e-08 	 	 
23.675 	 6.78234e-08 	 	 
23.7 	 6.52068e-08 	 	 
23.725 	 6.26675e-08 	 	 
23.75 	 6.02038e-08 	 	 
23.775 	 5.7814e-08 	 	 
23.8 	 5.54962e-08 	 	 
23.825 	 5.32488e-08 	 	 
23.85 	 5.10702e-08 	 	 
23.875 	 4.89588e-08 	 	 
23.9 	 4.69131e-08 	 	 
23.925 	 4.49316e-08 	 	 
23.95 	 4.30128e-08 	 	 
23.975 	 4.11554e-08 	 	 
24 	 3.9358e-08 	 	 
24.025 	 3.76192e-08 	 	 
24.05 	 3.59378e-08 	 	 
24.075 	 3.43125e-08 	 	 
24.1 	 3.27421e-08 	 	 
24.125 	 3.12255e-08 	 	 
24.15 	 2.97614e-08 	 	 
24.175 	 2.83488e-08 	 	 
24.2 	 2.69867e-08 	 	 
24.225 	 2.56739e-08 	 	 
24.25 	 2.44095e-08 	 	 
24.275 	 2.31925e-08 	 	 
24.3 	 2.2022e-08 	 	 
24.325 	 2.0897e-08 	 	 
24.35 	 1.98166e-08 	 	 
24.375 	 1.87801e-08 	 	 
24.4 	 1.77865e-08 	 	 
24.425 	 1.68352e-08 	 	 
24.45 	 1.59252e-08 	 	 
24.475 	 1.50559e-08 	 	 
24.5 	 1.42266e-08 	 	 
24.525 	 1.34365e-08 	 	 
24.55 	 1.26851e-08 	 	 
24.575 	 1.19716e-08 	 	 
24.6 	 1.12954e-08 	 	 
24.625 	 1.0656e-08 	 	 
24.65 	 1.00528e-08 	 	 
24.675 	 9.48522e-09 	 	 
24.7 	 8.95277e-09 	 	 
24.725 	 8.45495e-09 	 	 
24.75 	 7.99127e-09 	 	 
24.775 	 7.56128e-09 	 	 
24.8 	 7.16456e-09 	 	 
24.825 	 6.80068e-09 	 	 
24.85 	 6.46926e-09 	 	 
24.875 	 6.16993e-09 	 	 
24.9 	 5.90233e-09 	 	 
24.925 	 5.66614e-09 	 	 
24.95 	 5.46104e-09 	 	 
24.975 	 5.28675e-09 	 	 
