0 	 0.00266845 	 	 
0.02 	 0.0026681 	 	 
0.04 	 0.00266775 	 	 
0.06 	 0.00266739 	 	 
0.08 	 0.00266702 	 	 
0.1 	 0.00266664 	 	 
0.12 	 0.00266626 	 	 
0.14 	 0.00266587 	 	 
0.16 	 0.00266547 	 	 
0.18 	 0.00266507 	 	 
0.2 	 0.00266465 	 	 
0.22 	 0.00266423 	 	 
0.24 	 0.0026638 	 	 
0.26 	 0.00266336 	 	 
0.28 	 0.00266291 	 	 
0.3 	 0.00266245 	 	 
0.32 	 0.00266199 	 	 
0.34 	 0.00266151 	 	 
0.36 	 0.00266103 	 	 
0.38 	 0.00266053 	 	 
0.4 	 0.00266003 	 	 
0.42 	 0.00265952 	 	 
0.44 	 0.00265899 	 	 
0.46 	 0.00265846 	 	 
0.48 	 0.00265791 	 	 
0.5 	 0.00265736 	 	 
0.52 	 0.00265679 	 	 
0.54 	 0.00265621 	 	 
0.56 	 0.00265562 	 	 
0.58 	 0.00265502 	 	 
0.6 	 0.00265441 	 	 
0.62 	 0.00265378 	 	 
0.64 	 0.00265314 	 	 
0.66 	 0.00265249 	 	 
0.68 	 0.00265183 	 	 
0.7 	 0.00265116 	 	 
0.72 	 0.00265047 	 	 
0.74 	 0.00264976 	 	 
0.76 	 0.00264905 	 	 
0.78 	 0.00264832 	 	 
0.8 	 0.00264757 	 	 
0.82 	 0.00264681 	 	 
0.84 	 0.00264604 	 	 
0.86 	 0.00264525 	 	 
0.88 	 0.00264444 	 	 
0.9 	 0.00264362 	 	 
0.92 	 0.00264278 	 	 
0.94 	 0.00264193 	 	 
0.96 	 0.00264106 	 	 
0.98 	 0.00264017 	 	 
1 	 0.00263927 	 	 
1.02 	 0.00263835 	 	 
1.04 	 0.00263741 	 	 
1.06 	 0.00263645 	 	 
1.08 	 0.00263547 	 	 
1.1 	 0.00263448 	 	 
1.12 	 0.00263346 	 	 
1.14 	 0.00263243 	 	 
1.16 	 0.00263137 	 	 
1.18 	 0.0026303 	 	 
1.2 	 0.0026292 	 	 
1.22 	 0.00262808 	 	 
1.24 	 0.00262694 	 	 
1.26 	 0.00262578 	 	 
1.28 	 0.0026246 	 	 
1.3 	 0.00262339 	 	 
1.32 	 0.00262216 	 	 
1.34 	 0.00262091 	 	 
1.36 	 0.00261963 	 	 
1.38 	 0.00261833 	 	 
1.4 	 0.002617 	 	 
1.42 	 0.00261565 	 	 
1.44 	 0.00261427 	 	 
1.46 	 0.00261287 	 	 
1.48 	 0.00261144 	 	 
1.5 	 0.00260998 	 	 
1.52 	 0.00260849 	 	 
1.54 	 0.00260698 	 	 
1.56 	 0.00260544 	 	 
1.58 	 0.00260386 	 	 
1.6 	 0.00260226 	 	 
1.62 	 0.00260063 	 	 
1.64 	 0.00259897 	 	 
1.66 	 0.00259727 	 	 
1.68 	 0.00259554 	 	 
1.7 	 0.00259378 	 	 
1.72 	 0.00259199 	 	 
1.74 	 0.00259016 	 	 
1.76 	 0.0025883 	 	 
1.78 	 0.00258641 	 	 
1.8 	 0.00258448 	 	 
1.82 	 0.00258251 	 	 
1.84 	 0.00258051 	 	 
1.86 	 0.00257847 	 	 
1.88 	 0.00257639 	 	 
1.9 	 0.00257427 	 	 
1.92 	 0.00257212 	 	 
1.94 	 0.00256992 	 	 
1.96 	 0.00256768 	 	 
1.98 	 0.0025654 	 	 
2 	 0.00256308 	 	 
2.02 	 0.00256072 	 	 
2.04 	 0.00255832 	 	 
2.06 	 0.00255587 	 	 
2.08 	 0.00255337 	 	 
2.1 	 0.00255083 	 	 
2.12 	 0.00254825 	 	 
2.14 	 0.00254562 	 	 
2.16 	 0.00254294 	 	 
2.18 	 0.00254021 	 	 
2.2 	 0.00253743 	 	 
2.22 	 0.0025346 	 	 
2.24 	 0.00253173 	 	 
2.26 	 0.0025288 	 	 
2.28 	 0.00252581 	 	 
2.3 	 0.00252278 	 	 
2.32 	 0.00251969 	 	 
2.34 	 0.00251655 	 	 
2.36 	 0.00251335 	 	 
2.38 	 0.0025101 	 	 
2.4 	 0.00250678 	 	 
2.42 	 0.00250342 	 	 
2.44 	 0.00249999 	 	 
2.46 	 0.0024965 	 	 
2.48 	 0.00249295 	 	 
2.5 	 0.00248934 	 	 
2.52 	 0.00248567 	 	 
2.54 	 0.00248193 	 	 
2.56 	 0.00247814 	 	 
2.58 	 0.00247427 	 	 
2.6 	 0.00247034 	 	 
2.62 	 0.00246635 	 	 
2.64 	 0.00246228 	 	 
2.66 	 0.00245815 	 	 
2.68 	 0.00245395 	 	 
2.7 	 0.00244968 	 	 
2.72 	 0.00244534 	 	 
2.74 	 0.00244093 	 	 
2.76 	 0.00243644 	 	 
2.78 	 0.00243188 	 	 
2.8 	 0.00242725 	 	 
2.82 	 0.00242254 	 	 
2.84 	 0.00241775 	 	 
2.86 	 0.00241289 	 	 
2.88 	 0.00240794 	 	 
2.9 	 0.00240292 	 	 
2.92 	 0.00239782 	 	 
2.94 	 0.00239264 	 	 
2.96 	 0.00238738 	 	 
2.98 	 0.00238203 	 	 
3 	 0.0023766 	 	 
3.02 	 0.00237109 	 	 
3.04 	 0.00236549 	 	 
3.06 	 0.00235981 	 	 
3.08 	 0.00235404 	 	 
3.1 	 0.00234818 	 	 
3.12 	 0.00234223 	 	 
3.14 	 0.0023362 	 	 
3.16 	 0.00233007 	 	 
3.18 	 0.00232385 	 	 
3.2 	 0.00231755 	 	 
3.22 	 0.00231115 	 	 
3.24 	 0.00230465 	 	 
3.26 	 0.00229806 	 	 
3.28 	 0.00229138 	 	 
3.3 	 0.00228461 	 	 
3.32 	 0.00227773 	 	 
3.34 	 0.00227077 	 	 
3.36 	 0.0022637 	 	 
3.38 	 0.00225654 	 	 
3.4 	 0.00224928 	 	 
3.42 	 0.00224192 	 	 
3.44 	 0.00223446 	 	 
3.46 	 0.0022269 	 	 
3.48 	 0.00221924 	 	 
3.5 	 0.00221148 	 	 
3.52 	 0.00220362 	 	 
3.54 	 0.00219566 	 	 
3.56 	 0.00218759 	 	 
3.58 	 0.00217943 	 	 
3.6 	 0.00217116 	 	 
3.62 	 0.00216279 	 	 
3.64 	 0.00215431 	 	 
3.66 	 0.00214574 	 	 
3.68 	 0.00213706 	 	 
3.7 	 0.00212827 	 	 
3.72 	 0.00211939 	 	 
3.74 	 0.0021104 	 	 
3.76 	 0.0021013 	 	 
3.78 	 0.00209211 	 	 
3.8 	 0.00208281 	 	 
3.82 	 0.0020734 	 	 
3.84 	 0.0020639 	 	 
3.86 	 0.00205429 	 	 
3.88 	 0.00204458 	 	 
3.9 	 0.00203477 	 	 
3.92 	 0.00202485 	 	 
3.94 	 0.00201484 	 	 
3.96 	 0.00200472 	 	 
3.98 	 0.0019945 	 	 
4 	 0.00198419 	 	 
4.02 	 0.00197377 	 	 
4.04 	 0.00196326 	 	 
4.06 	 0.00195265 	 	 
4.08 	 0.00194194 	 	 
4.1 	 0.00193114 	 	 
4.12 	 0.00192024 	 	 
4.14 	 0.00190924 	 	 
4.16 	 0.00189816 	 	 
4.18 	 0.00188698 	 	 
4.2 	 0.00187571 	 	 
4.22 	 0.00186435 	 	 
4.24 	 0.0018529 	 	 
4.26 	 0.00184137 	 	 
4.28 	 0.00182975 	 	 
4.3 	 0.00181804 	 	 
4.32 	 0.00180625 	 	 
4.34 	 0.00179438 	 	 
4.36 	 0.00178243 	 	 
4.38 	 0.0017704 	 	 
4.4 	 0.0017583 	 	 
4.42 	 0.00174612 	 	 
4.44 	 0.00173386 	 	 
4.46 	 0.00172154 	 	 
4.48 	 0.00170914 	 	 
4.5 	 0.00169668 	 	 
4.52 	 0.00168415 	 	 
4.54 	 0.00167156 	 	 
4.56 	 0.0016589 	 	 
4.58 	 0.00164619 	 	 
4.6 	 0.00163342 	 	 
4.62 	 0.00162059 	 	 
4.64 	 0.00160771 	 	 
4.66 	 0.00159478 	 	 
4.68 	 0.0015818 	 	 
4.7 	 0.00156877 	 	 
4.72 	 0.0015557 	 	 
4.74 	 0.00154259 	 	 
4.76 	 0.00152944 	 	 
4.78 	 0.00151625 	 	 
4.8 	 0.00150303 	 	 
4.82 	 0.00148978 	 	 
4.84 	 0.00147649 	 	 
4.86 	 0.00146319 	 	 
4.88 	 0.00144985 	 	 
4.9 	 0.0014365 	 	 
4.92 	 0.00142313 	 	 
4.94 	 0.00140974 	 	 
4.96 	 0.00139634 	 	 
4.98 	 0.00138293 	 	 
5 	 0.00136951 	 	 
5.02 	 0.00135608 	 	 
5.04 	 0.00134265 	 	 
5.06 	 0.00132922 	 	 
5.08 	 0.0013158 	 	 
5.1 	 0.00130238 	 	 
5.12 	 0.00128897 	 	 
5.14 	 0.00127557 	 	 
5.16 	 0.00126218 	 	 
5.18 	 0.00124881 	 	 
5.2 	 0.00123545 	 	 
5.22 	 0.00122212 	 	 
5.24 	 0.00120881 	 	 
5.26 	 0.00119553 	 	 
5.28 	 0.00118228 	 	 
5.3 	 0.00116906 	 	 
5.32 	 0.00115587 	 	 
5.34 	 0.00114272 	 	 
5.36 	 0.00112961 	 	 
5.38 	 0.00111655 	 	 
5.4 	 0.00110352 	 	 
5.42 	 0.00109054 	 	 
5.44 	 0.00107761 	 	 
5.46 	 0.00106473 	 	 
5.48 	 0.00105191 	 	 
5.5 	 0.00103914 	 	 
5.52 	 0.00102643 	 	 
5.54 	 0.00101377 	 	 
5.56 	 0.00100118 	 	 
5.58 	 0.000988655 	 	 
5.6 	 0.000976193 	 	 
5.62 	 0.0009638 	 	 
5.64 	 0.000951477 	 	 
5.66 	 0.000939225 	 	 
5.68 	 0.000927047 	 	 
5.7 	 0.000914944 	 	 
5.72 	 0.000902917 	 	 
5.74 	 0.000890969 	 	 
5.76 	 0.000879102 	 	 
5.78 	 0.000867316 	 	 
5.8 	 0.000855613 	 	 
5.82 	 0.000843995 	 	 
5.84 	 0.000832463 	 	 
5.86 	 0.000821018 	 	 
5.88 	 0.000809662 	 	 
5.9 	 0.000798396 	 	 
5.92 	 0.00078722 	 	 
5.94 	 0.000776137 	 	 
5.96 	 0.000765147 	 	 
5.98 	 0.000754251 	 	 
6 	 0.00074345 	 	 
6.02 	 0.000732745 	 	 
6.04 	 0.000722137 	 	 
6.06 	 0.000711626 	 	 
6.08 	 0.000701214 	 	 
6.1 	 0.000690901 	 	 
6.12 	 0.000680688 	 	 
6.14 	 0.000670575 	 	 
6.16 	 0.000660562 	 	 
6.18 	 0.000650651 	 	 
6.2 	 0.000640841 	 	 
6.22 	 0.000631134 	 	 
6.24 	 0.000621529 	 	 
6.26 	 0.000612026 	 	 
6.28 	 0.000602626 	 	 
6.3 	 0.00059333 	 	 
6.32 	 0.000584136 	 	 
6.34 	 0.000575046 	 	 
6.36 	 0.00056606 	 	 
6.38 	 0.000557176 	 	 
6.4 	 0.000548396 	 	 
6.42 	 0.000539719 	 	 
6.44 	 0.000531146 	 	 
6.46 	 0.000522675 	 	 
6.48 	 0.000514307 	 	 
6.5 	 0.000506042 	 	 
6.52 	 0.00049788 	 	 
6.54 	 0.000489819 	 	 
6.56 	 0.00048186 	 	 
6.58 	 0.000474003 	 	 
6.6 	 0.000466246 	 	 
6.62 	 0.00045859 	 	 
6.64 	 0.000451034 	 	 
6.66 	 0.000443578 	 	 
6.68 	 0.000436222 	 	 
6.7 	 0.000428963 	 	 
6.72 	 0.000421803 	 	 
6.74 	 0.000414741 	 	 
6.76 	 0.000407775 	 	 
6.78 	 0.000400906 	 	 
6.8 	 0.000394133 	 	 
6.82 	 0.000387454 	 	 
6.84 	 0.00038087 	 	 
6.86 	 0.00037438 	 	 
6.88 	 0.000367982 	 	 
6.9 	 0.000361677 	 	 
6.92 	 0.000355463 	 	 
6.94 	 0.00034934 	 	 
6.96 	 0.000343307 	 	 
6.98 	 0.000337363 	 	 
7 	 0.000331507 	 	 
7.02 	 0.000325739 	 	 
7.04 	 0.000320058 	 	 
7.06 	 0.000314462 	 	 
7.08 	 0.000308952 	 	 
7.1 	 0.000303525 	 	 
7.12 	 0.000298182 	 	 
7.14 	 0.000292922 	 	 
7.16 	 0.000287743 	 	 
7.18 	 0.000282645 	 	 
7.2 	 0.000277627 	 	 
7.22 	 0.000272688 	 	 
7.24 	 0.000267827 	 	 
7.26 	 0.000263043 	 	 
7.28 	 0.000258335 	 	 
7.3 	 0.000253703 	 	 
7.32 	 0.000249145 	 	 
7.34 	 0.000244661 	 	 
7.36 	 0.00024025 	 	 
7.38 	 0.000235911 	 	 
7.4 	 0.000231642 	 	 
7.42 	 0.000227444 	 	 
7.44 	 0.000223315 	 	 
7.46 	 0.000219254 	 	 
7.48 	 0.00021526 	 	 
7.5 	 0.000211333 	 	 
7.52 	 0.000207472 	 	 
7.54 	 0.000203675 	 	 
7.56 	 0.000199942 	 	 
7.58 	 0.000196272 	 	 
7.6 	 0.000192665 	 	 
7.62 	 0.000189118 	 	 
7.64 	 0.000185632 	 	 
7.66 	 0.000182206 	 	 
7.68 	 0.000178838 	 	 
7.7 	 0.000175529 	 	 
7.72 	 0.000172276 	 	 
7.74 	 0.000169079 	 	 
7.76 	 0.000165938 	 	 
7.78 	 0.000162852 	 	 
7.8 	 0.000159819 	 	 
7.82 	 0.000156839 	 	 
7.84 	 0.000153911 	 	 
7.86 	 0.000151035 	 	 
7.88 	 0.000148209 	 	 
7.9 	 0.000145434 	 	 
7.92 	 0.000142707 	 	 
7.94 	 0.000140028 	 	 
7.96 	 0.000137397 	 	 
7.98 	 0.000134813 	 	 
8 	 0.000132275 	 	 
8.02 	 0.000129783 	 	 
8.04 	 0.000127335 	 	 
8.06 	 0.000124931 	 	 
8.08 	 0.00012257 	 	 
8.1 	 0.000120251 	 	 
8.12 	 0.000117975 	 	 
8.14 	 0.000115739 	 	 
8.16 	 0.000113544 	 	 
8.18 	 0.000111389 	 	 
8.2 	 0.000109273 	 	 
8.22 	 0.000107196 	 	 
8.24 	 0.000105157 	 	 
8.26 	 0.000103154 	 	 
8.28 	 0.000101189 	 	 
8.3 	 9.92591e-05 	 	 
8.32 	 9.73649e-05 	 	 
8.34 	 9.55055e-05 	 	 
8.36 	 9.36803e-05 	 	 
8.38 	 9.18888e-05 	 	 
8.4 	 9.01303e-05 	 	 
8.42 	 8.84044e-05 	 	 
8.44 	 8.67103e-05 	 	 
8.46 	 8.50477e-05 	 	 
8.48 	 8.3416e-05 	 	 
8.5 	 8.18146e-05 	 	 
8.52 	 8.02429e-05 	 	 
8.54 	 7.87006e-05 	 	 
8.56 	 7.7187e-05 	 	 
8.58 	 7.57016e-05 	 	 
8.6 	 7.42441e-05 	 	 
8.62 	 7.28138e-05 	 	 
8.64 	 7.14103e-05 	 	 
8.66 	 7.00332e-05 	 	 
8.68 	 6.86819e-05 	 	 
8.7 	 6.7356e-05 	 	 
8.72 	 6.60551e-05 	 	 
8.74 	 6.47787e-05 	 	 
8.76 	 6.35263e-05 	 	 
8.78 	 6.22976e-05 	 	 
8.8 	 6.10921e-05 	 	 
8.82 	 5.99093e-05 	 	 
8.84 	 5.8749e-05 	 	 
8.86 	 5.76106e-05 	 	 
8.88 	 5.64939e-05 	 	 
8.9 	 5.53983e-05 	 	 
8.92 	 5.43235e-05 	 	 
8.94 	 5.32692e-05 	 	 
8.96 	 5.22349e-05 	 	 
8.98 	 5.12203e-05 	 	 
9 	 5.0225e-05 	 	 
9.02 	 4.92488e-05 	 	 
9.04 	 4.82911e-05 	 	 
9.06 	 4.73517e-05 	 	 
9.08 	 4.64303e-05 	 	 
9.1 	 4.55265e-05 	 	 
9.12 	 4.464e-05 	 	 
9.14 	 4.37705e-05 	 	 
9.16 	 4.29176e-05 	 	 
9.18 	 4.20811e-05 	 	 
9.2 	 4.12607e-05 	 	 
9.22 	 4.04559e-05 	 	 
9.24 	 3.96667e-05 	 	 
9.26 	 3.88926e-05 	 	 
9.28 	 3.81334e-05 	 	 
9.3 	 3.73888e-05 	 	 
9.32 	 3.66586e-05 	 	 
9.34 	 3.59424e-05 	 	 
9.36 	 3.52401e-05 	 	 
9.38 	 3.45512e-05 	 	 
9.4 	 3.38757e-05 	 	 
9.42 	 3.32132e-05 	 	 
9.44 	 3.25635e-05 	 	 
9.46 	 3.19264e-05 	 	 
9.48 	 3.13016e-05 	 	 
9.5 	 3.06888e-05 	 	 
9.52 	 3.0088e-05 	 	 
9.54 	 2.94987e-05 	 	 
9.56 	 2.89209e-05 	 	 
9.58 	 2.83543e-05 	 	 
9.6 	 2.77986e-05 	 	 
9.62 	 2.72538e-05 	 	 
9.64 	 2.67195e-05 	 	 
9.66 	 2.61956e-05 	 	 
9.68 	 2.56818e-05 	 	 
9.7 	 2.5178e-05 	 	 
9.72 	 2.46841e-05 	 	 
9.74 	 2.41997e-05 	 	 
9.76 	 2.37247e-05 	 	 
9.78 	 2.3259e-05 	 	 
9.8 	 2.28024e-05 	 	 
9.82 	 2.23546e-05 	 	 
9.84 	 2.19156e-05 	 	 
9.86 	 2.14851e-05 	 	 
9.88 	 2.1063e-05 	 	 
9.9 	 2.06491e-05 	 	 
9.92 	 2.02433e-05 	 	 
9.94 	 1.98455e-05 	 	 
9.96 	 1.94553e-05 	 	 
9.98 	 1.90728e-05 	 	 
10 	 1.86978e-05 	 	 
10.02 	 1.83301e-05 	 	 
10.04 	 1.79695e-05 	 	 
10.06 	 1.76161e-05 	 	 
10.08 	 1.72695e-05 	 	 
10.1 	 1.69297e-05 	 	 
10.12 	 1.65965e-05 	 	 
10.14 	 1.62699e-05 	 	 
10.16 	 1.59496e-05 	 	 
10.18 	 1.56356e-05 	 	 
10.2 	 1.53278e-05 	 	 
10.22 	 1.5026e-05 	 	 
10.24 	 1.47301e-05 	 	 
10.26 	 1.444e-05 	 	 
10.28 	 1.41556e-05 	 	 
10.3 	 1.38767e-05 	 	 
10.32 	 1.36033e-05 	 	 
10.34 	 1.33353e-05 	 	 
10.36 	 1.30725e-05 	 	 
10.38 	 1.28149e-05 	 	 
10.4 	 1.25623e-05 	 	 
10.42 	 1.23147e-05 	 	 
10.44 	 1.2072e-05 	 	 
10.46 	 1.1834e-05 	 	 
10.48 	 1.16007e-05 	 	 
10.5 	 1.13719e-05 	 	 
10.52 	 1.11477e-05 	 	 
10.54 	 1.09278e-05 	 	 
10.56 	 1.07123e-05 	 	 
10.58 	 1.0501e-05 	 	 
10.6 	 1.02939e-05 	 	 
10.62 	 1.00908e-05 	 	 
10.64 	 9.89175e-06 	 	 
10.66 	 9.69659e-06 	 	 
10.68 	 9.50527e-06 	 	 
10.7 	 9.3177e-06 	 	 
10.72 	 9.13383e-06 	 	 
10.74 	 8.95357e-06 	 	 
10.76 	 8.77685e-06 	 	 
10.78 	 8.60362e-06 	 	 
10.8 	 8.43379e-06 	 	 
10.82 	 8.2673e-06 	 	 
10.84 	 8.10409e-06 	 	 
10.86 	 7.9441e-06 	 	 
10.88 	 7.78725e-06 	 	 
10.9 	 7.63349e-06 	 	 
10.92 	 7.48276e-06 	 	 
10.94 	 7.33499e-06 	 	 
10.96 	 7.19014e-06 	 	 
10.98 	 7.04814e-06 	 	 
11 	 6.90894e-06 	 	 
11.02 	 6.77248e-06 	 	 
11.04 	 6.6387e-06 	 	 
11.06 	 6.50757e-06 	 	 
11.08 	 6.37901e-06 	 	 
11.1 	 6.25299e-06 	 	 
11.12 	 6.12946e-06 	 	 
11.14 	 6.00836e-06 	 	 
11.16 	 5.88965e-06 	 	 
11.18 	 5.77328e-06 	 	 
11.2 	 5.6592e-06 	 	 
11.22 	 5.54737e-06 	 	 
11.24 	 5.43775e-06 	 	 
11.26 	 5.33029e-06 	 	 
11.28 	 5.22494e-06 	 	 
11.3 	 5.12168e-06 	 	 
11.32 	 5.02045e-06 	 	 
11.34 	 4.92122e-06 	 	 
11.36 	 4.82395e-06 	 	 
11.38 	 4.7286e-06 	 	 
11.4 	 4.63513e-06 	 	 
11.42 	 4.5435e-06 	 	 
11.44 	 4.45368e-06 	 	 
11.46 	 4.36564e-06 	 	 
11.48 	 4.27933e-06 	 	 
11.5 	 4.19473e-06 	 	 
11.52 	 4.11179e-06 	 	 
11.54 	 4.0305e-06 	 	 
11.56 	 3.9508e-06 	 	 
11.58 	 3.87269e-06 	 	 
11.6 	 3.79611e-06 	 	 
11.62 	 3.72105e-06 	 	 
11.64 	 3.64747e-06 	 	 
11.66 	 3.57534e-06 	 	 
11.68 	 3.50463e-06 	 	 
11.7 	 3.43532e-06 	 	 
11.72 	 3.36739e-06 	 	 
11.74 	 3.30079e-06 	 	 
11.76 	 3.23551e-06 	 	 
11.78 	 3.17152e-06 	 	 
11.8 	 3.10879e-06 	 	 
11.82 	 3.0473e-06 	 	 
11.84 	 2.98703e-06 	 	 
11.86 	 2.92794e-06 	 	 
11.88 	 2.87003e-06 	 	 
11.9 	 2.81326e-06 	 	 
11.92 	 2.75761e-06 	 	 
11.94 	 2.70306e-06 	 	 
11.96 	 2.64959e-06 	 	 
11.98 	 2.59717e-06 	 	 
12 	 2.5458e-06 	 	 
12.02 	 2.49543e-06 	 	 
12.04 	 2.44606e-06 	 	 
12.06 	 2.39767e-06 	 	 
12.08 	 2.35024e-06 	 	 
12.1 	 2.30374e-06 	 	 
12.12 	 2.25816e-06 	 	 
12.14 	 2.21348e-06 	 	 
12.16 	 2.16969e-06 	 	 
12.18 	 2.12676e-06 	 	 
12.2 	 2.08468e-06 	 	 
12.22 	 2.04343e-06 	 	 
12.24 	 2.003e-06 	 	 
12.26 	 1.96337e-06 	 	 
12.28 	 1.92452e-06 	 	 
12.3 	 1.88644e-06 	 	 
12.32 	 1.84911e-06 	 	 
12.34 	 1.81252e-06 	 	 
12.36 	 1.77665e-06 	 	 
12.38 	 1.74149e-06 	 	 
12.4 	 1.70703e-06 	 	 
12.42 	 1.67325e-06 	 	 
12.44 	 1.64014e-06 	 	 
12.46 	 1.60768e-06 	 	 
12.48 	 1.57587e-06 	 	 
12.5 	 1.54468e-06 	 	 
12.52 	 1.51411e-06 	 	 
12.54 	 1.48414e-06 	 	 
12.56 	 1.45477e-06 	 	 
12.58 	 1.42598e-06 	 	 
12.6 	 1.39776e-06 	 	 
12.62 	 1.3701e-06 	 	 
12.64 	 1.34298e-06 	 	 
12.66 	 1.3164e-06 	 	 
12.68 	 1.29035e-06 	 	 
12.7 	 1.26481e-06 	 	 
12.72 	 1.23977e-06 	 	 
12.74 	 1.21524e-06 	 	 
12.76 	 1.19118e-06 	 	 
12.78 	 1.16761e-06 	 	 
12.8 	 1.1445e-06 	 	 
12.82 	 1.12184e-06 	 	 
12.84 	 1.09964e-06 	 	 
12.86 	 1.07787e-06 	 	 
12.88 	 1.05654e-06 	 	 
12.9 	 1.03563e-06 	 	 
12.92 	 1.01513e-06 	 	 
12.94 	 9.95033e-07 	 	 
12.96 	 9.75337e-07 	 	 
12.98 	 9.56031e-07 	 	 
13 	 9.37107e-07 	 	 
13.02 	 9.18558e-07 	 	 
13.04 	 9.00375e-07 	 	 
13.06 	 8.82552e-07 	 	 
13.08 	 8.65082e-07 	 	 
13.1 	 8.47958e-07 	 	 
13.12 	 8.31172e-07 	 	 
13.14 	 8.14719e-07 	 	 
13.16 	 7.98591e-07 	 	 
13.18 	 7.82783e-07 	 	 
13.2 	 7.67287e-07 	 	 
13.22 	 7.52098e-07 	 	 
13.24 	 7.3721e-07 	 	 
13.26 	 7.22616e-07 	 	 
13.28 	 7.08311e-07 	 	 
13.3 	 6.94289e-07 	 	 
13.32 	 6.80545e-07 	 	 
13.34 	 6.67072e-07 	 	 
13.36 	 6.53867e-07 	 	 
13.38 	 6.40922e-07 	 	 
13.4 	 6.28234e-07 	 	 
13.42 	 6.15797e-07 	 	 
13.44 	 6.03606e-07 	 	 
13.46 	 5.91657e-07 	 	 
13.48 	 5.79944e-07 	 	 
13.5 	 5.68462e-07 	 	 
13.52 	 5.57208e-07 	 	 
13.54 	 5.46177e-07 	 	 
13.56 	 5.35364e-07 	 	 
13.58 	 5.24765e-07 	 	 
13.6 	 5.14376e-07 	 	 
13.62 	 5.04193e-07 	 	 
13.64 	 4.94211e-07 	 	 
13.66 	 4.84427e-07 	 	 
13.68 	 4.74836e-07 	 	 
13.7 	 4.65435e-07 	 	 
13.72 	 4.56221e-07 	 	 
13.74 	 4.47189e-07 	 	 
13.76 	 4.38335e-07 	 	 
13.78 	 4.29657e-07 	 	 
13.8 	 4.2115e-07 	 	 
13.82 	 4.12812e-07 	 	 
13.84 	 4.04639e-07 	 	 
13.86 	 3.96628e-07 	 	 
13.88 	 3.88775e-07 	 	 
13.9 	 3.81078e-07 	 	 
13.92 	 3.73533e-07 	 	 
13.94 	 3.66138e-07 	 	 
13.96 	 3.58889e-07 	 	 
13.98 	 3.51783e-07 	 	 
14 	 3.44819e-07 	 	 
14.02 	 3.37992e-07 	 	 
14.04 	 3.313e-07 	 	 
14.06 	 3.2474e-07 	 	 
14.08 	 3.18311e-07 	 	 
14.1 	 3.12009e-07 	 	 
14.12 	 3.05831e-07 	 	 
14.14 	 2.99776e-07 	 	 
14.16 	 2.93841e-07 	 	 
14.18 	 2.88023e-07 	 	 
14.2 	 2.8232e-07 	 	 
14.22 	 2.7673e-07 	 	 
14.24 	 2.71251e-07 	 	 
14.26 	 2.65881e-07 	 	 
14.28 	 2.60616e-07 	 	 
14.3 	 2.55456e-07 	 	 
14.32 	 2.50398e-07 	 	 
14.34 	 2.45441e-07 	 	 
14.36 	 2.40581e-07 	 	 
14.38 	 2.35818e-07 	 	 
14.4 	 2.31149e-07 	 	 
14.42 	 2.26572e-07 	 	 
14.44 	 2.22086e-07 	 	 
14.46 	 2.17689e-07 	 	 
14.48 	 2.13378e-07 	 	 
14.5 	 2.09154e-07 	 	 
14.52 	 2.05012e-07 	 	 
14.54 	 2.00953e-07 	 	 
14.56 	 1.96974e-07 	 	 
14.58 	 1.93074e-07 	 	 
14.6 	 1.89251e-07 	 	 
14.62 	 1.85504e-07 	 	 
14.64 	 1.81831e-07 	 	 
14.66 	 1.78231e-07 	 	 
14.68 	 1.74702e-07 	 	 
14.7 	 1.71243e-07 	 	 
14.72 	 1.67852e-07 	 	 
14.74 	 1.64529e-07 	 	 
14.76 	 1.61271e-07 	 	 
14.78 	 1.58078e-07 	 	 
14.8 	 1.54948e-07 	 	 
14.82 	 1.5188e-07 	 	 
14.84 	 1.48873e-07 	 	 
14.86 	 1.45925e-07 	 	 
14.88 	 1.43036e-07 	 	 
14.9 	 1.40203e-07 	 	 
14.92 	 1.37427e-07 	 	 
14.94 	 1.34706e-07 	 	 
14.96 	 1.32039e-07 	 	 
14.98 	 1.29425e-07 	 	 
15 	 1.26862e-07 	 	 
15.02 	 1.2435e-07 	 	 
15.04 	 1.21888e-07 	 	 
15.06 	 1.19474e-07 	 	 
15.08 	 1.17109e-07 	 	 
15.1 	 1.1479e-07 	 	 
15.12 	 1.12517e-07 	 	 
15.14 	 1.10289e-07 	 	 
15.16 	 1.08105e-07 	 	 
15.18 	 1.05965e-07 	 	 
15.2 	 1.03867e-07 	 	 
15.22 	 1.0181e-07 	 	 
15.24 	 9.97942e-08 	 	 
15.26 	 9.78182e-08 	 	 
15.28 	 9.58813e-08 	 	 
15.3 	 9.39828e-08 	 	 
15.32 	 9.21219e-08 	 	 
15.34 	 9.02978e-08 	 	 
15.36 	 8.85098e-08 	 	 
15.38 	 8.67573e-08 	 	 
15.4 	 8.50394e-08 	 	 
15.42 	 8.33556e-08 	 	 
15.44 	 8.17051e-08 	 	 
15.46 	 8.00873e-08 	 	 
15.48 	 7.85015e-08 	 	 
15.5 	 7.69471e-08 	 	 
15.52 	 7.54235e-08 	 	 
15.54 	 7.393e-08 	 	 
15.56 	 7.24662e-08 	 	 
15.58 	 7.10313e-08 	 	 
15.6 	 6.96248e-08 	 	 
15.62 	 6.82462e-08 	 	 
15.64 	 6.68948e-08 	 	 
15.66 	 6.55703e-08 	 	 
15.68 	 6.42719e-08 	 	 
15.7 	 6.29993e-08 	 	 
15.72 	 6.17518e-08 	 	 
15.74 	 6.05291e-08 	 	 
15.76 	 5.93306e-08 	 	 
15.78 	 5.81558e-08 	 	 
15.8 	 5.70042e-08 	 	 
15.82 	 5.58755e-08 	 	 
15.84 	 5.47691e-08 	 	 
15.86 	 5.36846e-08 	 	 
15.88 	 5.26216e-08 	 	 
15.9 	 5.15797e-08 	 	 
15.92 	 5.05583e-08 	 	 
15.94 	 4.95572e-08 	 	 
15.96 	 4.8576e-08 	 	 
15.98 	 4.76141e-08 	 	 
16 	 4.66713e-08 	 	 
16.02 	 4.57472e-08 	 	 
16.04 	 4.48413e-08 	 	 
16.06 	 4.39534e-08 	 	 
16.08 	 4.30831e-08 	 	 
16.1 	 4.223e-08 	 	 
16.12 	 4.13938e-08 	 	 
16.14 	 4.05742e-08 	 	 
16.16 	 3.97708e-08 	 	 
16.18 	 3.89833e-08 	 	 
16.2 	 3.82113e-08 	 	 
16.22 	 3.74547e-08 	 	 
16.24 	 3.67131e-08 	 	 
16.26 	 3.59861e-08 	 	 
16.28 	 3.52736e-08 	 	 
16.3 	 3.45751e-08 	 	 
16.32 	 3.38905e-08 	 	 
16.34 	 3.32194e-08 	 	 
16.36 	 3.25616e-08 	 	 
16.38 	 3.19169e-08 	 	 
16.4 	 3.12849e-08 	 	 
16.42 	 3.06654e-08 	 	 
16.44 	 3.00582e-08 	 	 
16.46 	 2.9463e-08 	 	 
16.48 	 2.88796e-08 	 	 
16.5 	 2.83078e-08 	 	 
16.52 	 2.77472e-08 	 	 
16.54 	 2.71978e-08 	 	 
16.56 	 2.66593e-08 	 	 
16.58 	 2.61314e-08 	 	 
16.6 	 2.5614e-08 	 	 
16.62 	 2.51068e-08 	 	 
16.64 	 2.46096e-08 	 	 
16.66 	 2.41223e-08 	 	 
16.68 	 2.36447e-08 	 	 
16.7 	 2.31765e-08 	 	 
16.72 	 2.27176e-08 	 	 
16.74 	 2.22677e-08 	 	 
16.76 	 2.18268e-08 	 	 
16.78 	 2.13946e-08 	 	 
16.8 	 2.0971e-08 	 	 
16.82 	 2.05557e-08 	 	 
16.84 	 2.01487e-08 	 	 
16.86 	 1.97497e-08 	 	 
16.88 	 1.93587e-08 	 	 
16.9 	 1.89753e-08 	 	 
16.92 	 1.85996e-08 	 	 
16.94 	 1.82313e-08 	 	 
16.96 	 1.78703e-08 	 	 
16.98 	 1.75164e-08 	 	 
17 	 1.71696e-08 	 	 
17.02 	 1.68296e-08 	 	 
17.04 	 1.64964e-08 	 	 
17.06 	 1.61697e-08 	 	 
17.08 	 1.58495e-08 	 	 
17.1 	 1.55357e-08 	 	 
17.12 	 1.52281e-08 	 	 
17.14 	 1.49265e-08 	 	 
17.16 	 1.4631e-08 	 	 
17.18 	 1.43413e-08 	 	 
17.2 	 1.40573e-08 	 	 
17.22 	 1.37789e-08 	 	 
17.24 	 1.35061e-08 	 	 
17.26 	 1.32387e-08 	 	 
17.28 	 1.29765e-08 	 	 
17.3 	 1.27196e-08 	 	 
17.32 	 1.24677e-08 	 	 
17.34 	 1.22208e-08 	 	 
17.36 	 1.19788e-08 	 	 
17.38 	 1.17417e-08 	 	 
17.4 	 1.15092e-08 	 	 
17.42 	 1.12813e-08 	 	 
17.44 	 1.10579e-08 	 	 
17.46 	 1.08389e-08 	 	 
17.48 	 1.06243e-08 	 	 
17.5 	 1.04139e-08 	 	 
17.52 	 1.02077e-08 	 	 
17.54 	 1.00056e-08 	 	 
17.56 	 9.80746e-09 	 	 
17.58 	 9.61326e-09 	 	 
17.6 	 9.4229e-09 	 	 
17.62 	 9.23632e-09 	 	 
17.64 	 9.05343e-09 	 	 
17.66 	 8.87416e-09 	 	 
17.68 	 8.69844e-09 	 	 
17.7 	 8.5262e-09 	 	 
17.72 	 8.35737e-09 	 	 
17.74 	 8.19188e-09 	 	 
17.76 	 8.02967e-09 	 	 
17.78 	 7.87067e-09 	 	 
17.8 	 7.71483e-09 	 	 
17.82 	 7.56206e-09 	 	 
17.84 	 7.41232e-09 	 	 
17.86 	 7.26555e-09 	 	 
17.88 	 7.12168e-09 	 	 
17.9 	 6.98066e-09 	 	 
17.92 	 6.84244e-09 	 	 
17.94 	 6.70695e-09 	 	 
17.96 	 6.57414e-09 	 	 
17.98 	 6.44397e-09 	 	 
18 	 6.31637e-09 	 	 
18.02 	 6.1913e-09 	 	 
18.04 	 6.0687e-09 	 	 
18.06 	 5.94853e-09 	 	 
18.08 	 5.83074e-09 	 	 
18.1 	 5.71529e-09 	 	 
18.12 	 5.60212e-09 	 	 
18.14 	 5.49119e-09 	 	 
18.16 	 5.38246e-09 	 	 
18.18 	 5.27588e-09 	 	 
18.2 	 5.17141e-09 	 	 
18.22 	 5.06901e-09 	 	 
18.24 	 4.96863e-09 	 	 
18.26 	 4.87025e-09 	 	 
18.28 	 4.77381e-09 	 	 
18.3 	 4.67928e-09 	 	 
18.32 	 4.58663e-09 	 	 
18.34 	 4.49581e-09 	 	 
18.36 	 4.40678e-09 	 	 
18.38 	 4.31952e-09 	 	 
18.4 	 4.23399e-09 	 	 
18.42 	 4.15015e-09 	 	 
18.44 	 4.06797e-09 	 	 
18.46 	 3.98742e-09 	 	 
18.48 	 3.90847e-09 	 	 
18.5 	 3.83107e-09 	 	 
18.52 	 3.75521e-09 	 	 
18.54 	 3.68086e-09 	 	 
18.56 	 3.60797e-09 	 	 
18.58 	 3.53653e-09 	 	 
18.6 	 3.4665e-09 	 	 
18.62 	 3.39786e-09 	 	 
18.64 	 3.33058e-09 	 	 
18.66 	 3.26463e-09 	 	 
18.68 	 3.19998e-09 	 	 
18.7 	 3.13662e-09 	 	 
18.72 	 3.07451e-09 	 	 
18.74 	 3.01363e-09 	 	 
18.76 	 2.95396e-09 	 	 
18.78 	 2.89546e-09 	 	 
18.8 	 2.83813e-09 	 	 
18.82 	 2.78193e-09 	 	 
18.84 	 2.72685e-09 	 	 
18.86 	 2.67285e-09 	 	 
18.88 	 2.61993e-09 	 	 
18.9 	 2.56805e-09 	 	 
18.92 	 2.5172e-09 	 	 
18.94 	 2.46735e-09 	 	 
18.96 	 2.4185e-09 	 	 
18.98 	 2.37061e-09 	 	 
19 	 2.32367e-09 	 	 
19.02 	 2.27765e-09 	 	 
19.04 	 2.23255e-09 	 	 
19.06 	 2.18835e-09 	 	 
19.08 	 2.14501e-09 	 	 
19.1 	 2.10254e-09 	 	 
19.12 	 2.06091e-09 	 	 
19.14 	 2.0201e-09 	 	 
19.16 	 1.9801e-09 	 	 
19.18 	 1.94089e-09 	 	 
19.2 	 1.90246e-09 	 	 
19.22 	 1.86479e-09 	 	 
19.24 	 1.82786e-09 	 	 
19.26 	 1.79167e-09 	 	 
19.28 	 1.75619e-09 	 	 
19.3 	 1.72141e-09 	 	 
19.32 	 1.68733e-09 	 	 
19.34 	 1.65392e-09 	 	 
19.36 	 1.62117e-09 	 	 
19.38 	 1.58907e-09 	 	 
19.4 	 1.5576e-09 	 	 
19.42 	 1.52676e-09 	 	 
19.44 	 1.49653e-09 	 	 
19.46 	 1.46689e-09 	 	 
19.48 	 1.43785e-09 	 	 
19.5 	 1.40937e-09 	 	 
19.52 	 1.38147e-09 	 	 
19.54 	 1.35411e-09 	 	 
19.56 	 1.3273e-09 	 	 
19.58 	 1.30102e-09 	 	 
19.6 	 1.27526e-09 	 	 
19.62 	 1.25e-09 	 	 
19.64 	 1.22525e-09 	 	 
19.66 	 1.20099e-09 	 	 
19.68 	 1.17721e-09 	 	 
19.7 	 1.1539e-09 	 	 
19.72 	 1.13105e-09 	 	 
19.74 	 1.10865e-09 	 	 
19.76 	 1.0867e-09 	 	 
19.78 	 1.06518e-09 	 	 
19.8 	 1.04409e-09 	 	 
19.82 	 1.02342e-09 	 	 
19.84 	 1.00315e-09 	 	 
19.86 	 9.83288e-10 	 	 
19.88 	 9.63817e-10 	 	 
19.9 	 9.44732e-10 	 	 
19.92 	 9.26025e-10 	 	 
19.94 	 9.07689e-10 	 	 
19.96 	 8.89715e-10 	 	 
19.98 	 8.72098e-10 	 	 
20 	 8.54829e-10 	 	 
20.02 	 8.37902e-10 	 	 
20.04 	 8.21311e-10 	 	 
20.06 	 8.05048e-10 	 	 
20.08 	 7.89107e-10 	 	 
20.1 	 7.73481e-10 	 	 
20.12 	 7.58166e-10 	 	 
20.14 	 7.43153e-10 	 	 
20.16 	 7.28437e-10 	 	 
20.18 	 7.14013e-10 	 	 
20.2 	 6.99875e-10 	 	 
20.22 	 6.86017e-10 	 	 
20.24 	 6.72433e-10 	 	 
20.26 	 6.59117e-10 	 	 
20.28 	 6.46066e-10 	 	 
20.3 	 6.33273e-10 	 	 
20.32 	 6.20733e-10 	 	 
20.34 	 6.08442e-10 	 	 
20.36 	 5.96394e-10 	 	 
20.38 	 5.84585e-10 	 	 
20.4 	 5.73009e-10 	 	 
20.42 	 5.61663e-10 	 	 
20.44 	 5.50541e-10 	 	 
20.46 	 5.3964e-10 	 	 
20.48 	 5.28954e-10 	 	 
20.5 	 5.1848e-10 	 	 
20.52 	 5.08214e-10 	 	 
20.54 	 4.9815e-10 	 	 
20.56 	 4.88286e-10 	 	 
20.58 	 4.78618e-10 	 	 
20.6 	 4.6914e-10 	 	 
20.62 	 4.59851e-10 	 	 
20.64 	 4.50745e-10 	 	 
20.66 	 4.4182e-10 	 	 
20.68 	 4.33071e-10 	 	 
20.7 	 4.24496e-10 	 	 
20.72 	 4.1609e-10 	 	 
20.74 	 4.07851e-10 	 	 
20.76 	 3.99775e-10 	 	 
20.78 	 3.91859e-10 	 	 
20.8 	 3.841e-10 	 	 
20.82 	 3.76494e-10 	 	 
20.84 	 3.69039e-10 	 	 
20.86 	 3.61731e-10 	 	 
20.88 	 3.54569e-10 	 	 
20.9 	 3.47548e-10 	 	 
20.92 	 3.40666e-10 	 	 
20.94 	 3.3392e-10 	 	 
20.96 	 3.27308e-10 	 	 
20.98 	 3.20827e-10 	 	 
21 	 3.14474e-10 	 	 
21.02 	 3.08247e-10 	 	 
21.04 	 3.02143e-10 	 	 
21.06 	 2.96161e-10 	 	 
21.08 	 2.90296e-10 	 	 
21.1 	 2.84548e-10 	 	 
21.12 	 2.78914e-10 	 	 
21.14 	 2.73391e-10 	 	 
21.16 	 2.67977e-10 	 	 
21.18 	 2.62671e-10 	 	 
21.2 	 2.5747e-10 	 	 
21.22 	 2.52371e-10 	 	 
21.24 	 2.47374e-10 	 	 
21.26 	 2.42476e-10 	 	 
21.28 	 2.37674e-10 	 	 
21.3 	 2.32968e-10 	 	 
21.32 	 2.28355e-10 	 	 
21.34 	 2.23833e-10 	 	 
21.36 	 2.19401e-10 	 	 
21.38 	 2.15057e-10 	 	 
21.4 	 2.10798e-10 	 	 
21.42 	 2.06624e-10 	 	 
21.44 	 2.02533e-10 	 	 
21.46 	 1.98522e-10 	 	 
21.48 	 1.94591e-10 	 	 
21.5 	 1.90738e-10 	 	 
21.52 	 1.86961e-10 	 	 
21.54 	 1.83259e-10 	 	 
21.56 	 1.7963e-10 	 	 
21.58 	 1.76074e-10 	 	 
21.6 	 1.72587e-10 	 	 
21.62 	 1.6917e-10 	 	 
21.64 	 1.6582e-10 	 	 
21.66 	 1.62536e-10 	 	 
21.68 	 1.59318e-10 	 	 
21.7 	 1.56163e-10 	 	 
21.72 	 1.53071e-10 	 	 
21.74 	 1.5004e-10 	 	 
21.76 	 1.47069e-10 	 	 
21.78 	 1.44157e-10 	 	 
21.8 	 1.41302e-10 	 	 
21.82 	 1.38504e-10 	 	 
21.84 	 1.35762e-10 	 	 
21.86 	 1.33074e-10 	 	 
21.88 	 1.30439e-10 	 	 
21.9 	 1.27856e-10 	 	 
21.92 	 1.25324e-10 	 	 
21.94 	 1.22842e-10 	 	 
21.96 	 1.2041e-10 	 	 
21.98 	 1.18026e-10 	 	 
22 	 1.15689e-10 	 	 
22.02 	 1.13398e-10 	 	 
22.04 	 1.11152e-10 	 	 
22.06 	 1.08951e-10 	 	 
22.08 	 1.06794e-10 	 	 
22.1 	 1.04679e-10 	 	 
22.12 	 1.02607e-10 	 	 
22.14 	 1.00575e-10 	 	 
22.16 	 9.85833e-11 	 	 
22.18 	 9.66312e-11 	 	 
22.2 	 9.47178e-11 	 	 
22.22 	 9.28423e-11 	 	 
22.24 	 9.10039e-11 	 	 
22.26 	 8.92019e-11 	 	 
22.28 	 8.74356e-11 	 	 
22.3 	 8.57042e-11 	 	 
22.32 	 8.40072e-11 	 	 
22.34 	 8.23437e-11 	 	 
22.36 	 8.07132e-11 	 	 
22.38 	 7.9115e-11 	 	 
22.4 	 7.75484e-11 	 	 
22.42 	 7.60128e-11 	 	 
22.44 	 7.45077e-11 	 	 
22.46 	 7.30323e-11 	 	 
22.48 	 7.15862e-11 	 	 
22.5 	 7.01687e-11 	 	 
22.52 	 6.87792e-11 	 	 
22.54 	 6.74173e-11 	 	 
22.56 	 6.60824e-11 	 	 
22.58 	 6.47739e-11 	 	 
22.6 	 6.34912e-11 	 	 
22.62 	 6.2234e-11 	 	 
22.64 	 6.10017e-11 	 	 
22.66 	 5.97938e-11 	 	 
22.68 	 5.86098e-11 	 	 
22.7 	 5.74493e-11 	 	 
22.72 	 5.63117e-11 	 	 
22.74 	 5.51966e-11 	 	 
22.76 	 5.41037e-11 	 	 
22.78 	 5.30323e-11 	 	 
22.8 	 5.19822e-11 	 	 
22.82 	 5.09529e-11 	 	 
22.84 	 4.9944e-11 	 	 
22.86 	 4.8955e-11 	 	 
22.88 	 4.79856e-11 	 	 
22.9 	 4.70355e-11 	 	 
22.92 	 4.61041e-11 	 	 
22.94 	 4.51912e-11 	 	 
22.96 	 4.42963e-11 	 	 
22.98 	 4.34192e-11 	 	 
23 	 4.25595e-11 	 	 
23.02 	 4.17167e-11 	 	 
23.04 	 4.08907e-11 	 	 
23.06 	 4.0081e-11 	 	 
23.08 	 3.92873e-11 	 	 
23.1 	 3.85094e-11 	 	 
23.12 	 3.77468e-11 	 	 
23.14 	 3.69994e-11 	 	 
23.16 	 3.62668e-11 	 	 
23.18 	 3.55486e-11 	 	 
23.2 	 3.48447e-11 	 	 
23.22 	 3.41548e-11 	 	 
23.24 	 3.34785e-11 	 	 
23.26 	 3.28155e-11 	 	 
23.28 	 3.21657e-11 	 	 
23.3 	 3.15288e-11 	 	 
23.32 	 3.09045e-11 	 	 
23.34 	 3.02926e-11 	 	 
23.36 	 2.96927e-11 	 	 
23.38 	 2.91048e-11 	 	 
23.4 	 2.85285e-11 	 	 
23.42 	 2.79636e-11 	 	 
23.44 	 2.74098e-11 	 	 
23.46 	 2.68671e-11 	 	 
23.48 	 2.63351e-11 	 	 
23.5 	 2.58136e-11 	 	 
23.52 	 2.53025e-11 	 	 
23.54 	 2.48014e-11 	 	 
23.56 	 2.43103e-11 	 	 
23.58 	 2.3829e-11 	 	 
23.6 	 2.33571e-11 	 	 
23.62 	 2.28946e-11 	 	 
23.64 	 2.24413e-11 	 	 
23.66 	 2.19969e-11 	 	 
23.68 	 2.15613e-11 	 	 
23.7 	 2.11344e-11 	 	 
23.72 	 2.07159e-11 	 	 
23.74 	 2.03057e-11 	 	 
23.76 	 1.99036e-11 	 	 
23.78 	 1.95095e-11 	 	 
23.8 	 1.91232e-11 	 	 
23.82 	 1.87445e-11 	 	 
23.84 	 1.83734e-11 	 	 
23.86 	 1.80095e-11 	 	 
23.88 	 1.76529e-11 	 	 
23.9 	 1.73034e-11 	 	 
23.92 	 1.69608e-11 	 	 
23.94 	 1.66249e-11 	 	 
23.96 	 1.62957e-11 	 	 
23.98 	 1.5973e-11 	 	 
24 	 1.56567e-11 	 	 
24.02 	 1.53467e-11 	 	 
24.04 	 1.50428e-11 	 	 
24.06 	 1.4745e-11 	 	 
24.08 	 1.4453e-11 	 	 
24.1 	 1.41668e-11 	 	 
24.12 	 1.38863e-11 	 	 
24.14 	 1.36113e-11 	 	 
24.16 	 1.33418e-11 	 	 
24.18 	 1.30776e-11 	 	 
24.2 	 1.28187e-11 	 	 
24.22 	 1.25648e-11 	 	 
24.24 	 1.2316e-11 	 	 
24.26 	 1.20722e-11 	 	 
24.28 	 1.18331e-11 	 	 
24.3 	 1.15988e-11 	 	 
24.32 	 1.13691e-11 	 	 
24.34 	 1.1144e-11 	 	 
24.36 	 1.09233e-11 	 	 
24.38 	 1.0707e-11 	 	 
24.4 	 1.0495e-11 	 	 
24.42 	 1.02872e-11 	 	 
24.44 	 1.00835e-11 	 	 
24.46 	 9.88385e-12 	 	 
24.48 	 9.68814e-12 	 	 
24.5 	 9.4963e-12 	 	 
24.52 	 9.30826e-12 	 	 
24.54 	 9.12394e-12 	 	 
24.56 	 8.94328e-12 	 	 
24.58 	 8.76619e-12 	 	 
24.6 	 8.59261e-12 	 	 
24.62 	 8.42246e-12 	 	 
24.64 	 8.25568e-12 	 	 
24.66 	 8.09221e-12 	 	 
24.68 	 7.93197e-12 	 	 
24.7 	 7.77491e-12 	 	 
24.72 	 7.62096e-12 	 	 
24.74 	 7.47005e-12 	 	 
24.76 	 7.32214e-12 	 	 
24.78 	 7.17715e-12 	 	 
24.8 	 7.03503e-12 	 	 
24.82 	 6.89573e-12 	 	 
24.84 	 6.75918e-12 	 	 
24.86 	 6.62534e-12 	 	 
24.88 	 6.49415e-12 	 	 
24.9 	 6.36556e-12 	 	 
24.92 	 6.23951e-12 	 	 
24.94 	 6.11596e-12 	 	 
24.96 	 5.99486e-12 	 	 
24.98 	 5.87615e-12 	 	 
