0 	 0
0.025 	 0.0243827
0.05 	 0.0475615
0.075 	 0.0695808
0.1 	 0.0904837
0.125 	 0.110312
0.15 	 0.129106
0.175 	 0.146905
0.2 	 0.163746
0.225 	 0.179666
0.25 	 0.1947
0.275 	 0.208882
0.3 	 0.222245
0.325 	 0.234821
0.35 	 0.246641
0.375 	 0.257733
0.4 	 0.268128
0.425 	 0.277852
0.45 	 0.286933
0.475 	 0.295395
0.5 	 0.303265
0.525 	 0.310567
0.55 	 0.317322
0.575 	 0.323555
0.6 	 0.329287
0.625 	 0.334538
0.65 	 0.33933
0.675 	 0.343681
0.7 	 0.34761
0.725 	 0.351135
0.75 	 0.354275
0.775 	 0.357045
0.8 	 0.359463
0.825 	 0.361544
0.85 	 0.363303
0.875 	 0.364754
0.9 	 0.365913
0.925 	 0.366792
0.95 	 0.367404
0.975 	 0.367763
1 	 0.367879
1.025 	 0.367766
1.05 	 0.367435
1.075 	 0.367435
1.1 	 0.366158
1.125 	 0.365234
1.15 	 0.364132
1.175 	 0.362862
1.2 	 0.361433
1.225 	 0.359853
1.25 	 0.358131
1.275 	 0.356274
1.3 	 0.354291
1.325 	 0.352189
1.35 	 0.349974
1.375 	 0.347654
1.4 	 0.345236
1.425 	 0.342725
1.45 	 0.340127
1.475 	 0.337449
1.5 	 0.334695
1.525 	 0.331872
1.55 	 0.328984
1.575 	 0.326037
1.6 	 0.323034
1.625 	 0.319981
1.65 	 0.316882
1.675 	 0.313741
1.7 	 0.310562
1.725 	 0.307349
1.75 	 0.304104
1.775 	 0.300833
1.8 	 0.297538
1.825 	 0.294222
1.85 	 0.290889
1.875 	 0.287541
1.9 	 0.28418
1.925 	 0.280811
1.95 	 0.277434
1.975 	 0.274054
2 	 0.270671
2.025 	 0.270671
2.05 	 0.263907
2.075 	 0.26053
2.1 	 0.257158
2.125 	 0.253795
2.15 	 0.253795
2.175 	 0.247098
2.2 	 0.243767
2.225 	 0.24045
2.25 	 0.237148
2.275 	 0.237148
2.3 	 0.230595
2.325 	 0.227347
2.35 	 0.224118
2.375 	 0.220909
2.4 	 0.217723
2.425 	 0.214559
2.45 	 0.211419
2.475 	 0.208303
2.5 	 0.205212
2.525 	 0.202147
2.55 	 0.199108
2.575 	 0.196096
2.6 	 0.193111
2.625 	 0.190154
2.65 	 0.187226
2.675 	 0.184326
2.7 	 0.181455
2.725 	 0.178613
2.75 	 0.175802
2.775 	 0.17302
2.8 	 0.170268
2.825 	 0.167547
2.85 	 0.164856
2.875 	 0.162196
2.9 	 0.159567
2.925 	 0.156969
2.95 	 0.154402
2.975 	 0.151866
3 	 0.149361
3.025 	 0.146887
3.05 	 0.144445
3.075 	 0.142033
3.1 	 0.139653
3.125 	 0.137303
3.15 	 0.134984
3.175 	 0.132696
3.2 	 0.130439
3.225 	 0.128212
3.25 	 0.126016
3.275 	 0.12385
3.3 	 0.121714
3.325 	 0.119609
3.35 	 0.117533
3.375 	 0.115486
3.4 	 0.113469
3.425 	 0.111481
3.45 	 0.109522
3.475 	 0.107592
3.5 	 0.105691
3.525 	 0.103818
3.55 	 0.101972
3.575 	 0.100155
3.6 	 0.0983654
3.625 	 0.096603
3.65 	 0.0948676
3.675 	 0.0931591
3.7 	 0.091477
3.725 	 0.0898213
3.75 	 0.0881915
3.775 	 0.0865875
3.8 	 0.0850089
3.825 	 0.0834555
3.85 	 0.081927
3.875 	 0.0804231
3.9 	 0.0789435
3.925 	 0.0774879
3.95 	 0.0760561
3.975 	 0.0746477
4 	 0.0732626
4.025 	 0.0719003
4.05 	 0.0719003
4.075 	 0.0692433
4.1 	 0.067948
4.125 	 0.0666744
4.15 	 0.0654223
4.175 	 0.0654223
4.2 	 0.0629814
4.225 	 0.061792
4.25 	 0.060623
4.275 	 0.059474
4.3 	 0.059474
4.325 	 0.0572351
4.35 	 0.0561446
4.375 	 0.0550731
4.4 	 0.0540203
4.425 	 0.0540203
4.45 	 0.0519696
4.475 	 0.0509712
4.5 	 0.0499905
4.525 	 0.0490271
4.55 	 0.0490271
4.575 	 0.0471513
4.6 	 0.0462384
4.625 	 0.0453419
4.65 	 0.0444614
4.675 	 0.0444614
4.7 	 0.0427478
4.725 	 0.0419141
4.75 	 0.0410956
4.775 	 0.0402919
4.8 	 0.0395028
4.825 	 0.0387281
4.85 	 0.0379676
4.875 	 0.0372211
4.9 	 0.0364883
4.925 	 0.0357689
4.95 	 0.0350629
4.975 	 0.0343699
5 	 0.0336897
5.025 	 0.0330222
5.05 	 0.0323671
5.075 	 0.0317243
5.1 	 0.0310934
5.125 	 0.0304744
5.15 	 0.0298669
5.175 	 0.0292709
5.2 	 0.0286861
5.225 	 0.0281124
5.25 	 0.0275495
5.275 	 0.0269972
5.3 	 0.0264554
5.325 	 0.025924
5.35 	 0.0254026
5.375 	 0.0248912
5.4 	 0.0243895
5.425 	 0.0238975
5.45 	 0.0234149
5.475 	 0.0229415
5.5 	 0.0224772
5.525 	 0.0220219
5.55 	 0.0215754
5.575 	 0.0211375
5.6 	 0.020708
5.625 	 0.0202869
5.65 	 0.019874
5.675 	 0.019469
5.7 	 0.019072
5.725 	 0.0186827
5.75 	 0.018301
5.775 	 0.0179267
5.8 	 0.0175598
5.825 	 0.0172001
5.85 	 0.0168474
5.875 	 0.0165017
5.9 	 0.0161627
5.925 	 0.0158305
5.95 	 0.0155048
5.975 	 0.0151855
6 	 0.0148725
6.025 	 0.0145657
6.05 	 0.0142651
6.075 	 0.0139704
6.1 	 0.0136815
6.125 	 0.0133984
6.15 	 0.0131209
6.175 	 0.012849
6.2 	 0.0125825
6.225 	 0.0123213
6.25 	 0.0120653
6.275 	 0.0118145
6.3 	 0.0115687
6.325 	 0.0113279
6.35 	 0.0110918
6.375 	 0.0108606
6.4 	 0.010634
6.425 	 0.0104119
6.45 	 0.0101944
6.475 	 0.00998121
6.5 	 0.00977235
6.525 	 0.00956773
6.55 	 0.00936726
6.575 	 0.00917085
6.6 	 0.00897843
6.625 	 0.00878992
6.65 	 0.00860525
6.675 	 0.00842433
6.7 	 0.00824711
6.725 	 0.0080735
6.75 	 0.00790344
6.775 	 0.00773685
6.8 	 0.00757367
6.825 	 0.00741383
6.85 	 0.00725727
6.875 	 0.00710392
6.9 	 0.00695372
6.925 	 0.0068066
6.95 	 0.00666251
6.975 	 0.00652139
7 	 0.00638317
7.025 	 0.00624781
7.05 	 0.00611523
7.075 	 0.0059854
7.1 	 0.00585824
7.125 	 0.00573372
7.15 	 0.00561178
7.175 	 0.00549236
7.2 	 0.00537542
7.225 	 0.0052609
7.25 	 0.00514876
7.275 	 0.00503896
7.3 	 0.00493143
7.325 	 0.00482615
7.35 	 0.00472305
7.375 	 0.00462211
7.4 	 0.00452327
7.425 	 0.00442649
7.45 	 0.00433174
7.475 	 0.00423897
7.5 	 0.00414813
7.525 	 0.0040592
7.55 	 0.00397213
7.575 	 0.00388689
7.6 	 0.00380343
7.625 	 0.00372173
7.65 	 0.00364174
7.675 	 0.00356343
7.7 	 0.00348677
7.725 	 0.00341172
7.75 	 0.00333825
7.775 	 0.00326634
7.8 	 0.00319593
7.825 	 0.00312702
7.85 	 0.00305955
7.875 	 0.00299352
7.9 	 0.00292887
7.925 	 0.0028656
7.95 	 0.00280366
7.975 	 0.00274304
8 	 0.0026837
8.025 	 0.00262562
8.05 	 0.00256877
8.075 	 0.00251313
8.1 	 0.00251313
8.125 	 0.00240536
8.15 	 0.00235319
8.175 	 0.00230213
8.2 	 0.00225216
8.225 	 0.00225216
8.25 	 0.00215538
8.275 	 0.00210854
8.3 	 0.00206269
8.325 	 0.00201782
8.35 	 0.00201782
8.375 	 0.00193094
8.4 	 0.00188889
8.425 	 0.00184773
8.45 	 0.00180746
8.475 	 0.00180746
8.5 	 0.00172948
8.525 	 0.00169174
8.55 	 0.00165481
8.575 	 0.00161867
8.6 	 0.00161867
8.625 	 0.00154871
8.65 	 0.00151485
8.675 	 0.00148172
8.7 	 0.0014493
8.725 	 0.0014493
8.75 	 0.00138654
8.775 	 0.00135617
8.8 	 0.00132645
8.825 	 0.00129738
8.85 	 0.00129738
8.875 	 0.00124109
8.9 	 0.00121386
8.925 	 0.00118722
8.95 	 0.00116115
8.975 	 0.00116115
9 	 0.00111069
9.025 	 0.00108627
9.05 	 0.00106239
9.075 	 0.00103902
9.1 	 0.00103902
9.125 	 0.000993793
9.15 	 0.000971911
9.175 	 0.000950505
9.2 	 0.000929562
9.225 	 0.000929562
9.25 	 0.000889033
9.275 	 0.000869426
9.3 	 0.000850245
9.325 	 0.000831482
9.35 	 0.000831482
9.375 	 0.000795171
9.4 	 0.000777606
9.425 	 0.000760424
9.45 	 0.000743616
9.475 	 0.000743616
9.5 	 0.000711092
9.525 	 0.000695361
9.55 	 0.000679972
9.575 	 0.00066492
9.6 	 0.000650196
9.625 	 0.000635794
9.65 	 0.000621707
9.675 	 0.000607928
9.7 	 0.00059445
9.725 	 0.000581267
9.75 	 0.000568373
9.775 	 0.000555761
9.8 	 0.000543426
9.825 	 0.000531361
9.85 	 0.00051956
9.875 	 0.000508018
9.9 	 0.000496729
9.925 	 0.000485688
9.95 	 0.00047489
9.975 	 0.000464329
10 	 0.000453999
10.025 	 0.000443897
10.05 	 0.000434017
10.075 	 0.000424354
10.1 	 0.000414904
10.125 	 0.000405661
10.15 	 0.000396622
10.175 	 0.000387782
10.2 	 0.000379137
10.225 	 0.000370683
10.25 	 0.000362414
10.275 	 0.000354328
10.3 	 0.000346421
10.325 	 0.000338688
10.35 	 0.000331125
10.375 	 0.00032373
10.4 	 0.000316498
10.425 	 0.000309425
10.45 	 0.000302509
10.475 	 0.000295746
10.5 	 0.000289133
10.525 	 0.000282665
10.55 	 0.000276341
10.575 	 0.000270157
10.6 	 0.00026411
10.625 	 0.000258196
10.65 	 0.000252414
10.675 	 0.00024676
10.7 	 0.000241231
10.725 	 0.000235825
10.75 	 0.000230538
10.775 	 0.000225369
10.8 	 0.000220315
10.825 	 0.000215372
10.85 	 0.00021054
10.875 	 0.000205815
10.9 	 0.000201195
10.925 	 0.000196677
10.95 	 0.00019226
10.975 	 0.000187941
11 	 0.000183719
11.025 	 0.00017959
11.05 	 0.000175553
11.075 	 0.000171606
11.1 	 0.000167747
11.125 	 0.000163974
11.15 	 0.000160284
11.175 	 0.000156678
11.2 	 0.000153151
11.225 	 0.000149703
11.25 	 0.000146332
11.275 	 0.000143036
11.3 	 0.000139814
11.325 	 0.000136664
11.35 	 0.000133584
11.375 	 0.000130572
11.4 	 0.000127629
11.425 	 0.00012475
11.45 	 0.000121936
11.475 	 0.000119186
11.5 	 0.000116496
11.525 	 0.000113867
11.55 	 0.000111296
11.575 	 0.000108783
11.6 	 0.000106327
11.625 	 0.000103925
11.65 	 0.000101577
11.675 	 9.92816e-05
11.7 	 9.70377e-05
11.725 	 9.4844e-05
11.75 	 9.26996e-05
11.775 	 9.06032e-05
11.8 	 8.85538e-05
11.825 	 8.65504e-05
11.85 	 8.45919e-05
11.875 	 8.26774e-05
11.9 	 8.08058e-05
11.925 	 7.89763e-05
11.95 	 7.71878e-05
11.975 	 7.54396e-05
12 	 7.37305e-05
12.025 	 7.20599e-05
12.05 	 7.04269e-05
12.075 	 6.88306e-05
12.1 	 6.72701e-05
12.125 	 6.57448e-05
12.15 	 6.42537e-05
12.175 	 6.27962e-05
12.2 	 6.13716e-05
12.225 	 5.99789e-05
12.25 	 5.86177e-05
12.275 	 5.72871e-05
12.3 	 5.59865e-05
12.325 	 5.47151e-05
12.35 	 5.34725e-05
12.375 	 5.22578e-05
12.4 	 5.10705e-05
12.425 	 4.991e-05
12.45 	 4.87756e-05
12.475 	 4.76669e-05
12.5 	 4.65832e-05
12.525 	 4.55239e-05
12.55 	 4.44885e-05
12.575 	 4.34765e-05
12.6 	 4.24874e-05
12.625 	 4.15206e-05
12.65 	 4.05756e-05
12.675 	 3.9652e-05
12.7 	 3.87493e-05
12.725 	 3.7867e-05
12.75 	 3.70046e-05
12.775 	 3.61617e-05
12.8 	 3.53379e-05
12.825 	 3.45327e-05
12.85 	 3.37457e-05
12.875 	 3.29766e-05
12.9 	 3.22248e-05
12.925 	 3.14901e-05
12.95 	 3.0772e-05
12.975 	 3.00702e-05
13 	 2.93843e-05
13.025 	 2.87139e-05
13.05 	 2.80587e-05
13.075 	 2.74184e-05
13.1 	 2.67925e-05
13.125 	 2.61809e-05
13.15 	 2.55831e-05
13.175 	 2.49989e-05
13.2 	 2.44279e-05
13.225 	 2.38699e-05
13.25 	 2.33246e-05
13.275 	 2.27916e-05
13.3 	 2.22708e-05
13.325 	 2.17617e-05
13.35 	 2.12642e-05
13.375 	 2.07781e-05
13.4 	 2.03029e-05
13.425 	 1.98386e-05
13.45 	 1.93848e-05
13.475 	 1.89413e-05
13.5 	 1.85079e-05
13.525 	 1.80844e-05
13.55 	 1.76705e-05
13.575 	 1.7266e-05
13.6 	 1.68707e-05
13.625 	 1.64844e-05
13.65 	 1.61069e-05
13.675 	 1.5738e-05
13.7 	 1.53775e-05
13.725 	 1.50252e-05
13.75 	 1.46809e-05
13.775 	 1.43445e-05
13.8 	 1.40157e-05
13.825 	 1.36944e-05
13.85 	 1.33805e-05
13.875 	 1.30737e-05
13.9 	 1.27738e-05
13.925 	 1.24809e-05
13.95 	 1.21946e-05
13.975 	 1.19148e-05
14 	 1.16414e-05
14.025 	 1.13742e-05
14.05 	 1.11132e-05
14.075 	 1.08581e-05
14.1 	 1.06088e-05
14.125 	 1.03652e-05
14.15 	 1.01272e-05
14.175 	 9.89461e-06
14.2 	 9.66733e-06
14.225 	 9.44525e-06
14.25 	 9.22823e-06
14.275 	 9.01618e-06
14.3 	 8.80897e-06
14.325 	 8.60649e-06
14.35 	 8.40865e-06
14.375 	 8.21532e-06
14.4 	 8.02642e-06
14.425 	 7.84184e-06
14.45 	 7.66148e-06
14.475 	 7.48524e-06
14.5 	 7.31304e-06
14.525 	 7.14478e-06
14.55 	 6.98037e-06
14.575 	 6.81972e-06
14.6 	 6.66275e-06
14.625 	 6.50937e-06
14.65 	 6.35951e-06
14.675 	 6.21307e-06
14.7 	 6.07e-06
14.725 	 5.9302e-06
14.75 	 5.7936e-06
14.775 	 5.66013e-06
14.8 	 5.52972e-06
14.825 	 5.4023e-06
14.85 	 5.27781e-06
14.875 	 5.15616e-06
14.9 	 5.03731e-06
14.925 	 4.92118e-06
14.95 	 4.80771e-06
14.975 	 4.69685e-06
15 	 4.58853e-06
15.025 	 4.4827e-06
15.05 	 4.3793e-06
15.075 	 4.27827e-06
15.1 	 4.17956e-06
15.125 	 4.08311e-06
15.15 	 3.98888e-06
15.175 	 3.89682e-06
15.2 	 3.80686e-06
15.225 	 3.71898e-06
15.25 	 3.63311e-06
15.275 	 3.54922e-06
15.3 	 3.46726e-06
15.325 	 3.38717e-06
15.35 	 3.30893e-06
15.375 	 3.23249e-06
15.4 	 3.15781e-06
15.425 	 3.08484e-06
15.45 	 3.01355e-06
15.475 	 2.9439e-06
15.5 	 2.87586e-06
15.525 	 2.80938e-06
15.55 	 2.74442e-06
15.575 	 2.68097e-06
15.6 	 2.61897e-06
15.625 	 2.5584e-06
15.65 	 2.49923e-06
15.675 	 2.44141e-06
15.7 	 2.38493e-06
15.725 	 2.32975e-06
15.75 	 2.27584e-06
15.775 	 2.22318e-06
15.8 	 2.17172e-06
15.825 	 2.12145e-06
15.85 	 2.07234e-06
15.875 	 2.02437e-06
15.9 	 1.97749e-06
15.925 	 1.9317e-06
15.95 	 1.88696e-06
15.975 	 1.84326e-06
16 	 1.80056e-06
16.025 	 1.75885e-06
16.05 	 1.7181e-06
16.075 	 1.7181e-06
16.1 	 1.6394e-06
16.125 	 1.60141e-06
16.15 	 1.56429e-06
16.175 	 1.52803e-06
16.2 	 1.52803e-06
16.225 	 1.458e-06
16.25 	 1.42419e-06
16.275 	 1.39116e-06
16.3 	 1.3589e-06
16.325 	 1.3589e-06
16.35 	 1.29659e-06
16.375 	 1.26651e-06
16.4 	 1.23713e-06
16.425 	 1.20842e-06
16.45 	 1.20842e-06
16.475 	 1.15299e-06
16.5 	 1.12622e-06
16.525 	 1.10008e-06
16.55 	 1.07454e-06
16.575 	 1.07454e-06
16.6 	 1.02523e-06
16.625 	 1.00142e-06
16.65 	 9.78163e-07
16.675 	 9.55444e-07
16.7 	 9.55444e-07
16.725 	 9.11572e-07
16.75 	 8.90394e-07
16.775 	 8.69706e-07
16.8 	 8.49497e-07
16.825 	 8.49497e-07
16.85 	 8.10472e-07
16.875 	 7.91634e-07
16.9 	 7.73232e-07
16.925 	 7.55257e-07
16.95 	 7.55257e-07
16.975 	 7.20545e-07
17 	 7.03789e-07
17.025 	 6.87422e-07
17.05 	 6.71434e-07
17.075 	 6.71434e-07
17.1 	 6.40561e-07
17.125 	 6.25659e-07
17.15 	 6.11102e-07
17.175 	 5.96883e-07
17.2 	 5.96883e-07
17.225 	 5.69425e-07
17.25 	 5.56172e-07
17.275 	 5.43226e-07
17.3 	 5.30581e-07
17.325 	 5.30581e-07
17.35 	 5.06163e-07
17.375 	 4.94377e-07
17.4 	 4.82864e-07
17.425 	 4.71619e-07
17.45 	 4.71619e-07
17.475 	 4.49905e-07
17.5 	 4.39425e-07
17.525 	 4.29188e-07
17.55 	 4.19188e-07
17.575 	 4.19188e-07
17.6 	 3.9988e-07
17.625 	 3.90561e-07
17.65 	 3.81458e-07
17.675 	 3.72567e-07
17.7 	 3.72567e-07
17.725 	 3.55399e-07
17.75 	 3.47113e-07
17.775 	 3.3902e-07
17.8 	 3.31115e-07
17.825 	 3.31115e-07
17.85 	 3.15851e-07
17.875 	 3.08484e-07
17.9 	 3.01288e-07
17.925 	 2.9426e-07
17.95 	 2.9426e-07
17.975 	 2.80689e-07
18 	 2.7414e-07
18.025 	 2.67742e-07
18.05 	 2.61494e-07
18.075 	 2.61494e-07
18.1 	 2.4943e-07
18.125 	 2.43607e-07
18.15 	 2.3792e-07
18.175 	 2.32366e-07
18.2 	 2.32366e-07
18.225 	 2.21641e-07
18.25 	 2.16465e-07
18.275 	 2.1141e-07
18.3 	 2.06472e-07
18.325 	 2.06472e-07
18.35 	 1.96939e-07
18.375 	 1.92339e-07
18.4 	 1.87845e-07
18.425 	 1.83456e-07
18.45 	 1.83456e-07
18.475 	 1.74982e-07
18.5 	 1.70893e-07
18.525 	 1.66899e-07
18.55 	 1.62998e-07
18.575 	 1.62998e-07
18.6 	 1.55466e-07
18.625 	 1.51831e-07
18.65 	 1.48281e-07
18.675 	 1.44814e-07
18.7 	 1.44814e-07
18.725 	 1.3812e-07
18.75 	 1.3489e-07
18.775 	 1.31735e-07
18.8 	 1.28653e-07
18.825 	 1.28653e-07
18.85 	 1.22704e-07
18.875 	 1.19834e-07
18.9 	 1.1703e-07
18.925 	 1.14291e-07
18.95 	 1.14291e-07
18.975 	 1.09004e-07
19 	 1.06453e-07
19.025 	 1.03961e-07
19.05 	 1.01528e-07
19.075 	 1.01528e-07
19.1 	 9.68297e-08
19.125 	 9.45626e-08
19.15 	 9.23484e-08
19.175 	 9.01859e-08
19.2 	 8.80739e-08
19.225 	 8.60112e-08
19.25 	 8.39966e-08
19.275 	 8.20292e-08
19.3 	 8.01076e-08
19.325 	 7.8231e-08
19.35 	 7.63981e-08
19.375 	 7.46081e-08
19.4 	 7.28599e-08
19.425 	 7.11526e-08
19.45 	 6.94851e-08
19.475 	 6.78567e-08
19.5 	 6.62662e-08
19.525 	 6.4713e-08
19.55 	 6.3196e-08
19.575 	 6.17145e-08
19.6 	 6.02676e-08
19.625 	 5.88546e-08
19.65 	 5.74746e-08
19.675 	 5.61269e-08
19.7 	 5.48106e-08
19.725 	 5.35252e-08
19.75 	 5.22698e-08
19.775 	 5.10438e-08
19.8 	 4.98465e-08
19.825 	 4.86771e-08
19.85 	 4.75352e-08
19.875 	 4.64199e-08
19.9 	 4.53307e-08
19.925 	 4.42671e-08
19.95 	 4.32283e-08
19.975 	 4.22138e-08
20 	 4.12231e-08
20.025 	 4.02555e-08
20.05 	 3.93106e-08
20.075 	 3.83879e-08
20.1 	 3.74867e-08
20.125 	 3.66066e-08
20.15 	 3.57471e-08
20.175 	 3.49078e-08
20.2 	 3.40881e-08
20.225 	 3.32876e-08
20.25 	 3.25059e-08
20.275 	 3.17424e-08
20.3 	 3.09969e-08
20.325 	 3.02688e-08
20.35 	 2.95578e-08
20.375 	 2.88634e-08
20.4 	 2.81853e-08
20.425 	 2.75231e-08
20.45 	 2.68764e-08
20.475 	 2.62449e-08
20.5 	 2.56281e-08
20.525 	 2.50259e-08
20.55 	 2.44377e-08
20.575 	 2.38633e-08
20.6 	 2.33024e-08
20.625 	 2.27547e-08
20.65 	 2.22197e-08
20.675 	 2.16974e-08
20.7 	 2.11872e-08
20.725 	 2.06891e-08
20.75 	 2.02026e-08
20.775 	 1.97276e-08
20.8 	 1.92636e-08
20.825 	 1.88106e-08
20.85 	 1.83682e-08
20.875 	 1.79361e-08
20.9 	 1.75143e-08
20.925 	 1.71023e-08
20.95 	 1.66999e-08
20.975 	 1.6307e-08
21 	 1.59234e-08
21.025 	 1.55487e-08
21.05 	 1.51828e-08
21.075 	 1.48256e-08
21.1 	 1.44767e-08
21.125 	 1.4136e-08
21.15 	 1.38033e-08
21.175 	 1.34784e-08
21.2 	 1.31611e-08
21.225 	 1.28513e-08
21.25 	 1.25488e-08
21.275 	 1.22533e-08
21.3 	 1.19648e-08
21.325 	 1.16831e-08
21.35 	 1.1408e-08
21.375 	 1.11394e-08
21.4 	 1.08771e-08
21.425 	 1.06209e-08
21.45 	 1.03708e-08
21.475 	 1.01265e-08
21.5 	 9.88797e-09
21.525 	 9.65505e-09
21.55 	 9.4276e-09
21.575 	 9.2055e-09
21.6 	 8.98862e-09
21.625 	 8.77684e-09
21.65 	 8.57003e-09
21.675 	 8.36809e-09
21.7 	 8.17089e-09
21.725 	 7.97833e-09
21.75 	 7.7903e-09
21.775 	 7.60669e-09
21.8 	 7.4274e-09
21.825 	 7.25232e-09
21.85 	 7.08137e-09
21.875 	 6.91443e-09
21.9 	 6.75142e-09
21.925 	 6.59224e-09
21.95 	 6.43681e-09
21.975 	 6.28503e-09
22 	 6.13683e-09
22.025 	 5.99211e-09
22.05 	 5.8508e-09
22.075 	 5.71281e-09
22.1 	 5.57807e-09
22.125 	 5.4465e-09
22.15 	 5.31803e-09
22.175 	 5.19258e-09
22.2 	 5.07009e-09
22.225 	 4.95048e-09
22.25 	 4.83368e-09
22.275 	 4.71963e-09
22.3 	 4.60827e-09
22.325 	 4.49953e-09
22.35 	 4.39335e-09
22.375 	 4.28967e-09
22.4 	 4.18843e-09
22.425 	 4.08958e-09
22.45 	 3.99305e-09
22.475 	 3.8988e-09
22.5 	 3.80677e-09
22.525 	 3.71691e-09
22.55 	 3.62916e-09
22.575 	 3.54348e-09
22.6 	 3.45982e-09
22.625 	 3.37813e-09
22.65 	 3.29836e-09
22.675 	 3.22047e-09
22.7 	 3.14442e-09
22.725 	 3.07017e-09
22.75 	 2.99766e-09
22.775 	 2.92686e-09
22.8 	 2.85773e-09
22.825 	 2.79023e-09
22.85 	 2.72431e-09
22.875 	 2.65996e-09
22.9 	 2.59712e-09
22.925 	 2.53576e-09
22.95 	 2.47585e-09
22.975 	 2.41735e-09
23 	 2.36023e-09
23.025 	 2.30446e-09
23.05 	 2.25e-09
23.075 	 2.19683e-09
23.1 	 2.14491e-09
23.125 	 2.09422e-09
23.15 	 2.04472e-09
23.175 	 1.99639e-09
23.2 	 1.9492e-09
23.225 	 1.90312e-09
23.25 	 1.85813e-09
23.275 	 1.8142e-09
23.3 	 1.77131e-09
23.325 	 1.72943e-09
23.35 	 1.68854e-09
23.375 	 1.64861e-09
23.4 	 1.60963e-09
23.425 	 1.57156e-09
23.45 	 1.5344e-09
23.475 	 1.49811e-09
23.5 	 1.46267e-09
23.525 	 1.42808e-09
23.55 	 1.3943e-09
23.575 	 1.36132e-09
23.6 	 1.32911e-09
23.625 	 1.29767e-09
23.65 	 1.26697e-09
23.675 	 1.237e-09
23.7 	 1.20773e-09
23.725 	 1.17915e-09
23.75 	 1.15125e-09
23.775 	 1.12401e-09
23.8 	 1.09741e-09
23.825 	 1.07144e-09
23.85 	 1.04608e-09
23.875 	 1.02132e-09
23.9 	 9.97148e-10
23.925 	 9.73546e-10
23.95 	 9.50501e-10
23.975 	 9.28001e-10
24 	 9.06032e-10
24.025 	 8.84583e-10
24.05 	 8.6364e-10
24.075 	 8.43192e-10
24.1 	 8.23228e-10
24.125 	 8.03735e-10
24.15 	 7.84703e-10
24.175 	 7.66121e-10
24.2 	 7.47978e-10
24.225 	 7.30264e-10
24.25 	 7.12969e-10
24.275 	 6.96082e-10
24.3 	 6.79595e-10
24.325 	 6.63498e-10
24.35 	 6.47781e-10
24.375 	 6.32436e-10
24.4 	 6.17454e-10
24.425 	 6.02826e-10
24.45 	 5.88544e-10
24.475 	 5.746e-10
24.5 	 5.60985e-10
24.525 	 5.47693e-10
24.55 	 5.34715e-10
24.575 	 5.22043e-10
24.6 	 5.09672e-10
24.625 	 4.97593e-10
24.65 	 4.858e-10
24.675 	 4.74287e-10
24.7 	 4.63045e-10
24.725 	 4.5207e-10
24.75 	 4.41354e-10
24.775 	 4.30891e-10
24.8 	 4.20677e-10
24.825 	 4.10704e-10
24.85 	 4.00967e-10
24.875 	 3.9146e-10
24.9 	 3.82179e-10
24.925 	 3.73117e-10
24.95 	 3.6427e-10
24.975 	 3.55632e-10
#0.699508
