0 	 0.483893 	 -0.176795
0.02 	 0.483893 	 -0.176789
0.04 	 0.483885 	 -0.176782
0.06 	 0.48387 	 -0.176775
0.08 	 0.483851 	 -0.176768
0.1 	 0.483826 	 -0.176762
0.12 	 0.483798 	 -0.176754
0.14 	 0.483846 	 -0.176747
0.16 	 0.483727 	 -0.17674
0.18 	 0.483684 	 -0.176732
0.2 	 0.483638 	 -0.176725
0.22 	 0.483586 	 -0.176717
0.24 	 0.483531 	 -0.176709
0.26 	 0.48347 	 -0.176701
0.28 	 0.483581 	 -0.176692
0.3 	 0.483337 	 -0.176684
0.32 	 0.483263 	 -0.176675
0.34 	 0.483185 	 -0.176666
0.36 	 0.483102 	 -0.176657
0.38 	 0.483015 	 -0.176648
0.4 	 0.482924 	 -0.176639
0.42 	 0.482828 	 -0.176629
0.44 	 0.482728 	 -0.176619
0.46 	 0.482623 	 -0.176609
0.48 	 0.482514 	 -0.176599
0.5 	 0.4824 	 -0.176589
0.52 	 0.482282 	 -0.176578
0.54 	 0.48216 	 -0.176568
0.56 	 0.482394 	 -0.176557
0.58 	 0.482275 	 -0.176557
0.6 	 0.481765 	 -0.176534
0.62 	 0.481625 	 -0.176522
0.64 	 0.48148 	 -0.176511
0.66 	 0.481331 	 -0.176498
0.68 	 0.481178 	 -0.176486
0.7 	 0.48102 	 -0.176474
0.72 	 0.480857 	 -0.176461
0.74 	 0.480691 	 -0.176448
0.76 	 0.480519 	 -0.176434
0.78 	 0.480344 	 -0.176421
0.8 	 0.480164 	 -0.176407
0.82 	 0.479979 	 -0.176393
0.84 	 0.47979 	 -0.176378
0.86 	 0.479597 	 -0.176363
0.88 	 0.479399 	 -0.176348
0.9 	 0.479197 	 -0.176333
0.92 	 0.478991 	 -0.176317
0.94 	 0.47878 	 -0.176301
0.96 	 0.478564 	 -0.176285
0.98 	 0.478345 	 -0.176269
1 	 0.47812 	 -0.176252
1.02 	 0.477892 	 -0.176234
1.04 	 0.477659 	 -0.176217
1.06 	 0.477422 	 -0.176199
1.08 	 0.47718 	 -0.176181
1.1 	 0.476934 	 -0.176162
1.12 	 0.477412 	 -0.176143
1.14 	 0.47717 	 -0.176124
1.16 	 0.476924 	 -0.176124
1.18 	 0.476674 	 -0.176104
1.2 	 0.475639 	 -0.176063
1.22 	 0.475366 	 -0.176042
1.24 	 0.47509 	 -0.176021
1.26 	 0.474809 	 -0.175999
1.28 	 0.474524 	 -0.175977
1.3 	 0.474234 	 -0.175954
1.32 	 0.47394 	 -0.175931
1.34 	 0.473642 	 -0.175908
1.36 	 0.473339 	 -0.175884
1.38 	 0.473032 	 -0.175859
1.4 	 0.472721 	 -0.175834
1.42 	 0.472406 	 -0.175809
1.44 	 0.472086 	 -0.175783
1.46 	 0.471761 	 -0.175757
1.48 	 0.471433 	 -0.17573
1.5 	 0.4711 	 -0.175702
1.52 	 0.470763 	 -0.175674
1.54 	 0.470422 	 -0.175646
1.56 	 0.470076 	 -0.175616
1.58 	 0.469726 	 -0.175587
1.6 	 0.469372 	 -0.175557
1.62 	 0.469013 	 -0.175526
1.64 	 0.46865 	 -0.175494
1.66 	 0.468283 	 -0.175462
1.68 	 0.467912 	 -0.17543
1.7 	 0.467537 	 -0.175396
1.72 	 0.467157 	 -0.175362
1.74 	 0.466773 	 -0.175328
1.76 	 0.466384 	 -0.175293
1.78 	 0.465992 	 -0.175257
1.8 	 0.465595 	 -0.17522
1.82 	 0.465194 	 -0.175183
1.84 	 0.464789 	 -0.175145
1.86 	 0.46438 	 -0.175106
1.88 	 0.463966 	 -0.175066
1.9 	 0.463548 	 -0.175026
1.92 	 0.463126 	 -0.174985
1.94 	 0.4627 	 -0.174943
1.96 	 0.46227 	 -0.174901
1.98 	 0.461836 	 -0.174857
2 	 0.461397 	 -0.174813
2.02 	 0.460954 	 -0.174768
2.04 	 0.460508 	 -0.174722
2.06 	 0.460057 	 -0.174675
2.08 	 0.459601 	 -0.174627
2.1 	 0.459142 	 -0.174579
2.12 	 0.458679 	 -0.174529
2.14 	 0.458211 	 -0.174479
2.16 	 0.45774 	 -0.174427
2.18 	 0.457264 	 -0.174375
2.2 	 0.456785 	 -0.174322
2.22 	 0.457702 	 -0.174267
2.24 	 0.457226 	 -0.174212
2.26 	 0.456745 	 -0.174156
2.28 	 0.45626 	 -0.174098
2.3 	 0.455771 	 -0.17404
2.32 	 0.45528 	 -0.17404
2.34 	 0.454783 	 -0.17398
2.36 	 0.454282 	 -0.173919
2.38 	 0.453777 	 -0.173857
2.4 	 0.451766 	 -0.17373
2.42 	 0.451242 	 -0.173665
2.44 	 0.450714 	 -0.173598
2.46 	 0.450183 	 -0.173531
2.48 	 0.449647 	 -0.173462
2.5 	 0.449108 	 -0.173391
2.52 	 0.448564 	 -0.17332
2.54 	 0.448017 	 -0.173247
2.56 	 0.447466 	 -0.173173
2.58 	 0.446911 	 -0.173097
2.6 	 0.446352 	 -0.17302
2.62 	 0.445789 	 -0.172942
2.64 	 0.445222 	 -0.172862
2.66 	 0.444652 	 -0.172781
2.68 	 0.444078 	 -0.172699
2.7 	 0.4435 	 -0.172614
2.72 	 0.442918 	 -0.172529
2.74 	 0.442333 	 -0.172442
2.76 	 0.441744 	 -0.172353
2.78 	 0.441151 	 -0.172263
2.8 	 0.440554 	 -0.172171
2.82 	 0.439954 	 -0.172078
2.84 	 0.43935 	 -0.171982
2.86 	 0.438742 	 -0.171886
2.88 	 0.438131 	 -0.171787
2.9 	 0.437516 	 -0.171687
2.92 	 0.436897 	 -0.171585
2.94 	 0.436275 	 -0.171481
2.96 	 0.43565 	 -0.171376
2.98 	 0.435021 	 -0.171269
3 	 0.434388 	 -0.171159
3.02 	 0.433752 	 -0.171048
3.04 	 0.433112 	 -0.170935
3.06 	 0.432469 	 -0.17082
3.08 	 0.431822 	 -0.170704
3.1 	 0.431172 	 -0.170585
3.12 	 0.430518 	 -0.170464
3.14 	 0.429861 	 -0.170341
3.16 	 0.429201 	 -0.170216
3.18 	 0.428537 	 -0.170089
3.2 	 0.42787 	 -0.16996
3.22 	 0.4272 	 -0.169829
3.24 	 0.426526 	 -0.169695
3.26 	 0.425849 	 -0.16956
3.28 	 0.425169 	 -0.169422
3.3 	 0.424486 	 -0.169282
3.32 	 0.423799 	 -0.169139
3.34 	 0.42311 	 -0.168995
3.36 	 0.422417 	 -0.168848
3.38 	 0.421721 	 -0.168698
3.4 	 0.421022 	 -0.168547
3.42 	 0.42032 	 -0.168392
3.44 	 0.419614 	 -0.168236
3.46 	 0.418906 	 -0.168077
3.48 	 0.418195 	 -0.167915
3.5 	 0.417481 	 -0.167751
3.52 	 0.416764 	 -0.167584
3.54 	 0.416043 	 -0.167415
3.56 	 0.41532 	 -0.167243
3.58 	 0.414595 	 -0.167069
3.6 	 0.413866 	 -0.166891
3.62 	 0.413135 	 -0.166712
3.64 	 0.4124 	 -0.166529
3.66 	 0.411663 	 -0.166344
3.68 	 0.410924 	 -0.166156
3.7 	 0.410181 	 -0.165965
3.72 	 0.409436 	 -0.165771
3.74 	 0.408688 	 -0.165575
3.76 	 0.407938 	 -0.165375
3.78 	 0.407185 	 -0.165173
3.8 	 0.40643 	 -0.164968
3.82 	 0.405672 	 -0.16476
3.84 	 0.404912 	 -0.164549
3.86 	 0.404149 	 -0.164335
3.88 	 0.403384 	 -0.164118
3.9 	 0.402616 	 -0.163898
3.92 	 0.401846 	 -0.163674
3.94 	 0.401074 	 -0.163448
3.96 	 0.4003 	 -0.163219
3.98 	 0.399523 	 -0.162987
4 	 0.398744 	 -0.162751
4.02 	 0.399948 	 -0.162513
4.04 	 0.39718 	 -0.162271
4.06 	 0.398378 	 -0.162026
4.08 	 0.395608 	 -0.161778
4.1 	 0.396809 	 -0.161778
4.12 	 0.394027 	 -0.161272
4.14 	 0.395222 	 -0.161272
4.16 	 0.392438 	 -0.160753
4.18 	 0.393626 	 -0.160753
4.2 	 0.390843 	 -0.160221
4.22 	 0.392022 	 -0.160221
4.24 	 0.38924 	 -0.159676
4.26 	 0.39041 	 -0.159676
4.28 	 0.38763 	 -0.159117
4.3 	 0.386822 	 -0.158833
4.32 	 0.386013 	 -0.158546
4.34 	 0.385203 	 -0.158255
4.36 	 0.384391 	 -0.15796
4.38 	 0.383577 	 -0.157663
4.4 	 0.382762 	 -0.157362
4.42 	 0.381946 	 -0.157058
4.44 	 0.383054 	 -0.15675
4.46 	 0.380309 	 -0.156439
4.48 	 0.381404 	 -0.156125
4.5 	 0.378667 	 -0.155807
4.52 	 0.379749 	 -0.155486
4.54 	 0.37702 	 -0.155162
4.56 	 0.378088 	 -0.154834
4.58 	 0.375369 	 -0.154503
4.6 	 0.376422 	 -0.154168
4.62 	 0.373714 	 -0.153831
4.64 	 0.374767 	 -0.153831
4.66 	 0.372055 	 -0.153145
4.68 	 0.373092 	 -0.153145
4.7 	 0.370393 	 -0.152447
4.72 	 0.371413 	 -0.152447
4.74 	 0.368727 	 -0.151735
4.76 	 0.369731 	 -0.151735
4.78 	 0.367059 	 -0.15101
4.8 	 0.366224 	 -0.150643
4.82 	 0.365388 	 -0.150272
4.84 	 0.364552 	 -0.149899
4.86 	 0.363716 	 -0.149522
4.88 	 0.362879 	 -0.149142
4.9 	 0.362041 	 -0.148759
4.92 	 0.361204 	 -0.148373
4.94 	 0.362109 	 -0.147984
4.96 	 0.359527 	 -0.147592
4.98 	 0.360413 	 -0.147197
5 	 0.35785 	 -0.146799
5.02 	 0.358715 	 -0.146397
5.04 	 0.356172 	 -0.145993
5.06 	 0.357017 	 -0.145587
5.08 	 0.354494 	 -0.145177
5.1 	 0.355318 	 -0.144764
5.12 	 0.352817 	 -0.144349
5.14 	 0.351978 	 -0.143931
5.16 	 0.351139 	 -0.14351
5.18 	 0.350301 	 -0.143086
5.2 	 0.349463 	 -0.14266
5.22 	 0.348625 	 -0.142231
5.24 	 0.347787 	 -0.141799
5.26 	 0.34695 	 -0.141365
5.28 	 0.346113 	 -0.140929
5.3 	 0.345277 	 -0.14049
5.32 	 0.344441 	 -0.140049
5.34 	 0.343606 	 -0.139605
5.36 	 0.342771 	 -0.139159
5.38 	 0.341937 	 -0.13871
5.4 	 0.341103 	 -0.13826
5.42 	 0.34027 	 -0.137807
5.44 	 0.339438 	 -0.137352
5.46 	 0.338606 	 -0.136895
5.48 	 0.337776 	 -0.136435
5.5 	 0.336946 	 -0.135974
5.52 	 0.336117 	 -0.135511
5.54 	 0.335289 	 -0.135046
5.56 	 0.334461 	 -0.134579
5.58 	 0.333635 	 -0.13411
5.6 	 0.33281 	 -0.13364
5.62 	 0.331986 	 -0.133167
5.64 	 0.331162 	 -0.132693
5.66 	 0.33034 	 -0.132218
5.68 	 0.329519 	 -0.13174
5.7 	 0.3287 	 -0.131261
5.72 	 0.327881 	 -0.130781
5.74 	 0.327064 	 -0.130299
5.76 	 0.326247 	 -0.129816
5.78 	 0.325433 	 -0.129332
5.8 	 0.324619 	 -0.128846
5.82 	 0.323807 	 -0.128359
5.84 	 0.322996 	 -0.127871
5.86 	 0.322187 	 -0.127382
5.88 	 0.321379 	 -0.126891
5.9 	 0.320572 	 -0.1264
5.92 	 0.319767 	 -0.125907
5.94 	 0.318963 	 -0.125414
5.96 	 0.318161 	 -0.124919
5.98 	 0.317361 	 -0.124424
6 	 0.316562 	 -0.123928
6.02 	 0.315765 	 -0.123432
6.04 	 0.314969 	 -0.122934
6.06 	 0.314175 	 -0.122436
6.08 	 0.313383 	 -0.121938
6.1 	 0.312593 	 -0.121438
6.12 	 0.311804 	 -0.120939
6.14 	 0.311017 	 -0.120438
6.16 	 0.310232 	 -0.119938
6.18 	 0.309448 	 -0.119437
6.2 	 0.308667 	 -0.118936
6.22 	 0.307887 	 -0.118434
6.24 	 0.307109 	 -0.117932
6.26 	 0.306333 	 -0.11743
6.28 	 0.305559 	 -0.116928
6.3 	 0.304787 	 -0.116426
6.32 	 0.304017 	 -0.115923
6.34 	 0.303249 	 -0.115421
6.36 	 0.302482 	 -0.114919
6.38 	 0.301718 	 -0.114416
6.4 	 0.300956 	 -0.113914
6.42 	 0.300196 	 -0.113412
6.44 	 0.299438 	 -0.11291
6.46 	 0.298681 	 -0.112409
6.48 	 0.297927 	 -0.111908
6.5 	 0.297176 	 -0.111407
6.52 	 0.296426 	 -0.110906
6.54 	 0.295678 	 -0.110406
6.56 	 0.294932 	 -0.109906
6.58 	 0.294189 	 -0.109406
6.6 	 0.293448 	 -0.108907
6.62 	 0.292709 	 -0.108409
6.64 	 0.291972 	 -0.107911
6.66 	 0.291237 	 -0.107414
6.68 	 0.290504 	 -0.106917
6.7 	 0.289774 	 -0.106421
6.72 	 0.289046 	 -0.105926
6.74 	 0.28832 	 -0.105431
6.76 	 0.287596 	 -0.104937
6.78 	 0.286875 	 -0.104444
6.8 	 0.286156 	 -0.103952
6.82 	 0.285439 	 -0.10346
6.84 	 0.284724 	 -0.10297
6.86 	 0.284012 	 -0.10248
6.88 	 0.283302 	 -0.101991
6.9 	 0.282594 	 -0.101503
6.92 	 0.281889 	 -0.101017
6.94 	 0.281186 	 -0.100531
6.96 	 0.280485 	 -0.100046
6.98 	 0.279786 	 -0.0995621
7 	 0.27909 	 -0.0990794
7.02 	 0.278396 	 -0.0985977
7.04 	 0.277705 	 -0.0981172
7.06 	 0.277015 	 -0.0976378
7.08 	 0.276329 	 -0.0971596
7.1 	 0.275644 	 -0.0966825
7.12 	 0.274962 	 -0.0962067
7.14 	 0.274282 	 -0.095732
7.16 	 0.273604 	 -0.0952586
7.18 	 0.272929 	 -0.0947865
7.2 	 0.272256 	 -0.0943156
7.22 	 0.271586 	 -0.0938461
7.24 	 0.270918 	 -0.0933778
7.26 	 0.270252 	 -0.0929108
7.28 	 0.269589 	 -0.0924452
7.3 	 0.268928 	 -0.091981
7.32 	 0.268269 	 -0.0915181
7.34 	 0.267613 	 -0.0910566
7.36 	 0.266959 	 -0.0905966
7.38 	 0.266307 	 -0.0901379
7.4 	 0.265658 	 -0.0896807
7.42 	 0.265011 	 -0.0892249
7.44 	 0.264366 	 -0.0887705
7.46 	 0.263724 	 -0.0883176
7.48 	 0.263084 	 -0.0878662
7.5 	 0.262446 	 -0.0874163
7.52 	 0.261811 	 -0.0869679
7.54 	 0.261178 	 -0.086521
7.56 	 0.260548 	 -0.0860756
7.58 	 0.25992 	 -0.0856318
7.6 	 0.259294 	 -0.0851895
7.62 	 0.25867 	 -0.0847487
7.64 	 0.258049 	 -0.0843095
7.66 	 0.25743 	 -0.0838718
7.68 	 0.256814 	 -0.0834357
7.7 	 0.256199 	 -0.0830012
7.72 	 0.255587 	 -0.0825683
7.74 	 0.254978 	 -0.082137
7.76 	 0.25437 	 -0.0817073
7.78 	 0.253765 	 -0.0812792
7.8 	 0.253163 	 -0.0808527
7.82 	 0.252562 	 -0.0804278
7.84 	 0.251964 	 -0.0800045
7.86 	 0.251368 	 -0.0795828
7.88 	 0.250774 	 -0.0791628
7.9 	 0.250183 	 -0.0787444
7.92 	 0.249594 	 -0.0783277
7.94 	 0.249007 	 -0.0779126
7.96 	 0.248423 	 -0.0774991
7.98 	 0.24784 	 -0.0770873
8 	 0.24726 	 -0.0766772
8.02 	 0.246948 	 -0.0766772
8.04 	 0.246363 	 -0.0758618
8.06 	 0.245533 	 -0.0754566
8.08 	 0.244962 	 -0.0750531
8.1 	 0.244393 	 -0.0746512
8.12 	 0.244067 	 -0.074251
8.14 	 0.243262 	 -0.0738524
8.16 	 0.242699 	 -0.0734556
8.18 	 0.242139 	 -0.0730604
8.2 	 0.24181 	 -0.0730604
8.22 	 0.241025 	 -0.0722749
8.24 	 0.240472 	 -0.0718847
8.26 	 0.23992 	 -0.0714962
8.28 	 0.239585 	 -0.0714962
8.3 	 0.238824 	 -0.0707241
8.32 	 0.238278 	 -0.0703406
8.34 	 0.237736 	 -0.0699587
8.36 	 0.237395 	 -0.0699587
8.38 	 0.236849 	 -0.0691999
8.4 	 0.236119 	 -0.0688231
8.42 	 0.235585 	 -0.0684478
8.44 	 0.235239 	 -0.0684478
8.46 	 0.234702 	 -0.0677024
8.48 	 0.233994 	 -0.0673322
8.5 	 0.233468 	 -0.0669636
8.52 	 0.233118 	 -0.0669636
8.54 	 0.23259 	 -0.0662314
8.56 	 0.231901 	 -0.0658677
8.58 	 0.231383 	 -0.0655057
8.6 	 0.230867 	 -0.0651454
8.62 	 0.230511 	 -0.0647867
8.64 	 0.229842 	 -0.0644296
8.66 	 0.229332 	 -0.0640742
8.68 	 0.228824 	 -0.0637204
8.7 	 0.228465 	 -0.0633683
8.72 	 0.227814 	 -0.0630177
8.74 	 0.227312 	 -0.0626688
8.76 	 0.226812 	 -0.0623216
8.78 	 0.226454 	 -0.0623216
8.8 	 0.225818 	 -0.0616318
8.82 	 0.225324 	 -0.0612894
8.84 	 0.224832 	 -0.0609486
8.86 	 0.224472 	 -0.0609486
8.88 	 0.223979 	 -0.0602717
8.9 	 0.223367 	 -0.0599357
8.92 	 0.222882 	 -0.0596012
8.94 	 0.222521 	 -0.0596012
8.96 	 0.222036 	 -0.0589371
8.98 	 0.22144 	 -0.0586074
9 	 0.220963 	 -0.0582793
9.02 	 0.220601 	 -0.0582793
9.04 	 0.220124 	 -0.0576278
9.06 	 0.219543 	 -0.0573044
9.08 	 0.219073 	 -0.0569825
9.1 	 0.218606 	 -0.0566622
9.12 	 0.218242 	 -0.0563435
9.14 	 0.217676 	 -0.0560263
9.16 	 0.217213 	 -0.0557106
9.18 	 0.216753 	 -0.0553965
9.2 	 0.216389 	 -0.0550839
9.22 	 0.215837 	 -0.0547729
9.24 	 0.215382 	 -0.0544633
9.26 	 0.214928 	 -0.0541553
9.28 	 0.214567 	 -0.0541553
9.3 	 0.214027 	 -0.0535438
9.32 	 0.213579 	 -0.0532403
9.34 	 0.213132 	 -0.0529383
9.36 	 0.212772 	 -0.0529383
9.38 	 0.212326 	 -0.0523387
9.4 	 0.211804 	 -0.0520412
9.42 	 0.211364 	 -0.0517451
9.44 	 0.211005 	 -0.0517451
9.46 	 0.210566 	 -0.0511574
9.48 	 0.210055 	 -0.0508658
9.5 	 0.209623 	 -0.0505756
9.52 	 0.209265 	 -0.0505756
9.54 	 0.208833 	 -0.0499996
9.56 	 0.208334 	 -0.0497137
9.58 	 0.207908 	 -0.0494293
9.6 	 0.207483 	 -0.0491463
9.62 	 0.207126 	 -0.0488648
9.64 	 0.206639 	 -0.0485846
9.66 	 0.206219 	 -0.0483059
9.68 	 0.205801 	 -0.0480286
9.7 	 0.205446 	 -0.0477527
9.72 	 0.20497 	 -0.0474782
9.74 	 0.204556 	 -0.0472051
9.76 	 0.204145 	 -0.0469334
9.78 	 0.203793 	 -0.0469334
9.8 	 0.203326 	 -0.0463942
9.82 	 0.202919 	 -0.0461266
9.84 	 0.202513 	 -0.0458604
9.86 	 0.202163 	 -0.0458604
9.88 	 0.201759 	 -0.0453321
9.9 	 0.201306 	 -0.04507
9.92 	 0.200906 	 -0.0448092
9.94 	 0.200559 	 -0.0448092
9.96 	 0.20016 	 -0.0442917
9.98 	 0.199717 	 -0.044035
10 	 0.199323 	 -0.0437796
10.02 	 0.198978 	 -0.0437796
10.04 	 0.198586 	 -0.0432727
10.06 	 0.198151 	 -0.0430212
10.08 	 0.197764 	 -0.042771
10.1 	 0.197378 	 -0.0425222
10.12 	 0.197035 	 -0.0422746
10.14 	 0.196609 	 -0.0420283
10.16 	 0.196228 	 -0.0417833
10.18 	 0.195847 	 -0.0415396
10.2 	 0.195507 	 -0.0412972
10.22 	 0.19509 	 -0.041056
10.24 	 0.194714 	 -0.0408161
10.26 	 0.194339 	 -0.0405774
10.28 	 0.193966 	 -0.04034
10.3 	 0.193594 	 -0.0401039
10.32 	 0.193223 	 -0.039869
10.34 	 0.192854 	 -0.0396353
10.36 	 0.192486 	 -0.0394029
10.38 	 0.192119 	 -0.0391717
10.4 	 0.191754 	 -0.0389417
10.42 	 0.19139 	 -0.038713
10.44 	 0.191027 	 -0.0384854
10.46 	 0.190666 	 -0.0382591
10.48 	 0.190306 	 -0.0380339
10.5 	 0.189947 	 -0.03781
10.52 	 0.189589 	 -0.0375872
10.54 	 0.189233 	 -0.0373657
10.56 	 0.188879 	 -0.0371453
10.58 	 0.188525 	 -0.0369261
10.6 	 0.188173 	 -0.036708
10.62 	 0.187822 	 -0.0364912
10.64 	 0.187472 	 -0.0362754
10.66 	 0.187124 	 -0.0360609
10.68 	 0.186777 	 -0.0358475
10.7 	 0.186431 	 -0.0356352
10.72 	 0.186086 	 -0.0354241
10.74 	 0.185743 	 -0.0352141
10.76 	 0.1854 	 -0.0350053
10.78 	 0.185059 	 -0.0347975
10.8 	 0.18472 	 -0.0345909
10.82 	 0.184381 	 -0.0343854
10.84 	 0.184044 	 -0.034181
10.86 	 0.183707 	 -0.0339778
10.88 	 0.183372 	 -0.0337756
10.9 	 0.183039 	 -0.0335745
10.92 	 0.182706 	 -0.0333745
10.94 	 0.182375 	 -0.0331756
10.96 	 0.182044 	 -0.0329778
10.98 	 0.181715 	 -0.032781
11 	 0.181387 	 -0.0325854
11.02 	 0.181061 	 -0.0323907
11.04 	 0.180735 	 -0.0321972
11.06 	 0.180411 	 -0.0320047
11.08 	 0.180087 	 -0.0318133
11.1 	 0.179765 	 -0.0316229
11.12 	 0.179444 	 -0.0314335
11.14 	 0.179124 	 -0.0312452
11.16 	 0.178805 	 -0.0310579
11.18 	 0.178487 	 -0.0308717
11.2 	 0.178171 	 -0.0306864
11.22 	 0.177855 	 -0.0305022
11.24 	 0.177541 	 -0.030319
11.26 	 0.177228 	 -0.0301368
11.28 	 0.176915 	 -0.0299556
11.3 	 0.176604 	 -0.0297755
11.32 	 0.176294 	 -0.0295963
11.34 	 0.175985 	 -0.0294181
11.36 	 0.175677 	 -0.0292408
11.38 	 0.17537 	 -0.0290646
11.4 	 0.175064 	 -0.0288893
11.42 	 0.174759 	 -0.0287151
11.44 	 0.174456 	 -0.0285417
11.46 	 0.174153 	 -0.0283694
11.48 	 0.173851 	 -0.028198
11.5 	 0.17355 	 -0.0280275
11.52 	 0.173251 	 -0.027858
11.54 	 0.172952 	 -0.0276895
11.56 	 0.172654 	 -0.0275219
11.58 	 0.172358 	 -0.0273552
11.6 	 0.172062 	 -0.0271895
11.62 	 0.171768 	 -0.0270246
11.64 	 0.171474 	 -0.0268607
11.66 	 0.171181 	 -0.0266978
11.68 	 0.17089 	 -0.0265357
11.7 	 0.170599 	 -0.0263745
11.72 	 0.170309 	 -0.0262143
11.74 	 0.17002 	 -0.0260549
11.76 	 0.169733 	 -0.0258965
11.78 	 0.169446 	 -0.0257389
11.8 	 0.16916 	 -0.0255822
11.82 	 0.168875 	 -0.0254265
11.84 	 0.168591 	 -0.0252715
11.86 	 0.168308 	 -0.0251175
11.88 	 0.168026 	 -0.0249643
11.9 	 0.167745 	 -0.024812
11.92 	 0.167465 	 -0.0246606
11.94 	 0.167185 	 -0.02451
11.96 	 0.166907 	 -0.0243603
11.98 	 0.166629 	 -0.0242114
12 	 0.166353 	 -0.0240634
12.02 	 0.166077 	 -0.0239162
12.04 	 0.165802 	 -0.0237698
12.06 	 0.165528 	 -0.0236243
12.08 	 0.165255 	 -0.0234796
12.1 	 0.164983 	 -0.0233357
12.12 	 0.164712 	 -0.0231927
12.14 	 0.164442 	 -0.0230504
12.16 	 0.164172 	 -0.022909
12.18 	 0.163904 	 -0.0227684
12.2 	 0.163636 	 -0.0226286
12.22 	 0.163369 	 -0.0224896
12.24 	 0.163103 	 -0.0223514
12.26 	 0.162838 	 -0.0222139
12.28 	 0.162574 	 -0.0220773
12.3 	 0.162311 	 -0.0219415
12.32 	 0.162048 	 -0.0218064
12.34 	 0.161786 	 -0.0216721
12.36 	 0.161525 	 -0.0215386
12.38 	 0.161265 	 -0.0214058
12.4 	 0.161006 	 -0.0212739
12.42 	 0.160748 	 -0.0211426
12.44 	 0.16049 	 -0.0210122
12.46 	 0.160233 	 -0.0208824
12.48 	 0.159977 	 -0.0207535
12.5 	 0.159722 	 -0.0206253
12.52 	 0.159468 	 -0.0204978
12.54 	 0.159214 	 -0.020371
12.56 	 0.158962 	 -0.020245
12.58 	 0.15871 	 -0.0201198
12.6 	 0.158459 	 -0.0199952
12.62 	 0.158208 	 -0.0198714
12.64 	 0.157959 	 -0.0197483
12.66 	 0.15771 	 -0.0196259
12.68 	 0.157462 	 -0.0195042
12.7 	 0.157215 	 -0.0193833
12.72 	 0.156968 	 -0.019263
12.74 	 0.156722 	 -0.0191434
12.76 	 0.156478 	 -0.0190246
12.78 	 0.156233 	 -0.0189064
12.8 	 0.15599 	 -0.0187889
12.82 	 0.155747 	 -0.0186721
12.84 	 0.155505 	 -0.018556
12.86 	 0.155264 	 -0.0184406
12.88 	 0.155024 	 -0.0183258
12.9 	 0.154784 	 -0.0182118
12.92 	 0.154545 	 -0.0180984
12.94 	 0.154307 	 -0.0179856
12.96 	 0.154069 	 -0.0178735
12.98 	 0.153833 	 -0.0177621
13 	 0.153597 	 -0.0176513
13.02 	 0.153361 	 -0.0175412
13.04 	 0.153127 	 -0.0174317
13.06 	 0.152893 	 -0.0173229
13.08 	 0.152659 	 -0.0172147
13.1 	 0.152427 	 -0.0171072
13.12 	 0.152195 	 -0.0170003
13.14 	 0.151964 	 -0.016894
13.16 	 0.151734 	 -0.0167884
13.18 	 0.151504 	 -0.0166833
13.2 	 0.151275 	 -0.0165789
13.22 	 0.151047 	 -0.0164751
13.24 	 0.150819 	 -0.016372
13.26 	 0.150592 	 -0.0162694
13.28 	 0.150366 	 -0.0161675
13.3 	 0.15014 	 -0.0160661
13.32 	 0.149915 	 -0.0159654
13.34 	 0.149691 	 -0.0158652
13.36 	 0.149468 	 -0.0157657
13.38 	 0.149245 	 -0.0156667
13.4 	 0.149022 	 -0.0155684
13.42 	 0.148801 	 -0.0154706
13.44 	 0.14858 	 -0.0153734
13.46 	 0.14836 	 -0.0152768
13.48 	 0.14814 	 -0.0151807
13.5 	 0.147921 	 -0.0150853
13.52 	 0.147703 	 -0.0149904
13.54 	 0.147485 	 -0.014896
13.56 	 0.147268 	 -0.0148023
13.58 	 0.147051 	 -0.0147091
13.6 	 0.146836 	 -0.0146164
13.62 	 0.14662 	 -0.0145243
13.64 	 0.146406 	 -0.0144328
13.66 	 0.146192 	 -0.0143418
13.68 	 0.145979 	 -0.0142514
13.7 	 0.145766 	 -0.0141615
13.72 	 0.145554 	 -0.0140721
13.74 	 0.145343 	 -0.0139833
13.76 	 0.145132 	 -0.013895
13.78 	 0.144921 	 -0.0138072
13.8 	 0.144712 	 -0.01372
13.82 	 0.144503 	 -0.0136333
13.84 	 0.144294 	 -0.0135471
13.86 	 0.144087 	 -0.0134615
13.88 	 0.143879 	 -0.0133763
13.9 	 0.143673 	 -0.0132917
13.92 	 0.143467 	 -0.0132076
13.94 	 0.143261 	 -0.013124
13.96 	 0.143056 	 -0.0130409
13.98 	 0.142852 	 -0.0129583
14 	 0.142648 	 -0.0128762
14.02 	 0.142445 	 -0.0127946
14.04 	 0.142243 	 -0.0127135
14.06 	 0.142041 	 -0.0126329
14.08 	 0.141839 	 -0.0125527
14.1 	 0.141639 	 -0.0124731
14.12 	 0.141438 	 -0.0123939
14.14 	 0.141239 	 -0.0123153
14.16 	 0.14104 	 -0.0122371
14.18 	 0.140841 	 -0.0121594
14.2 	 0.140643 	 -0.0120821
14.22 	 0.140446 	 -0.0120053
14.24 	 0.140249 	 -0.011929
14.26 	 0.140052 	 -0.0118532
14.28 	 0.139856 	 -0.0117778
14.3 	 0.139661 	 -0.0117029
14.32 	 0.139466 	 -0.0116284
14.34 	 0.139272 	 -0.0115544
14.36 	 0.139079 	 -0.0114809
14.38 	 0.138886 	 -0.0114077
14.4 	 0.138693 	 -0.0113351
14.42 	 0.138501 	 -0.0112629
14.44 	 0.138309 	 -0.0111911
14.46 	 0.138118 	 -0.0111198
14.48 	 0.137928 	 -0.0110489
14.5 	 0.137738 	 -0.0109784
14.52 	 0.137549 	 -0.0109084
14.54 	 0.13736 	 -0.0108388
14.56 	 0.137171 	 -0.0107696
14.58 	 0.136984 	 -0.0107009
14.6 	 0.136796 	 -0.0106325
14.62 	 0.136609 	 -0.0105646
14.64 	 0.136423 	 -0.0104972
14.66 	 0.136237 	 -0.0104301
14.68 	 0.136052 	 -0.0103634
14.7 	 0.135867 	 -0.0102972
14.72 	 0.135683 	 -0.0102313
14.74 	 0.135499 	 -0.0101659
14.76 	 0.135316 	 -0.0101009
14.78 	 0.135133 	 -0.0100362
14.8 	 0.134951 	 -0.00997201
14.82 	 0.134769 	 -0.00990818
14.84 	 0.134587 	 -0.00984474
14.86 	 0.134407 	 -0.00978169
14.88 	 0.134226 	 -0.00971903
14.9 	 0.134046 	 -0.00965676
14.92 	 0.133867 	 -0.00959488
14.94 	 0.133688 	 -0.00953338
14.96 	 0.133509 	 -0.00947226
14.98 	 0.133332 	 -0.00941152
15 	 0.133154 	 -0.00935115
15.02 	 0.132977 	 -0.00929116
15.04 	 0.1328 	 -0.00923154
15.06 	 0.132624 	 -0.00917229
15.08 	 0.132449 	 -0.00911341
15.1 	 0.132274 	 -0.0090549
15.12 	 0.132099 	 -0.00899675
15.14 	 0.131925 	 -0.00893896
15.16 	 0.131751 	 -0.00888153
15.18 	 0.131577 	 -0.00882445
15.2 	 0.131405 	 -0.00876773
15.22 	 0.131232 	 -0.00871137
15.24 	 0.13106 	 -0.00865536
15.26 	 0.130889 	 -0.00859969
15.28 	 0.130718 	 -0.00854437
15.3 	 0.130547 	 -0.0084894
15.32 	 0.130377 	 -0.00843477
15.34 	 0.130207 	 -0.00838048
15.36 	 0.130038 	 -0.00832653
15.38 	 0.129869 	 -0.00827292
15.4 	 0.1297 	 -0.00821964
15.42 	 0.129533 	 -0.0081667
15.44 	 0.129365 	 -0.00811408
15.46 	 0.129198 	 -0.0080618
15.48 	 0.129031 	 -0.00800984
15.5 	 0.128865 	 -0.00795821
15.52 	 0.128699 	 -0.0079069
15.54 	 0.128534 	 -0.00785591
15.56 	 0.128369 	 -0.00780524
15.58 	 0.128204 	 -0.00775489
15.6 	 0.12804 	 -0.00770485
15.62 	 0.127876 	 -0.00765513
15.64 	 0.127713 	 -0.00760572
15.66 	 0.12755 	 -0.00755662
15.68 	 0.127388 	 -0.00750783
15.7 	 0.127226 	 -0.00745935
15.72 	 0.127064 	 -0.00741117
15.74 	 0.126903 	 -0.00736329
15.76 	 0.126742 	 -0.00731571
15.78 	 0.126581 	 -0.00726844
15.8 	 0.126421 	 -0.00722146
15.82 	 0.126262 	 -0.00717477
15.84 	 0.126103 	 -0.00712838
15.86 	 0.125944 	 -0.00708229
15.88 	 0.125785 	 -0.00703648
15.9 	 0.125627 	 -0.00699096
15.92 	 0.12547 	 -0.00694573
15.94 	 0.125313 	 -0.00690078
15.96 	 0.125156 	 -0.00685612
15.98 	 0.124999 	 -0.00681174
16 	 0.124843 	 -0.00676764
16.02 	 0.124688 	 -0.00672381
16.04 	 0.124533 	 -0.00672381
16.06 	 0.124378 	 -0.00668027
16.08 	 0.124223 	 -0.006594
16.1 	 0.124069 	 -0.00655127
16.12 	 0.123915 	 -0.00650882
16.14 	 0.123762 	 -0.00646663
16.16 	 0.123609 	 -0.00642471
16.18 	 0.123456 	 -0.00638306
16.2 	 0.123304 	 -0.00634167
16.22 	 0.123152 	 -0.00634167
16.24 	 0.123001 	 -0.00625967
16.26 	 0.12285 	 -0.00621906
16.28 	 0.122699 	 -0.00617871
16.3 	 0.122549 	 -0.00613861
16.32 	 0.122399 	 -0.00609877
16.34 	 0.122249 	 -0.00605918
16.36 	 0.1221 	 -0.00601985
16.38 	 0.121951 	 -0.00601985
16.4 	 0.121802 	 -0.00598076
16.42 	 0.121654 	 -0.00590333
16.44 	 0.121506 	 -0.00586498
16.46 	 0.121359 	 -0.00582688
16.48 	 0.121212 	 -0.00578901
16.5 	 0.121065 	 -0.00575139
16.52 	 0.120919 	 -0.00571401
16.54 	 0.120773 	 -0.00571401
16.56 	 0.120627 	 -0.00567687
16.58 	 0.120482 	 -0.00560329
16.6 	 0.120337 	 -0.00556685
16.62 	 0.120192 	 -0.00553064
16.64 	 0.120048 	 -0.00549466
16.66 	 0.119904 	 -0.00545892
16.68 	 0.11976 	 -0.0054234
16.7 	 0.119617 	 -0.00538811
16.72 	 0.119474 	 -0.00538811
16.74 	 0.119332 	 -0.00531819
16.76 	 0.119189 	 -0.00528357
16.78 	 0.119047 	 -0.00524917
16.8 	 0.118906 	 -0.00521499
16.82 	 0.118765 	 -0.00518103
16.84 	 0.118624 	 -0.00514728
16.86 	 0.118483 	 -0.00511375
16.88 	 0.118343 	 -0.00511375
16.9 	 0.118203 	 -0.00508043
16.92 	 0.118064 	 -0.00501444
16.94 	 0.117924 	 -0.00498176
16.96 	 0.117785 	 -0.00494929
16.98 	 0.117647 	 -0.00491702
17 	 0.117509 	 -0.00488496
17.02 	 0.117371 	 -0.00485311
17.04 	 0.117233 	 -0.00485311
17.06 	 0.117096 	 -0.00482146
17.08 	 0.116959 	 -0.00475877
17.1 	 0.116822 	 -0.00472772
17.12 	 0.116686 	 -0.00469688
17.14 	 0.11655 	 -0.00466623
17.16 	 0.116414 	 -0.00463578
17.18 	 0.116279 	 -0.00460552
17.2 	 0.116144 	 -0.00457546
17.22 	 0.116009 	 -0.00457546
17.24 	 0.115875 	 -0.00451591
17.26 	 0.115741 	 -0.00448643
17.28 	 0.115607 	 -0.00445713
17.3 	 0.115473 	 -0.00442802
17.32 	 0.11534 	 -0.0043991
17.34 	 0.115207 	 -0.00437036
17.36 	 0.115075 	 -0.00434181
17.38 	 0.114942 	 -0.00434181
17.4 	 0.11481 	 -0.00428525
17.42 	 0.114679 	 -0.00425724
17.44 	 0.114547 	 -0.00422942
17.46 	 0.114416 	 -0.00420177
17.48 	 0.114286 	 -0.0041743
17.5 	 0.114155 	 -0.00414701
17.52 	 0.114025 	 -0.0041199
17.54 	 0.113895 	 -0.0041199
17.56 	 0.113766 	 -0.00409295
17.58 	 0.113636 	 -0.00403959
17.6 	 0.113507 	 -0.00401317
17.62 	 0.113379 	 -0.00398691
17.64 	 0.11325 	 -0.00396083
17.66 	 0.113122 	 -0.00393491
17.68 	 0.112994 	 -0.00390916
17.7 	 0.112867 	 -0.00388358
17.72 	 0.112739 	 -0.00388358
17.74 	 0.112613 	 -0.0038329
17.76 	 0.112486 	 -0.00380781
17.78 	 0.112359 	 -0.00378288
17.8 	 0.112233 	 -0.00375811
17.82 	 0.112108 	 -0.0037335
17.84 	 0.111982 	 -0.00370905
17.86 	 0.111857 	 -0.00368476
17.88 	 0.111732 	 -0.00368476
17.9 	 0.111607 	 -0.00363664
17.92 	 0.111483 	 -0.00361282
17.94 	 0.111358 	 -0.00358915
17.96 	 0.111235 	 -0.00356563
17.98 	 0.111111 	 -0.00354226
18 	 0.110988 	 -0.00351905
18.02 	 0.110865 	 -0.00349598
18.04 	 0.110742 	 -0.00349598
18.06 	 0.110619 	 -0.00347307
18.08 	 0.110497 	 -0.00342768
18.1 	 0.110375 	 -0.0034052
18.12 	 0.110253 	 -0.00338288
18.14 	 0.110132 	 -0.00336069
18.16 	 0.110011 	 -0.00333865
18.18 	 0.10989 	 -0.00331675
18.2 	 0.109769 	 -0.003295
18.22 	 0.109649 	 -0.003295
18.24 	 0.109529 	 -0.00325191
18.26 	 0.109409 	 -0.00323057
18.28 	 0.10929 	 -0.00320938
18.3 	 0.10917 	 -0.00318832
18.32 	 0.109051 	 -0.00316739
18.34 	 0.108932 	 -0.0031466
18.36 	 0.108814 	 -0.00312595
18.38 	 0.108696 	 -0.00312595
18.4 	 0.108578 	 -0.00308505
18.42 	 0.10846 	 -0.00306479
18.44 	 0.108342 	 -0.00304467
18.46 	 0.108225 	 -0.00302468
18.48 	 0.108108 	 -0.00300482
18.5 	 0.107991 	 -0.00298508
18.52 	 0.107875 	 -0.00296548
18.54 	 0.107759 	 -0.00296548
18.56 	 0.107643 	 -0.002946
18.58 	 0.107527 	 -0.00290742
18.6 	 0.107411 	 -0.00288832
18.62 	 0.107296 	 -0.00286934
18.64 	 0.107181 	 -0.00285049
18.66 	 0.107066 	 -0.00283176
18.68 	 0.106952 	 -0.00281315
18.7 	 0.106838 	 -0.00279466
18.72 	 0.106724 	 -0.00279466
18.74 	 0.10661 	 -0.00275805
18.76 	 0.106496 	 -0.00273992
18.78 	 0.106383 	 -0.00272191
18.8 	 0.10627 	 -0.00270401
18.82 	 0.106157 	 -0.00268623
18.84 	 0.106044 	 -0.00266857
18.86 	 0.105932 	 -0.00265102
18.88 	 0.10582 	 -0.00265102
18.9 	 0.105708 	 -0.00261627
18.92 	 0.105597 	 -0.00259906
18.94 	 0.105485 	 -0.00258197
18.96 	 0.105374 	 -0.00256498
18.98 	 0.105263 	 -0.00254811
19 	 0.105152 	 -0.00253135
19.02 	 0.105042 	 -0.00251469
19.04 	 0.104932 	 -0.00251469
19.06 	 0.104822 	 -0.00249815
19.08 	 0.104712 	 -0.00246538
19.1 	 0.104602 	 -0.00244916
19.12 	 0.104493 	 -0.00243304
19.14 	 0.104384 	 -0.00241702
19.16 	 0.104275 	 -0.00240111
19.18 	 0.104167 	 -0.00238531
19.2 	 0.104058 	 -0.00236961
19.22 	 0.10395 	 -0.00236961
19.24 	 0.103842 	 -0.00233851
19.26 	 0.103734 	 -0.00232311
19.28 	 0.103627 	 -0.00230782
19.3 	 0.10352 	 -0.00229262
19.32 	 0.103413 	 -0.00227752
19.34 	 0.103306 	 -0.00226252
19.36 	 0.103199 	 -0.00224762
19.38 	 0.103093 	 -0.00224762
19.4 	 0.102987 	 -0.00221811
19.42 	 0.102881 	 -0.0022035
19.44 	 0.102775 	 -0.00218899
19.46 	 0.102669 	 -0.00217457
19.48 	 0.102564 	 -0.00216024
19.5 	 0.102459 	 -0.00214601
19.52 	 0.102354 	 -0.00213187
19.54 	 0.102249 	 -0.00213187
19.56 	 0.102145 	 -0.00211782
19.58 	 0.102041 	 -0.00209
19.6 	 0.101937 	 -0.00207622
19.62 	 0.101833 	 -0.00206254
19.64 	 0.101729 	 -0.00204895
19.66 	 0.101626 	 -0.00203544
19.68 	 0.101523 	 -0.00202202
19.7 	 0.10142 	 -0.0020087
19.72 	 0.101317 	 -0.0020087
19.74 	 0.101215 	 -0.0019823
19.76 	 0.101112 	 -0.00196923
19.78 	 0.10101 	 -0.00195624
19.8 	 0.100908 	 -0.00194334
19.82 	 0.100806 	 -0.00193053
19.84 	 0.100705 	 -0.0019178
19.86 	 0.100604 	 -0.00190515
19.88 	 0.100502 	 -0.00190515
19.9 	 0.100402 	 -0.00188011
19.92 	 0.100301 	 -0.0018677
19.94 	 0.1002 	 -0.00185539
19.96 	 0.1001 	 -0.00184315
19.98 	 0.1 	 -0.00183099
20 	 0.0999001 	 -0.00181891
20.02 	 0.0998004 	 -0.00180691
20.04 	 0.0997009 	 -0.00180691
20.06 	 0.0996016 	 -0.00179499
20.08 	 0.0995025 	 -0.00177138
20.1 	 0.0994036 	 -0.00175969
20.12 	 0.0993048 	 -0.00174808
20.14 	 0.0992063 	 -0.00173654
20.16 	 0.099108 	 -0.00172508
20.18 	 0.0990099 	 -0.0017137
20.2 	 0.098912 	 -0.00170239
20.22 	 0.0988142 	 -0.00170239
20.24 	 0.0987167 	 -0.00167999
20.26 	 0.0986193 	 -0.0016689
20.28 	 0.0985222 	 -0.00165788
20.3 	 0.0984252 	 -0.00164694
20.32 	 0.0983284 	 -0.00163607
20.34 	 0.0982318 	 -0.00162527
20.36 	 0.0981354 	 -0.00161453
20.38 	 0.0980392 	 -0.00161453
20.4 	 0.0979432 	 -0.00159328
20.42 	 0.0978473 	 -0.00158276
20.44 	 0.0977517 	 -0.00157231
20.46 	 0.0976562 	 -0.00156193
20.48 	 0.097561 	 -0.00155161
20.5 	 0.0974659 	 -0.00154137
20.52 	 0.097371 	 -0.00153119
20.54 	 0.0972762 	 -0.00152108
20.56 	 0.0971817 	 -0.00151103
20.58 	 0.0970874 	 -0.00150105
20.6 	 0.0969932 	 -0.00149113
20.62 	 0.0968992 	 -0.00148128
20.64 	 0.0968054 	 -0.0014715
20.66 	 0.0967118 	 -0.00146178
20.68 	 0.0966183 	 -0.00145212
20.7 	 0.0965251 	 -0.00144253
20.72 	 0.096432 	 -0.001433
20.74 	 0.0963391 	 -0.00142353
20.76 	 0.0962464 	 -0.00141412
20.78 	 0.0961538 	 -0.00140478
20.8 	 0.0960615 	 -0.00139549
20.82 	 0.0959693 	 -0.00138627
20.84 	 0.0958773 	 -0.00137711
20.86 	 0.0957854 	 -0.00136801
20.88 	 0.0956938 	 -0.00135897
20.9 	 0.0956023 	 -0.00134999
20.92 	 0.095511 	 -0.00134107
20.94 	 0.0954198 	 -0.0013322
20.96 	 0.0953289 	 -0.0013234
20.98 	 0.0952381 	 -0.00131465
21 	 0.0951475 	 -0.00130596
21.02 	 0.095057 	 -0.00129733
21.04 	 0.0949667 	 -0.00128875
21.06 	 0.0948766 	 -0.00128023
21.08 	 0.0947867 	 -0.00127177
21.1 	 0.094697 	 -0.00126336
21.12 	 0.0946074 	 -0.00125501
21.14 	 0.0945179 	 -0.00124671
21.16 	 0.0944287 	 -0.00123846
21.18 	 0.0943396 	 -0.00123028
21.2 	 0.0942507 	 -0.00122214
21.22 	 0.0941619 	 -0.00121406
21.24 	 0.0940734 	 -0.00120603
21.26 	 0.093985 	 -0.00119805
21.28 	 0.0938967 	 -0.00119013
21.3 	 0.0938086 	 -0.00118226
21.32 	 0.0937207 	 -0.00117444
21.34 	 0.0936329 	 -0.00116667
21.36 	 0.0935454 	 -0.00115896
21.38 	 0.0934579 	 -0.00115129
21.4 	 0.0933707 	 -0.00114368
21.42 	 0.0932836 	 -0.00113611
21.44 	 0.0931966 	 -0.0011286
21.46 	 0.0931099 	 -0.00112113
21.48 	 0.0930232 	 -0.00111371
21.5 	 0.0929368 	 -0.00110635
21.52 	 0.0928505 	 -0.00109903
21.54 	 0.0927644 	 -0.00109176
21.56 	 0.0926784 	 -0.00108453
21.58 	 0.0925926 	 -0.00107736
21.6 	 0.0925069 	 -0.00107023
21.62 	 0.0924214 	 -0.00106315
21.64 	 0.0923361 	 -0.00105611
21.66 	 0.0922509 	 -0.00104913
21.68 	 0.0921659 	 -0.00104218
21.7 	 0.092081 	 -0.00103529
21.72 	 0.0919963 	 -0.00102844
21.74 	 0.0919118 	 -0.00102163
21.76 	 0.0918274 	 -0.00101487
21.78 	 0.0917431 	 -0.00100815
21.8 	 0.091659 	 -0.00100148
21.82 	 0.0915751 	 -0.000994853
21.84 	 0.0914913 	 -0.000988269
21.86 	 0.0914077 	 -0.000981728
21.88 	 0.0913242 	 -0.00097523
21.9 	 0.0912409 	 -0.000968775
21.92 	 0.0911577 	 -0.000962362
21.94 	 0.0910747 	 -0.000955992
21.96 	 0.0909918 	 -0.000949664
21.98 	 0.0909091 	 -0.000943377
22 	 0.0908265 	 -0.000937132
22.02 	 0.0907441 	 -0.000930928
22.04 	 0.0906618 	 -0.000924766
22.06 	 0.0905797 	 -0.000918643
22.08 	 0.0904977 	 -0.000912561
22.1 	 0.0904159 	 -0.00090652
22.12 	 0.0903342 	 -0.000900518
22.14 	 0.0902527 	 -0.000894556
22.16 	 0.0901713 	 -0.000888633
22.18 	 0.0900901 	 -0.000882749
22.2 	 0.090009 	 -0.000876904
22.22 	 0.089928 	 -0.000871097
22.24 	 0.0898473 	 -0.000865329
22.26 	 0.0897666 	 -0.000859599
22.28 	 0.0896861 	 -0.000853907
22.3 	 0.0896057 	 -0.000848252
22.32 	 0.0895255 	 -0.000842635
22.34 	 0.0894454 	 -0.000837054
22.36 	 0.0893655 	 -0.000831511
22.38 	 0.0892857 	 -0.000826004
22.4 	 0.0892061 	 -0.000820533
22.42 	 0.0891266 	 -0.000815099
22.44 	 0.0890472 	 -0.000809701
22.46 	 0.088968 	 -0.000804338
22.48 	 0.0888889 	 -0.00079901
22.5 	 0.0888099 	 -0.000793718
22.52 	 0.0887311 	 -0.00078846
22.54 	 0.0886525 	 -0.000783238
22.56 	 0.088574 	 -0.00077805
22.58 	 0.0884956 	 -0.000772896
22.6 	 0.0884173 	 -0.000767776
22.62 	 0.0883392 	 -0.00076269
22.64 	 0.0882612 	 -0.000757637
22.66 	 0.0881834 	 -0.000752618
22.68 	 0.0881057 	 -0.000747632
22.7 	 0.0880282 	 -0.000742679
22.72 	 0.0879507 	 -0.000737759
22.74 	 0.0878735 	 -0.000732871
22.76 	 0.0877963 	 -0.000728016
22.78 	 0.0877193 	 -0.000723192
22.8 	 0.0876424 	 -0.000718401
22.82 	 0.0875657 	 -0.000713641
22.84 	 0.0874891 	 -0.000708912
22.86 	 0.0874126 	 -0.000704215
22.88 	 0.0873362 	 -0.000699549
22.9 	 0.08726 	 -0.000694914
22.92 	 0.087184 	 -0.000690309
22.94 	 0.087108 	 -0.000685735
22.96 	 0.0870322 	 -0.000681191
22.98 	 0.0869565 	 -0.000676677
23 	 0.086881 	 -0.000672192
23.02 	 0.0868055 	 -0.000667738
23.04 	 0.0867303 	 -0.000663313
23.06 	 0.0866551 	 -0.000658917
23.08 	 0.0865801 	 -0.00065455
23.1 	 0.0865052 	 -0.000650212
23.12 	 0.0864304 	 -0.000645903
23.14 	 0.0863558 	 -0.000641622
23.16 	 0.0862813 	 -0.00063737
23.18 	 0.0862069 	 -0.000633145
23.2 	 0.0861326 	 -0.000628949
23.22 	 0.0860585 	 -0.00062478
23.24 	 0.0859845 	 -0.000620639
23.26 	 0.0859106 	 -0.000616525
23.28 	 0.0858369 	 -0.000612439
23.3 	 0.0857633 	 -0.000608379
23.32 	 0.0856898 	 -0.000604347
23.34 	 0.0856164 	 -0.000600341
23.36 	 0.0855432 	 -0.000596361
23.38 	 0.0854701 	 -0.000592408
23.4 	 0.0853971 	 -0.000588481
23.42 	 0.0853242 	 -0.00058458
23.44 	 0.0852515 	 -0.000580705
23.46 	 0.0851789 	 -0.000576855
23.48 	 0.0851064 	 -0.000573031
23.5 	 0.085034 	 -0.000569232
23.52 	 0.0849618 	 -0.000565458
23.54 	 0.0848896 	 -0.000561709
23.56 	 0.0848176 	 -0.000557985
23.58 	 0.0847458 	 -0.000554286
23.6 	 0.084674 	 -0.000550611
23.62 	 0.0846024 	 -0.00054696
23.64 	 0.0845308 	 -0.000543334
23.66 	 0.0844595 	 -0.000539732
23.68 	 0.0843882 	 -0.000536153
23.7 	 0.084317 	 -0.000532598
23.72 	 0.084246 	 -0.000529067
23.74 	 0.0841751 	 -0.000525559
23.76 	 0.0841043 	 -0.000522074
23.78 	 0.0840336 	 -0.000518612
23.8 	 0.083963 	 -0.000515173
23.82 	 0.0838926 	 -0.000511757
23.84 	 0.0838223 	 -0.000508363
23.86 	 0.0837521 	 -0.000504992
23.88 	 0.083682 	 -0.000501644
23.9 	 0.083612 	 -0.000498317
23.92 	 0.0835422 	 -0.000495013
23.94 	 0.0834724 	 -0.00049173
23.96 	 0.0834028 	 -0.000488469
23.98 	 0.0833333 	 -0.00048523
24 	 0.0832639 	 -0.000482012
24.02 	 0.0831947 	 -0.000478815
24.04 	 0.0831255 	 -0.00047564
24.06 	 0.0830565 	 -0.000472485
24.08 	 0.0829875 	 -0.000469352
24.1 	 0.0829187 	 -0.000466239
24.12 	 0.08285 	 -0.000463146
24.14 	 0.0827814 	 -0.000460075
24.16 	 0.082713 	 -0.000457023
24.18 	 0.0826446 	 -0.000453992
24.2 	 0.0825764 	 -0.000450981
24.22 	 0.0825082 	 -0.00044799
24.24 	 0.0824402 	 -0.000445018
24.26 	 0.0823723 	 -0.000442067
24.28 	 0.0823045 	 -0.000439134
24.3 	 0.0822368 	 -0.000436222
24.32 	 0.0821693 	 -0.000433328
24.34 	 0.0821018 	 -0.000430454
24.36 	 0.0820344 	 -0.000427599
24.38 	 0.0819672 	 -0.000424762
24.4 	 0.0819001 	 -0.000421945
24.42 	 0.0818331 	 -0.000419146
24.44 	 0.0817661 	 -0.000416365
24.46 	 0.0816993 	 -0.000413603
24.48 	 0.0816326 	 -0.00041086
24.5 	 0.0815661 	 -0.000408134
24.52 	 0.0814996 	 -0.000405427
24.54 	 0.0814332 	 -0.000402737
24.56 	 0.081367 	 -0.000400065
24.58 	 0.0813008 	 -0.000397411
24.6 	 0.0812348 	 -0.000394775
24.62 	 0.0811688 	 -0.000392156
24.64 	 0.081103 	 -0.000389554
24.66 	 0.0810373 	 -0.00038697
24.68 	 0.0809717 	 -0.000384403
24.7 	 0.0809061 	 -0.000381852
24.72 	 0.0808407 	 -0.000379319
24.74 	 0.0807754 	 -0.000376802
24.76 	 0.0807102 	 -0.000374302
24.78 	 0.0806452 	 -0.000371819
24.8 	 0.0805802 	 -0.000369352
24.82 	 0.0805153 	 -0.000366901
24.84 	 0.0804505 	 -0.000364467
24.86 	 0.0803858 	 -0.000362049
24.88 	 0.0803213 	 -0.000359647
24.9 	 0.0802568 	 -0.00035726
24.92 	 0.0801925 	 -0.00035489
24.94 	 0.0801282 	 -0.000352535
24.96 	 0.080064 	 -0.000350196
24.98 	 0.08 	 -0.000347872
