0 	 0.591837 	 -0.226643
0.02 	 0.591837 	 -0.226637
0.04 	 0.591815 	 -0.226628
0.06 	 0.59178 	 -0.226616
0.08 	 0.591733 	 -0.2266
0.1 	 0.591675 	 -0.226581
0.12 	 0.591606 	 -0.226558
0.14 	 0.591724 	 -0.226533
0.16 	 0.591435 	 -0.226504
0.18 	 0.591333 	 -0.226471
0.2 	 0.59122 	 -0.226436
0.22 	 0.591096 	 -0.226397
0.24 	 0.590962 	 -0.226355
0.26 	 0.590817 	 -0.226309
0.28 	 0.591082 	 -0.226261
0.3 	 0.590495 	 -0.226209
0.32 	 0.590318 	 -0.226153
0.34 	 0.590131 	 -0.226095
0.36 	 0.589932 	 -0.226033
0.38 	 0.589724 	 -0.225968
0.4 	 0.589504 	 -0.225899
0.42 	 0.589274 	 -0.225828
0.44 	 0.589034 	 -0.225753
0.46 	 0.588783 	 -0.225674
0.48 	 0.588521 	 -0.225593
0.5 	 0.588249 	 -0.225508
0.52 	 0.587967 	 -0.22542
0.54 	 0.587674 	 -0.225329
0.56 	 0.588227 	 -0.225234
0.58 	 0.587944 	 -0.225234
0.6 	 0.586734 	 -0.225035
0.62 	 0.5864 	 -0.224931
0.64 	 0.586055 	 -0.224823
0.66 	 0.585701 	 -0.224712
0.68 	 0.585336 	 -0.224598
0.7 	 0.584961 	 -0.224481
0.72 	 0.584576 	 -0.22436
0.74 	 0.584181 	 -0.224236
0.76 	 0.583776 	 -0.224109
0.78 	 0.58336 	 -0.223979
0.8 	 0.582935 	 -0.223845
0.82 	 0.5825 	 -0.223709
0.84 	 0.582055 	 -0.223569
0.86 	 0.5816 	 -0.223425
0.88 	 0.581136 	 -0.223279
0.9 	 0.580661 	 -0.223129
0.92 	 0.580177 	 -0.222976
0.94 	 0.579684 	 -0.22282
0.96 	 0.57918 	 -0.222661
0.98 	 0.578667 	 -0.222498
1 	 0.578145 	 -0.222333
1.02 	 0.577613 	 -0.222164
1.04 	 0.577071 	 -0.221992
1.06 	 0.57652 	 -0.221816
1.08 	 0.57596 	 -0.221638
1.1 	 0.575391 	 -0.221456
1.12 	 0.576448 	 -0.221272
1.14 	 0.575885 	 -0.221084
1.16 	 0.575317 	 -0.221084
1.18 	 0.574735 	 -0.220893
1.2 	 0.572406 	 -0.220502
1.22 	 0.571782 	 -0.220302
1.24 	 0.571149 	 -0.220099
1.26 	 0.570507 	 -0.219893
1.28 	 0.569856 	 -0.219683
1.3 	 0.569197 	 -0.21947
1.32 	 0.568529 	 -0.219255
1.34 	 0.567852 	 -0.219036
1.36 	 0.567167 	 -0.218814
1.38 	 0.566473 	 -0.218589
1.4 	 0.56577 	 -0.218361
1.42 	 0.56506 	 -0.21813
1.44 	 0.564341 	 -0.217896
1.46 	 0.563614 	 -0.217659
1.48 	 0.562878 	 -0.217418
1.5 	 0.562135 	 -0.217175
1.52 	 0.561383 	 -0.216929
1.54 	 0.560624 	 -0.216679
1.56 	 0.559856 	 -0.216427
1.58 	 0.559081 	 -0.216171
1.6 	 0.558298 	 -0.215913
1.62 	 0.557507 	 -0.215652
1.64 	 0.556708 	 -0.215387
1.66 	 0.555902 	 -0.21512
1.68 	 0.555088 	 -0.21485
1.7 	 0.554267 	 -0.214576
1.72 	 0.553439 	 -0.2143
1.74 	 0.552603 	 -0.214021
1.76 	 0.55176 	 -0.213739
1.78 	 0.550909 	 -0.213454
1.8 	 0.550052 	 -0.213166
1.82 	 0.549188 	 -0.212876
1.84 	 0.548316 	 -0.212582
1.86 	 0.547438 	 -0.212286
1.88 	 0.546553 	 -0.211986
1.9 	 0.545661 	 -0.211684
1.92 	 0.544763 	 -0.211379
1.94 	 0.543858 	 -0.211072
1.96 	 0.542946 	 -0.210761
1.98 	 0.542028 	 -0.210448
2 	 0.541104 	 -0.210131
2.02 	 0.540173 	 -0.209812
2.04 	 0.539237 	 -0.209491
2.06 	 0.538294 	 -0.209166
2.08 	 0.537345 	 -0.208839
2.1 	 0.536389 	 -0.208509
2.12 	 0.535429 	 -0.208177
2.14 	 0.534462 	 -0.207841
2.16 	 0.533489 	 -0.207503
2.18 	 0.532511 	 -0.207162
2.2 	 0.531527 	 -0.206819
2.22 	 0.5331 	 -0.206473
2.24 	 0.532113 	 -0.206125
2.26 	 0.531121 	 -0.205774
2.28 	 0.530123 	 -0.20542
2.3 	 0.529119 	 -0.205065
2.32 	 0.528126 	 -0.205065
2.34 	 0.527112 	 -0.204706
2.36 	 0.526092 	 -0.204346
2.38 	 0.525067 	 -0.203983
2.4 	 0.521399 	 -0.203249
2.42 	 0.520359 	 -0.202879
2.44 	 0.519314 	 -0.202506
2.46 	 0.518265 	 -0.202131
2.48 	 0.517211 	 -0.201753
2.5 	 0.516152 	 -0.201373
2.52 	 0.51509 	 -0.20099
2.54 	 0.514023 	 -0.200605
2.56 	 0.512952 	 -0.200217
2.58 	 0.511876 	 -0.199827
2.6 	 0.510797 	 -0.199434
2.62 	 0.509714 	 -0.19904
2.64 	 0.508627 	 -0.198642
2.66 	 0.507536 	 -0.198243
2.68 	 0.506441 	 -0.197841
2.7 	 0.505343 	 -0.197437
2.72 	 0.504241 	 -0.19703
2.74 	 0.503136 	 -0.196622
2.76 	 0.502028 	 -0.196211
2.78 	 0.500916 	 -0.195797
2.8 	 0.4998 	 -0.195382
2.82 	 0.498682 	 -0.194964
2.84 	 0.497561 	 -0.194544
2.86 	 0.496436 	 -0.194122
2.88 	 0.495309 	 -0.193698
2.9 	 0.494178 	 -0.193271
2.92 	 0.493045 	 -0.192843
2.94 	 0.49191 	 -0.192412
2.96 	 0.490771 	 -0.19198
2.98 	 0.48963 	 -0.191545
3 	 0.488487 	 -0.191108
3.02 	 0.487341 	 -0.190669
3.04 	 0.486193 	 -0.190228
3.06 	 0.485043 	 -0.189785
3.08 	 0.48389 	 -0.18934
3.1 	 0.482735 	 -0.188893
3.12 	 0.481579 	 -0.188444
3.14 	 0.48042 	 -0.187993
3.16 	 0.479259 	 -0.18754
3.18 	 0.478097 	 -0.187085
3.2 	 0.476933 	 -0.186629
3.22 	 0.475767 	 -0.18617
3.24 	 0.4746 	 -0.18571
3.26 	 0.473431 	 -0.185248
3.28 	 0.472261 	 -0.184784
3.3 	 0.471089 	 -0.184318
3.32 	 0.469917 	 -0.18385
3.34 	 0.468742 	 -0.183381
3.36 	 0.467567 	 -0.182909
3.38 	 0.466391 	 -0.182436
3.4 	 0.465213 	 -0.181962
3.42 	 0.464035 	 -0.181485
3.44 	 0.462856 	 -0.181007
3.46 	 0.461676 	 -0.180527
3.48 	 0.460495 	 -0.180046
3.5 	 0.459313 	 -0.179563
3.52 	 0.458131 	 -0.179078
3.54 	 0.456948 	 -0.178592
3.56 	 0.455765 	 -0.178104
3.58 	 0.454582 	 -0.177614
3.6 	 0.453398 	 -0.177123
3.62 	 0.452214 	 -0.176631
3.64 	 0.451029 	 -0.176136
3.66 	 0.449845 	 -0.175641
3.68 	 0.44866 	 -0.175144
3.7 	 0.447475 	 -0.174645
3.72 	 0.446291 	 -0.174145
3.74 	 0.445106 	 -0.173643
3.76 	 0.443922 	 -0.17314
3.78 	 0.442737 	 -0.172636
3.8 	 0.441553 	 -0.17213
3.82 	 0.44037 	 -0.171623
3.84 	 0.439187 	 -0.171114
3.86 	 0.438004 	 -0.170605
3.88 	 0.436822 	 -0.170093
3.9 	 0.43564 	 -0.169581
3.92 	 0.434459 	 -0.169067
3.94 	 0.433278 	 -0.168552
3.96 	 0.432099 	 -0.168035
3.98 	 0.43092 	 -0.167518
4 	 0.429742 	 -0.166999
4.02 	 0.430728 	 -0.166479
4.04 	 0.427389 	 -0.165958
4.06 	 0.42835 	 -0.165435
4.08 	 0.425039 	 -0.164912
4.1 	 0.425999 	 -0.164912
4.12 	 0.422694 	 -0.163862
4.14 	 0.423629 	 -0.163862
4.16 	 0.420354 	 -0.162808
4.18 	 0.421263 	 -0.162808
4.2 	 0.41802 	 -0.161749
4.22 	 0.418903 	 -0.161749
4.24 	 0.415691 	 -0.160687
4.26 	 0.416548 	 -0.160687
4.28 	 0.413368 	 -0.15962
4.3 	 0.412208 	 -0.159085
4.32 	 0.411051 	 -0.15855
4.34 	 0.409895 	 -0.158013
4.36 	 0.408741 	 -0.157476
4.38 	 0.407589 	 -0.156937
4.4 	 0.406438 	 -0.156398
4.42 	 0.40529 	 -0.155858
4.44 	 0.406006 	 -0.155317
4.46 	 0.402998 	 -0.154775
4.48 	 0.403689 	 -0.154233
4.5 	 0.400715 	 -0.15369
4.52 	 0.40138 	 -0.153146
4.54 	 0.398439 	 -0.152601
4.56 	 0.399079 	 -0.152056
4.58 	 0.396173 	 -0.15151
4.6 	 0.396786 	 -0.150963
4.62 	 0.393915 	 -0.150416
4.64 	 0.394525 	 -0.150416
4.66 	 0.391666 	 -0.14932
4.68 	 0.392251 	 -0.14932
4.7 	 0.389427 	 -0.148221
4.72 	 0.389986 	 -0.148221
4.74 	 0.387198 	 -0.14712
4.76 	 0.387731 	 -0.14712
4.78 	 0.384979 	 -0.146018
4.8 	 0.383873 	 -0.145466
4.82 	 0.382769 	 -0.144913
4.84 	 0.381669 	 -0.14436
4.86 	 0.380571 	 -0.143807
4.88 	 0.379475 	 -0.143253
4.9 	 0.378383 	 -0.142699
4.92 	 0.377293 	 -0.142145
4.94 	 0.377693 	 -0.141591
4.96 	 0.375122 	 -0.141036
4.98 	 0.375497 	 -0.140481
5 	 0.372962 	 -0.139926
5.02 	 0.373313 	 -0.13937
5.04 	 0.370813 	 -0.138815
5.06 	 0.371141 	 -0.138259
5.08 	 0.368676 	 -0.137704
5.1 	 0.368981 	 -0.137148
5.12 	 0.366551 	 -0.136593
5.14 	 0.365493 	 -0.136037
5.16 	 0.364438 	 -0.135481
5.18 	 0.363386 	 -0.134926
5.2 	 0.362338 	 -0.13437
5.22 	 0.361292 	 -0.133814
5.24 	 0.360249 	 -0.133259
5.26 	 0.35921 	 -0.132704
5.28 	 0.358174 	 -0.132149
5.3 	 0.35714 	 -0.131594
5.32 	 0.35611 	 -0.131039
5.34 	 0.355084 	 -0.130485
5.36 	 0.35406 	 -0.12993
5.38 	 0.35304 	 -0.129376
5.4 	 0.352023 	 -0.128823
5.42 	 0.351009 	 -0.128269
5.44 	 0.349998 	 -0.127716
5.46 	 0.348991 	 -0.127164
5.48 	 0.347987 	 -0.126611
5.5 	 0.346987 	 -0.12606
5.52 	 0.345989 	 -0.125508
5.54 	 0.344995 	 -0.124957
5.56 	 0.344005 	 -0.124407
5.58 	 0.343017 	 -0.123857
5.6 	 0.342034 	 -0.123308
5.62 	 0.341053 	 -0.122759
5.64 	 0.340076 	 -0.12221
5.66 	 0.339102 	 -0.121663
5.68 	 0.338132 	 -0.121116
5.7 	 0.337165 	 -0.120569
5.72 	 0.336202 	 -0.120023
5.74 	 0.335242 	 -0.119478
5.76 	 0.334285 	 -0.118934
5.78 	 0.333332 	 -0.11839
5.8 	 0.332382 	 -0.117847
5.82 	 0.331436 	 -0.117305
5.84 	 0.330493 	 -0.116764
5.86 	 0.329554 	 -0.116223
5.88 	 0.328618 	 -0.115683
5.9 	 0.327685 	 -0.115144
5.92 	 0.326756 	 -0.114606
5.94 	 0.325831 	 -0.114069
5.96 	 0.324909 	 -0.113533
5.98 	 0.32399 	 -0.112997
6 	 0.323075 	 -0.112463
6.02 	 0.322164 	 -0.111929
6.04 	 0.321256 	 -0.111397
6.06 	 0.320351 	 -0.110865
6.08 	 0.31945 	 -0.110335
6.1 	 0.318552 	 -0.109805
6.12 	 0.317658 	 -0.109277
6.14 	 0.316768 	 -0.108749
6.16 	 0.31588 	 -0.108223
6.18 	 0.314997 	 -0.107698
6.2 	 0.314116 	 -0.107174
6.22 	 0.31324 	 -0.106651
6.24 	 0.312366 	 -0.106129
6.26 	 0.311497 	 -0.105609
6.28 	 0.31063 	 -0.10509
6.3 	 0.309768 	 -0.104571
6.32 	 0.308908 	 -0.104054
6.34 	 0.308052 	 -0.103539
6.36 	 0.3072 	 -0.103024
6.38 	 0.306351 	 -0.102511
6.4 	 0.305505 	 -0.101999
6.42 	 0.304663 	 -0.101489
6.44 	 0.303824 	 -0.100979
6.46 	 0.302989 	 -0.100471
6.48 	 0.302157 	 -0.0999648
6.5 	 0.301329 	 -0.0994596
6.52 	 0.300504 	 -0.0989557
6.54 	 0.299682 	 -0.0984533
6.56 	 0.298864 	 -0.0979522
6.58 	 0.298049 	 -0.0974525
6.6 	 0.297238 	 -0.0969543
6.62 	 0.296429 	 -0.0964575
6.64 	 0.295625 	 -0.0959621
6.66 	 0.294823 	 -0.0954682
6.68 	 0.294026 	 -0.0949758
6.7 	 0.293231 	 -0.0944849
6.72 	 0.29244 	 -0.0939954
6.74 	 0.291652 	 -0.0935075
6.76 	 0.290867 	 -0.0930211
6.78 	 0.290086 	 -0.0925362
6.8 	 0.289308 	 -0.0920528
6.82 	 0.288533 	 -0.091571
6.84 	 0.287762 	 -0.0910908
6.86 	 0.286994 	 -0.0906121
6.88 	 0.286229 	 -0.090135
6.9 	 0.285467 	 -0.0896595
6.92 	 0.284709 	 -0.0891855
6.94 	 0.283954 	 -0.0887132
6.96 	 0.283202 	 -0.0882425
6.98 	 0.282453 	 -0.0877734
7 	 0.281708 	 -0.0873059
7.02 	 0.280966 	 -0.0868401
7.04 	 0.280227 	 -0.0863759
7.06 	 0.279491 	 -0.0859133
7.08 	 0.278758 	 -0.0854524
7.1 	 0.278029 	 -0.0849932
7.12 	 0.277302 	 -0.0845356
7.14 	 0.276579 	 -0.0840797
7.16 	 0.275859 	 -0.0836255
7.18 	 0.275142 	 -0.0831729
7.2 	 0.274428 	 -0.0827221
7.22 	 0.273717 	 -0.0822729
7.24 	 0.273009 	 -0.0818255
7.26 	 0.272305 	 -0.0813797
7.28 	 0.271603 	 -0.0809356
7.3 	 0.270905 	 -0.0804933
7.32 	 0.270209 	 -0.0800527
7.34 	 0.269517 	 -0.0796138
7.36 	 0.268827 	 -0.0791766
7.38 	 0.268141 	 -0.0787411
7.4 	 0.267457 	 -0.0783074
7.42 	 0.266777 	 -0.0778754
7.44 	 0.266099 	 -0.0774451
7.46 	 0.265424 	 -0.0770165
7.48 	 0.264753 	 -0.0765897
7.5 	 0.264084 	 -0.0761647
7.52 	 0.263418 	 -0.0757414
7.54 	 0.262755 	 -0.0753198
7.56 	 0.262095 	 -0.0749
7.58 	 0.261438 	 -0.0744819
7.6 	 0.260784 	 -0.0740656
7.62 	 0.260132 	 -0.073651
7.64 	 0.259484 	 -0.0732382
7.66 	 0.258838 	 -0.0728271
7.68 	 0.258195 	 -0.0724178
7.7 	 0.257555 	 -0.0720102
7.72 	 0.256917 	 -0.0716044
7.74 	 0.256283 	 -0.0712003
7.76 	 0.255651 	 -0.070798
7.78 	 0.255022 	 -0.0703974
7.8 	 0.254395 	 -0.0699986
7.82 	 0.253772 	 -0.0696015
7.84 	 0.253151 	 -0.0692062
7.86 	 0.252532 	 -0.0688126
7.88 	 0.251917 	 -0.0684208
7.9 	 0.251304 	 -0.0680307
7.92 	 0.250694 	 -0.0676424
7.94 	 0.250086 	 -0.0672558
7.96 	 0.249481 	 -0.066871
7.98 	 0.248879 	 -0.0664879
8 	 0.248279 	 -0.0661066
8.02 	 0.24784 	 -0.0661066
8.04 	 0.247239 	 -0.0653491
8.06 	 0.246496 	 -0.0649729
8.08 	 0.245907 	 -0.0645985
8.1 	 0.24532 	 -0.0642258
8.12 	 0.244876 	 -0.0638549
8.14 	 0.244154 	 -0.0634856
8.16 	 0.243575 	 -0.0631181
8.18 	 0.242998 	 -0.0627524
8.2 	 0.242557 	 -0.0627524
8.22 	 0.241852 	 -0.062026
8.24 	 0.241282 	 -0.0616653
8.26 	 0.240716 	 -0.0613064
8.28 	 0.240276 	 -0.0613064
8.3 	 0.239589 	 -0.0605936
8.32 	 0.23903 	 -0.0602398
8.34 	 0.238472 	 -0.0598877
8.36 	 0.238033 	 -0.0598877
8.38 	 0.237477 	 -0.0591885
8.4 	 0.236815 	 -0.0588415
8.42 	 0.236267 	 -0.0584961
8.44 	 0.23583 	 -0.0584961
8.46 	 0.235283 	 -0.0578104
8.48 	 0.234638 	 -0.05747
8.5 	 0.2341 	 -0.0571313
8.52 	 0.233664 	 -0.0571313
8.54 	 0.233126 	 -0.0564589
8.56 	 0.232498 	 -0.0561252
8.58 	 0.231969 	 -0.0557932
8.6 	 0.231442 	 -0.0554628
8.62 	 0.231007 	 -0.055134
8.64 	 0.230395 	 -0.0548069
8.66 	 0.229874 	 -0.0544814
8.68 	 0.229356 	 -0.0541575
8.7 	 0.228923 	 -0.0538353
8.72 	 0.228326 	 -0.0535147
8.74 	 0.227814 	 -0.0531957
8.76 	 0.227305 	 -0.0528783
8.78 	 0.226876 	 -0.0528783
8.8 	 0.226292 	 -0.0522483
8.82 	 0.225789 	 -0.0519358
8.84 	 0.225288 	 -0.0516248
8.86 	 0.224862 	 -0.0516248
8.88 	 0.224362 	 -0.0510076
8.9 	 0.223797 	 -0.0507013
8.92 	 0.223305 	 -0.0503967
8.94 	 0.222882 	 -0.0503967
8.96 	 0.222391 	 -0.0497921
8.98 	 0.221839 	 -0.0494921
9 	 0.221354 	 -0.0491937
9.02 	 0.220935 	 -0.0491937
9.04 	 0.220452 	 -0.0486015
9.06 	 0.219912 	 -0.0483077
9.08 	 0.219436 	 -0.0480155
9.1 	 0.218961 	 -0.0477247
9.12 	 0.218545 	 -0.0474356
9.14 	 0.218018 	 -0.0471479
9.16 	 0.217549 	 -0.0468617
9.18 	 0.217082 	 -0.0465771
9.2 	 0.216669 	 -0.0462939
9.22 	 0.216154 	 -0.0460123
9.24 	 0.215692 	 -0.0457321
9.26 	 0.215233 	 -0.0454535
9.28 	 0.214825 	 -0.0454535
9.3 	 0.21432 	 -0.0449006
9.32 	 0.213866 	 -0.0446263
9.34 	 0.213414 	 -0.0443536
9.36 	 0.21301 	 -0.0443536
9.38 	 0.21256 	 -0.0438124
9.4 	 0.21207 	 -0.043544
9.42 	 0.211625 	 -0.043277
9.44 	 0.211225 	 -0.043277
9.46 	 0.210782 	 -0.0427474
9.48 	 0.210302 	 -0.0424848
9.5 	 0.209864 	 -0.0422235
9.52 	 0.209468 	 -0.0422235
9.54 	 0.209032 	 -0.0417053
9.56 	 0.208562 	 -0.0414483
9.58 	 0.208132 	 -0.0411927
9.6 	 0.207703 	 -0.0409385
9.62 	 0.207311 	 -0.0406857
9.64 	 0.20685 	 -0.0404343
9.66 	 0.206426 	 -0.0401842
9.68 	 0.206004 	 -0.0399355
9.7 	 0.205617 	 -0.0396882
9.72 	 0.205165 	 -0.0394423
9.74 	 0.204748 	 -0.0391977
9.76 	 0.204333 	 -0.0389545
9.78 	 0.20395 	 -0.0389545
9.8 	 0.203507 	 -0.0384721
9.82 	 0.203096 	 -0.0382329
9.84 	 0.202687 	 -0.037995
9.86 	 0.202308 	 -0.037995
9.88 	 0.201901 	 -0.0375232
9.9 	 0.20147 	 -0.0372893
9.92 	 0.201067 	 -0.0370567
9.94 	 0.200692 	 -0.0370567
9.96 	 0.200292 	 -0.0365953
9.98 	 0.199869 	 -0.0363666
10 	 0.199472 	 -0.0361392
10.02 	 0.199102 	 -0.0361392
10.04 	 0.198707 	 -0.0356881
10.06 	 0.198292 	 -0.0354645
10.08 	 0.197902 	 -0.0352422
10.1 	 0.197513 	 -0.0350211
10.12 	 0.197147 	 -0.0348013
10.14 	 0.19674 	 -0.0345827
10.16 	 0.196355 	 -0.0343653
10.18 	 0.195972 	 -0.0341492
10.2 	 0.195611 	 -0.0339344
10.22 	 0.195211 	 -0.0337207
10.24 	 0.194832 	 -0.0335083
10.26 	 0.194455 	 -0.0332971
10.28 	 0.194079 	 -0.0330871
10.3 	 0.193705 	 -0.0328783
10.32 	 0.193332 	 -0.0326707
10.34 	 0.192961 	 -0.0324642
10.36 	 0.192591 	 -0.032259
10.38 	 0.192222 	 -0.032055
10.4 	 0.191855 	 -0.0318521
10.42 	 0.191489 	 -0.0316504
10.44 	 0.191124 	 -0.0314499
10.46 	 0.190761 	 -0.0312506
10.48 	 0.190399 	 -0.0310524
10.5 	 0.190039 	 -0.0308553
10.52 	 0.189679 	 -0.0306594
10.54 	 0.189322 	 -0.0304646
10.56 	 0.188965 	 -0.030271
10.58 	 0.18861 	 -0.0300785
10.6 	 0.188256 	 -0.0298871
10.62 	 0.187903 	 -0.0296968
10.64 	 0.187552 	 -0.0295077
10.66 	 0.187202 	 -0.0293196
10.68 	 0.186854 	 -0.0291327
10.7 	 0.186506 	 -0.0289469
10.72 	 0.18616 	 -0.0287621
10.74 	 0.185815 	 -0.0285785
10.76 	 0.185472 	 -0.0283959
10.78 	 0.185129 	 -0.0282144
10.8 	 0.184788 	 -0.0280339
10.82 	 0.184448 	 -0.0278546
10.84 	 0.184109 	 -0.0276763
10.86 	 0.183772 	 -0.027499
10.88 	 0.183436 	 -0.0273228
10.9 	 0.183101 	 -0.0271477
10.92 	 0.182767 	 -0.0269735
10.94 	 0.182434 	 -0.0268005
10.96 	 0.182103 	 -0.0266284
10.98 	 0.181773 	 -0.0264574
11 	 0.181444 	 -0.0262874
11.02 	 0.181116 	 -0.0261184
11.04 	 0.180789 	 -0.0259504
11.06 	 0.180464 	 -0.0257835
11.08 	 0.180139 	 -0.0256175
11.1 	 0.179816 	 -0.0254525
11.12 	 0.179494 	 -0.0252885
11.14 	 0.179173 	 -0.0251255
11.16 	 0.178853 	 -0.0249635
11.18 	 0.178535 	 -0.0248024
11.2 	 0.178217 	 -0.0246424
11.22 	 0.177901 	 -0.0244833
11.24 	 0.177586 	 -0.0243251
11.26 	 0.177271 	 -0.0241679
11.28 	 0.176958 	 -0.0240117
11.3 	 0.176646 	 -0.0238564
11.32 	 0.176335 	 -0.023702
11.34 	 0.176025 	 -0.0235486
11.36 	 0.175717 	 -0.0233961
11.38 	 0.175409 	 -0.0232445
11.4 	 0.175102 	 -0.0230939
11.42 	 0.174797 	 -0.0229441
11.44 	 0.174492 	 -0.0227953
11.46 	 0.174189 	 -0.0226474
11.48 	 0.173886 	 -0.0225004
11.5 	 0.173585 	 -0.0223543
11.52 	 0.173285 	 -0.0222091
11.54 	 0.172985 	 -0.0220647
11.56 	 0.172687 	 -0.0219213
11.58 	 0.17239 	 -0.0217787
11.6 	 0.172094 	 -0.021637
11.62 	 0.171798 	 -0.0214962
11.64 	 0.171504 	 -0.0213562
11.66 	 0.171211 	 -0.0212171
11.68 	 0.170919 	 -0.0210789
11.7 	 0.170627 	 -0.0209415
11.72 	 0.170337 	 -0.020805
11.74 	 0.170048 	 -0.0206693
11.76 	 0.169759 	 -0.0205344
11.78 	 0.169472 	 -0.0204004
11.8 	 0.169186 	 -0.0202672
11.82 	 0.1689 	 -0.0201348
11.84 	 0.168616 	 -0.0200032
11.86 	 0.168332 	 -0.0198725
11.88 	 0.16805 	 -0.0197426
11.9 	 0.167768 	 -0.0196134
11.92 	 0.167487 	 -0.0194851
11.94 	 0.167208 	 -0.0193576
11.96 	 0.166929 	 -0.0192309
11.98 	 0.166651 	 -0.0191049
12 	 0.166374 	 -0.0189797
12.02 	 0.166098 	 -0.0188554
12.04 	 0.165823 	 -0.0187318
12.06 	 0.165548 	 -0.0186089
12.08 	 0.165275 	 -0.0184869
12.1 	 0.165003 	 -0.0183656
12.12 	 0.164731 	 -0.018245
12.14 	 0.16446 	 -0.0181252
12.16 	 0.164191 	 -0.0180062
12.18 	 0.163922 	 -0.0178879
12.2 	 0.163654 	 -0.0177704
12.22 	 0.163386 	 -0.0176536
12.24 	 0.16312 	 -0.0175375
12.26 	 0.162855 	 -0.0174221
12.28 	 0.16259 	 -0.0173075
12.3 	 0.162326 	 -0.0171936
12.32 	 0.162064 	 -0.0170804
12.34 	 0.161802 	 -0.016968
12.36 	 0.16154 	 -0.0168562
12.38 	 0.16128 	 -0.0167452
12.4 	 0.16102 	 -0.0166348
12.42 	 0.160762 	 -0.0165252
12.44 	 0.160504 	 -0.0164162
12.46 	 0.160247 	 -0.0163079
12.48 	 0.159991 	 -0.0162003
12.5 	 0.159735 	 -0.0160934
12.52 	 0.159481 	 -0.0159872
12.54 	 0.159227 	 -0.0158817
12.56 	 0.158974 	 -0.0157768
12.58 	 0.158722 	 -0.0156726
12.6 	 0.15847 	 -0.015569
12.62 	 0.15822 	 -0.0154661
12.64 	 0.15797 	 -0.0153639
12.66 	 0.157721 	 -0.0152623
12.68 	 0.157473 	 -0.0151614
12.7 	 0.157225 	 -0.0150611
12.72 	 0.156979 	 -0.0149614
12.74 	 0.156733 	 -0.0148624
12.76 	 0.156488 	 -0.014764
12.78 	 0.156243 	 -0.0146662
12.8 	 0.156 	 -0.0145691
12.82 	 0.155757 	 -0.0144726
12.84 	 0.155515 	 -0.0143767
12.86 	 0.155273 	 -0.0142814
12.88 	 0.155033 	 -0.0141867
12.9 	 0.154793 	 -0.0140927
12.92 	 0.154554 	 -0.0139992
12.94 	 0.154315 	 -0.0139063
12.96 	 0.154078 	 -0.0138141
12.98 	 0.153841 	 -0.0137224
13 	 0.153604 	 -0.0136313
13.02 	 0.153369 	 -0.0135408
13.04 	 0.153134 	 -0.0134509
13.06 	 0.1529 	 -0.0133616
13.08 	 0.152667 	 -0.0132728
13.1 	 0.152434 	 -0.0131846
13.12 	 0.152202 	 -0.013097
13.14 	 0.151971 	 -0.0130099
13.16 	 0.151741 	 -0.0129234
13.18 	 0.151511 	 -0.0128375
13.2 	 0.151282 	 -0.0127521
13.22 	 0.151053 	 -0.0126673
13.24 	 0.150825 	 -0.012583
13.26 	 0.150598 	 -0.0124993
13.28 	 0.150372 	 -0.0124161
13.3 	 0.150146 	 -0.0123334
13.32 	 0.149921 	 -0.0122513
13.34 	 0.149697 	 -0.0121697
13.36 	 0.149473 	 -0.0120887
13.38 	 0.14925 	 -0.0120081
13.4 	 0.149028 	 -0.0119281
13.42 	 0.148806 	 -0.0118486
13.44 	 0.148585 	 -0.0117697
13.46 	 0.148365 	 -0.0116912
13.48 	 0.148145 	 -0.0116133
13.5 	 0.147926 	 -0.0115358
13.52 	 0.147707 	 -0.0114589
13.54 	 0.14749 	 -0.0113824
13.56 	 0.147272 	 -0.0113065
13.58 	 0.147056 	 -0.011231
13.6 	 0.14684 	 -0.0111561
13.62 	 0.146625 	 -0.0110816
13.64 	 0.14641 	 -0.0110076
13.66 	 0.146196 	 -0.0109341
13.68 	 0.145983 	 -0.0108611
13.7 	 0.14577 	 -0.0107886
13.72 	 0.145558 	 -0.0107165
13.74 	 0.145346 	 -0.0106449
13.76 	 0.145135 	 -0.0105738
13.78 	 0.144925 	 -0.0105031
13.8 	 0.144715 	 -0.0104329
13.82 	 0.144506 	 -0.0103632
13.84 	 0.144298 	 -0.0102939
13.86 	 0.14409 	 -0.0102251
13.88 	 0.143883 	 -0.0101567
13.9 	 0.143676 	 -0.0100887
13.92 	 0.14347 	 -0.0100213
13.94 	 0.143264 	 -0.00995421
13.96 	 0.14306 	 -0.00988761
13.98 	 0.142855 	 -0.00982144
14 	 0.142651 	 -0.00975571
14.02 	 0.142448 	 -0.00969041
14.04 	 0.142246 	 -0.00962553
14.06 	 0.142044 	 -0.00956109
14.08 	 0.141842 	 -0.00949706
14.1 	 0.141641 	 -0.00943346
14.12 	 0.141441 	 -0.00937028
14.14 	 0.141241 	 -0.00930751
14.16 	 0.141042 	 -0.00924516
14.18 	 0.140843 	 -0.00918322
14.2 	 0.140645 	 -0.00912168
14.22 	 0.140448 	 -0.00906055
14.24 	 0.140251 	 -0.00899982
14.26 	 0.140055 	 -0.0089395
14.28 	 0.139859 	 -0.00887957
14.3 	 0.139663 	 -0.00882003
14.32 	 0.139469 	 -0.00876089
14.34 	 0.139274 	 -0.00870214
14.36 	 0.139081 	 -0.00864378
14.38 	 0.138888 	 -0.0085858
14.4 	 0.138695 	 -0.00852821
14.42 	 0.138503 	 -0.008471
14.44 	 0.138311 	 -0.00841416
14.46 	 0.13812 	 -0.0083577
14.48 	 0.13793 	 -0.00830162
14.5 	 0.13774 	 -0.0082459
14.52 	 0.13755 	 -0.00819056
14.54 	 0.137362 	 -0.00813558
14.56 	 0.137173 	 -0.00808096
14.58 	 0.136985 	 -0.00802671
14.6 	 0.136798 	 -0.00797281
14.62 	 0.136611 	 -0.00791928
14.64 	 0.136425 	 -0.00786609
14.66 	 0.136239 	 -0.00781326
14.68 	 0.136053 	 -0.00776078
14.7 	 0.135869 	 -0.00770865
14.72 	 0.135684 	 -0.00765687
14.74 	 0.1355 	 -0.00760543
14.76 	 0.135317 	 -0.00755433
14.78 	 0.135134 	 -0.00750356
14.8 	 0.134952 	 -0.00745314
14.82 	 0.13477 	 -0.00740305
14.84 	 0.134589 	 -0.00735329
14.86 	 0.134408 	 -0.00730387
14.88 	 0.134227 	 -0.00725477
14.9 	 0.134047 	 -0.007206
14.92 	 0.133868 	 -0.00715756
14.94 	 0.133689 	 -0.00710943
14.96 	 0.133511 	 -0.00706163
14.98 	 0.133333 	 -0.00701414
15 	 0.133155 	 -0.00696697
15.02 	 0.132978 	 -0.00692012
15.04 	 0.132801 	 -0.00687357
15.06 	 0.132625 	 -0.00682734
15.08 	 0.13245 	 -0.00678141
15.1 	 0.132275 	 -0.00673579
15.12 	 0.1321 	 -0.00669048
15.14 	 0.131926 	 -0.00664546
15.16 	 0.131752 	 -0.00660075
15.18 	 0.131578 	 -0.00655634
15.2 	 0.131405 	 -0.00651222
15.22 	 0.131233 	 -0.00646839
15.24 	 0.131061 	 -0.00642486
15.26 	 0.13089 	 -0.00638162
15.28 	 0.130718 	 -0.00633866
15.3 	 0.130548 	 -0.006296
15.32 	 0.130378 	 -0.00625362
15.34 	 0.130208 	 -0.00621152
15.36 	 0.130039 	 -0.0061697
15.38 	 0.12987 	 -0.00612816
15.4 	 0.129701 	 -0.0060869
15.42 	 0.129533 	 -0.00604592
15.44 	 0.129366 	 -0.0060052
15.46 	 0.129199 	 -0.00596477
15.48 	 0.129032 	 -0.0059246
15.5 	 0.128866 	 -0.0058847
15.52 	 0.1287 	 -0.00584507
15.54 	 0.128534 	 -0.0058057
15.56 	 0.128369 	 -0.00576659
15.58 	 0.128205 	 -0.00572775
15.6 	 0.128041 	 -0.00568917
15.62 	 0.127877 	 -0.00565084
15.64 	 0.127714 	 -0.00561278
15.66 	 0.127551 	 -0.00557496
15.68 	 0.127388 	 -0.0055374
15.7 	 0.127226 	 -0.00550009
15.72 	 0.127064 	 -0.00546304
15.74 	 0.126903 	 -0.00542623
15.76 	 0.126742 	 -0.00538966
15.78 	 0.126582 	 -0.00535334
15.8 	 0.126422 	 -0.00531727
15.82 	 0.126262 	 -0.00528144
15.84 	 0.126103 	 -0.00524584
15.86 	 0.125944 	 -0.00521049
15.88 	 0.125786 	 -0.00517537
15.9 	 0.125628 	 -0.00514049
15.92 	 0.12547 	 -0.00510584
15.94 	 0.125313 	 -0.00507143
15.96 	 0.125156 	 -0.00503724
15.98 	 0.125 	 -0.00500329
16 	 0.124844 	 -0.00496956
16.02 	 0.124688 	 -0.00493606
16.04 	 0.124533 	 -0.00493606
16.06 	 0.124378 	 -0.00490278
16.08 	 0.124223 	 -0.0048369
16.1 	 0.124069 	 -0.00480429
16.12 	 0.123916 	 -0.0047719
16.14 	 0.123762 	 -0.00473972
16.16 	 0.123609 	 -0.00470777
16.18 	 0.123457 	 -0.00467602
16.2 	 0.123304 	 -0.00464449
16.22 	 0.123153 	 -0.00464449
16.24 	 0.123001 	 -0.00458207
16.26 	 0.12285 	 -0.00455117
16.28 	 0.122699 	 -0.00452048
16.3 	 0.122549 	 -0.00449
16.32 	 0.122399 	 -0.00445972
16.34 	 0.122249 	 -0.00442964
16.36 	 0.1221 	 -0.00439977
16.38 	 0.121951 	 -0.00439977
16.4 	 0.121803 	 -0.0043701
16.42 	 0.121654 	 -0.00431135
16.44 	 0.121507 	 -0.00428227
16.46 	 0.121359 	 -0.00425339
16.48 	 0.121212 	 -0.0042247
16.5 	 0.121065 	 -0.00419621
16.52 	 0.120919 	 -0.0041679
16.54 	 0.120773 	 -0.0041679
16.56 	 0.120627 	 -0.00413979
16.58 	 0.120482 	 -0.00408413
16.6 	 0.120337 	 -0.00405658
16.62 	 0.120192 	 -0.00402922
16.64 	 0.120048 	 -0.00400204
16.66 	 0.119904 	 -0.00397504
16.68 	 0.11976 	 -0.00394823
16.7 	 0.119617 	 -0.00392159
16.72 	 0.119474 	 -0.00392159
16.74 	 0.119332 	 -0.00386886
16.76 	 0.119189 	 -0.00384276
16.78 	 0.119047 	 -0.00381684
16.8 	 0.118906 	 -0.00379109
16.82 	 0.118765 	 -0.00376552
16.84 	 0.118624 	 -0.00374011
16.86 	 0.118483 	 -0.00371488
16.88 	 0.118343 	 -0.00371488
16.9 	 0.118203 	 -0.00368982
16.92 	 0.118064 	 -0.0036402
16.94 	 0.117924 	 -0.00361564
16.96 	 0.117786 	 -0.00359125
16.98 	 0.117647 	 -0.00356702
17 	 0.117509 	 -0.00354296
17.02 	 0.117371 	 -0.00351905
17.04 	 0.117233 	 -0.00351905
17.06 	 0.117096 	 -0.00349531
17.08 	 0.116959 	 -0.0034483
17.1 	 0.116822 	 -0.00342504
17.12 	 0.116686 	 -0.00340193
17.14 	 0.11655 	 -0.00337898
17.16 	 0.116414 	 -0.00335618
17.18 	 0.116279 	 -0.00333354
17.2 	 0.116144 	 -0.00331105
17.22 	 0.116009 	 -0.00331105
17.24 	 0.115875 	 -0.00326652
17.26 	 0.115741 	 -0.00324448
17.28 	 0.115607 	 -0.00322259
17.3 	 0.115473 	 -0.00320085
17.32 	 0.11534 	 -0.00317925
17.34 	 0.115207 	 -0.0031578
17.36 	 0.115075 	 -0.00313649
17.38 	 0.114942 	 -0.00313649
17.4 	 0.114811 	 -0.00309431
17.42 	 0.114679 	 -0.00307344
17.44 	 0.114547 	 -0.0030527
17.46 	 0.114416 	 -0.0030321
17.48 	 0.114286 	 -0.00301165
17.5 	 0.114155 	 -0.00299133
17.52 	 0.114025 	 -0.00297114
17.54 	 0.113895 	 -0.00297114
17.56 	 0.113766 	 -0.0029511
17.58 	 0.113636 	 -0.00291141
17.6 	 0.113507 	 -0.00289177
17.62 	 0.113379 	 -0.00287226
17.64 	 0.11325 	 -0.00285288
17.66 	 0.113122 	 -0.00283363
17.68 	 0.112994 	 -0.00281451
17.7 	 0.112867 	 -0.00279552
17.72 	 0.11274 	 -0.00279552
17.74 	 0.112613 	 -0.00275793
17.76 	 0.112486 	 -0.00273932
17.78 	 0.112359 	 -0.00272084
17.8 	 0.112233 	 -0.00270249
17.82 	 0.112108 	 -0.00268425
17.84 	 0.111982 	 -0.00266615
17.86 	 0.111857 	 -0.00264816
17.88 	 0.111732 	 -0.00264816
17.9 	 0.111607 	 -0.00261255
17.92 	 0.111483 	 -0.00259492
17.94 	 0.111359 	 -0.00257742
17.96 	 0.111235 	 -0.00256003
17.98 	 0.111111 	 -0.00254276
18 	 0.110988 	 -0.0025256
18.02 	 0.110865 	 -0.00250857
18.04 	 0.110742 	 -0.00250857
18.06 	 0.110619 	 -0.00249164
18.08 	 0.110497 	 -0.00245814
18.1 	 0.110375 	 -0.00244156
18.12 	 0.110254 	 -0.00242509
18.14 	 0.110132 	 -0.00240873
18.16 	 0.110011 	 -0.00239248
18.18 	 0.10989 	 -0.00237634
18.2 	 0.109769 	 -0.00236031
18.22 	 0.109649 	 -0.00236031
18.24 	 0.109529 	 -0.00232857
18.26 	 0.109409 	 -0.00231287
18.28 	 0.10929 	 -0.00229727
18.3 	 0.10917 	 -0.00228177
18.32 	 0.109051 	 -0.00226638
18.34 	 0.108932 	 -0.00225109
18.36 	 0.108814 	 -0.00223591
18.38 	 0.108696 	 -0.00223591
18.4 	 0.108578 	 -0.00220585
18.42 	 0.10846 	 -0.00219097
18.44 	 0.108342 	 -0.00217619
18.46 	 0.108225 	 -0.00216151
18.48 	 0.108108 	 -0.00214693
18.5 	 0.107991 	 -0.00213245
18.52 	 0.107875 	 -0.00211807
18.54 	 0.107759 	 -0.00211807
18.56 	 0.107643 	 -0.00210379
18.58 	 0.107527 	 -0.0020755
18.6 	 0.107411 	 -0.00206151
18.62 	 0.107296 	 -0.0020476
18.64 	 0.107181 	 -0.00203379
18.66 	 0.107066 	 -0.00202008
18.68 	 0.106952 	 -0.00200645
18.7 	 0.106838 	 -0.00199292
18.72 	 0.106724 	 -0.00199292
18.74 	 0.10661 	 -0.00196613
18.76 	 0.106496 	 -0.00195287
18.78 	 0.106383 	 -0.0019397
18.8 	 0.10627 	 -0.00192662
18.82 	 0.106157 	 -0.00191363
18.84 	 0.106045 	 -0.00190073
18.86 	 0.105932 	 -0.00188791
18.88 	 0.10582 	 -0.00188791
18.9 	 0.105708 	 -0.00186253
18.92 	 0.105597 	 -0.00184997
18.94 	 0.105485 	 -0.0018375
18.96 	 0.105374 	 -0.00182511
18.98 	 0.105263 	 -0.0018128
19 	 0.105152 	 -0.00180058
19.02 	 0.105042 	 -0.00178844
19.04 	 0.104932 	 -0.00178844
19.06 	 0.104822 	 -0.00177638
19.08 	 0.104712 	 -0.0017525
19.1 	 0.104602 	 -0.00174069
19.12 	 0.104493 	 -0.00172895
19.14 	 0.104384 	 -0.00171729
19.16 	 0.104275 	 -0.00170571
19.18 	 0.104167 	 -0.00169421
19.2 	 0.104058 	 -0.00168279
19.22 	 0.10395 	 -0.00168279
19.24 	 0.103842 	 -0.00166018
19.26 	 0.103734 	 -0.00164898
19.28 	 0.103627 	 -0.00163787
19.3 	 0.10352 	 -0.00162682
19.32 	 0.103413 	 -0.00161585
19.34 	 0.103306 	 -0.00160496
19.36 	 0.103199 	 -0.00159414
19.38 	 0.103093 	 -0.00159414
19.4 	 0.102987 	 -0.00157272
19.42 	 0.102881 	 -0.00156212
19.44 	 0.102775 	 -0.00155158
19.46 	 0.102669 	 -0.00154112
19.48 	 0.102564 	 -0.00153074
19.5 	 0.102459 	 -0.00152042
19.52 	 0.102354 	 -0.00151017
19.54 	 0.102249 	 -0.00151017
19.56 	 0.102145 	 -0.00149999
19.58 	 0.102041 	 -0.00147983
19.6 	 0.101937 	 -0.00146985
19.62 	 0.101833 	 -0.00145995
19.64 	 0.101729 	 -0.0014501
19.66 	 0.101626 	 -0.00144033
19.68 	 0.101523 	 -0.00143062
19.7 	 0.10142 	 -0.00142098
19.72 	 0.101317 	 -0.00142098
19.74 	 0.101215 	 -0.00140188
19.76 	 0.101112 	 -0.00139243
19.78 	 0.10101 	 -0.00138305
19.8 	 0.100908 	 -0.00137372
19.82 	 0.100806 	 -0.00136446
19.84 	 0.100705 	 -0.00135527
19.86 	 0.100604 	 -0.00134613
19.88 	 0.100502 	 -0.00134613
19.9 	 0.100402 	 -0.00132805
19.92 	 0.100301 	 -0.00131909
19.94 	 0.1002 	 -0.0013102
19.96 	 0.1001 	 -0.00130137
19.98 	 0.1 	 -0.0012926
20 	 0.0999001 	 -0.00128389
20.02 	 0.0998004 	 -0.00127523
20.04 	 0.0997009 	 -0.00127523
20.06 	 0.0996016 	 -0.00126664
20.08 	 0.0995025 	 -0.00124962
20.1 	 0.0994036 	 -0.00124119
20.12 	 0.0993048 	 -0.00123283
20.14 	 0.0992063 	 -0.00122452
20.16 	 0.099108 	 -0.00121626
20.18 	 0.0990099 	 -0.00120806
20.2 	 0.0989119 	 -0.00119992
20.22 	 0.0988142 	 -0.00119992
20.24 	 0.0987167 	 -0.0011838
20.26 	 0.0986193 	 -0.00117582
20.28 	 0.0985221 	 -0.00116789
20.3 	 0.0984252 	 -0.00116002
20.32 	 0.0983284 	 -0.0011522
20.34 	 0.0982318 	 -0.00114443
20.36 	 0.0981354 	 -0.00113672
20.38 	 0.0980392 	 -0.00113672
20.4 	 0.0979432 	 -0.00112145
20.42 	 0.0978473 	 -0.00111389
20.44 	 0.0977517 	 -0.00110638
20.46 	 0.0976562 	 -0.00109892
20.48 	 0.097561 	 -0.00109151
20.5 	 0.0974659 	 -0.00108415
20.52 	 0.097371 	 -0.00107684
20.54 	 0.0972762 	 -0.00106959
20.56 	 0.0971817 	 -0.00106237
20.58 	 0.0970874 	 -0.00105521
20.6 	 0.0969932 	 -0.0010481
20.62 	 0.0968992 	 -0.00104103
20.64 	 0.0968054 	 -0.00103401
20.66 	 0.0967118 	 -0.00102704
20.68 	 0.0966183 	 -0.00102012
20.7 	 0.0965251 	 -0.00101324
20.72 	 0.096432 	 -0.00100641
20.74 	 0.0963391 	 -0.000999623
20.76 	 0.0962464 	 -0.000992883
20.78 	 0.0961538 	 -0.000986188
20.8 	 0.0960615 	 -0.000979538
20.82 	 0.0959693 	 -0.000972933
20.84 	 0.0958773 	 -0.000966373
20.86 	 0.0957854 	 -0.000959856
20.88 	 0.0956938 	 -0.000953383
20.9 	 0.0956023 	 -0.000946954
20.92 	 0.095511 	 -0.000940568
20.94 	 0.0954198 	 -0.000934225
20.96 	 0.0953289 	 -0.000927924
20.98 	 0.0952381 	 -0.000921666
21 	 0.0951475 	 -0.00091545
21.02 	 0.095057 	 -0.000909275
21.04 	 0.0949667 	 -0.000903142
21.06 	 0.0948766 	 -0.000897051
21.08 	 0.0947867 	 -0.000891
21.1 	 0.0946969 	 -0.000884989
21.12 	 0.0946074 	 -0.000879019
21.14 	 0.0945179 	 -0.000873089
21.16 	 0.0944287 	 -0.000867199
21.18 	 0.0943396 	 -0.000861348
21.2 	 0.0942507 	 -0.000855537
21.22 	 0.0941619 	 -0.000849765
21.24 	 0.0940734 	 -0.000844031
21.26 	 0.0939849 	 -0.000838336
21.28 	 0.0938967 	 -0.000832678
21.3 	 0.0938086 	 -0.000827059
21.32 	 0.0937207 	 -0.000821478
21.34 	 0.0936329 	 -0.000815934
21.36 	 0.0935453 	 -0.000810427
21.38 	 0.0934579 	 -0.000804957
21.4 	 0.0933707 	 -0.000799523
21.42 	 0.0932836 	 -0.000794126
21.44 	 0.0931966 	 -0.000788765
21.46 	 0.0931098 	 -0.00078344
21.48 	 0.0930232 	 -0.000778151
21.5 	 0.0929368 	 -0.000772897
21.52 	 0.0928505 	 -0.000767678
21.54 	 0.0927644 	 -0.000762494
21.56 	 0.0926784 	 -0.000757345
21.58 	 0.0925926 	 -0.00075223
21.6 	 0.0925069 	 -0.00074715
21.62 	 0.0924214 	 -0.000742103
21.64 	 0.0923361 	 -0.000737091
21.66 	 0.0922509 	 -0.000732111
21.68 	 0.0921659 	 -0.000727165
21.7 	 0.092081 	 -0.000722252
21.72 	 0.0919963 	 -0.000717372
21.74 	 0.0919117 	 -0.000712525
21.76 	 0.0918273 	 -0.000707709
21.78 	 0.0917431 	 -0.000702926
21.8 	 0.091659 	 -0.000698175
21.82 	 0.0915751 	 -0.000693456
21.84 	 0.0914913 	 -0.000688768
21.86 	 0.0914077 	 -0.000684111
21.88 	 0.0913242 	 -0.000679486
21.9 	 0.0912409 	 -0.000674891
21.92 	 0.0911577 	 -0.000670327
21.94 	 0.0910747 	 -0.000665794
21.96 	 0.0909918 	 -0.00066129
21.98 	 0.0909091 	 -0.000656817
22 	 0.0908265 	 -0.000652373
22.02 	 0.0907441 	 -0.000647959
22.04 	 0.0906618 	 -0.000643575
22.06 	 0.0905797 	 -0.000639219
22.08 	 0.0904977 	 -0.000634893
22.1 	 0.0904159 	 -0.000630595
22.12 	 0.0903342 	 -0.000626326
22.14 	 0.0902527 	 -0.000622086
22.16 	 0.0901713 	 -0.000617873
22.18 	 0.0900901 	 -0.000613689
22.2 	 0.090009 	 -0.000609533
22.22 	 0.089928 	 -0.000605404
22.24 	 0.0898472 	 -0.000601302
22.26 	 0.0897666 	 -0.000597228
22.28 	 0.0896861 	 -0.000593181
22.3 	 0.0896057 	 -0.00058916
22.32 	 0.0895255 	 -0.000585167
22.34 	 0.0894454 	 -0.0005812
22.36 	 0.0893655 	 -0.000577259
22.38 	 0.0892857 	 -0.000573344
22.4 	 0.089206 	 -0.000569456
22.42 	 0.0891265 	 -0.000565593
22.44 	 0.0890472 	 -0.000561756
22.46 	 0.088968 	 -0.000557944
22.48 	 0.0888889 	 -0.000554157
22.5 	 0.0888099 	 -0.000550396
22.52 	 0.0887311 	 -0.000546659
22.54 	 0.0886525 	 -0.000542947
22.56 	 0.0885739 	 -0.00053926
22.58 	 0.0884956 	 -0.000535597
22.6 	 0.0884173 	 -0.000531958
22.62 	 0.0883392 	 -0.000528344
22.64 	 0.0882612 	 -0.000524753
22.66 	 0.0881834 	 -0.000521186
22.68 	 0.0881057 	 -0.000517643
22.7 	 0.0880281 	 -0.000514123
22.72 	 0.0879507 	 -0.000510626
22.74 	 0.0878734 	 -0.000507153
22.76 	 0.0877963 	 -0.000503702
22.78 	 0.0877193 	 -0.000500274
22.8 	 0.0876424 	 -0.000496869
22.82 	 0.0875657 	 -0.000493486
22.84 	 0.087489 	 -0.000490126
22.86 	 0.0874126 	 -0.000486787
22.88 	 0.0873362 	 -0.000483471
22.9 	 0.08726 	 -0.000480176
22.92 	 0.0871839 	 -0.000476904
22.94 	 0.087108 	 -0.000473652
22.96 	 0.0870322 	 -0.000470423
22.98 	 0.0869565 	 -0.000467214
23 	 0.086881 	 -0.000464027
23.02 	 0.0868055 	 -0.00046086
23.04 	 0.0867302 	 -0.000457715
23.06 	 0.0866551 	 -0.00045459
23.08 	 0.0865801 	 -0.000451486
23.1 	 0.0865052 	 -0.000448402
23.12 	 0.0864304 	 -0.000445338
23.14 	 0.0863558 	 -0.000442295
23.16 	 0.0862813 	 -0.000439271
23.18 	 0.0862069 	 -0.000436268
23.2 	 0.0861326 	 -0.000433284
23.22 	 0.0860585 	 -0.00043032
23.24 	 0.0859845 	 -0.000427375
23.26 	 0.0859106 	 -0.00042445
23.28 	 0.0858369 	 -0.000421544
23.3 	 0.0857633 	 -0.000418656
23.32 	 0.0856898 	 -0.000415788
23.34 	 0.0856164 	 -0.000412939
23.36 	 0.0855432 	 -0.000410109
23.38 	 0.0854701 	 -0.000407297
23.4 	 0.0853971 	 -0.000404503
23.42 	 0.0853242 	 -0.000401728
23.44 	 0.0852515 	 -0.000398972
23.46 	 0.0851789 	 -0.000396233
23.48 	 0.0851064 	 -0.000393512
23.5 	 0.085034 	 -0.000390809
23.52 	 0.0849617 	 -0.000388124
23.54 	 0.0848896 	 -0.000385457
23.56 	 0.0848176 	 -0.000382807
23.58 	 0.0847457 	 -0.000380175
23.6 	 0.084674 	 -0.00037756
23.62 	 0.0846024 	 -0.000374962
23.64 	 0.0845308 	 -0.000372381
23.66 	 0.0844594 	 -0.000369818
23.68 	 0.0843882 	 -0.000367271
23.7 	 0.084317 	 -0.000364741
23.72 	 0.084246 	 -0.000362228
23.74 	 0.0841751 	 -0.000359731
23.76 	 0.0841043 	 -0.000357251
23.78 	 0.0840336 	 -0.000354788
23.8 	 0.083963 	 -0.000352341
23.82 	 0.0838926 	 -0.00034991
23.84 	 0.0838223 	 -0.000347495
23.86 	 0.0837521 	 -0.000345096
23.88 	 0.083682 	 -0.000342713
23.9 	 0.083612 	 -0.000340346
23.92 	 0.0835422 	 -0.000337995
23.94 	 0.0834724 	 -0.000335659
23.96 	 0.0834028 	 -0.000333339
23.98 	 0.0833333 	 -0.000331035
24 	 0.0832639 	 -0.000328746
24.02 	 0.0831947 	 -0.000326473
24.04 	 0.0831255 	 -0.000324215
24.06 	 0.0830565 	 -0.000321972
24.08 	 0.0829875 	 -0.000319744
24.1 	 0.0829187 	 -0.000317532
24.12 	 0.08285 	 -0.000315334
24.14 	 0.0827814 	 -0.000313152
24.16 	 0.082713 	 -0.000310984
24.18 	 0.0826446 	 -0.000308831
24.2 	 0.0825764 	 -0.000306693
24.22 	 0.0825082 	 -0.00030457
24.24 	 0.0824402 	 -0.000302462
24.26 	 0.0823723 	 -0.000300368
24.28 	 0.0823045 	 -0.000298289
24.3 	 0.0822368 	 -0.000296224
24.32 	 0.0821693 	 -0.000294174
24.34 	 0.0821018 	 -0.000292138
24.36 	 0.0820344 	 -0.000290117
24.38 	 0.0819672 	 -0.00028811
24.4 	 0.0819001 	 -0.000286117
24.42 	 0.081833 	 -0.000284139
24.44 	 0.0817661 	 -0.000282175
24.46 	 0.0816993 	 -0.000280225
24.48 	 0.0816326 	 -0.00027829
24.5 	 0.0815661 	 -0.000276369
24.52 	 0.0814996 	 -0.000274462
24.54 	 0.0814332 	 -0.000272569
24.56 	 0.0813669 	 -0.000270691
24.58 	 0.0813008 	 -0.000268826
24.6 	 0.0812348 	 -0.000266976
24.62 	 0.0811688 	 -0.00026514
24.64 	 0.081103 	 -0.000263319
24.66 	 0.0810373 	 -0.000261511
24.68 	 0.0809716 	 -0.000259718
24.7 	 0.0809061 	 -0.000257939
24.72 	 0.0808407 	 -0.000256175
24.74 	 0.0807754 	 -0.000254424
24.76 	 0.0807102 	 -0.000252688
24.78 	 0.0806451 	 -0.000250967
24.8 	 0.0805802 	 -0.00024926
24.82 	 0.0805153 	 -0.000247567
24.84 	 0.0804505 	 -0.000245889
24.86 	 0.0803858 	 -0.000244225
24.88 	 0.0803213 	 -0.000242576
24.9 	 0.0802568 	 -0.000240942
24.92 	 0.0801924 	 -0.000239323
24.94 	 0.0801282 	 -0.000237718
24.96 	 0.080064 	 -0.000236128
24.98 	 0.08 	 -0.000234554
