0 	 4.36924 	 -0.182754
0.025 	 4.36925 	 -0.182758
0.05 	 4.36925 	 -0.182766
0.075 	 4.36925 	 -0.182776
0.1 	 4.36924 	 -0.18279
0.125 	 4.36922 	 -0.182806
0.15 	 4.36919 	 -0.182826
0.175 	 4.36915 	 -0.182848
0.2 	 4.36911 	 -0.182874
0.225 	 4.36906 	 -0.182902
0.25 	 4.369 	 -0.182933
0.275 	 4.36893 	 -0.182968
0.3 	 4.36886 	 -0.183005
0.325 	 4.36878 	 -0.183045
0.35 	 4.36869 	 -0.183088
0.375 	 4.36859 	 -0.183134
0.4 	 4.36848 	 -0.183182
0.425 	 4.36837 	 -0.183234
0.45 	 4.36824 	 -0.183288
0.475 	 4.36811 	 -0.183345
0.5 	 4.36798 	 -0.183405
0.525 	 4.36783 	 -0.183467
0.55 	 4.36768 	 -0.183532
0.575 	 4.36751 	 -0.1836
0.6 	 4.36734 	 -0.183671
0.625 	 4.36717 	 -0.183744
0.65 	 4.36698 	 -0.183819
0.675 	 4.36679 	 -0.183898
0.7 	 4.36658 	 -0.183978
0.725 	 4.36637 	 -0.184062
0.75 	 4.36615 	 -0.184147
0.775 	 4.36593 	 -0.184235
0.8 	 4.36569 	 -0.184326
0.825 	 4.36545 	 -0.184418
0.85 	 4.3652 	 -0.184513
0.875 	 4.36494 	 -0.184611
0.9 	 4.36467 	 -0.18471
0.925 	 4.36439 	 -0.184812
0.95 	 4.36411 	 -0.184915
0.975 	 4.36382 	 -0.185021
1 	 4.36352 	 -0.185129
1.025 	 4.36321 	 -0.185239
1.05 	 4.36289 	 -0.185351
1.075 	 4.36256 	 -0.185351
1.1 	 4.36223 	 -0.18558
1.125 	 4.36188 	 -0.185697
1.15 	 4.36153 	 -0.185817
1.175 	 4.36117 	 -0.185937
1.2 	 4.3608 	 -0.18606
1.225 	 4.36042 	 -0.186184
1.25 	 4.36004 	 -0.18631
1.275 	 4.35964 	 -0.186437
1.3 	 4.35924 	 -0.186566
1.325 	 4.35882 	 -0.186696
1.35 	 4.3584 	 -0.186828
1.375 	 4.35797 	 -0.18696
1.4 	 4.35753 	 -0.187094
1.425 	 4.35708 	 -0.18723
1.45 	 4.35663 	 -0.187366
1.475 	 4.35616 	 -0.187504
1.5 	 4.35568 	 -0.187643
1.525 	 4.3552 	 -0.187782
1.55 	 4.35471 	 -0.187923
1.575 	 4.3542 	 -0.188065
1.6 	 4.35369 	 -0.188207
1.625 	 4.35317 	 -0.18835
1.65 	 4.35264 	 -0.188495
1.675 	 4.3521 	 -0.188639
1.7 	 4.35155 	 -0.188785
1.725 	 4.35099 	 -0.188931
1.75 	 4.35042 	 -0.189077
1.775 	 4.34985 	 -0.189224
1.8 	 4.34926 	 -0.189372
1.825 	 4.34866 	 -0.18952
1.85 	 4.34806 	 -0.189668
1.875 	 4.34744 	 -0.189817
1.9 	 4.34681 	 -0.189966
1.925 	 4.34618 	 -0.190115
1.95 	 4.34553 	 -0.190264
1.975 	 4.34488 	 -0.190414
2 	 4.34421 	 -0.190563
2.025 	 4.34353 	 -0.190563
2.05 	 4.34285 	 -0.190862
2.075 	 4.34216 	 -0.191012
2.1 	 4.34145 	 -0.191161
2.125 	 4.34074 	 -0.19131
2.15 	 4.34001 	 -0.19131
2.175 	 4.33928 	 -0.191608
2.2 	 4.33853 	 -0.191756
2.225 	 4.33778 	 -0.191904
2.25 	 4.33701 	 -0.192052
2.275 	 4.33623 	 -0.192052
2.3 	 4.33545 	 -0.192346
2.325 	 4.33465 	 -0.192492
2.35 	 4.33384 	 -0.192637
2.375 	 4.33302 	 -0.192782
2.4 	 4.33219 	 -0.192927
2.425 	 4.33135 	 -0.193071
2.45 	 4.3305 	 -0.193213
2.475 	 4.32964 	 -0.193356
2.5 	 4.32877 	 -0.193497
2.525 	 4.32789 	 -0.193638
2.55 	 4.327 	 -0.193777
2.575 	 4.32609 	 -0.193916
2.6 	 4.32518 	 -0.194054
2.625 	 4.32425 	 -0.19419
2.65 	 4.32331 	 -0.194326
2.675 	 4.32237 	 -0.194461
2.7 	 4.32141 	 -0.194594
2.725 	 4.32044 	 -0.194727
2.75 	 4.31946 	 -0.194858
2.775 	 4.31846 	 -0.194988
2.8 	 4.31746 	 -0.195117
2.825 	 4.31644 	 -0.195245
2.85 	 4.31542 	 -0.195371
2.875 	 4.31438 	 -0.195496
2.9 	 4.31333 	 -0.195619
2.925 	 4.31227 	 -0.195742
2.95 	 4.3112 	 -0.195862
2.975 	 4.31012 	 -0.195982
3 	 4.30902 	 -0.1961
3.025 	 4.30792 	 -0.196216
3.05 	 4.3068 	 -0.196331
3.075 	 4.30567 	 -0.196444
3.1 	 4.30453 	 -0.196556
3.125 	 4.30338 	 -0.196666
3.15 	 4.30221 	 -0.196775
3.175 	 4.30104 	 -0.196882
3.2 	 4.29985 	 -0.196987
3.225 	 4.29865 	 -0.197091
3.25 	 4.29744 	 -0.197192
3.275 	 4.29621 	 -0.197293
3.3 	 4.29498 	 -0.197391
3.325 	 4.29373 	 -0.197488
3.35 	 4.29247 	 -0.197583
3.375 	 4.2912 	 -0.197676
3.4 	 4.28992 	 -0.197767
3.425 	 4.28863 	 -0.197856
3.45 	 4.28732 	 -0.197944
3.475 	 4.286 	 -0.19803
3.5 	 4.28467 	 -0.198114
3.525 	 4.28333 	 -0.198196
3.55 	 4.28198 	 -0.198276
3.575 	 4.28061 	 -0.198354
3.6 	 4.27923 	 -0.19843
3.625 	 4.27784 	 -0.198505
3.65 	 4.27644 	 -0.198577
3.675 	 4.27502 	 -0.198648
3.7 	 4.2736 	 -0.198716
3.725 	 4.27216 	 -0.198783
3.75 	 4.2707 	 -0.198847
3.775 	 4.26924 	 -0.19891
3.8 	 4.26777 	 -0.19897
3.825 	 4.26628 	 -0.199029
3.85 	 4.26478 	 -0.199086
3.875 	 4.26326 	 -0.19914
3.9 	 4.26174 	 -0.199193
3.925 	 4.2602 	 -0.199243
3.95 	 4.25865 	 -0.199292
3.975 	 4.25709 	 -0.199339
4 	 4.25552 	 -0.199383
4.025 	 4.25393 	 -0.199426
4.05 	 4.25233 	 -0.199426
4.075 	 4.25073 	 -0.199505
4.1 	 4.2491 	 -0.199541
4.125 	 4.24747 	 -0.199576
4.15 	 4.24582 	 -0.199608
4.175 	 4.24416 	 -0.199608
4.2 	 4.24249 	 -0.199667
4.225 	 4.24081 	 -0.199694
4.25 	 4.23911 	 -0.199719
4.275 	 4.2374 	 -0.199741
4.3 	 4.23568 	 -0.199741
4.325 	 4.23395 	 -0.19978
4.35 	 4.23221 	 -0.199797
4.375 	 4.23045 	 -0.199812
4.4 	 4.22868 	 -0.199825
4.425 	 4.2269 	 -0.199825
4.45 	 4.22511 	 -0.199845
4.475 	 4.2233 	 -0.199852
4.5 	 4.22148 	 -0.199857
4.525 	 4.21965 	 -0.19986
4.55 	 4.21781 	 -0.19986
4.575 	 4.21596 	 -0.199861
4.6 	 4.21409 	 -0.199859
4.625 	 4.21221 	 -0.199855
4.65 	 4.21032 	 -0.199849
4.675 	 4.20842 	 -0.199849
4.7 	 4.20651 	 -0.199832
4.725 	 4.20458 	 -0.199821
4.75 	 4.20264 	 -0.199808
4.775 	 4.20069 	 -0.199793
4.8 	 4.19873 	 -0.199777
4.825 	 4.19676 	 -0.199759
4.85 	 4.19477 	 -0.199739
4.875 	 4.19278 	 -0.199718
4.9 	 4.19077 	 -0.199695
4.925 	 4.18875 	 -0.199671
4.95 	 4.18671 	 -0.199645
4.975 	 4.18467 	 -0.199617
5 	 4.18261 	 -0.199588
5.025 	 4.18055 	 -0.199557
5.05 	 4.17847 	 -0.199525
5.075 	 4.17638 	 -0.199491
5.1 	 4.17427 	 -0.199456
5.125 	 4.17216 	 -0.19942
5.15 	 4.17003 	 -0.199382
5.175 	 4.1679 	 -0.199343
5.2 	 4.16575 	 -0.199303
5.225 	 4.16359 	 -0.199261
5.25 	 4.16142 	 -0.199218
5.275 	 4.15924 	 -0.199174
5.3 	 4.15704 	 -0.199128
5.325 	 4.15484 	 -0.199082
5.35 	 4.15262 	 -0.199034
5.375 	 4.15039 	 -0.198985
5.4 	 4.14816 	 -0.198936
5.425 	 4.14591 	 -0.198885
5.45 	 4.14364 	 -0.198833
5.475 	 4.14137 	 -0.19878
5.5 	 4.13909 	 -0.198726
5.525 	 4.1368 	 -0.198671
5.55 	 4.13449 	 -0.198616
5.575 	 4.13218 	 -0.198559
5.6 	 4.12985 	 -0.198502
5.625 	 4.12751 	 -0.198444
5.65 	 4.12516 	 -0.198385
5.675 	 4.1228 	 -0.198326
5.7 	 4.12043 	 -0.198266
5.725 	 4.11805 	 -0.198205
5.75 	 4.11566 	 -0.198144
5.775 	 4.11326 	 -0.198082
5.8 	 4.11085 	 -0.198019
5.825 	 4.10843 	 -0.197956
5.85 	 4.10599 	 -0.197893
5.875 	 4.10355 	 -0.19783
5.9 	 4.1011 	 -0.197766
5.925 	 4.09863 	 -0.197701
5.95 	 4.09616 	 -0.197637
5.975 	 4.09367 	 -0.197572
6 	 4.09118 	 -0.197507
6.025 	 4.08867 	 -0.197441
6.05 	 4.08615 	 -0.197376
6.075 	 4.08363 	 -0.19731
6.1 	 4.08109 	 -0.197245
6.125 	 4.07855 	 -0.197179
6.15 	 4.07599 	 -0.197114
6.175 	 4.07343 	 -0.197049
6.2 	 4.07085 	 -0.196983
6.225 	 4.06826 	 -0.196918
6.25 	 4.06567 	 -0.196853
6.275 	 4.06306 	 -0.196788
6.3 	 4.06045 	 -0.196724
6.325 	 4.05782 	 -0.19666
6.35 	 4.05519 	 -0.196596
6.375 	 4.05254 	 -0.196532
6.4 	 4.04989 	 -0.196469
6.425 	 4.04722 	 -0.196407
6.45 	 4.04455 	 -0.196344
6.475 	 4.04187 	 -0.196283
6.5 	 4.03918 	 -0.196222
6.525 	 4.03647 	 -0.196161
6.55 	 4.03376 	 -0.196102
6.575 	 4.03104 	 -0.196043
6.6 	 4.02831 	 -0.195984
6.625 	 4.02557 	 -0.195927
6.65 	 4.02282 	 -0.19587
6.675 	 4.02007 	 -0.195814
6.7 	 4.0173 	 -0.195758
6.725 	 4.01452 	 -0.195704
6.75 	 4.01174 	 -0.195651
6.775 	 4.00894 	 -0.195598
6.8 	 4.00614 	 -0.195547
6.825 	 4.00332 	 -0.195496
6.85 	 4.0005 	 -0.195447
6.875 	 3.99767 	 -0.195398
6.9 	 3.99483 	 -0.195351
6.925 	 3.99198 	 -0.195305
6.95 	 3.98912 	 -0.19526
6.975 	 3.98625 	 -0.195216
7 	 3.98337 	 -0.195173
7.025 	 3.98049 	 -0.195132
7.05 	 3.97759 	 -0.195092
7.075 	 3.97469 	 -0.195053
7.1 	 3.97178 	 -0.195015
7.125 	 3.96886 	 -0.194979
7.15 	 3.96593 	 -0.194944
7.175 	 3.96299 	 -0.19491
7.2 	 3.96004 	 -0.194878
7.225 	 3.95708 	 -0.194847
7.25 	 3.95412 	 -0.194818
7.275 	 3.95114 	 -0.19479
7.3 	 3.94816 	 -0.194763
7.325 	 3.94517 	 -0.194738
7.35 	 3.94217 	 -0.194715
7.375 	 3.93916 	 -0.194692
7.4 	 3.93614 	 -0.194672
7.425 	 3.93311 	 -0.194653
7.45 	 3.93007 	 -0.194635
7.475 	 3.92703 	 -0.194619
7.5 	 3.92397 	 -0.194604
7.525 	 3.92091 	 -0.194591
7.55 	 3.91784 	 -0.194579
7.575 	 3.91476 	 -0.194569
7.6 	 3.91167 	 -0.194561
7.625 	 3.90858 	 -0.194554
7.65 	 3.90547 	 -0.194548
7.675 	 3.90235 	 -0.194544
7.7 	 3.89923 	 -0.194542
7.725 	 3.8961 	 -0.194541
7.75 	 3.89296 	 -0.194541
7.775 	 3.88981 	 -0.194543
7.8 	 3.88665 	 -0.194547
7.825 	 3.88348 	 -0.194552
7.85 	 3.8803 	 -0.194558
7.875 	 3.87712 	 -0.194566
7.9 	 3.87392 	 -0.194576
7.925 	 3.87072 	 -0.194586
7.95 	 3.86751 	 -0.194599
7.975 	 3.86429 	 -0.194612
8 	 3.86106 	 -0.194627
8.025 	 3.85782 	 -0.194643
8.05 	 3.85457 	 -0.194661
8.075 	 3.85131 	 -0.19468
8.1 	 3.84805 	 -0.19468
8.125 	 3.84477 	 -0.194722
8.15 	 3.84149 	 -0.194745
8.175 	 3.8382 	 -0.194769
8.2 	 3.8349 	 -0.194794
8.225 	 3.83158 	 -0.194794
8.25 	 3.82827 	 -0.194847
8.275 	 3.82494 	 -0.194876
8.3 	 3.8216 	 -0.194905
8.325 	 3.81825 	 -0.194936
8.35 	 3.81489 	 -0.194936
8.375 	 3.81153 	 -0.195
8.4 	 3.80815 	 -0.195034
8.425 	 3.80477 	 -0.195068
8.45 	 3.80138 	 -0.195103
8.475 	 3.79797 	 -0.195103
8.5 	 3.79456 	 -0.195176
8.525 	 3.79114 	 -0.195213
8.55 	 3.78771 	 -0.195251
8.575 	 3.78427 	 -0.19529
8.6 	 3.78081 	 -0.19529
8.625 	 3.77736 	 -0.195369
8.65 	 3.77389 	 -0.195409
8.675 	 3.77041 	 -0.19545
8.7 	 3.76692 	 -0.195491
8.725 	 3.76342 	 -0.195491
8.75 	 3.75992 	 -0.195574
8.775 	 3.7564 	 -0.195616
8.8 	 3.75287 	 -0.195659
8.825 	 3.74933 	 -0.195701
8.85 	 3.74578 	 -0.195701
8.875 	 3.74223 	 -0.195786
8.9 	 3.73866 	 -0.195828
8.925 	 3.73509 	 -0.195871
8.95 	 3.7315 	 -0.195913
8.975 	 3.7279 	 -0.195913
9 	 3.7243 	 -0.195997
9.025 	 3.72068 	 -0.196039
9.05 	 3.71706 	 -0.19608
9.075 	 3.71342 	 -0.196121
9.1 	 3.70976 	 -0.196121
9.125 	 3.70611 	 -0.196201
9.15 	 3.70245 	 -0.19624
9.175 	 3.69877 	 -0.196279
9.2 	 3.69508 	 -0.196317
9.225 	 3.69138 	 -0.196317
9.25 	 3.68767 	 -0.19639
9.275 	 3.68396 	 -0.196426
9.3 	 3.68023 	 -0.19646
9.325 	 3.67649 	 -0.196494
9.35 	 3.67273 	 -0.196494
9.375 	 3.66897 	 -0.196557
9.4 	 3.6652 	 -0.196587
9.425 	 3.66142 	 -0.196616
9.45 	 3.65763 	 -0.196644
9.475 	 3.65382 	 -0.196644
9.5 	 3.65001 	 -0.196695
9.525 	 3.64619 	 -0.196718
9.55 	 3.64235 	 -0.19674
9.575 	 3.6385 	 -0.19676
9.6 	 3.63465 	 -0.196779
9.625 	 3.63078 	 -0.196796
9.65 	 3.6269 	 -0.196811
9.675 	 3.62301 	 -0.196824
9.7 	 3.61911 	 -0.196835
9.725 	 3.6152 	 -0.196844
9.75 	 3.61128 	 -0.196851
9.775 	 3.60734 	 -0.196857
9.8 	 3.6034 	 -0.19686
9.825 	 3.59944 	 -0.19686
9.85 	 3.59548 	 -0.196859
9.875 	 3.5915 	 -0.196855
9.9 	 3.58751 	 -0.196849
9.925 	 3.58351 	 -0.19684
9.95 	 3.5795 	 -0.196829
9.975 	 3.57548 	 -0.196815
10 	 3.57145 	 -0.196799
10.025 	 3.56741 	 -0.196779
10.05 	 3.56335 	 -0.196758
10.075 	 3.55929 	 -0.196733
10.1 	 3.55521 	 -0.196706
10.125 	 3.55113 	 -0.196675
10.15 	 3.54703 	 -0.196642
10.175 	 3.54292 	 -0.196605
10.2 	 3.5388 	 -0.196566
10.225 	 3.53467 	 -0.196523
10.25 	 3.53052 	 -0.196478
10.275 	 3.52637 	 -0.196429
10.3 	 3.52221 	 -0.196376
10.325 	 3.51803 	 -0.196321
10.35 	 3.51384 	 -0.196262
10.375 	 3.50965 	 -0.196199
10.4 	 3.50544 	 -0.196134
10.425 	 3.50122 	 -0.196064
10.45 	 3.49699 	 -0.195991
10.475 	 3.49275 	 -0.195914
10.5 	 3.4885 	 -0.195834
10.525 	 3.48424 	 -0.19575
10.55 	 3.47996 	 -0.195662
10.575 	 3.47568 	 -0.19557
10.6 	 3.47139 	 -0.195475
10.625 	 3.46708 	 -0.195375
10.65 	 3.46277 	 -0.195272
10.675 	 3.45844 	 -0.195165
10.7 	 3.4541 	 -0.195053
10.725 	 3.44976 	 -0.194938
10.75 	 3.4454 	 -0.194818
10.775 	 3.44103 	 -0.194694
10.8 	 3.43665 	 -0.194566
10.825 	 3.43226 	 -0.194434
10.85 	 3.42787 	 -0.194297
10.875 	 3.42346 	 -0.194156
10.9 	 3.41904 	 -0.194011
10.925 	 3.41461 	 -0.193861
10.95 	 3.41017 	 -0.193707
10.975 	 3.40572 	 -0.193549
11 	 3.40126 	 -0.193386
11.025 	 3.3968 	 -0.193218
11.05 	 3.39232 	 -0.193046
11.075 	 3.38783 	 -0.19287
11.1 	 3.38333 	 -0.192688
11.125 	 3.37883 	 -0.192503
11.15 	 3.37431 	 -0.192312
11.175 	 3.36979 	 -0.192117
11.2 	 3.36525 	 -0.191917
11.225 	 3.36071 	 -0.191712
11.25 	 3.35616 	 -0.191502
11.275 	 3.3516 	 -0.191288
11.3 	 3.34703 	 -0.191069
11.325 	 3.34245 	 -0.190845
11.35 	 3.33787 	 -0.190616
11.375 	 3.33327 	 -0.190382
11.4 	 3.32867 	 -0.190144
11.425 	 3.32406 	 -0.1899
11.45 	 3.31944 	 -0.189652
11.475 	 3.31481 	 -0.189398
11.5 	 3.31017 	 -0.18914
11.525 	 3.30553 	 -0.188877
11.55 	 3.30088 	 -0.188608
11.575 	 3.29622 	 -0.188335
11.6 	 3.29156 	 -0.188056
11.625 	 3.28688 	 -0.187773
11.65 	 3.2822 	 -0.187485
11.675 	 3.27752 	 -0.187191
11.7 	 3.27282 	 -0.186892
11.725 	 3.26812 	 -0.186589
11.75 	 3.26341 	 -0.18628
11.775 	 3.2587 	 -0.185966
11.8 	 3.25398 	 -0.185648
11.825 	 3.24925 	 -0.185324
11.85 	 3.24452 	 -0.184995
11.875 	 3.23978 	 -0.184661
11.9 	 3.23504 	 -0.184321
11.925 	 3.23029 	 -0.183977
11.95 	 3.22554 	 -0.183628
11.975 	 3.22078 	 -0.183274
12 	 3.21601 	 -0.182914
12.025 	 3.21124 	 -0.18255
12.05 	 3.20647 	 -0.18218
12.075 	 3.20169 	 -0.181806
12.1 	 3.1969 	 -0.181426
12.125 	 3.19211 	 -0.181041
12.15 	 3.18732 	 -0.180652
12.175 	 3.18253 	 -0.180257
12.2 	 3.17772 	 -0.179858
12.225 	 3.17292 	 -0.179453
12.25 	 3.16811 	 -0.179043
12.275 	 3.1633 	 -0.178629
12.3 	 3.15849 	 -0.17821
12.325 	 3.15367 	 -0.177785
12.35 	 3.14885 	 -0.177356
12.375 	 3.14403 	 -0.176922
12.4 	 3.1392 	 -0.176483
12.425 	 3.13438 	 -0.17604
12.45 	 3.12955 	 -0.175591
12.475 	 3.12472 	 -0.175138
12.5 	 3.11988 	 -0.17468
12.525 	 3.11505 	 -0.174218
12.55 	 3.11021 	 -0.173751
12.575 	 3.10537 	 -0.173279
12.6 	 3.10054 	 -0.172802
12.625 	 3.0957 	 -0.172321
12.65 	 3.09086 	 -0.171836
12.675 	 3.08602 	 -0.171346
12.7 	 3.08118 	 -0.170851
12.725 	 3.07633 	 -0.170352
12.75 	 3.07149 	 -0.169849
12.775 	 3.06665 	 -0.169341
12.8 	 3.06181 	 -0.168829
12.825 	 3.05697 	 -0.168313
12.85 	 3.05213 	 -0.167792
12.875 	 3.04729 	 -0.167268
12.9 	 3.04246 	 -0.166739
12.925 	 3.03762 	 -0.166206
12.95 	 3.03278 	 -0.165669
12.975 	 3.02795 	 -0.165129
13 	 3.02312 	 -0.164584
13.025 	 3.01829 	 -0.164035
13.05 	 3.01346 	 -0.163483
13.075 	 3.00864 	 -0.162927
13.1 	 3.00382 	 -0.162367
13.125 	 2.999 	 -0.161803
13.15 	 2.99418 	 -0.161236
13.175 	 2.98936 	 -0.160666
13.2 	 2.98455 	 -0.160092
13.225 	 2.97975 	 -0.159515
13.25 	 2.97494 	 -0.158934
13.275 	 2.97014 	 -0.15835
13.3 	 2.96534 	 -0.157763
13.325 	 2.96055 	 -0.157172
13.35 	 2.95576 	 -0.156579
13.375 	 2.95098 	 -0.155983
13.4 	 2.9462 	 -0.155384
13.425 	 2.94142 	 -0.154782
13.45 	 2.93665 	 -0.154177
13.475 	 2.93189 	 -0.15357
13.5 	 2.92713 	 -0.15296
13.525 	 2.92237 	 -0.152347
13.55 	 2.91762 	 -0.151732
13.575 	 2.91288 	 -0.151115
13.6 	 2.90814 	 -0.150495
13.625 	 2.9034 	 -0.149873
13.65 	 2.89868 	 -0.14925
13.675 	 2.89396 	 -0.148624
13.7 	 2.88924 	 -0.147996
13.725 	 2.88453 	 -0.147366
13.75 	 2.87983 	 -0.146735
13.775 	 2.87513 	 -0.146102
13.8 	 2.87045 	 -0.145467
13.825 	 2.86576 	 -0.144831
13.85 	 2.86109 	 -0.144194
13.875 	 2.85642 	 -0.143555
13.9 	 2.85176 	 -0.142915
13.925 	 2.84711 	 -0.142274
13.95 	 2.84246 	 -0.141631
13.975 	 2.83783 	 -0.140988
14 	 2.8332 	 -0.140344
14.025 	 2.82857 	 -0.139698
14.05 	 2.82396 	 -0.139052
14.075 	 2.81935 	 -0.138406
14.1 	 2.81475 	 -0.137758
14.125 	 2.81016 	 -0.137111
14.15 	 2.80558 	 -0.136462
14.175 	 2.80101 	 -0.135813
14.2 	 2.79644 	 -0.135164
14.225 	 2.79189 	 -0.134514
14.25 	 2.78734 	 -0.133865
14.275 	 2.7828 	 -0.133215
14.3 	 2.77827 	 -0.132564
14.325 	 2.77375 	 -0.131914
14.35 	 2.76924 	 -0.131264
14.375 	 2.76474 	 -0.130614
14.4 	 2.76024 	 -0.129964
14.425 	 2.75576 	 -0.129314
14.45 	 2.75128 	 -0.128665
14.475 	 2.74682 	 -0.128015
14.5 	 2.74236 	 -0.127367
14.525 	 2.73791 	 -0.126718
14.55 	 2.73348 	 -0.12607
14.575 	 2.72905 	 -0.125422
14.6 	 2.72463 	 -0.124775
14.625 	 2.72022 	 -0.124129
14.65 	 2.71582 	 -0.123483
14.675 	 2.71144 	 -0.122838
14.7 	 2.70706 	 -0.122194
14.725 	 2.70269 	 -0.121551
14.75 	 2.69833 	 -0.120908
14.775 	 2.69398 	 -0.120266
14.8 	 2.68964 	 -0.119626
14.825 	 2.68531 	 -0.118986
14.85 	 2.68099 	 -0.118347
14.875 	 2.67669 	 -0.117709
14.9 	 2.67239 	 -0.117073
14.925 	 2.6681 	 -0.116437
14.95 	 2.66382 	 -0.115803
14.975 	 2.65956 	 -0.11517
15 	 2.6553 	 -0.114538
15.025 	 2.65105 	 -0.113908
15.05 	 2.64682 	 -0.113279
15.075 	 2.64259 	 -0.112651
15.1 	 2.63838 	 -0.112025
15.125 	 2.63417 	 -0.1114
15.15 	 2.62998 	 -0.110777
15.175 	 2.62579 	 -0.110155
15.2 	 2.62162 	 -0.109535
15.225 	 2.61746 	 -0.108916
15.25 	 2.6133 	 -0.108299
15.275 	 2.60916 	 -0.107683
15.3 	 2.60503 	 -0.107069
15.325 	 2.60091 	 -0.106457
15.35 	 2.5968 	 -0.105847
15.375 	 2.5927 	 -0.105238
15.4 	 2.58861 	 -0.104631
15.425 	 2.58454 	 -0.104026
15.45 	 2.58047 	 -0.103423
15.475 	 2.57641 	 -0.102821
15.5 	 2.57237 	 -0.102222
15.525 	 2.56833 	 -0.101624
15.55 	 2.5643 	 -0.101028
15.575 	 2.56029 	 -0.100434
15.6 	 2.55629 	 -0.099842
15.625 	 2.55229 	 -0.099252
15.65 	 2.54831 	 -0.098664
15.675 	 2.54434 	 -0.0980779
15.7 	 2.54038 	 -0.0974939
15.725 	 2.53643 	 -0.0969119
15.75 	 2.53249 	 -0.096332
15.775 	 2.52856 	 -0.0957541
15.8 	 2.52464 	 -0.0951783
15.825 	 2.52073 	 -0.0946047
15.85 	 2.51683 	 -0.0940331
15.875 	 2.51295 	 -0.0934636
15.9 	 2.50907 	 -0.0928963
15.925 	 2.50521 	 -0.0923311
15.95 	 2.50135 	 -0.0917681
15.975 	 2.4975 	 -0.0912073
16 	 2.49367 	 -0.0906486
16.025 	 2.48985 	 -0.0900922
16.05 	 2.48603 	 -0.0895379
16.075 	 2.48226 	 -0.0895379
16.1 	 2.47844 	 -0.0884361
16.125 	 2.47465 	 -0.0878884
16.15 	 2.47088 	 -0.0873431
16.175 	 2.46712 	 -0.0868
16.2 	 2.46339 	 -0.0868
16.225 	 2.45963 	 -0.0857205
16.25 	 2.4559 	 -0.0851841
16.275 	 2.45218 	 -0.08465
16.3 	 2.44847 	 -0.0841182
16.325 	 2.44479 	 -0.0841182
16.35 	 2.44108 	 -0.0830615
16.375 	 2.4374 	 -0.0825365
16.4 	 2.43373 	 -0.0820139
16.425 	 2.43007 	 -0.0814935
16.45 	 2.42644 	 -0.0814935
16.475 	 2.42279 	 -0.0804597
16.5 	 2.41916 	 -0.0799463
16.525 	 2.41554 	 -0.0794352
16.55 	 2.41193 	 -0.0789264
16.575 	 2.40835 	 -0.0789264
16.6 	 2.40474 	 -0.0779157
16.625 	 2.40117 	 -0.0774139
16.65 	 2.3976 	 -0.0769144
16.675 	 2.39404 	 -0.0764172
16.7 	 2.39051 	 -0.0764172
16.725 	 2.38695 	 -0.0754298
16.75 	 2.38342 	 -0.0749396
16.775 	 2.3799 	 -0.0744517
16.8 	 2.37639 	 -0.0739661
16.825 	 2.37291 	 -0.0739661
16.85 	 2.3694 	 -0.073002
16.875 	 2.36592 	 -0.0725234
16.9 	 2.36245 	 -0.0720471
16.925 	 2.35899 	 -0.0715732
16.95 	 2.35555 	 -0.0715732
16.975 	 2.3521 	 -0.0706323
17 	 2.34867 	 -0.0701653
17.025 	 2.34524 	 -0.0697006
17.05 	 2.34183 	 -0.0692383
17.075 	 2.33844 	 -0.0692383
17.1 	 2.33503 	 -0.0683205
17.125 	 2.33165 	 -0.0678651
17.15 	 2.32827 	 -0.0674119
17.175 	 2.32491 	 -0.0669611
17.2 	 2.32156 	 -0.0669611
17.225 	 2.3182 	 -0.0660664
17.25 	 2.31486 	 -0.0656224
17.275 	 2.31154 	 -0.0651808
17.3 	 2.30822 	 -0.0647414
17.325 	 2.30491 	 -0.0647414
17.35 	 2.3016 	 -0.0638695
17.375 	 2.29831 	 -0.0634369
17.4 	 2.29503 	 -0.0630067
17.425 	 2.29175 	 -0.0625787
17.45 	 2.2885 	 -0.0625787
17.475 	 2.28523 	 -0.0617294
17.5 	 2.28198 	 -0.0613081
17.525 	 2.27875 	 -0.0608891
17.55 	 2.27552 	 -0.0604724
17.575 	 2.2723 	 -0.0604724
17.6 	 2.26908 	 -0.0596455
17.625 	 2.26588 	 -0.0592355
17.65 	 2.26269 	 -0.0588276
17.675 	 2.2595 	 -0.0584219
17.7 	 2.25633 	 -0.0584219
17.725 	 2.25316 	 -0.0576173
17.75 	 2.25 	 -0.0572182
17.775 	 2.24685 	 -0.0568214
17.8 	 2.24371 	 -0.0564267
17.825 	 2.24058 	 -0.0564267
17.85 	 2.23745 	 -0.0556439
17.875 	 2.23433 	 -0.0552558
17.9 	 2.23122 	 -0.0548698
17.925 	 2.22812 	 -0.054486
17.95 	 2.22504 	 -0.054486
17.975 	 2.22195 	 -0.0537248
18 	 2.21887 	 -0.0533474
18.025 	 2.21581 	 -0.0529721
18.05 	 2.21275 	 -0.052599
18.075 	 2.20971 	 -0.052599
18.1 	 2.20666 	 -0.051859
18.125 	 2.20363 	 -0.0514922
18.15 	 2.2006 	 -0.0511275
18.175 	 2.19759 	 -0.0507649
18.2 	 2.19458 	 -0.0507649
18.225 	 2.19158 	 -0.0500459
18.25 	 2.18858 	 -0.0496895
18.275 	 2.1856 	 -0.0493351
18.3 	 2.18262 	 -0.0489829
18.325 	 2.17966 	 -0.0489829
18.35 	 2.17669 	 -0.0482845
18.375 	 2.17374 	 -0.0479383
18.4 	 2.1708 	 -0.0475942
18.425 	 2.16786 	 -0.0472521
18.45 	 2.16493 	 -0.0472521
18.475 	 2.16201 	 -0.0465739
18.5 	 2.1591 	 -0.0462378
18.525 	 2.15619 	 -0.0459037
18.55 	 2.15329 	 -0.0455716
18.575 	 2.15041 	 -0.0455716
18.6 	 2.14752 	 -0.0449133
18.625 	 2.14464 	 -0.0445871
18.65 	 2.14178 	 -0.0442629
18.675 	 2.13892 	 -0.0439406
18.7 	 2.13607 	 -0.0439406
18.725 	 2.13322 	 -0.0433018
18.75 	 2.13038 	 -0.0429853
18.775 	 2.12755 	 -0.0426707
18.8 	 2.12473 	 -0.042358
18.825 	 2.12192 	 -0.042358
18.85 	 2.11911 	 -0.0417383
18.875 	 2.11631 	 -0.0414313
18.9 	 2.11352 	 -0.0411262
18.925 	 2.11073 	 -0.0408229
18.95 	 2.10795 	 -0.0408229
18.975 	 2.10518 	 -0.040222
19 	 2.10242 	 -0.0399243
19.025 	 2.09966 	 -0.0396284
19.05 	 2.09691 	 -0.0393344
19.075 	 2.09417 	 -0.0393344
19.1 	 2.09143 	 -0.0387518
19.125 	 2.0887 	 -0.0384632
19.15 	 2.08598 	 -0.0381764
19.175 	 2.08327 	 -0.0378914
19.2 	 2.08056 	 -0.0376081
19.225 	 2.07786 	 -0.0373267
19.25 	 2.07517 	 -0.037047
19.275 	 2.07248 	 -0.0367691
19.3 	 2.0698 	 -0.036493
19.325 	 2.06713 	 -0.0362185
19.35 	 2.06446 	 -0.0359459
19.375 	 2.06181 	 -0.0356749
19.4 	 2.05915 	 -0.0354057
19.425 	 2.05651 	 -0.0351381
19.45 	 2.05387 	 -0.0348723
19.475 	 2.05124 	 -0.0346082
19.5 	 2.04861 	 -0.0343457
19.525 	 2.04599 	 -0.034085
19.55 	 2.04338 	 -0.0338259
19.575 	 2.04078 	 -0.0335684
19.6 	 2.03818 	 -0.0333126
19.625 	 2.03559 	 -0.0330585
19.65 	 2.033 	 -0.032806
19.675 	 2.03042 	 -0.0325551
19.7 	 2.02785 	 -0.0323059
19.725 	 2.02528 	 -0.0320583
19.75 	 2.02273 	 -0.0318122
19.775 	 2.02017 	 -0.0315678
19.8 	 2.01763 	 -0.0313249
19.825 	 2.01509 	 -0.0310837
19.85 	 2.01255 	 -0.030844
19.875 	 2.01002 	 -0.0306058
19.9 	 2.0075 	 -0.0303693
19.925 	 2.00499 	 -0.0301342
19.95 	 2.00248 	 -0.0299007
19.975 	 1.99998 	 -0.0296688
20 	 1.99748 	 -0.0294383
20.025 	 1.99499 	 -0.0292094
20.05 	 1.99251 	 -0.028982
20.075 	 1.99003 	 -0.028756
20.1 	 1.98756 	 -0.0285316
20.125 	 1.98509 	 -0.0283086
20.15 	 1.98263 	 -0.0280872
20.175 	 1.98018 	 -0.0278671
20.2 	 1.97773 	 -0.0276486
20.225 	 1.97529 	 -0.0274314
20.25 	 1.97286 	 -0.0272158
20.275 	 1.97043 	 -0.0270015
20.3 	 1.96801 	 -0.0267887
20.325 	 1.96559 	 -0.0265772
20.35 	 1.96318 	 -0.0263672
20.375 	 1.96077 	 -0.0261586
20.4 	 1.95837 	 -0.0259514
20.425 	 1.95598 	 -0.0257455
20.45 	 1.95359 	 -0.0255411
20.475 	 1.95121 	 -0.025338
20.5 	 1.94883 	 -0.0251362
20.525 	 1.94646 	 -0.0249358
20.55 	 1.9441 	 -0.0247367
20.575 	 1.94174 	 -0.024539
20.6 	 1.93939 	 -0.0243426
20.625 	 1.93704 	 -0.0241475
20.65 	 1.9347 	 -0.0239537
20.675 	 1.93236 	 -0.0237612
20.7 	 1.93003 	 -0.0235699
20.725 	 1.9277 	 -0.02338
20.75 	 1.92538 	 -0.0231914
20.775 	 1.92307 	 -0.023004
20.8 	 1.92076 	 -0.0228178
20.825 	 1.91846 	 -0.0226329
20.85 	 1.91616 	 -0.0224493
20.875 	 1.91387 	 -0.0222669
20.9 	 1.91158 	 -0.0220857
20.925 	 1.9093 	 -0.0219057
20.95 	 1.90703 	 -0.0217269
20.975 	 1.90476 	 -0.0215493
21 	 1.90249 	 -0.0213729
21.025 	 1.90023 	 -0.0211977
21.05 	 1.89798 	 -0.0210237
21.075 	 1.89573 	 -0.0208508
21.1 	 1.89349 	 -0.0206791
21.125 	 1.89125 	 -0.0205085
21.15 	 1.88902 	 -0.0203391
21.175 	 1.88679 	 -0.0201708
21.2 	 1.88457 	 -0.0200036
21.225 	 1.88235 	 -0.0198376
21.25 	 1.88014 	 -0.0196726
21.275 	 1.87793 	 -0.0195088
21.3 	 1.87573 	 -0.019346
21.325 	 1.87353 	 -0.0191844
21.35 	 1.87134 	 -0.0190238
21.375 	 1.86916 	 -0.0188642
21.4 	 1.86698 	 -0.0187058
21.425 	 1.8648 	 -0.0185483
21.45 	 1.86263 	 -0.018392
21.475 	 1.86046 	 -0.0182366
21.5 	 1.8583 	 -0.0180823
21.525 	 1.85615 	 -0.017929
21.55 	 1.854 	 -0.0177767
21.575 	 1.85185 	 -0.0176254
21.6 	 1.84971 	 -0.0174751
21.625 	 1.84757 	 -0.0173257
21.65 	 1.84544 	 -0.0171774
21.675 	 1.84332 	 -0.01703
21.7 	 1.8412 	 -0.0168836
21.725 	 1.83908 	 -0.0167381
21.75 	 1.83697 	 -0.0165936
21.775 	 1.83486 	 -0.01645
21.8 	 1.83276 	 -0.0163073
21.825 	 1.83066 	 -0.0161656
21.85 	 1.82857 	 -0.0160247
21.875 	 1.82648 	 -0.0158848
21.9 	 1.8244 	 -0.0157458
21.925 	 1.82232 	 -0.0156076
21.95 	 1.82025 	 -0.0154703
21.975 	 1.81818 	 -0.0153339
22 	 1.81612 	 -0.0151984
22.025 	 1.81406 	 -0.0150637
22.05 	 1.812 	 -0.0149298
22.075 	 1.80995 	 -0.0147968
22.1 	 1.80791 	 -0.0146646
22.125 	 1.80587 	 -0.0145333
22.15 	 1.80383 	 -0.0144027
22.175 	 1.8018 	 -0.014273
22.2 	 1.79978 	 -0.014144
22.225 	 1.79775 	 -0.0140158
22.25 	 1.79574 	 -0.0138884
22.275 	 1.79372 	 -0.0137618
22.3 	 1.79171 	 -0.013636
22.325 	 1.78971 	 -0.0135108
22.35 	 1.78771 	 -0.0133865
22.375 	 1.78571 	 -0.0132629
22.4 	 1.78372 	 -0.01314
22.425 	 1.78174 	 -0.0130178
22.45 	 1.77976 	 -0.0128963
22.475 	 1.77778 	 -0.0127756
22.5 	 1.77581 	 -0.0126555
22.525 	 1.77384 	 -0.0125361
22.55 	 1.77187 	 -0.0124174
22.575 	 1.76991 	 -0.0122994
22.6 	 1.76796 	 -0.012182
22.625 	 1.766 	 -0.0120653
22.65 	 1.76406 	 -0.0119492
22.675 	 1.76212 	 -0.0118338
22.7 	 1.76018 	 -0.011719
22.725 	 1.75824 	 -0.0116048
22.75 	 1.75631 	 -0.0114912
22.775 	 1.75439 	 -0.0113782
22.8 	 1.75246 	 -0.0112659
22.825 	 1.75055 	 -0.0111541
22.85 	 1.74863 	 -0.0110429
22.875 	 1.74673 	 -0.0109322
22.9 	 1.74482 	 -0.0108221
22.925 	 1.74292 	 -0.0107126
22.95 	 1.74102 	 -0.0106036
22.975 	 1.73913 	 -0.0104951
23 	 1.73724 	 -0.0103872
23.025 	 1.73536 	 -0.0102797
23.05 	 1.73348 	 -0.0101728
23.075 	 1.7316 	 -0.0100664
23.1 	 1.72973 	 -0.00996049
23.125 	 1.72786 	 -0.00985505
23.15 	 1.726 	 -0.00975007
23.175 	 1.72414 	 -0.00964557
23.2 	 1.72228 	 -0.00954152
23.225 	 1.72043 	 -0.00943791
23.25 	 1.71858 	 -0.00933475
23.275 	 1.71674 	 -0.00923201
23.3 	 1.7149 	 -0.0091297
23.325 	 1.71306 	 -0.0090278
23.35 	 1.71123 	 -0.0089263
23.375 	 1.7094 	 -0.0088252
23.4 	 1.70758 	 -0.00872448
23.425 	 1.70576 	 -0.00862414
23.45 	 1.70394 	 -0.00852418
23.475 	 1.70213 	 -0.00842457
23.5 	 1.70032 	 -0.00832531
23.525 	 1.69851 	 -0.00822641
23.55 	 1.69671 	 -0.00812783
23.575 	 1.69492 	 -0.00802959
23.6 	 1.69312 	 -0.00793167
23.625 	 1.69133 	 -0.00783406
23.65 	 1.68955 	 -0.00773675
23.675 	 1.68776 	 -0.00763975
23.7 	 1.68599 	 -0.00754303
23.725 	 1.68421 	 -0.0074466
23.75 	 1.68244 	 -0.00735044
23.775 	 1.68067 	 -0.00725456
23.8 	 1.67891 	 -0.00715894
23.825 	 1.67715 	 -0.00706358
23.85 	 1.67539 	 -0.00696847
23.875 	 1.67364 	 -0.00687362
23.9 	 1.67189 	 -0.006779
23.925 	 1.67015 	 -0.00668463
23.95 	 1.6684 	 -0.0065905
23.975 	 1.66667 	 -0.00649661
24 	 1.66493 	 -0.00640295
24.025 	 1.6632 	 -0.00630953
24.05 	 1.66147 	 -0.00621634
24.075 	 1.65975 	 -0.0061234
24.1 	 1.65803 	 -0.00603069
24.125 	 1.65631 	 -0.00593824
24.15 	 1.6546 	 -0.00584604
24.175 	 1.65289 	 -0.00575411
24.2 	 1.65119 	 -0.00566246
24.225 	 1.64948 	 -0.0055711
24.25 	 1.64779 	 -0.00548004
24.275 	 1.64609 	 -0.00538932
24.3 	 1.6444 	 -0.00529895
24.325 	 1.64271 	 -0.00520897
24.35 	 1.64103 	 -0.0051194
24.375 	 1.63934 	 -0.00503029
24.4 	 1.63767 	 -0.00494169
24.425 	 1.63599 	 -0.00485363
24.45 	 1.63432 	 -0.00476619
24.475 	 1.63265 	 -0.00467943
24.5 	 1.63099 	 -0.00459343
24.525 	 1.62933 	 -0.00450828
24.55 	 1.62767 	 -0.00442408
24.575 	 1.62602 	 -0.00434094
24.6 	 1.62437 	 -0.00425899
24.625 	 1.62272 	 -0.00417839
24.65 	 1.62107 	 -0.00409928
24.675 	 1.61943 	 -0.00402186
24.7 	 1.6178 	 -0.00394632
24.725 	 1.61616 	 -0.00387289
24.75 	 1.61453 	 -0.00380182
24.775 	 1.6129 	 -0.00373337
24.8 	 1.61128 	 -0.00366785
24.825 	 1.60966 	 -0.00360556
24.85 	 1.60804 	 -0.00354683
24.875 	 1.60643 	 -0.00349201
24.9 	 1.60481 	 -0.00344146
24.925 	 1.60321 	 -0.00339554
24.95 	 1.6016 	 -0.00335461
24.975 	 1.6 	 -0.003319
