0 	 4.23956 	 -0.191435
0.025 	 4.23958 	 -0.191435
0.05 	 4.23958 	 -0.191435
0.075 	 4.23958 	 -0.191435
0.1 	 4.23956 	 -0.191435
0.125 	 4.23954 	 -0.191435
0.15 	 4.23951 	 -0.191435
0.175 	 4.23947 	 -0.191435
0.2 	 4.23941 	 -0.191435
0.225 	 4.23935 	 -0.191435
0.25 	 4.23928 	 -0.191435
0.275 	 4.23921 	 -0.191435
0.3 	 4.23912 	 -0.191435
0.325 	 4.23902 	 -0.191435
0.35 	 4.23891 	 -0.191435
0.375 	 4.2388 	 -0.191435
0.4 	 4.23867 	 -0.191435
0.425 	 4.23854 	 -0.191435
0.45 	 4.23839 	 -0.191435
0.475 	 4.23824 	 -0.191435
0.5 	 4.23808 	 -0.191435
0.525 	 4.23791 	 -0.191435
0.55 	 4.23773 	 -0.191435
0.575 	 4.23754 	 -0.191435
0.6 	 4.23734 	 -0.191435
0.625 	 4.23713 	 -0.191435
0.65 	 4.23691 	 -0.191435
0.675 	 4.23668 	 -0.191435
0.7 	 4.23645 	 -0.191435
0.725 	 4.2362 	 -0.191435
0.75 	 4.23594 	 -0.191435
0.775 	 4.23568 	 -0.191435
0.8 	 4.23541 	 -0.191435
0.825 	 4.23512 	 -0.191435
0.85 	 4.23483 	 -0.191435
0.875 	 4.23453 	 -0.191435
0.9 	 4.23422 	 -0.191435
0.925 	 4.2339 	 -0.191435
0.95 	 4.23357 	 -0.191435
0.975 	 4.23323 	 -0.191435
1 	 4.23288 	 -0.191435
1.025 	 4.23253 	 -0.191435
1.05 	 4.23216 	 -0.191435
1.075 	 4.23178 	 -0.191435
1.1 	 4.2314 	 -0.191435
1.125 	 4.23101 	 -0.191435
1.15 	 4.2306 	 -0.191435
1.175 	 4.23019 	 -0.191435
1.2 	 4.22977 	 -0.191435
1.225 	 4.22934 	 -0.191435
1.25 	 4.22889 	 -0.191435
1.275 	 4.22844 	 -0.191435
1.3 	 4.22799 	 -0.191435
1.325 	 4.22752 	 -0.191435
1.35 	 4.22704 	 -0.191435
1.375 	 4.22655 	 -0.191435
1.4 	 4.22606 	 -0.191435
1.425 	 4.22555 	 -0.191435
1.45 	 4.22504 	 -0.191435
1.475 	 4.22451 	 -0.191435
1.5 	 4.22398 	 -0.191435
1.525 	 4.22344 	 -0.191435
1.55 	 4.22288 	 -0.191435
1.575 	 4.22232 	 -0.191435
1.6 	 4.22175 	 -0.191435
1.625 	 4.22117 	 -0.191435
1.65 	 4.22058 	 -0.191435
1.675 	 4.21998 	 -0.191435
1.7 	 4.21938 	 -0.191435
1.725 	 4.21876 	 -0.191435
1.75 	 4.21813 	 -0.191435
1.775 	 4.2175 	 -0.191435
1.8 	 4.21685 	 -0.191435
1.825 	 4.2162 	 -0.191435
1.85 	 4.21554 	 -0.191435
1.875 	 4.21486 	 -0.191435
1.9 	 4.21418 	 -0.191435
1.925 	 4.21349 	 -0.191435
1.95 	 4.21279 	 -0.191435
1.975 	 4.21208 	 -0.191435
2 	 4.21136 	 -0.191435
2.025 	 4.21063 	 -0.191435
2.05 	 4.2099 	 -0.191435
2.075 	 4.20915 	 -0.191435
2.1 	 4.20839 	 -0.191435
2.125 	 4.20763 	 -0.191435
2.15 	 4.20685 	 -0.191435
2.175 	 4.20607 	 -0.191435
2.2 	 4.20528 	 -0.191435
2.225 	 4.20447 	 -0.191435
2.25 	 4.20366 	 -0.191435
2.275 	 4.20284 	 -0.191435
2.3 	 4.20201 	 -0.191435
2.325 	 4.20117 	 -0.191435
2.35 	 4.20032 	 -0.191435
2.375 	 4.19947 	 -0.191435
2.4 	 4.1986 	 -0.191435
2.425 	 4.19772 	 -0.191435
2.45 	 4.19684 	 -0.191435
2.475 	 4.19594 	 -0.191435
2.5 	 4.19504 	 -0.191435
2.525 	 4.19412 	 -0.191435
2.55 	 4.1932 	 -0.191435
2.575 	 4.19227 	 -0.191435
2.6 	 4.19133 	 -0.191435
2.625 	 4.19037 	 -0.191435
2.65 	 4.18941 	 -0.191435
2.675 	 4.18844 	 -0.191435
2.7 	 4.18747 	 -0.191435
2.725 	 4.18648 	 -0.191435
2.75 	 4.18548 	 -0.191435
2.775 	 4.18447 	 -0.191434
2.8 	 4.18346 	 -0.191434
2.825 	 4.18243 	 -0.191434
2.85 	 4.1814 	 -0.191434
2.875 	 4.18036 	 -0.191434
2.9 	 4.1793 	 -0.191434
2.925 	 4.17824 	 -0.191434
2.95 	 4.17717 	 -0.191434
2.975 	 4.17609 	 -0.191434
3 	 4.175 	 -0.191434
3.025 	 4.1739 	 -0.191434
3.05 	 4.17279 	 -0.191434
3.075 	 4.17167 	 -0.191434
3.1 	 4.17055 	 -0.191434
3.125 	 4.16941 	 -0.191434
3.15 	 4.16826 	 -0.191434
3.175 	 4.16711 	 -0.191434
3.2 	 4.16595 	 -0.191434
3.225 	 4.16477 	 -0.191434
3.25 	 4.16359 	 -0.191434
3.275 	 4.1624 	 -0.191434
3.3 	 4.1612 	 -0.191434
3.325 	 4.15999 	 -0.191434
3.35 	 4.15877 	 -0.191434
3.375 	 4.15754 	 -0.191434
3.4 	 4.1563 	 -0.191434
3.425 	 4.15505 	 -0.191434
3.45 	 4.15379 	 -0.191434
3.475 	 4.15253 	 -0.191433
3.5 	 4.15125 	 -0.191433
3.525 	 4.14997 	 -0.191433
3.55 	 4.14867 	 -0.191433
3.575 	 4.14737 	 -0.191433
3.6 	 4.14606 	 -0.191433
3.625 	 4.14473 	 -0.191433
3.65 	 4.1434 	 -0.191433
3.675 	 4.14206 	 -0.191433
3.7 	 4.14071 	 -0.191433
3.725 	 4.13935 	 -0.191433
3.75 	 4.13799 	 -0.191433
3.775 	 4.13661 	 -0.191433
3.8 	 4.13522 	 -0.191433
3.825 	 4.13383 	 -0.191433
3.85 	 4.13242 	 -0.191433
3.875 	 4.13101 	 -0.191433
3.9 	 4.12958 	 -0.191432
3.925 	 4.12815 	 -0.191432
3.95 	 4.12671 	 -0.191432
3.975 	 4.12525 	 -0.191432
4 	 4.12379 	 -0.191432
4.025 	 4.12232 	 -0.191432
4.05 	 4.12084 	 -0.191432
4.075 	 4.11935 	 -0.191432
4.1 	 4.11786 	 -0.191432
4.125 	 4.11635 	 -0.191432
4.15 	 4.11483 	 -0.191432
4.175 	 4.11331 	 -0.191432
4.2 	 4.11177 	 -0.191431
4.225 	 4.11023 	 -0.191431
4.25 	 4.10867 	 -0.191431
4.275 	 4.10711 	 -0.191431
4.3 	 4.10554 	 -0.191431
4.325 	 4.10396 	 -0.191431
4.35 	 4.10237 	 -0.191431
4.375 	 4.10077 	 -0.191431
4.4 	 4.09916 	 -0.19143
4.425 	 4.09754 	 -0.19143
4.45 	 4.09591 	 -0.19143
4.475 	 4.09427 	 -0.19143
4.5 	 4.09263 	 -0.19143
4.525 	 4.09097 	 -0.19143
4.55 	 4.0893 	 -0.19143
4.575 	 4.08763 	 -0.191429
4.6 	 4.08595 	 -0.191429
4.625 	 4.08425 	 -0.191429
4.65 	 4.08255 	 -0.191429
4.675 	 4.08084 	 -0.191429
4.7 	 4.07912 	 -0.191429
4.725 	 4.07739 	 -0.191429
4.75 	 4.07565 	 -0.191428
4.775 	 4.0739 	 -0.191428
4.8 	 4.07214 	 -0.191428
4.825 	 4.07038 	 -0.191428
4.85 	 4.0686 	 -0.191428
4.875 	 4.06681 	 -0.191427
4.9 	 4.06502 	 -0.191427
4.925 	 4.06322 	 -0.191427
4.95 	 4.0614 	 -0.191427
4.975 	 4.05958 	 -0.191427
5 	 4.05775 	 -0.191426
5.025 	 4.05591 	 -0.191426
5.05 	 4.05406 	 -0.191426
5.075 	 4.0522 	 -0.191426
5.1 	 4.05033 	 -0.191425
5.125 	 4.04845 	 -0.191425
5.15 	 4.04656 	 -0.191425
5.175 	 4.04466 	 -0.191425
5.2 	 4.04276 	 -0.191424
5.225 	 4.04084 	 -0.191424
5.25 	 4.03892 	 -0.191424
5.275 	 4.03698 	 -0.191423
5.3 	 4.03504 	 -0.191423
5.325 	 4.03309 	 -0.191423
5.35 	 4.03113 	 -0.191422
5.375 	 4.02915 	 -0.191422
5.4 	 4.02717 	 -0.191422
5.425 	 4.02518 	 -0.191421
5.45 	 4.02319 	 -0.191421
5.475 	 4.02118 	 -0.191421
5.5 	 4.01916 	 -0.19142
5.525 	 4.01713 	 -0.19142
5.55 	 4.0151 	 -0.19142
5.575 	 4.01305 	 -0.191419
5.6 	 4.011 	 -0.191419
5.625 	 4.00893 	 -0.191418
5.65 	 4.00686 	 -0.191418
5.675 	 4.00478 	 -0.191418
5.7 	 4.00269 	 -0.191417
5.725 	 4.00059 	 -0.191417
5.75 	 3.99848 	 -0.191416
5.775 	 3.99636 	 -0.191416
5.8 	 3.99423 	 -0.191415
5.825 	 3.99209 	 -0.191415
5.85 	 3.98994 	 -0.191414
5.875 	 3.98779 	 -0.191414
5.9 	 3.98562 	 -0.191413
5.925 	 3.98344 	 -0.191412
5.95 	 3.98126 	 -0.191412
5.975 	 3.97907 	 -0.191411
6 	 3.97686 	 -0.191411
6.025 	 3.97465 	 -0.19141
6.05 	 3.97243 	 -0.191409
6.075 	 3.9702 	 -0.191409
6.1 	 3.96796 	 -0.191408
6.125 	 3.96571 	 -0.191407
6.15 	 3.96345 	 -0.191407
6.175 	 3.96118 	 -0.191406
6.2 	 3.95891 	 -0.191405
6.225 	 3.95662 	 -0.191404
6.25 	 3.95433 	 -0.191404
6.275 	 3.95202 	 -0.191403
6.3 	 3.94971 	 -0.191402
6.325 	 3.94738 	 -0.191401
6.35 	 3.94505 	 -0.1914
6.375 	 3.94271 	 -0.191399
6.4 	 3.94036 	 -0.191398
6.425 	 3.938 	 -0.191397
6.45 	 3.93563 	 -0.191396
6.475 	 3.93325 	 -0.191396
6.5 	 3.93086 	 -0.191394
6.525 	 3.92846 	 -0.191393
6.55 	 3.92606 	 -0.191392
6.575 	 3.92364 	 -0.191391
6.6 	 3.92121 	 -0.19139
6.625 	 3.91878 	 -0.191389
6.65 	 3.91634 	 -0.191388
6.675 	 3.91388 	 -0.191387
6.7 	 3.91142 	 -0.191385
6.725 	 3.90895 	 -0.191384
6.75 	 3.90647 	 -0.191383
6.775 	 3.90398 	 -0.191382
6.8 	 3.90148 	 -0.19138
6.825 	 3.89897 	 -0.191379
6.85 	 3.89645 	 -0.191377
6.875 	 3.89393 	 -0.191376
6.9 	 3.89139 	 -0.191374
6.925 	 3.88884 	 -0.191373
6.95 	 3.88629 	 -0.191371
6.975 	 3.88372 	 -0.19137
7 	 3.88115 	 -0.191368
7.025 	 3.87857 	 -0.191366
7.05 	 3.87598 	 -0.191364
7.075 	 3.87338 	 -0.191363
7.1 	 3.87076 	 -0.191361
7.125 	 3.86815 	 -0.191359
7.15 	 3.86552 	 -0.191357
7.175 	 3.86288 	 -0.191355
7.2 	 3.86023 	 -0.191353
7.225 	 3.85757 	 -0.191351
7.25 	 3.85491 	 -0.191349
7.275 	 3.85223 	 -0.191347
7.3 	 3.84955 	 -0.191344
7.325 	 3.84685 	 -0.191342
7.35 	 3.84415 	 -0.19134
7.375 	 3.84144 	 -0.191337
7.4 	 3.83872 	 -0.191335
7.425 	 3.83599 	 -0.191332
7.45 	 3.83325 	 -0.19133
7.475 	 3.8305 	 -0.191327
7.5 	 3.82774 	 -0.191324
7.525 	 3.82497 	 -0.191321
7.55 	 3.82219 	 -0.191318
7.575 	 3.81941 	 -0.191315
7.6 	 3.81661 	 -0.191312
7.625 	 3.81381 	 -0.191309
7.65 	 3.81099 	 -0.191306
7.675 	 3.80817 	 -0.191303
7.7 	 3.80534 	 -0.1913
7.725 	 3.8025 	 -0.191296
7.75 	 3.79965 	 -0.191293
7.775 	 3.79679 	 -0.191289
7.8 	 3.79392 	 -0.191285
7.825 	 3.79104 	 -0.191281
7.85 	 3.78815 	 -0.191278
7.875 	 3.78525 	 -0.191274
7.9 	 3.78235 	 -0.19127
7.925 	 3.77943 	 -0.191265
7.95 	 3.77651 	 -0.191261
7.975 	 3.77357 	 -0.191257
8 	 3.77063 	 -0.191252
8.025 	 3.76768 	 -0.191247
8.05 	 3.76472 	 -0.191243
8.075 	 3.76175 	 -0.191238
8.1 	 3.75877 	 -0.191238
8.125 	 3.75578 	 -0.191228
8.15 	 3.75278 	 -0.191222
8.175 	 3.74977 	 -0.191217
8.2 	 3.74675 	 -0.191212
8.225 	 3.74373 	 -0.191212
8.25 	 3.74069 	 -0.1912
8.275 	 3.73765 	 -0.191194
8.3 	 3.73459 	 -0.191188
8.325 	 3.73153 	 -0.191182
8.35 	 3.72846 	 -0.191182
8.375 	 3.72538 	 -0.191169
8.4 	 3.72229 	 -0.191162
8.425 	 3.71919 	 -0.191155
8.45 	 3.71608 	 -0.191148
8.475 	 3.71296 	 -0.191148
8.5 	 3.70983 	 -0.191134
8.525 	 3.7067 	 -0.191126
8.55 	 3.70355 	 -0.191118
8.575 	 3.7004 	 -0.19111
8.6 	 3.69723 	 -0.19111
8.625 	 3.69406 	 -0.191094
8.65 	 3.69088 	 -0.191085
8.675 	 3.68769 	 -0.191076
8.7 	 3.68449 	 -0.191067
8.725 	 3.68128 	 -0.191067
8.75 	 3.67806 	 -0.191048
8.775 	 3.67483 	 -0.191038
8.8 	 3.67159 	 -0.191028
8.825 	 3.66834 	 -0.191018
8.85 	 3.66509 	 -0.191018
8.875 	 3.66182 	 -0.190997
8.9 	 3.65855 	 -0.190986
8.925 	 3.65527 	 -0.190975
8.95 	 3.65197 	 -0.190963
8.975 	 3.64868 	 -0.190963
9 	 3.64536 	 -0.190939
9.025 	 3.64204 	 -0.190926
9.05 	 3.63871 	 -0.190914
9.075 	 3.63538 	 -0.1909
9.1 	 3.63203 	 -0.1909
9.125 	 3.62867 	 -0.190873
9.15 	 3.62531 	 -0.190859
9.175 	 3.62193 	 -0.190845
9.2 	 3.61855 	 -0.19083
9.225 	 3.61516 	 -0.19083
9.25 	 3.61176 	 -0.190799
9.275 	 3.60835 	 -0.190783
9.3 	 3.60493 	 -0.190766
9.325 	 3.6015 	 -0.19075
9.35 	 3.59806 	 -0.19075
9.375 	 3.59461 	 -0.190715
9.4 	 3.59116 	 -0.190697
9.425 	 3.58769 	 -0.190678
9.45 	 3.58422 	 -0.190659
9.475 	 3.58074 	 -0.190659
9.5 	 3.57724 	 -0.19062
9.525 	 3.57374 	 -0.190599
9.55 	 3.57023 	 -0.190578
9.575 	 3.56671 	 -0.190557
9.6 	 3.56318 	 -0.190535
9.625 	 3.55964 	 -0.190512
9.65 	 3.5561 	 -0.190489
9.675 	 3.55254 	 -0.190466
9.7 	 3.54898 	 -0.190441
9.725 	 3.54541 	 -0.190417
9.75 	 3.54182 	 -0.190391
9.775 	 3.53823 	 -0.190365
9.8 	 3.53463 	 -0.190338
9.825 	 3.53102 	 -0.190311
9.85 	 3.5274 	 -0.190283
9.875 	 3.52378 	 -0.190254
9.9 	 3.52014 	 -0.190224
9.925 	 3.5165 	 -0.190194
9.95 	 3.51284 	 -0.190163
9.975 	 3.50918 	 -0.190132
10 	 3.50551 	 -0.190099
10.025 	 3.50183 	 -0.190066
10.05 	 3.49814 	 -0.190032
10.075 	 3.49444 	 -0.189997
10.1 	 3.49073 	 -0.189961
10.125 	 3.48702 	 -0.189924
10.15 	 3.48329 	 -0.189887
10.175 	 3.47956 	 -0.189848
10.2 	 3.47582 	 -0.189809
10.225 	 3.47206 	 -0.189769
10.25 	 3.4683 	 -0.189727
10.275 	 3.46454 	 -0.189685
10.3 	 3.46076 	 -0.189642
10.325 	 3.45697 	 -0.189597
10.35 	 3.45318 	 -0.189552
10.375 	 3.44937 	 -0.189505
10.4 	 3.44556 	 -0.189457
10.425 	 3.44174 	 -0.189409
10.45 	 3.43791 	 -0.189359
10.475 	 3.43407 	 -0.189307
10.5 	 3.43022 	 -0.189255
10.525 	 3.42637 	 -0.189201
10.55 	 3.4225 	 -0.189146
10.575 	 3.41863 	 -0.18909
10.6 	 3.41475 	 -0.189032
10.625 	 3.41086 	 -0.188973
10.65 	 3.40696 	 -0.188913
10.675 	 3.40305 	 -0.188851
10.7 	 3.39914 	 -0.188787
10.725 	 3.39521 	 -0.188722
10.75 	 3.39128 	 -0.188656
10.775 	 3.38734 	 -0.188588
10.8 	 3.38339 	 -0.188519
10.825 	 3.37943 	 -0.188447
10.85 	 3.37546 	 -0.188374
10.875 	 3.37149 	 -0.1883
10.9 	 3.36751 	 -0.188223
10.925 	 3.36352 	 -0.188145
10.95 	 3.35952 	 -0.188065
10.975 	 3.35551 	 -0.187984
11 	 3.35149 	 -0.1879
11.025 	 3.34747 	 -0.187814
11.05 	 3.34343 	 -0.187727
11.075 	 3.33939 	 -0.187637
11.1 	 3.33535 	 -0.187545
11.125 	 3.33129 	 -0.187451
11.15 	 3.32722 	 -0.187355
11.175 	 3.32315 	 -0.187257
11.2 	 3.31907 	 -0.187157
11.225 	 3.31498 	 -0.187054
11.25 	 3.31088 	 -0.186949
11.275 	 3.30678 	 -0.186842
11.3 	 3.30266 	 -0.186732
11.325 	 3.29854 	 -0.186619
11.35 	 3.29442 	 -0.186505
11.375 	 3.29028 	 -0.186387
11.4 	 3.28613 	 -0.186267
11.425 	 3.28198 	 -0.186145
11.45 	 3.27782 	 -0.186019
11.475 	 3.27366 	 -0.185891
11.5 	 3.26948 	 -0.18576
11.525 	 3.2653 	 -0.185626
11.55 	 3.26111 	 -0.185489
11.575 	 3.25691 	 -0.18535
11.6 	 3.25271 	 -0.185207
11.625 	 3.2485 	 -0.185061
11.65 	 3.24428 	 -0.184912
11.675 	 3.24005 	 -0.18476
11.7 	 3.23582 	 -0.184604
11.725 	 3.23158 	 -0.184445
11.75 	 3.22733 	 -0.184283
11.775 	 3.22307 	 -0.184117
11.8 	 3.21881 	 -0.183948
11.825 	 3.21454 	 -0.183776
11.85 	 3.21027 	 -0.1836
11.875 	 3.20598 	 -0.18342
11.9 	 3.20169 	 -0.183236
11.925 	 3.1974 	 -0.183049
11.95 	 3.1931 	 -0.182858
11.975 	 3.18879 	 -0.182663
12 	 3.18447 	 -0.182464
12.025 	 3.18015 	 -0.182261
12.05 	 3.17582 	 -0.182054
12.075 	 3.17148 	 -0.181842
12.1 	 3.16714 	 -0.181627
12.125 	 3.1628 	 -0.181407
12.15 	 3.15844 	 -0.181184
12.175 	 3.15408 	 -0.180955
12.2 	 3.14972 	 -0.180723
12.225 	 3.14535 	 -0.180486
12.25 	 3.14097 	 -0.180244
12.275 	 3.13659 	 -0.179998
12.3 	 3.1322 	 -0.179747
12.325 	 3.12781 	 -0.179492
12.35 	 3.12341 	 -0.179231
12.375 	 3.119 	 -0.178967
12.4 	 3.11459 	 -0.178697
12.425 	 3.11018 	 -0.178422
12.45 	 3.10576 	 -0.178142
12.475 	 3.10134 	 -0.177858
12.5 	 3.09691 	 -0.177568
12.525 	 3.09247 	 -0.177273
12.55 	 3.08803 	 -0.176973
12.575 	 3.08359 	 -0.176668
12.6 	 3.07914 	 -0.176358
12.625 	 3.07469 	 -0.176043
12.65 	 3.07024 	 -0.175722
12.675 	 3.06578 	 -0.175396
12.7 	 3.06131 	 -0.175064
12.725 	 3.05684 	 -0.174727
12.75 	 3.05237 	 -0.174385
12.775 	 3.0479 	 -0.174037
12.8 	 3.04342 	 -0.173684
12.825 	 3.03894 	 -0.173325
12.85 	 3.03445 	 -0.17296
12.875 	 3.02996 	 -0.17259
12.9 	 3.02547 	 -0.172215
12.925 	 3.02098 	 -0.171834
12.95 	 3.01648 	 -0.171447
12.975 	 3.01198 	 -0.171055
13 	 3.00748 	 -0.170656
13.025 	 3.00298 	 -0.170253
13.05 	 2.99847 	 -0.169843
13.075 	 2.99397 	 -0.169428
13.1 	 2.98946 	 -0.169007
13.125 	 2.98494 	 -0.168581
13.15 	 2.98043 	 -0.168149
13.175 	 2.97592 	 -0.167711
13.2 	 2.9714 	 -0.167268
13.225 	 2.96689 	 -0.166818
13.25 	 2.96237 	 -0.166364
13.275 	 2.95785 	 -0.165903
13.3 	 2.95333 	 -0.165438
13.325 	 2.94881 	 -0.164966
13.35 	 2.9443 	 -0.164489
13.375 	 2.93978 	 -0.164006
13.4 	 2.93526 	 -0.163518
13.425 	 2.93074 	 -0.163025
13.45 	 2.92622 	 -0.162526
13.475 	 2.9217 	 -0.162022
13.5 	 2.91718 	 -0.161512
13.525 	 2.91267 	 -0.160997
13.55 	 2.90815 	 -0.160477
13.575 	 2.90364 	 -0.159952
13.6 	 2.89912 	 -0.159421
13.625 	 2.89461 	 -0.158886
13.65 	 2.8901 	 -0.158345
13.675 	 2.8856 	 -0.1578
13.7 	 2.88109 	 -0.15725
13.725 	 2.87659 	 -0.156694
13.75 	 2.87208 	 -0.156135
13.775 	 2.86759 	 -0.15557
13.8 	 2.86309 	 -0.155001
13.825 	 2.8586 	 -0.154427
13.85 	 2.85411 	 -0.153849
13.875 	 2.84962 	 -0.153266
13.9 	 2.84514 	 -0.152679
13.925 	 2.84066 	 -0.152088
13.95 	 2.83618 	 -0.151493
13.975 	 2.83171 	 -0.150894
14 	 2.82724 	 -0.150291
14.025 	 2.82277 	 -0.149684
14.05 	 2.81831 	 -0.149073
14.075 	 2.81386 	 -0.148459
14.1 	 2.8094 	 -0.147841
14.125 	 2.80496 	 -0.147219
14.15 	 2.80052 	 -0.146595
14.175 	 2.79608 	 -0.145967
14.2 	 2.79165 	 -0.145335
14.225 	 2.78722 	 -0.144701
14.25 	 2.7828 	 -0.144064
14.275 	 2.77839 	 -0.143424
14.3 	 2.77398 	 -0.142781
14.325 	 2.76957 	 -0.142136
14.35 	 2.76518 	 -0.141488
14.375 	 2.76078 	 -0.140837
14.4 	 2.7564 	 -0.140184
14.425 	 2.75202 	 -0.139529
14.45 	 2.74765 	 -0.138872
14.475 	 2.74328 	 -0.138213
14.5 	 2.73893 	 -0.137552
14.525 	 2.73457 	 -0.136889
14.55 	 2.73023 	 -0.136224
14.575 	 2.72589 	 -0.135558
14.6 	 2.72156 	 -0.13489
14.625 	 2.71724 	 -0.134221
14.65 	 2.71292 	 -0.133551
14.675 	 2.70861 	 -0.13288
14.7 	 2.70431 	 -0.132207
14.725 	 2.70002 	 -0.131533
14.75 	 2.69574 	 -0.130859
14.775 	 2.69146 	 -0.130184
14.8 	 2.68719 	 -0.129508
14.825 	 2.68293 	 -0.128831
14.85 	 2.67868 	 -0.128154
14.875 	 2.67444 	 -0.127477
14.9 	 2.6702 	 -0.126799
14.925 	 2.66597 	 -0.126121
14.95 	 2.66175 	 -0.125443
14.975 	 2.65754 	 -0.124765
15 	 2.65334 	 -0.124087
15.025 	 2.64915 	 -0.123409
15.05 	 2.64497 	 -0.122731
15.075 	 2.64079 	 -0.122054
15.1 	 2.63663 	 -0.121377
15.125 	 2.63247 	 -0.120701
15.15 	 2.62832 	 -0.120025
15.175 	 2.62418 	 -0.11935
15.2 	 2.62006 	 -0.118675
15.225 	 2.61594 	 -0.118002
15.25 	 2.61183 	 -0.117329
15.275 	 2.60772 	 -0.116657
15.3 	 2.60363 	 -0.115986
15.325 	 2.59955 	 -0.115317
15.35 	 2.59548 	 -0.114648
15.375 	 2.59141 	 -0.113981
15.4 	 2.58736 	 -0.113315
15.425 	 2.58332 	 -0.11265
15.45 	 2.57928 	 -0.111987
15.475 	 2.57526 	 -0.111325
15.5 	 2.57124 	 -0.110665
15.525 	 2.56724 	 -0.110006
15.55 	 2.56324 	 -0.109349
15.575 	 2.55925 	 -0.108694
15.6 	 2.55528 	 -0.10804
15.625 	 2.55131 	 -0.107388
15.65 	 2.54736 	 -0.106738
15.675 	 2.54341 	 -0.10609
15.7 	 2.53947 	 -0.105444
15.725 	 2.53555 	 -0.1048
15.75 	 2.53163 	 -0.104158
15.775 	 2.52772 	 -0.103518
15.8 	 2.52382 	 -0.10288
15.825 	 2.51994 	 -0.102244
15.85 	 2.51606 	 -0.10161
15.875 	 2.51219 	 -0.100979
15.9 	 2.50834 	 -0.10035
15.925 	 2.50449 	 -0.0997228
15.95 	 2.50065 	 -0.0990983
15.975 	 2.49682 	 -0.0984761
16 	 2.49301 	 -0.0978563
16.025 	 2.4892 	 -0.097239
16.05 	 2.4854 	 -0.096624
16.075 	 2.48165 	 -0.096624
16.1 	 2.47784 	 -0.0954016
16.125 	 2.47407 	 -0.0947941
16.15 	 2.47031 	 -0.0941892
16.175 	 2.46657 	 -0.0935868
16.2 	 2.46286 	 -0.0935868
16.225 	 2.4591 	 -0.0923899
16.25 	 2.45538 	 -0.0917953
16.275 	 2.45168 	 -0.0912034
16.3 	 2.44798 	 -0.0906141
16.325 	 2.44432 	 -0.0906141
16.35 	 2.44061 	 -0.0894435
16.375 	 2.43695 	 -0.0888623
16.4 	 2.43329 	 -0.0882837
16.425 	 2.42964 	 -0.0877079
16.45 	 2.42603 	 -0.0877079
16.475 	 2.42237 	 -0.0865645
16.5 	 2.41875 	 -0.0859969
16.525 	 2.41515 	 -0.0854321
16.55 	 2.41155 	 -0.08487
16.575 	 2.40798 	 -0.08487
16.6 	 2.40438 	 -0.0837542
16.625 	 2.40081 	 -0.0832005
16.65 	 2.39725 	 -0.0826496
16.675 	 2.3937 	 -0.0821015
16.7 	 2.39018 	 -0.0821015
16.725 	 2.38663 	 -0.0810136
16.75 	 2.3831 	 -0.0804739
16.775 	 2.37959 	 -0.079937
16.8 	 2.37609 	 -0.0794029
16.825 	 2.37262 	 -0.0794029
16.85 	 2.36911 	 -0.0783432
16.875 	 2.36564 	 -0.0778176
16.9 	 2.36218 	 -0.0772947
16.925 	 2.35872 	 -0.0767747
16.95 	 2.35529 	 -0.0767747
16.975 	 2.35184 	 -0.0757431
17 	 2.34841 	 -0.0752315
17.025 	 2.345 	 -0.0747227
17.05 	 2.34159 	 -0.0742167
17.075 	 2.33821 	 -0.0742167
17.1 	 2.3348 	 -0.0732132
17.125 	 2.33142 	 -0.0727156
17.15 	 2.32805 	 -0.0722208
17.175 	 2.32469 	 -0.0717287
17.2 	 2.32135 	 -0.0717287
17.225 	 2.318 	 -0.070753
17.25 	 2.31466 	 -0.0702693
17.275 	 2.31134 	 -0.0697884
17.3 	 2.30802 	 -0.0693102
17.325 	 2.30473 	 -0.0693102
17.35 	 2.30142 	 -0.068362
17.375 	 2.29813 	 -0.067892
17.4 	 2.29485 	 -0.0674248
17.425 	 2.29158 	 -0.0669602
17.45 	 2.28833 	 -0.0669602
17.475 	 2.28507 	 -0.0660393
17.5 	 2.28182 	 -0.0655829
17.525 	 2.27859 	 -0.0651292
17.55 	 2.27536 	 -0.0646781
17.575 	 2.27215 	 -0.0646781
17.6 	 2.26894 	 -0.063784
17.625 	 2.26574 	 -0.0633409
17.65 	 2.26255 	 -0.0629005
17.675 	 2.25936 	 -0.0624627
17.7 	 2.2562 	 -0.0624627
17.725 	 2.25302 	 -0.061595
17.75 	 2.24987 	 -0.061165
17.775 	 2.24672 	 -0.0607377
17.8 	 2.24358 	 -0.0603129
17.825 	 2.24046 	 -0.0603129
17.85 	 2.23733 	 -0.0594711
17.875 	 2.23421 	 -0.059054
17.9 	 2.23111 	 -0.0586395
17.925 	 2.22801 	 -0.0582275
17.95 	 2.22493 	 -0.0582275
17.975 	 2.22184 	 -0.0574111
18 	 2.21877 	 -0.0570066
18.025 	 2.21571 	 -0.0566047
18.05 	 2.21265 	 -0.0562052
18.075 	 2.20961 	 -0.0562052
18.1 	 2.20656 	 -0.0554137
18.125 	 2.20353 	 -0.0550216
18.15 	 2.20051 	 -0.0546319
18.175 	 2.1975 	 -0.0542447
18.2 	 2.19449 	 -0.0542447
18.225 	 2.19149 	 -0.0534775
18.25 	 2.1885 	 -0.0530975
18.275 	 2.18552 	 -0.0527199
18.3 	 2.18254 	 -0.0523446
18.325 	 2.17958 	 -0.0523446
18.35 	 2.17662 	 -0.0516012
18.375 	 2.17367 	 -0.051233
18.4 	 2.17072 	 -0.0508672
18.425 	 2.16779 	 -0.0505036
18.45 	 2.16486 	 -0.0505036
18.475 	 2.16194 	 -0.0497835
18.5 	 2.15903 	 -0.0494268
18.525 	 2.15612 	 -0.0490724
18.55 	 2.15323 	 -0.0487203
18.575 	 2.15034 	 -0.0487203
18.6 	 2.14746 	 -0.0480228
18.625 	 2.14458 	 -0.0476774
18.65 	 2.14172 	 -0.0473342
18.675 	 2.13886 	 -0.0469932
18.7 	 2.13601 	 -0.0469932
18.725 	 2.13316 	 -0.0463178
18.75 	 2.13033 	 -0.0459834
18.775 	 2.1275 	 -0.0456511
18.8 	 2.12468 	 -0.045321
18.825 	 2.12187 	 -0.045321
18.85 	 2.11906 	 -0.0446672
18.875 	 2.11626 	 -0.0443435
18.9 	 2.11347 	 -0.0440218
18.925 	 2.11068 	 -0.0437023
18.95 	 2.10791 	 -0.0437023
18.975 	 2.10513 	 -0.0430695
19 	 2.10237 	 -0.0427562
19.025 	 2.09961 	 -0.0424449
19.05 	 2.09687 	 -0.0421357
19.075 	 2.09413 	 -0.0421357
19.1 	 2.09139 	 -0.0415233
19.125 	 2.08866 	 -0.0412201
19.15 	 2.08594 	 -0.040919
19.175 	 2.08323 	 -0.0406198
19.2 	 2.08052 	 -0.0403226
19.225 	 2.07782 	 -0.0400273
19.25 	 2.07513 	 -0.0397341
19.275 	 2.07245 	 -0.0394427
19.3 	 2.06977 	 -0.0391533
19.325 	 2.0671 	 -0.0388658
19.35 	 2.06443 	 -0.0385802
19.375 	 2.06177 	 -0.0382966
19.4 	 2.05912 	 -0.0380148
19.425 	 2.05648 	 -0.0377349
19.45 	 2.05384 	 -0.0374568
19.475 	 2.05121 	 -0.0371806
19.5 	 2.04858 	 -0.0369063
19.525 	 2.04596 	 -0.0366338
19.55 	 2.04335 	 -0.0363632
19.575 	 2.04075 	 -0.0360943
19.6 	 2.03815 	 -0.0358273
19.625 	 2.03556 	 -0.0355621
19.65 	 2.03298 	 -0.0352986
19.675 	 2.0304 	 -0.0350369
19.7 	 2.02783 	 -0.034777
19.725 	 2.02526 	 -0.0345189
19.75 	 2.0227 	 -0.0342625
19.775 	 2.02015 	 -0.0340078
19.8 	 2.0176 	 -0.0337549
19.825 	 2.01506 	 -0.0335037
19.85 	 2.01253 	 -0.0332542
19.875 	 2.01 	 -0.0330064
19.9 	 2.00748 	 -0.0327602
19.925 	 2.00497 	 -0.0325158
19.95 	 2.00246 	 -0.032273
19.975 	 1.99996 	 -0.0320319
20 	 1.99746 	 -0.0317925
20.025 	 1.99497 	 -0.0315546
20.05 	 1.99249 	 -0.0313184
20.075 	 1.99001 	 -0.0310839
20.1 	 1.98754 	 -0.0308509
20.125 	 1.98508 	 -0.0306196
20.15 	 1.98262 	 -0.0303898
20.175 	 1.98016 	 -0.0301616
20.2 	 1.97772 	 -0.029935
20.225 	 1.97528 	 -0.02971
20.25 	 1.97284 	 -0.0294865
20.275 	 1.97041 	 -0.0292645
20.3 	 1.96799 	 -0.0290441
20.325 	 1.96557 	 -0.0288253
20.35 	 1.96316 	 -0.0286079
20.375 	 1.96076 	 -0.0283921
20.4 	 1.95836 	 -0.0281777
20.425 	 1.95596 	 -0.0279649
20.45 	 1.95358 	 -0.0277535
20.475 	 1.9512 	 -0.0275436
20.5 	 1.94882 	 -0.0273352
20.525 	 1.94645 	 -0.0271282
20.55 	 1.94409 	 -0.0269227
20.575 	 1.94173 	 -0.0267186
20.6 	 1.93937 	 -0.026516
20.625 	 1.93703 	 -0.0263148
20.65 	 1.93468 	 -0.0261149
20.675 	 1.93235 	 -0.0259165
20.7 	 1.93002 	 -0.0257195
20.725 	 1.92769 	 -0.0255239
20.75 	 1.92537 	 -0.0253297
20.775 	 1.92306 	 -0.0251368
20.8 	 1.92075 	 -0.0249453
20.825 	 1.91845 	 -0.0247551
20.85 	 1.91615 	 -0.0245663
20.875 	 1.91386 	 -0.0243788
20.9 	 1.91157 	 -0.0241927
20.925 	 1.90929 	 -0.0240079
20.95 	 1.90702 	 -0.0238244
20.975 	 1.90475 	 -0.0236422
21 	 1.90248 	 -0.0234612
21.025 	 1.90023 	 -0.0232816
21.05 	 1.89797 	 -0.0231033
21.075 	 1.89572 	 -0.0229262
21.1 	 1.89348 	 -0.0227504
21.125 	 1.89124 	 -0.0225759
21.15 	 1.88901 	 -0.0224026
21.175 	 1.88678 	 -0.0222305
21.2 	 1.88456 	 -0.0220597
21.225 	 1.88234 	 -0.0218901
21.25 	 1.88013 	 -0.0217218
21.275 	 1.87793 	 -0.0215546
21.3 	 1.87572 	 -0.0213886
21.325 	 1.87353 	 -0.0212239
21.35 	 1.87134 	 -0.0210603
21.375 	 1.86915 	 -0.0208979
21.4 	 1.86697 	 -0.0207367
21.425 	 1.86479 	 -0.0205766
21.45 	 1.86262 	 -0.0204177
21.475 	 1.86046 	 -0.02026
21.5 	 1.8583 	 -0.0201034
21.525 	 1.85614 	 -0.0199479
21.55 	 1.85399 	 -0.0197936
21.575 	 1.85185 	 -0.0196403
21.6 	 1.84971 	 -0.0194882
21.625 	 1.84757 	 -0.0193372
21.65 	 1.84544 	 -0.0191873
21.675 	 1.84331 	 -0.0190385
21.7 	 1.84119 	 -0.0188908
21.725 	 1.83908 	 -0.0187442
21.75 	 1.83696 	 -0.0185986
21.775 	 1.83486 	 -0.0184541
21.8 	 1.83276 	 -0.0183106
21.825 	 1.83066 	 -0.0181682
21.85 	 1.82857 	 -0.0180269
21.875 	 1.82648 	 -0.0178866
21.9 	 1.8244 	 -0.0177473
21.925 	 1.82232 	 -0.017609
21.95 	 1.82025 	 -0.0174718
21.975 	 1.81818 	 -0.0173355
22 	 1.81612 	 -0.0172003
22.025 	 1.81406 	 -0.0170661
22.05 	 1.812 	 -0.0169328
22.075 	 1.80995 	 -0.0168006
22.1 	 1.80791 	 -0.0166693
22.125 	 1.80587 	 -0.016539
22.15 	 1.80383 	 -0.0164096
22.175 	 1.8018 	 -0.0162812
22.2 	 1.79977 	 -0.0161538
22.225 	 1.79775 	 -0.0160273
22.25 	 1.79573 	 -0.0159017
22.275 	 1.79372 	 -0.0157771
22.3 	 1.79171 	 -0.0156534
22.325 	 1.78971 	 -0.0155307
22.35 	 1.78771 	 -0.0154088
22.375 	 1.78571 	 -0.0152878
22.4 	 1.78372 	 -0.0151678
22.425 	 1.78174 	 -0.0150486
22.45 	 1.77975 	 -0.0149304
22.475 	 1.77778 	 -0.014813
22.5 	 1.7758 	 -0.0146965
22.525 	 1.77384 	 -0.0145809
22.55 	 1.77187 	 -0.0144661
22.575 	 1.76991 	 -0.0143522
22.6 	 1.76796 	 -0.0142391
22.625 	 1.766 	 -0.0141269
22.65 	 1.76406 	 -0.0140156
22.675 	 1.76211 	 -0.0139051
22.7 	 1.76018 	 -0.0137954
22.725 	 1.75824 	 -0.0136865
22.75 	 1.75631 	 -0.0135785
22.775 	 1.75439 	 -0.0134712
22.8 	 1.75246 	 -0.0133648
22.825 	 1.75055 	 -0.0132592
22.85 	 1.74863 	 -0.0131544
22.875 	 1.74672 	 -0.0130503
22.9 	 1.74482 	 -0.0129471
22.925 	 1.74292 	 -0.0128446
22.95 	 1.74102 	 -0.0127429
22.975 	 1.73913 	 -0.012642
23 	 1.73724 	 -0.0125419
23.025 	 1.73536 	 -0.0124425
23.05 	 1.73348 	 -0.0123438
23.075 	 1.7316 	 -0.0122459
23.1 	 1.72973 	 -0.0121488
23.125 	 1.72786 	 -0.0120524
23.15 	 1.726 	 -0.0119567
23.175 	 1.72414 	 -0.0118618
23.2 	 1.72228 	 -0.0117675
23.225 	 1.72043 	 -0.011674
23.25 	 1.71858 	 -0.0115813
23.275 	 1.71674 	 -0.0114892
23.3 	 1.7149 	 -0.0113978
23.325 	 1.71306 	 -0.0113071
23.35 	 1.71123 	 -0.0112171
23.375 	 1.7094 	 -0.0111278
23.4 	 1.70758 	 -0.0110392
23.425 	 1.70576 	 -0.0109513
23.45 	 1.70394 	 -0.010864
23.475 	 1.70213 	 -0.0107774
23.5 	 1.70032 	 -0.0106915
23.525 	 1.69851 	 -0.0106062
23.55 	 1.69671 	 -0.0105216
23.575 	 1.69492 	 -0.0104376
23.6 	 1.69312 	 -0.0103543
23.625 	 1.69133 	 -0.0102716
23.65 	 1.68955 	 -0.0101896
23.675 	 1.68776 	 -0.0101082
23.7 	 1.68599 	 -0.0100274
23.725 	 1.68421 	 -0.00994725
23.75 	 1.68244 	 -0.00986771
23.775 	 1.68067 	 -0.00978879
23.8 	 1.67891 	 -0.00971047
23.825 	 1.67715 	 -0.00963276
23.85 	 1.67539 	 -0.00955565
23.875 	 1.67364 	 -0.00947913
23.9 	 1.67189 	 -0.00940321
23.925 	 1.67015 	 -0.00932788
23.95 	 1.66841 	 -0.00925313
23.975 	 1.66667 	 -0.00917896
24 	 1.66493 	 -0.00910536
24.025 	 1.6632 	 -0.00903233
24.05 	 1.66148 	 -0.00895988
24.075 	 1.65975 	 -0.00888798
24.1 	 1.65803 	 -0.00881664
24.125 	 1.65632 	 -0.00874586
24.15 	 1.6546 	 -0.00867563
24.175 	 1.65289 	 -0.00860595
24.2 	 1.65119 	 -0.0085368
24.225 	 1.64949 	 -0.0084682
24.25 	 1.64779 	 -0.00840013
24.275 	 1.64609 	 -0.00833259
24.3 	 1.6444 	 -0.00826558
24.325 	 1.64271 	 -0.00819909
24.35 	 1.64103 	 -0.00813312
24.375 	 1.63934 	 -0.00806767
24.4 	 1.63767 	 -0.00800272
24.425 	 1.63599 	 -0.00793829
24.45 	 1.63432 	 -0.00787436
24.475 	 1.63265 	 -0.00781093
24.5 	 1.63099 	 -0.00774799
24.525 	 1.62933 	 -0.00768555
24.55 	 1.62767 	 -0.0076236
24.575 	 1.62602 	 -0.00756213
24.6 	 1.62437 	 -0.00750115
24.625 	 1.62272 	 -0.00744064
24.65 	 1.62107 	 -0.00738061
24.675 	 1.61943 	 -0.00732105
24.7 	 1.6178 	 -0.00726196
24.725 	 1.61616 	 -0.00720333
24.75 	 1.61453 	 -0.00714517
24.775 	 1.6129 	 -0.00708746
24.8 	 1.61128 	 -0.0070302
24.825 	 1.60966 	 -0.0069734
24.85 	 1.60804 	 -0.00691704
24.875 	 1.60643 	 -0.00686113
24.9 	 1.60481 	 -0.00680565
24.925 	 1.60321 	 -0.00675062
24.95 	 1.6016 	 -0.00669602
24.975 	 1.6 	 -0.00664185
