0	1.5
1000	1.5
2000	1.5
3000	1.5
4000	1.5
5000	1.5
6000	1.5
7000	1.5
8000	1.5
9000	1.5
10000	1.5
11000	1.5
12000	1.5
13000	1.5
14000	1.5
15000	1.5
16000	1.5
17000	1.5
18000	1.5
19000	1.5
20000	1.5
21000	1.5
22000	1.5
23000	1.5
24000	1.5
25000	1.5
26000	1.5
27000	1.5
28000	1.5
29000	1.5
30000	1.5
31000	1.5
32000	1.5
33000	1.5
34000	1.5
35000	1.5
36000	1.5
37000	1.5
38000	1.5
39000	1.5
40000	1.5
41000	1.5
42000	1.5
43000	1.5
44000	1.5
45000	1.5
46000	1.5
47000	1.5
48000	1.5
49000	1.5
50000	1.5
51000	1.5
52000	1.5
53000	1.5
54000	1.5
55000	1.5
56000	1.5
57000	1.5
58000	1.5
59000	1.5
60000	1.5
61000	1.5
62000	1.5
63000	1.5
64000	1.5
65000	1.5
66000	1.5
67000	1.5
68000	1.5
69000	1.5
70000	1.5
71000	1.5
72000	1.5
73000	1.5
74000	1.5
75000	1.5
76000	1.5
77000	1.5
78000	1.5
79000	1.5
80000	1.5
81000	1.5
82000	1.5
83000	1.5
84000	1.5
85000	1.5
86000	1.5
87000	1.5
88000	1.5
89000	1.5
90000	1.5
91000	1.5
92000	1.5
93000	1.5
94000	1.5
95000	1.5
96000	1.5
97000	1.5
98000	1.5
99000	1.5
100000	1.5
101000	1.5
102000	1.5
103000	1.5
104000	1.5
105000	1.5
106000	1.5
107000	1.5
108000	1.5
109000	1.5
110000	1.5
111000	1.5
112000	1.5
113000	1.5
114000	1.5
115000	1.5
116000	1.5
117000	1.5
118000	1.5
119000	1.5
120000	1.5
121000	1.5
122000	1.5
123000	1.5
124000	1.5
125000	1.5
126000	1.5
127000	1.5
128000	1.5
129000	1.5
130000	1.5
131000	1.5
132000	1.5
133000	1.5
134000	1.5
135000	1.5
136000	1.5
137000	1.5
138000	1.5
139000	1.5
140000	1.5
141000	1.5
142000	1.5
143000	1.5
144000	1.5
145000	1.5
146000	1.5
147000	1.5
148000	1.5
149000	1.5
150000	1.5
151000	1.5
152000	1.5
153000	1.5
154000	1.5
155000	1.5
156000	1.5
157000	1.5
158000	1.5
159000	1.5
160000	1.5
161000	1.5
162000	1.5
163000	1.5
164000	1.5
165000	1.5
166000	1.5
167000	1.5
168000	1.5
169000	1.5
170000	1.5
171000	1.5
172000	1.5
173000	1.5
174000	1.5
175000	1.5
176000	1.5
177000	1.5
178000	1.5
179000	1.5
180000	1.5
181000	1.5
182000	1.5
183000	1.5
184000	1.5
185000	1.5
186000	1.5
187000	1.5
188000	1.5
189000	1.5
190000	1.5
191000	1.5
192000	1.5
193000	1.5
194000	1.5
195000	1.5
196000	1.5
197000	1.5
198000	1.5
199000	1.5
200000	1.5
201000	1.5
202000	1.5
203000	1.5
204000	1.5
205000	1.5
206000	1.5
207000	1.5
208000	1.5
209000	1.5
210000	1.5
211000	1.5
212000	1.5
213000	1.5
214000	1.5
215000	1.5
216000	1.5
217000	1.5
218000	1.5
219000	1.5
220000	1.5
221000	1.5
222000	1.5
223000	1.5
224000	1.5
225000	1.5
226000	1.5
227000	1.5
228000	1.5
229000	1.5
230000	1.5
231000	1.5
232000	1.5
233000	1.5
234000	1.5
235000	1.5
236000	1.5
237000	1.5
238000	1.5
239000	1.5
240000	1.5
241000	1.5
242000	1.5
243000	1.5
244000	1.5
245000	1.5
246000	1.5
247000	1.5
248000	1.5
249000	1.5
250000	1.5
251000	1.5
252000	1.5
253000	1.5
254000	1.5
255000	1.5
256000	1.5
257000	1.5
258000	1.5
259000	1.5
260000	1.5
261000	1.5
262000	1.5
263000	1.5
264000	1.5
265000	1.5
266000	1.5
267000	1.5
268000	1.5
269000	1.5
270000	1.5
271000	1.5
272000	1.5
273000	1.5
274000	1.5
275000	1.5
276000	1.5
277000	1.5
278000	1.5
279000	1.5
280000	1.5
281000	1.5
282000	1.5
283000	1.5
284000	1.5
285000	1.5
286000	1.5
287000	1.5
288000	1.5
289000	1.5
290000	1.5
291000	1.5
292000	1.5
293000	1.5
294000	1.5
295000	1.5
296000	1.5
297000	1.5
298000	1.5
299000	1.5
300000	1.5
301000	1.5
302000	1.5
303000	1.5
304000	1.5
305000	1.5
306000	1.5
307000	1.5
308000	1.5
309000	1.5
310000	1.5
311000	1.5
312000	1.5
313000	1.5
314000	1.5
315000	1.5
316000	1.5
317000	1.5
318000	1.5
319000	1.5
320000	1.5
321000	1.5
322000	1.5
323000	1.5
324000	1.5
325000	1.5
326000	1.5
327000	1.5
328000	1.5
329000	1.5
330000	1.5
331000	1.5
332000	1.5
333000	1.5
334000	1.5
335000	1.5
336000	1.5
337000	1.5
338000	1.5
339000	1.5
340000	1.5
341000	1.5
342000	1.5
343000	1.5
344000	1.5
345000	1.5
346000	1.5
347000	1.5
348000	1.5
349000	1.5
350000	1.5
351000	1.5
352000	1.5
353000	1.5
354000	1.5
355000	1.5
356000	1.5
357000	1.5
358000	1.5
359000	1.5
360000	1.5
361000	1.5
362000	1.5
363000	1.5
364000	1.5
365000	1.5
366000	1.5
367000	1.5
368000	1.5
369000	1.5
370000	1.5
371000	1.5
372000	1.5
373000	1.5
374000	1.5
375000	1.5
376000	1.5
377000	1.5
378000	1.5
379000	1.5
380000	1.5
381000	1.5
382000	1.5
383000	1.5
384000	1.5
385000	1.5
386000	1.5
387000	1.5
388000	1.5
389000	1.5
390000	1.5
391000	1.5
392000	1.5
393000	1.5
394000	1.5
395000	1.5
396000	1.5
397000	1.5
398000	1.5
399000	1.5
400000	1.5
401000	1.5
402000	1.5
403000	1.5
404000	1.5
405000	1.5
406000	1.5
407000	1.5
408000	1.5
409000	1.5
410000	1.5
411000	1.5
412000	1.5
413000	1.5
414000	1.5
415000	1.5
416000	1.5
417000	1.5
418000	1.5
419000	1.5
420000	1.5
421000	1.5
422000	1.5
423000	1.5
424000	1.5
425000	1.5
426000	1.5
427000	1.5
428000	1.5
429000	1.5
430000	1.5
431000	1.5
432000	1.5
433000	1.5
434000	1.5
435000	1.5
436000	1.5
437000	1.5
438000	1.5
439000	1.5
440000	1.5
441000	1.5
442000	1.5
443000	1.5
444000	1.5
445000	1.5
446000	1.5
447000	1.5
448000	1.5
449000	1.5
450000	1.5
451000	1.5
452000	1.5
453000	1.5
454000	1.5
455000	1.5
456000	1.5
457000	1.5
458000	1.5
459000	1.5
460000	1.5
461000	1.5
462000	1.5
463000	1.5
464000	1.5
465000	1.5
466000	1.5
467000	1.5
468000	1.5
469000	1.5
470000	1.5
471000	1.5
472000	1.5
473000	1.5
474000	1.5
475000	1.5
476000	1.5
477000	1.5
478000	1.5
479000	1.5
480000	1.5
481000	1.5
482000	1.5
483000	1.5
484000	1.5
485000	1.5
486000	1.5
487000	1.5
488000	1.5
489000	1.5
490000	1.5
491000	1.5
492000	1.5
493000	1.5
494000	1.5
495000	1.5
496000	1.5
497000	1.5
498000	1.5
499000	1.5
500000	1.5
501000	1.5
502000	1.5
503000	1.5
504000	1.5
505000	1.5
506000	1.5
507000	1.5
508000	1.5
509000	1.5
510000	1.5
511000	1.5
512000	1.5
513000	1.5
514000	1.5
515000	1.5
516000	1.5
517000	1.5
518000	1.5
519000	1.5
520000	1.5
521000	1.5
522000	1.5
523000	1.5
524000	1.5
525000	1.5
526000	1.5
527000	1.5
528000	1.5
529000	1.5
530000	1.5
531000	1.5
532000	1.5
533000	1.5
534000	1.5
535000	1.5
536000	1.5
537000	1.5
538000	1.5
539000	1.5
540000	1.5
541000	1.5
542000	1.5
543000	1.5
544000	1.5
545000	1.5
546000	1.5
547000	1.5
548000	1.5
549000	1.5
550000	1.5
551000	1.5
552000	1.5
553000	1.5
554000	1.5
555000	1.5
556000	1.5
557000	1.5
558000	1.5
559000	1.5
560000	1.5
561000	1.5
562000	1.5
563000	1.5
564000	1.5
565000	1.5
566000	1.5
567000	1.5
568000	1.5
569000	1.5
570000	1.5
571000	1.5
572000	1.5
573000	1.5
574000	1.5
575000	1.5
576000	1.5
577000	1.5
578000	1.5
579000	1.5
580000	1.5
581000	1.5
582000	1.5
583000	1.5
584000	1.5
585000	1.5
586000	1.5
587000	1.5
588000	1.5
589000	1.5
590000	1.5
591000	1.5
592000	1.5
593000	1.5
594000	1.5
595000	1.5
596000	1.5
597000	1.5
598000	1.5
599000	1.5
600000	1.5
601000	1.5
602000	1.5
603000	1.5
604000	1.5
605000	1.5
606000	1.5
607000	1.5
608000	1.5
609000	1.5
610000	1.5
611000	1.5
612000	1.5
613000	1.5
614000	1.5
615000	1.5
616000	1.5
617000	1.5
618000	1.5
619000	1.5
620000	1.5
621000	1.5
622000	1.5
623000	1.5
624000	1.5
625000	1.5
626000	1.5
627000	1.5
628000	1.5
629000	1.5
630000	1.5
631000	1.5
632000	1.5
633000	1.5
634000	1.5
635000	1.5
636000	1.5
637000	1.5
638000	1.5
639000	1.5
640000	1.5
641000	1.5
642000	1.5
643000	1.5
644000	1.5
645000	1.5
646000	1.5
647000	1.5
648000	1.5
649000	1.5
650000	1.5
651000	1.5
652000	1.5
653000	1.5
654000	1.5
655000	1.5
656000	1.5
657000	1.5
658000	1.5
659000	1.5
660000	1.5
661000	1.5
662000	1.5
663000	1.5
664000	1.5
665000	1.5
666000	1.5
667000	1.5
668000	1.5
669000	1.5
670000	1.5
671000	1.5
672000	1.5
673000	1.5
674000	1.5
675000	1.5
676000	1.5
677000	1.5
678000	1.5
679000	1.5
680000	1.5
681000	1.5
682000	1.5
683000	1.5
684000	1.5
685000	1.5
686000	1.5
687000	1.5
688000	1.5
689000	1.5
690000	1.5
691000	1.5
692000	1.5
693000	1.5
694000	1.5
695000	1.5
696000	1.5
697000	1.5
698000	1.5
699000	1.5
700000	1.5
701000	1.5
702000	1.5
703000	1.5
704000	1.5
705000	1.5
706000	1.5
707000	1.5
708000	1.5
709000	1.5
710000	1.5
711000	1.5
712000	1.5
713000	1.5
714000	1.5
715000	1.5
716000	1.5
717000	1.5
718000	1.5
719000	1.5
720000	1.5
721000	1.5
722000	1.5
723000	1.5
724000	1.5
725000	1.5
726000	1.5
727000	1.5
728000	1.5
729000	1.5
730000	1.5
731000	1.5
732000	1.5
733000	1.5
734000	1.5
735000	1.5
736000	1.5
737000	1.5
738000	1.5
739000	1.5
740000	1.5
741000	1.5
742000	1.5
743000	1.5
744000	1.5
745000	1.5
746000	1.5
747000	1.5
748000	1.5
749000	1.5
750000	1.5
751000	1.5
752000	1.5
753000	1.5
754000	1.5
755000	1.5
756000	1.5
757000	1.5
758000	1.5
759000	1.5
760000	1.5
761000	1.5
762000	1.5
763000	1.5
764000	1.5
765000	1.5
766000	1.5
767000	1.5
768000	1.5
769000	1.5
770000	1.5
771000	1.5
772000	1.5
773000	1.5
774000	1.5
775000	1.5
776000	1.5
777000	1.5
778000	1.5
779000	1.5
780000	1.5
781000	1.5
782000	1.5
783000	1.5
784000	1.5
785000	1.5
786000	1.5
787000	1.5
788000	1.5
789000	1.5
790000	1.5
791000	1.5
792000	1.5
793000	1.5
794000	1.5
795000	1.5
796000	1.5
797000	1.5
798000	1.5
799000	1.5
800000	1.5
801000	1.5
802000	1.5
803000	1.5
804000	1.5
805000	1.5
806000	1.5
807000	1.5
808000	1.5
809000	1.5
810000	1.5
811000	1.5
812000	1.5
813000	1.5
814000	1.5
815000	1.5
816000	1.5
817000	1.5
818000	1.5
819000	1.5
820000	1.5
821000	1.5
822000	1.5
823000	1.5
824000	1.5
825000	1.5
826000	1.5
827000	1.5
828000	1.5
829000	1.5
830000	1.5
831000	1.5
832000	1.5
833000	1.5
834000	1.5
835000	1.5
836000	1.5
837000	1.5
838000	1.5
839000	1.5
840000	1.5
841000	1.5
842000	1.5
843000	1.5
844000	1.5
845000	1.5
846000	1.5
847000	1.5
848000	1.5
849000	1.5
850000	1.5
851000	1.5
852000	1.5
853000	1.5
854000	1.5
855000	1.5
856000	1.5
857000	1.5
858000	1.5
859000	1.5
860000	1.5
861000	1.5
862000	1.5
863000	1.5
864000	1.5
865000	1.5
866000	1.5
867000	1.5
868000	1.5
869000	1.5
870000	1.5
871000	1.5
872000	1.5
873000	1.5
874000	1.5
875000	1.5
876000	1.5
877000	1.5
878000	1.5
879000	1.5
880000	1.5
881000	1.5
882000	1.5
883000	1.5
884000	1.5
885000	1.5
886000	1.5
887000	1.5
888000	1.5
889000	1.5
890000	1.5
891000	1.5
892000	1.5
893000	1.5
894000	1.5
895000	1.5
896000	1.5
897000	1.5
898000	1.5
899000	1.5
900000	1.5
901000	1.5
902000	1.5
903000	1.5
904000	1.5
905000	1.5
906000	1.5
907000	1.5
908000	1.5
909000	1.5
910000	1.5
911000	1.5
912000	1.5
913000	1.5
914000	1.5
915000	1.5
916000	1.5
917000	1.5
918000	1.5
919000	1.5
920000	1.5
921000	1.5
922000	1.5
923000	1.5
924000	1.5
925000	1.5
926000	1.5
927000	1.5
928000	1.5
929000	1.5
930000	1.5
931000	1.5
932000	1.5
933000	1.5
934000	1.5
935000	1.5
936000	1.5
937000	1.5
938000	1.5
939000	1.5
940000	1.5
941000	1.5
942000	1.5
943000	1.5
944000	1.5
945000	1.5
946000	1.5
947000	1.5
948000	1.5
949000	1.5
950000	1.5
951000	1.5
952000	1.5
953000	1.5
954000	1.5
955000	1.5
956000	1.5
957000	1.5
958000	1.5
959000	1.5
960000	1.5
961000	1.5
962000	1.5
963000	1.5
964000	1.5
965000	1.5
966000	1.5
967000	1.5
968000	1.5
969000	1.5
970000	1.5
971000	1.5
972000	1.5
973000	1.5
974000	1.5
975000	1.5
976000	1.5
977000	1.5
978000	1.5
979000	1.5
980000	1.5
981000	1.5
982000	1.5
983000	1.5
984000	1.5
985000	1.5
986000	1.5
987000	1.5
988000	1.5
989000	1.5
990000	1.5
991000	1.5
992000	1.5
993000	1.5
994000	1.5
995000	1.5
996000	1.5
997000	1.5
998000	1.5
999000	1.5
