0 	 0.00644079 	 	 
0.015 	 0.00644044 	 	 
0.03 	 0.00643991 	 	 
0.045 	 0.00643919 	 	 
0.06 	 0.00643829 	 	 
0.075 	 0.00643721 	 	 
0.09 	 0.00643595 	 	 
0.105 	 0.0064345 	 	 
0.12 	 0.00643287 	 	 
0.135 	 0.00643106 	 	 
0.15 	 0.00642907 	 	 
0.165 	 0.00642689 	 	 
0.18 	 0.00642454 	 	 
0.195 	 0.006422 	 	 
0.21 	 0.00641928 	 	 
0.225 	 0.00641637 	 	 
0.24 	 0.00641329 	 	 
0.255 	 0.00641002 	 	 
0.27 	 0.00640658 	 	 
0.285 	 0.00640295 	 	 
0.3 	 0.00639914 	 	 
0.315 	 0.00639515 	 	 
0.33 	 0.00639098 	 	 
0.345 	 0.00638663 	 	 
0.36 	 0.0063821 	 	 
0.375 	 0.00637739 	 	 
0.39 	 0.00637251 	 	 
0.405 	 0.00636744 	 	 
0.42 	 0.00636219 	 	 
0.435 	 0.00635677 	 	 
0.45 	 0.00635117 	 	 
0.465 	 0.00634539 	 	 
0.48 	 0.00633943 	 	 
0.495 	 0.0063333 	 	 
0.51 	 0.00632699 	 	 
0.525 	 0.00632051 	 	 
0.54 	 0.00631385 	 	 
0.555 	 0.00630701 	 	 
0.57 	 0.0063 	 	 
0.585 	 0.00629282 	 	 
0.6 	 0.00628546 	 	 
0.615 	 0.00627793 	 	 
0.63 	 0.00627022 	 	 
0.645 	 0.00626235 	 	 
0.66 	 0.0062543 	 	 
0.675 	 0.00624608 	 	 
0.69 	 0.00623769 	 	 
0.705 	 0.00622913 	 	 
0.72 	 0.00622041 	 	 
0.735 	 0.00621151 	 	 
0.75 	 0.00620244 	 	 
0.765 	 0.00619321 	 	 
0.78 	 0.00618381 	 	 
0.795 	 0.00617425 	 	 
0.81 	 0.00616452 	 	 
0.825 	 0.00615463 	 	 
0.84 	 0.00614457 	 	 
0.855 	 0.00613435 	 	 
0.87 	 0.00612396 	 	 
0.885 	 0.00611342 	 	 
0.9 	 0.00610271 	 	 
0.915 	 0.00609184 	 	 
0.93 	 0.00608081 	 	 
0.945 	 0.00606963 	 	 
0.96 	 0.00605828 	 	 
0.975 	 0.00604678 	 	 
0.99 	 0.00603513 	 	 
1.005 	 0.00602331 	 	 
1.02 	 0.00601135 	 	 
1.035 	 0.00599923 	 	 
1.05 	 0.00598695 	 	 
1.065 	 0.00597453 	 	 
1.08 	 0.00596195 	 	 
1.095 	 0.00594922 	 	 
1.11 	 0.00593635 	 	 
1.125 	 0.00592333 	 	 
1.14 	 0.00591015 	 	 
1.155 	 0.00589684 	 	 
1.17 	 0.00588337 	 	 
1.185 	 0.00586977 	 	 
1.2 	 0.00585602 	 	 
1.215 	 0.00584212 	 	 
1.23 	 0.00582809 	 	 
1.245 	 0.00581391 	 	 
1.26 	 0.0057996 	 	 
1.275 	 0.00578515 	 	 
1.29 	 0.00577056 	 	 
1.305 	 0.00575583 	 	 
1.32 	 0.00574097 	 	 
1.335 	 0.00572598 	 	 
1.35 	 0.00571085 	 	 
1.365 	 0.00569559 	 	 
1.38 	 0.0056802 	 	 
1.395 	 0.00566468 	 	 
1.41 	 0.00564903 	 	 
1.425 	 0.00563326 	 	 
1.44 	 0.00561736 	 	 
1.455 	 0.00560133 	 	 
1.47 	 0.00558518 	 	 
1.485 	 0.00556891 	 	 
1.5 	 0.00555251 	 	 
1.515 	 0.005536 	 	 
1.53 	 0.00551937 	 	 
1.545 	 0.00550262 	 	 
1.56 	 0.00548575 	 	 
1.575 	 0.00546877 	 	 
1.59 	 0.00545168 	 	 
1.605 	 0.00543447 	 	 
1.62 	 0.00541715 	 	 
1.635 	 0.00539972 	 	 
1.65 	 0.00538218 	 	 
1.665 	 0.00536453 	 	 
1.68 	 0.00534678 	 	 
1.695 	 0.00532892 	 	 
1.71 	 0.00531096 	 	 
1.725 	 0.0052929 	 	 
1.74 	 0.00527474 	 	 
1.755 	 0.00525647 	 	 
1.77 	 0.00523811 	 	 
1.785 	 0.00521965 	 	 
1.8 	 0.0052011 	 	 
1.815 	 0.00518245 	 	 
1.83 	 0.0051637 	 	 
1.845 	 0.00514487 	 	 
1.86 	 0.00512595 	 	 
1.875 	 0.00510693 	 	 
1.89 	 0.00508783 	 	 
1.905 	 0.00506864 	 	 
1.92 	 0.00504937 	 	 
1.935 	 0.00503002 	 	 
1.95 	 0.00501058 	 	 
1.965 	 0.00499106 	 	 
1.98 	 0.00497147 	 	 
1.995 	 0.0049518 	 	 
2.01 	 0.00493205 	 	 
2.025 	 0.00491222 	 	 
2.04 	 0.00489232 	 	 
2.055 	 0.00487235 	 	 
2.07 	 0.00485231 	 	 
2.085 	 0.0048322 	 	 
2.1 	 0.00481202 	 	 
2.115 	 0.00479178 	 	 
2.13 	 0.00477147 	 	 
2.145 	 0.0047511 	 	 
2.16 	 0.00473067 	 	 
2.175 	 0.00471017 	 	 
2.19 	 0.00468962 	 	 
2.205 	 0.00466901 	 	 
2.22 	 0.00464834 	 	 
2.235 	 0.00462762 	 	 
2.25 	 0.00460684 	 	 
2.265 	 0.00458602 	 	 
2.28 	 0.00456514 	 	 
2.295 	 0.00454421 	 	 
2.31 	 0.00452324 	 	 
2.325 	 0.00450222 	 	 
2.34 	 0.00448115 	 	 
2.355 	 0.00446005 	 	 
2.37 	 0.0044389 	 	 
2.385 	 0.00441771 	 	 
2.4 	 0.00439648 	 	 
2.415 	 0.00437521 	 	 
2.43 	 0.00435391 	 	 
2.445 	 0.00433258 	 	 
2.46 	 0.00431121 	 	 
2.475 	 0.00428981 	 	 
2.49 	 0.00426838 	 	 
2.505 	 0.00424692 	 	 
2.52 	 0.00422543 	 	 
2.535 	 0.00420392 	 	 
2.55 	 0.00418238 	 	 
2.565 	 0.00416082 	 	 
2.58 	 0.00413924 	 	 
2.595 	 0.00411763 	 	 
2.61 	 0.00409601 	 	 
2.625 	 0.00407437 	 	 
2.64 	 0.00405272 	 	 
2.655 	 0.00403105 	 	 
2.67 	 0.00400936 	 	 
2.685 	 0.00398767 	 	 
2.7 	 0.00396596 	 	 
2.715 	 0.00394425 	 	 
2.73 	 0.00392252 	 	 
2.745 	 0.00390079 	 	 
2.76 	 0.00387906 	 	 
2.775 	 0.00385732 	 	 
2.79 	 0.00383558 	 	 
2.805 	 0.00381384 	 	 
2.82 	 0.0037921 	 	 
2.835 	 0.00377036 	 	 
2.85 	 0.00374862 	 	 
2.865 	 0.00372689 	 	 
2.88 	 0.00370516 	 	 
2.895 	 0.00368344 	 	 
2.91 	 0.00366173 	 	 
2.925 	 0.00364002 	 	 
2.94 	 0.00361833 	 	 
2.955 	 0.00359665 	 	 
2.97 	 0.00357498 	 	 
2.985 	 0.00355333 	 	 
3 	 0.00353169 	 	 
3.015 	 0.00351007 	 	 
3.03 	 0.00348847 	 	 
3.045 	 0.00346689 	 	 
3.06 	 0.00344532 	 	 
3.075 	 0.00342378 	 	 
3.09 	 0.00340226 	 	 
3.105 	 0.00338077 	 	 
3.12 	 0.0033593 	 	 
3.135 	 0.00333786 	 	 
3.15 	 0.00331645 	 	 
3.165 	 0.00329506 	 	 
3.18 	 0.0032737 	 	 
3.195 	 0.00325238 	 	 
3.21 	 0.00323108 	 	 
3.225 	 0.00320982 	 	 
3.24 	 0.0031886 	 	 
3.255 	 0.00316741 	 	 
3.27 	 0.00314625 	 	 
3.285 	 0.00312514 	 	 
3.3 	 0.00310406 	 	 
3.315 	 0.00308302 	 	 
3.33 	 0.00306202 	 	 
3.345 	 0.00304107 	 	 
3.36 	 0.00302015 	 	 
3.375 	 0.00299928 	 	 
3.39 	 0.00297846 	 	 
3.405 	 0.00295768 	 	 
3.42 	 0.00293695 	 	 
3.435 	 0.00291626 	 	 
3.45 	 0.00289563 	 	 
3.465 	 0.00287504 	 	 
3.48 	 0.0028545 	 	 
3.495 	 0.00283402 	 	 
3.51 	 0.00281358 	 	 
3.525 	 0.0027932 	 	 
3.54 	 0.00277288 	 	 
3.555 	 0.0027526 	 	 
3.57 	 0.00273239 	 	 
3.585 	 0.00271223 	 	 
3.6 	 0.00269213 	 	 
3.615 	 0.00267208 	 	 
3.63 	 0.0026521 	 	 
3.645 	 0.00263217 	 	 
3.66 	 0.00261231 	 	 
3.675 	 0.00259251 	 	 
3.69 	 0.00257276 	 	 
3.705 	 0.00255309 	 	 
3.72 	 0.00253347 	 	 
3.735 	 0.00251392 	 	 
3.75 	 0.00249444 	 	 
3.765 	 0.00247502 	 	 
3.78 	 0.00245567 	 	 
3.795 	 0.00243639 	 	 
3.81 	 0.00241717 	 	 
3.825 	 0.00239802 	 	 
3.84 	 0.00237894 	 	 
3.855 	 0.00235994 	 	 
3.87 	 0.002341 	 	 
3.885 	 0.00232213 	 	 
3.9 	 0.00230334 	 	 
3.915 	 0.00228462 	 	 
3.93 	 0.00226597 	 	 
3.945 	 0.0022474 	 	 
3.96 	 0.0022289 	 	 
3.975 	 0.00221047 	 	 
3.99 	 0.00219212 	 	 
4.005 	 0.00217385 	 	 
4.02 	 0.00215565 	 	 
4.035 	 0.00213753 	 	 
4.05 	 0.00211949 	 	 
4.065 	 0.00210153 	 	 
4.08 	 0.00208364 	 	 
4.095 	 0.00206584 	 	 
4.11 	 0.00204811 	 	 
4.125 	 0.00203046 	 	 
4.14 	 0.0020129 	 	 
4.155 	 0.00199542 	 	 
4.17 	 0.00197801 	 	 
4.185 	 0.00196069 	 	 
4.2 	 0.00194345 	 	 
4.215 	 0.0019263 	 	 
4.23 	 0.00190923 	 	 
4.245 	 0.00189224 	 	 
4.26 	 0.00187534 	 	 
4.275 	 0.00185852 	 	 
4.29 	 0.00184178 	 	 
4.305 	 0.00182513 	 	 
4.32 	 0.00180857 	 	 
4.335 	 0.00179209 	 	 
4.35 	 0.0017757 	 	 
4.365 	 0.00175939 	 	 
4.38 	 0.00174317 	 	 
4.395 	 0.00172704 	 	 
4.41 	 0.001711 	 	 
4.425 	 0.00169504 	 	 
4.44 	 0.00167917 	 	 
4.455 	 0.00166339 	 	 
4.47 	 0.0016477 	 	 
4.485 	 0.0016321 	 	 
4.5 	 0.00161659 	 	 
4.515 	 0.00160116 	 	 
4.53 	 0.00158583 	 	 
4.545 	 0.00157058 	 	 
4.56 	 0.00155543 	 	 
4.575 	 0.00154037 	 	 
4.59 	 0.00152539 	 	 
4.605 	 0.00151051 	 	 
4.62 	 0.00149572 	 	 
4.635 	 0.00148102 	 	 
4.65 	 0.00146641 	 	 
4.665 	 0.00145189 	 	 
4.68 	 0.00143746 	 	 
4.695 	 0.00142313 	 	 
4.71 	 0.00140889 	 	 
4.725 	 0.00139473 	 	 
4.74 	 0.00138067 	 	 
4.755 	 0.00136671 	 	 
4.77 	 0.00135283 	 	 
4.785 	 0.00133905 	 	 
4.8 	 0.00132536 	 	 
4.815 	 0.00131176 	 	 
4.83 	 0.00129826 	 	 
4.845 	 0.00128485 	 	 
4.86 	 0.00127153 	 	 
4.875 	 0.0012583 	 	 
4.89 	 0.00124517 	 	 
4.905 	 0.00123213 	 	 
4.92 	 0.00121918 	 	 
4.935 	 0.00120633 	 	 
4.95 	 0.00119357 	 	 
4.965 	 0.0011809 	 	 
4.98 	 0.00116833 	 	 
4.995 	 0.00115584 	 	 
5.01 	 0.00114345 	 	 
5.025 	 0.00113116 	 	 
5.04 	 0.00111896 	 	 
5.055 	 0.00110685 	 	 
5.07 	 0.00109483 	 	 
5.085 	 0.0010829 	 	 
5.1 	 0.00107107 	 	 
5.115 	 0.00105933 	 	 
5.13 	 0.00104769 	 	 
5.145 	 0.00103613 	 	 
5.16 	 0.00102467 	 	 
5.175 	 0.0010133 	 	 
5.19 	 0.00100202 	 	 
5.205 	 0.000990835 	 	 
5.22 	 0.00097974 	 	 
5.235 	 0.000968737 	 	 
5.25 	 0.000957825 	 	 
5.265 	 0.000947004 	 	 
5.28 	 0.000936274 	 	 
5.295 	 0.000925634 	 	 
5.31 	 0.000915084 	 	 
5.325 	 0.000904625 	 	 
5.34 	 0.000894255 	 	 
5.355 	 0.000883975 	 	 
5.37 	 0.000873785 	 	 
5.385 	 0.000863683 	 	 
5.4 	 0.00085367 	 	 
5.415 	 0.000843746 	 	 
5.43 	 0.00083391 	 	 
5.445 	 0.000824161 	 	 
5.46 	 0.0008145 	 	 
5.475 	 0.000804927 	 	 
5.49 	 0.00079544 	 	 
5.505 	 0.000786039 	 	 
5.52 	 0.000776725 	 	 
5.535 	 0.000767497 	 	 
5.55 	 0.000758354 	 	 
5.565 	 0.000749297 	 	 
5.58 	 0.000740324 	 	 
5.595 	 0.000731435 	 	 
5.61 	 0.000722631 	 	 
5.625 	 0.00071391 	 	 
5.64 	 0.000705272 	 	 
5.655 	 0.000696718 	 	 
5.67 	 0.000688245 	 	 
5.685 	 0.000679855 	 	 
5.7 	 0.000671546 	 	 
5.715 	 0.000663319 	 	 
5.73 	 0.000655172 	 	 
5.745 	 0.000647106 	 	 
5.76 	 0.000639119 	 	 
5.775 	 0.000631212 	 	 
5.79 	 0.000623385 	 	 
5.805 	 0.000615636 	 	 
5.82 	 0.000607965 	 	 
5.835 	 0.000600372 	 	 
5.85 	 0.000592856 	 	 
5.865 	 0.000585418 	 	 
5.88 	 0.000578055 	 	 
5.895 	 0.000570769 	 	 
5.91 	 0.000563558 	 	 
5.925 	 0.000556423 	 	 
5.94 	 0.000549361 	 	 
5.955 	 0.000542374 	 	 
5.97 	 0.000535461 	 	 
5.985 	 0.000528621 	 	 
6 	 0.000521853 	 	 
6.015 	 0.000515158 	 	 
6.03 	 0.000508534 	 	 
6.045 	 0.000501982 	 	 
6.06 	 0.000495501 	 	 
6.075 	 0.000489089 	 	 
6.09 	 0.000482748 	 	 
6.105 	 0.000476476 	 	 
6.12 	 0.000470273 	 	 
6.135 	 0.000464138 	 	 
6.15 	 0.00045807 	 	 
6.165 	 0.000452071 	 	 
6.18 	 0.000446138 	 	 
6.195 	 0.000440271 	 	 
6.21 	 0.00043447 	 	 
6.225 	 0.000428735 	 	 
6.24 	 0.000423064 	 	 
6.255 	 0.000417458 	 	 
6.27 	 0.000411915 	 	 
6.285 	 0.000406436 	 	 
6.3 	 0.00040102 	 	 
6.315 	 0.000395666 	 	 
6.33 	 0.000390374 	 	 
6.345 	 0.000385143 	 	 
6.36 	 0.000379973 	 	 
6.375 	 0.000374863 	 	 
6.39 	 0.000369814 	 	 
6.405 	 0.000364823 	 	 
6.42 	 0.000359891 	 	 
6.435 	 0.000355018 	 	 
6.45 	 0.000350202 	 	 
6.465 	 0.000345443 	 	 
6.48 	 0.000340742 	 	 
6.495 	 0.000336096 	 	 
6.51 	 0.000331507 	 	 
6.525 	 0.000326972 	 	 
6.54 	 0.000322493 	 	 
6.555 	 0.000318068 	 	 
6.57 	 0.000313696 	 	 
6.585 	 0.000309378 	 	 
6.6 	 0.000305113 	 	 
6.615 	 0.0003009 	 	 
6.63 	 0.000296738 	 	 
6.645 	 0.000292628 	 	 
6.66 	 0.000288569 	 	 
6.675 	 0.00028456 	 	 
6.69 	 0.000280601 	 	 
6.705 	 0.000276692 	 	 
6.72 	 0.000272831 	 	 
6.735 	 0.000269019 	 	 
6.75 	 0.000265255 	 	 
6.765 	 0.000261538 	 	 
6.78 	 0.000257868 	 	 
6.795 	 0.000254244 	 	 
6.81 	 0.000250667 	 	 
6.825 	 0.000247135 	 	 
6.84 	 0.000243649 	 	 
6.855 	 0.000240206 	 	 
6.87 	 0.000236809 	 	 
6.885 	 0.000233454 	 	 
6.9 	 0.000230143 	 	 
6.915 	 0.000226875 	 	 
6.93 	 0.000223649 	 	 
6.945 	 0.000220466 	 	 
6.96 	 0.000217323 	 	 
6.975 	 0.000214222 	 	 
6.99 	 0.000211161 	 	 
7.005 	 0.00020814 	 	 
7.02 	 0.000205159 	 	 
7.035 	 0.000202217 	 	 
7.05 	 0.000199314 	 	 
7.065 	 0.000196449 	 	 
7.08 	 0.000193623 	 	 
7.095 	 0.000190833 	 	 
7.11 	 0.000188081 	 	 
7.125 	 0.000185366 	 	 
7.14 	 0.000182687 	 	 
7.155 	 0.000180044 	 	 
7.17 	 0.000177436 	 	 
7.185 	 0.000174863 	 	 
7.2 	 0.000172325 	 	 
7.215 	 0.000169821 	 	 
7.23 	 0.000167351 	 	 
7.245 	 0.000164915 	 	 
7.26 	 0.000162511 	 	 
7.275 	 0.00016014 	 	 
7.29 	 0.000157802 	 	 
7.305 	 0.000155495 	 	 
7.32 	 0.00015322 	 	 
7.335 	 0.000150976 	 	 
7.35 	 0.000148763 	 	 
7.365 	 0.00014658 	 	 
7.38 	 0.000144428 	 	 
7.395 	 0.000142304 	 	 
7.41 	 0.000140211 	 	 
7.425 	 0.000138146 	 	 
7.44 	 0.00013611 	 	 
7.455 	 0.000134102 	 	 
7.47 	 0.000132122 	 	 
7.485 	 0.00013017 	 	 
7.5 	 0.000128245 	 	 
7.515 	 0.000126346 	 	 
7.53 	 0.000124475 	 	 
7.545 	 0.000122629 	 	 
7.56 	 0.00012081 	 	 
7.575 	 0.000119016 	 	 
7.59 	 0.000117247 	 	 
7.605 	 0.000115503 	 	 
7.62 	 0.000113784 	 	 
7.635 	 0.000112089 	 	 
7.65 	 0.000110418 	 	 
7.665 	 0.00010877 	 	 
7.68 	 0.000107146 	 	 
7.695 	 0.000105546 	 	 
7.71 	 0.000103968 	 	 
7.725 	 0.000102412 	 	 
7.74 	 0.000100879 	 	 
7.755 	 9.93671e-05 	 	 
7.77 	 9.78773e-05 	 	 
7.785 	 9.64088e-05 	 	 
7.8 	 9.49613e-05 	 	 
7.815 	 9.35346e-05 	 	 
7.83 	 9.21285e-05 	 	 
7.845 	 9.07425e-05 	 	 
7.86 	 8.93766e-05 	 	 
7.875 	 8.80303e-05 	 	 
7.89 	 8.67035e-05 	 	 
7.905 	 8.53959e-05 	 	 
7.92 	 8.41072e-05 	 	 
7.935 	 8.28372e-05 	 	 
7.95 	 8.15856e-05 	 	 
7.965 	 8.03522e-05 	 	 
7.98 	 7.91367e-05 	 	 
7.995 	 7.7939e-05 	 	 
8.01 	 7.67586e-05 	 	 
8.025 	 7.55955e-05 	 	 
8.04 	 7.44494e-05 	 	 
8.055 	 7.332e-05 	 	 
8.07 	 7.22072e-05 	 	 
8.085 	 7.11106e-05 	 	 
8.1 	 7.00301e-05 	 	 
8.115 	 6.89655e-05 	 	 
8.13 	 6.79165e-05 	 	 
8.145 	 6.6883e-05 	 	 
8.16 	 6.58646e-05 	 	 
8.175 	 6.48613e-05 	 	 
8.19 	 6.38727e-05 	 	 
8.205 	 6.28988e-05 	 	 
8.22 	 6.19392e-05 	 	 
8.235 	 6.09938e-05 	 	 
8.25 	 6.00624e-05 	 	 
8.265 	 5.91448e-05 	 	 
8.28 	 5.82408e-05 	 	 
8.295 	 5.73502e-05 	 	 
8.31 	 5.64729e-05 	 	 
8.325 	 5.56085e-05 	 	 
8.34 	 5.4757e-05 	 	 
8.355 	 5.39182e-05 	 	 
8.37 	 5.30919e-05 	 	 
8.385 	 5.22779e-05 	 	 
8.4 	 5.14761e-05 	 	 
8.415 	 5.06862e-05 	 	 
8.43 	 4.99082e-05 	 	 
8.445 	 4.91417e-05 	 	 
8.46 	 4.83868e-05 	 	 
8.475 	 4.76431e-05 	 	 
8.49 	 4.69106e-05 	 	 
8.505 	 4.6189e-05 	 	 
8.52 	 4.54783e-05 	 	 
8.535 	 4.47783e-05 	 	 
8.55 	 4.40888e-05 	 	 
8.565 	 4.34097e-05 	 	 
8.58 	 4.27408e-05 	 	 
8.595 	 4.20819e-05 	 	 
8.61 	 4.1433e-05 	 	 
8.625 	 4.07939e-05 	 	 
8.64 	 4.01644e-05 	 	 
8.655 	 3.95444e-05 	 	 
8.67 	 3.89338e-05 	 	 
8.685 	 3.83324e-05 	 	 
8.7 	 3.77401e-05 	 	 
8.715 	 3.71568e-05 	 	 
8.73 	 3.65823e-05 	 	 
8.745 	 3.60165e-05 	 	 
8.76 	 3.54593e-05 	 	 
8.775 	 3.49105e-05 	 	 
8.79 	 3.43701e-05 	 	 
8.805 	 3.38379e-05 	 	 
8.82 	 3.33138e-05 	 	 
8.835 	 3.27976e-05 	 	 
8.85 	 3.22893e-05 	 	 
8.865 	 3.17888e-05 	 	 
8.88 	 3.12958e-05 	 	 
8.895 	 3.08104e-05 	 	 
8.91 	 3.03323e-05 	 	 
8.925 	 2.98616e-05 	 	 
8.94 	 2.9398e-05 	 	 
8.955 	 2.89416e-05 	 	 
8.97 	 2.84921e-05 	 	 
8.985 	 2.80494e-05 	 	 
9 	 2.76136e-05 	 	 
9.015 	 2.71844e-05 	 	 
9.03 	 2.67617e-05 	 	 
9.045 	 2.63456e-05 	 	 
9.06 	 2.59358e-05 	 	 
9.075 	 2.55323e-05 	 	 
9.09 	 2.51349e-05 	 	 
9.105 	 2.47437e-05 	 	 
9.12 	 2.43585e-05 	 	 
9.135 	 2.39792e-05 	 	 
9.15 	 2.36057e-05 	 	 
9.165 	 2.3238e-05 	 	 
9.18 	 2.28759e-05 	 	 
9.195 	 2.25194e-05 	 	 
9.21 	 2.21683e-05 	 	 
9.225 	 2.18227e-05 	 	 
9.24 	 2.14824e-05 	 	 
9.255 	 2.11473e-05 	 	 
9.27 	 2.08174e-05 	 	 
9.285 	 2.04926e-05 	 	 
9.3 	 2.01728e-05 	 	 
9.315 	 1.98579e-05 	 	 
9.33 	 1.95479e-05 	 	 
9.345 	 1.92426e-05 	 	 
9.36 	 1.89421e-05 	 	 
9.375 	 1.86462e-05 	 	 
9.39 	 1.83549e-05 	 	 
9.405 	 1.80681e-05 	 	 
9.42 	 1.77857e-05 	 	 
9.435 	 1.75077e-05 	 	 
9.45 	 1.7234e-05 	 	 
9.465 	 1.69646e-05 	 	 
9.48 	 1.66993e-05 	 	 
9.495 	 1.64381e-05 	 	 
9.51 	 1.6181e-05 	 	 
9.525 	 1.59278e-05 	 	 
9.54 	 1.56786e-05 	 	 
9.555 	 1.54332e-05 	 	 
9.57 	 1.51917e-05 	 	 
9.585 	 1.49539e-05 	 	 
9.6 	 1.47197e-05 	 	 
9.615 	 1.44893e-05 	 	 
9.63 	 1.42623e-05 	 	 
9.645 	 1.4039e-05 	 	 
9.66 	 1.38191e-05 	 	 
9.675 	 1.36026e-05 	 	 
9.69 	 1.33894e-05 	 	 
9.705 	 1.31796e-05 	 	 
9.72 	 1.29731e-05 	 	 
9.735 	 1.27698e-05 	 	 
9.75 	 1.25696e-05 	 	 
9.765 	 1.23725e-05 	 	 
9.78 	 1.21786e-05 	 	 
9.795 	 1.19876e-05 	 	 
9.81 	 1.17996e-05 	 	 
9.825 	 1.16145e-05 	 	 
9.84 	 1.14324e-05 	 	 
9.855 	 1.1253e-05 	 	 
9.87 	 1.10765e-05 	 	 
9.885 	 1.09027e-05 	 	 
9.9 	 1.07316e-05 	 	 
9.915 	 1.05632e-05 	 	 
9.93 	 1.03974e-05 	 	 
9.945 	 1.02342e-05 	 	 
9.96 	 1.00736e-05 	 	 
9.975 	 9.91546e-06 	 	 
9.99 	 9.75979e-06 	 	 
10.005 	 9.60655e-06 	 	 
10.02 	 9.45571e-06 	 	 
10.035 	 9.30723e-06 	 	 
10.05 	 9.16107e-06 	 	 
10.065 	 9.01719e-06 	 	 
10.08 	 8.87556e-06 	 	 
10.095 	 8.73614e-06 	 	 
10.11 	 8.59891e-06 	 	 
10.125 	 8.46382e-06 	 	 
10.14 	 8.33085e-06 	 	 
10.155 	 8.19996e-06 	 	 
10.17 	 8.07111e-06 	 	 
10.185 	 7.94429e-06 	 	 
10.2 	 7.81944e-06 	 	 
10.215 	 7.69656e-06 	 	 
10.23 	 7.5756e-06 	 	 
10.245 	 7.45653e-06 	 	 
10.26 	 7.33933e-06 	 	 
10.275 	 7.22396e-06 	 	 
10.29 	 7.1104e-06 	 	 
10.305 	 6.99862e-06 	 	 
10.32 	 6.8886e-06 	 	 
10.335 	 6.7803e-06 	 	 
10.35 	 6.67369e-06 	 	 
10.365 	 6.56876e-06 	 	 
10.38 	 6.46547e-06 	 	 
10.395 	 6.36381e-06 	 	 
10.41 	 6.26374e-06 	 	 
10.425 	 6.16524e-06 	 	 
10.44 	 6.06828e-06 	 	 
10.455 	 5.97285e-06 	 	 
10.47 	 5.87891e-06 	 	 
10.485 	 5.78645e-06 	 	 
10.5 	 5.69544e-06 	 	 
10.515 	 5.60586e-06 	 	 
10.53 	 5.51768e-06 	 	 
10.545 	 5.43089e-06 	 	 
10.56 	 5.34546e-06 	 	 
10.575 	 5.26138e-06 	 	 
10.59 	 5.17861e-06 	 	 
10.605 	 5.09715e-06 	 	 
10.62 	 5.01696e-06 	 	 
10.635 	 4.93804e-06 	 	 
10.65 	 4.86035e-06 	 	 
10.665 	 4.78389e-06 	 	 
10.68 	 4.70863e-06 	 	 
10.695 	 4.63455e-06 	 	 
10.71 	 4.56163e-06 	 	 
10.725 	 4.48987e-06 	 	 
10.74 	 4.41923e-06 	 	 
10.755 	 4.3497e-06 	 	 
10.77 	 4.28126e-06 	 	 
10.785 	 4.2139e-06 	 	 
10.8 	 4.1476e-06 	 	 
10.815 	 4.08234e-06 	 	 
10.83 	 4.01811e-06 	 	 
10.845 	 3.95489e-06 	 	 
10.86 	 3.89267e-06 	 	 
10.875 	 3.83142e-06 	 	 
10.89 	 3.77113e-06 	 	 
10.905 	 3.7118e-06 	 	 
10.92 	 3.6534e-06 	 	 
10.935 	 3.59592e-06 	 	 
10.95 	 3.53934e-06 	 	 
10.965 	 3.48365e-06 	 	 
10.98 	 3.42884e-06 	 	 
10.995 	 3.37489e-06 	 	 
11.01 	 3.32179e-06 	 	 
11.025 	 3.26953e-06 	 	 
11.04 	 3.21809e-06 	 	 
11.055 	 3.16746e-06 	 	 
11.07 	 3.11762e-06 	 	 
11.085 	 3.06858e-06 	 	 
11.1 	 3.0203e-06 	 	 
11.115 	 2.97278e-06 	 	 
11.13 	 2.92601e-06 	 	 
11.145 	 2.87998e-06 	 	 
11.16 	 2.83468e-06 	 	 
11.175 	 2.79008e-06 	 	 
11.19 	 2.74619e-06 	 	 
11.205 	 2.70299e-06 	 	 
11.22 	 2.66047e-06 	 	 
11.235 	 2.61862e-06 	 	 
11.25 	 2.57743e-06 	 	 
11.265 	 2.53689e-06 	 	 
11.28 	 2.49699e-06 	 	 
11.295 	 2.45771e-06 	 	 
11.31 	 2.41906e-06 	 	 
11.325 	 2.38101e-06 	 	 
11.34 	 2.34356e-06 	 	 
11.355 	 2.3067e-06 	 	 
11.37 	 2.27043e-06 	 	 
11.385 	 2.23472e-06 	 	 
11.4 	 2.19958e-06 	 	 
11.415 	 2.16499e-06 	 	 
11.43 	 2.13094e-06 	 	 
11.445 	 2.09744e-06 	 	 
11.46 	 2.06446e-06 	 	 
11.475 	 2.03199e-06 	 	 
11.49 	 2.00005e-06 	 	 
11.505 	 1.9686e-06 	 	 
11.52 	 1.93765e-06 	 	 
11.535 	 1.90719e-06 	 	 
11.55 	 1.8772e-06 	 	 
11.565 	 1.84769e-06 	 	 
11.58 	 1.81865e-06 	 	 
11.595 	 1.79006e-06 	 	 
11.61 	 1.76192e-06 	 	 
11.625 	 1.73423e-06 	 	 
11.64 	 1.70697e-06 	 	 
11.655 	 1.68014e-06 	 	 
11.67 	 1.65374e-06 	 	 
11.685 	 1.62775e-06 	 	 
11.7 	 1.60217e-06 	 	 
11.715 	 1.57699e-06 	 	 
11.73 	 1.55221e-06 	 	 
11.745 	 1.52782e-06 	 	 
11.76 	 1.50382e-06 	 	 
11.775 	 1.48019e-06 	 	 
11.79 	 1.45693e-06 	 	 
11.805 	 1.43404e-06 	 	 
11.82 	 1.41152e-06 	 	 
11.835 	 1.38934e-06 	 	 
11.85 	 1.36752e-06 	 	 
11.865 	 1.34604e-06 	 	 
11.88 	 1.3249e-06 	 	 
11.895 	 1.30409e-06 	 	 
11.91 	 1.28361e-06 	 	 
11.925 	 1.26345e-06 	 	 
11.94 	 1.24361e-06 	 	 
11.955 	 1.22408e-06 	 	 
11.97 	 1.20486e-06 	 	 
11.985 	 1.18594e-06 	 	 
12 	 1.16732e-06 	 	 
12.015 	 1.149e-06 	 	 
12.03 	 1.13096e-06 	 	 
12.045 	 1.11321e-06 	 	 
12.06 	 1.09573e-06 	 	 
12.075 	 1.07853e-06 	 	 
12.09 	 1.06161e-06 	 	 
12.105 	 1.04494e-06 	 	 
12.12 	 1.02854e-06 	 	 
12.135 	 1.0124e-06 	 	 
12.15 	 9.96517e-07 	 	 
12.165 	 9.80881e-07 	 	 
12.18 	 9.65491e-07 	 	 
12.195 	 9.50343e-07 	 	 
12.21 	 9.35433e-07 	 	 
12.225 	 9.20759e-07 	 	 
12.24 	 9.06315e-07 	 	 
12.255 	 8.92099e-07 	 	 
12.27 	 8.78106e-07 	 	 
12.285 	 8.64334e-07 	 	 
12.3 	 8.50779e-07 	 	 
12.315 	 8.37437e-07 	 	 
12.33 	 8.24305e-07 	 	 
12.345 	 8.1138e-07 	 	 
12.36 	 7.98658e-07 	 	 
12.375 	 7.86136e-07 	 	 
12.39 	 7.73812e-07 	 	 
12.405 	 7.61681e-07 	 	 
12.42 	 7.49741e-07 	 	 
12.435 	 7.3799e-07 	 	 
12.45 	 7.26423e-07 	 	 
12.465 	 7.15038e-07 	 	 
12.48 	 7.03832e-07 	 	 
12.495 	 6.92802e-07 	 	 
12.51 	 6.81947e-07 	 	 
12.525 	 6.71261e-07 	 	 
12.54 	 6.60744e-07 	 	 
12.555 	 6.50393e-07 	 	 
12.57 	 6.40204e-07 	 	 
12.585 	 6.30175e-07 	 	 
12.6 	 6.20305e-07 	 	 
12.615 	 6.10589e-07 	 	 
12.63 	 6.01026e-07 	 	 
12.645 	 5.91614e-07 	 	 
12.66 	 5.82349e-07 	 	 
12.675 	 5.73231e-07 	 	 
12.69 	 5.64255e-07 	 	 
12.705 	 5.55421e-07 	 	 
12.72 	 5.46726e-07 	 	 
12.735 	 5.38167e-07 	 	 
12.75 	 5.29743e-07 	 	 
12.765 	 5.21451e-07 	 	 
12.78 	 5.1329e-07 	 	 
12.795 	 5.05257e-07 	 	 
12.81 	 4.9735e-07 	 	 
12.825 	 4.89567e-07 	 	 
12.84 	 4.81907e-07 	 	 
12.855 	 4.74367e-07 	 	 
12.87 	 4.66946e-07 	 	 
12.885 	 4.59641e-07 	 	 
12.9 	 4.52451e-07 	 	 
12.915 	 4.45374e-07 	 	 
12.93 	 4.38408e-07 	 	 
12.945 	 4.31552e-07 	 	 
12.96 	 4.24803e-07 	 	 
12.975 	 4.1816e-07 	 	 
12.99 	 4.11621e-07 	 	 
13.005 	 4.05186e-07 	 	 
13.02 	 3.98851e-07 	 	 
13.035 	 3.92616e-07 	 	 
13.05 	 3.86478e-07 	 	 
13.065 	 3.80437e-07 	 	 
13.08 	 3.74491e-07 	 	 
13.095 	 3.68638e-07 	 	 
13.11 	 3.62878e-07 	 	 
13.125 	 3.57207e-07 	 	 
13.14 	 3.51626e-07 	 	 
13.155 	 3.46132e-07 	 	 
13.17 	 3.40724e-07 	 	 
13.185 	 3.35401e-07 	 	 
13.2 	 3.30162e-07 	 	 
13.215 	 3.25005e-07 	 	 
13.23 	 3.19929e-07 	 	 
13.245 	 3.14932e-07 	 	 
13.26 	 3.10014e-07 	 	 
13.275 	 3.05173e-07 	 	 
13.29 	 3.00408e-07 	 	 
13.305 	 2.95718e-07 	 	 
13.32 	 2.91101e-07 	 	 
13.335 	 2.86556e-07 	 	 
13.35 	 2.82083e-07 	 	 
13.365 	 2.7768e-07 	 	 
13.38 	 2.73346e-07 	 	 
13.395 	 2.6908e-07 	 	 
13.41 	 2.64881e-07 	 	 
13.425 	 2.60748e-07 	 	 
13.44 	 2.56679e-07 	 	 
13.455 	 2.52675e-07 	 	 
13.47 	 2.48733e-07 	 	 
13.485 	 2.44853e-07 	 	 
13.5 	 2.41033e-07 	 	 
13.515 	 2.37274e-07 	 	 
13.53 	 2.33573e-07 	 	 
13.545 	 2.2993e-07 	 	 
13.56 	 2.26345e-07 	 	 
13.575 	 2.22815e-07 	 	 
13.59 	 2.19341e-07 	 	 
13.605 	 2.15921e-07 	 	 
13.62 	 2.12555e-07 	 	 
13.635 	 2.09242e-07 	 	 
13.65 	 2.0598e-07 	 	 
13.665 	 2.0277e-07 	 	 
13.68 	 1.99609e-07 	 	 
13.695 	 1.96499e-07 	 	 
13.71 	 1.93437e-07 	 	 
13.725 	 1.90422e-07 	 	 
13.74 	 1.87455e-07 	 	 
13.755 	 1.84535e-07 	 	 
13.77 	 1.8166e-07 	 	 
13.785 	 1.7883e-07 	 	 
13.8 	 1.76045e-07 	 	 
13.815 	 1.73303e-07 	 	 
13.83 	 1.70604e-07 	 	 
13.845 	 1.67947e-07 	 	 
13.86 	 1.65331e-07 	 	 
13.875 	 1.62757e-07 	 	 
13.89 	 1.60223e-07 	 	 
13.905 	 1.57728e-07 	 	 
13.92 	 1.55273e-07 	 	 
13.935 	 1.52856e-07 	 	 
13.95 	 1.50477e-07 	 	 
13.965 	 1.48134e-07 	 	 
13.98 	 1.45829e-07 	 	 
13.995 	 1.43559e-07 	 	 
14.01 	 1.41325e-07 	 	 
14.025 	 1.39126e-07 	 	 
14.04 	 1.36962e-07 	 	 
14.055 	 1.34831e-07 	 	 
14.07 	 1.32733e-07 	 	 
14.085 	 1.30668e-07 	 	 
14.1 	 1.28636e-07 	 	 
14.115 	 1.26635e-07 	 	 
14.13 	 1.24666e-07 	 	 
14.145 	 1.22727e-07 	 	 
14.16 	 1.20818e-07 	 	 
14.175 	 1.1894e-07 	 	 
14.19 	 1.1709e-07 	 	 
14.205 	 1.1527e-07 	 	 
14.22 	 1.13478e-07 	 	 
14.235 	 1.11714e-07 	 	 
14.25 	 1.09977e-07 	 	 
14.265 	 1.08268e-07 	 	 
14.28 	 1.06585e-07 	 	 
14.295 	 1.04929e-07 	 	 
14.31 	 1.03298e-07 	 	 
14.325 	 1.01693e-07 	 	 
14.34 	 1.00113e-07 	 	 
14.355 	 9.85571e-08 	 	 
14.37 	 9.70259e-08 	 	 
14.385 	 9.55186e-08 	 	 
14.4 	 9.40348e-08 	 	 
14.415 	 9.25741e-08 	 	 
14.43 	 9.11362e-08 	 	 
14.445 	 8.97207e-08 	 	 
14.46 	 8.83273e-08 	 	 
14.475 	 8.69556e-08 	 	 
14.49 	 8.56054e-08 	 	 
14.505 	 8.42761e-08 	 	 
14.52 	 8.29676e-08 	 	 
14.535 	 8.16795e-08 	 	 
14.55 	 8.04115e-08 	 	 
14.565 	 7.91632e-08 	 	 
14.58 	 7.79344e-08 	 	 
14.595 	 7.67247e-08 	 	 
14.61 	 7.55338e-08 	 	 
14.625 	 7.43616e-08 	 	 
14.64 	 7.32076e-08 	 	 
14.655 	 7.20715e-08 	 	 
14.67 	 7.09532e-08 	 	 
14.685 	 6.98523e-08 	 	 
14.7 	 6.87685e-08 	 	 
14.715 	 6.77016e-08 	 	 
14.73 	 6.66513e-08 	 	 
14.745 	 6.56174e-08 	 	 
14.76 	 6.45995e-08 	 	 
14.775 	 6.35975e-08 	 	 
14.79 	 6.26111e-08 	 	 
14.805 	 6.16401e-08 	 	 
14.82 	 6.06842e-08 	 	 
14.835 	 5.97431e-08 	 	 
14.85 	 5.88167e-08 	 	 
14.865 	 5.79047e-08 	 	 
14.88 	 5.70069e-08 	 	 
14.895 	 5.61231e-08 	 	 
14.91 	 5.5253e-08 	 	 
14.925 	 5.43964e-08 	 	 
14.94 	 5.35532e-08 	 	 
14.955 	 5.27231e-08 	 	 
14.97 	 5.19059e-08 	 	 
14.985 	 5.11014e-08 	 	 
15 	 5.03094e-08 	 	 
15.015 	 4.95297e-08 	 	 
15.03 	 4.87622e-08 	 	 
15.045 	 4.80065e-08 	 	 
15.06 	 4.72627e-08 	 	 
15.075 	 4.65304e-08 	 	 
15.09 	 4.58094e-08 	 	 
15.105 	 4.50997e-08 	 	 
15.12 	 4.4401e-08 	 	 
15.135 	 4.37131e-08 	 	 
15.15 	 4.3036e-08 	 	 
15.165 	 4.23693e-08 	 	 
15.18 	 4.17131e-08 	 	 
15.195 	 4.1067e-08 	 	 
15.21 	 4.04309e-08 	 	 
15.225 	 3.98048e-08 	 	 
15.24 	 3.91883e-08 	 	 
15.255 	 3.85814e-08 	 	 
15.27 	 3.7984e-08 	 	 
15.285 	 3.73958e-08 	 	 
15.3 	 3.68167e-08 	 	 
15.315 	 3.62467e-08 	 	 
15.33 	 3.56855e-08 	 	 
15.345 	 3.5133e-08 	 	 
15.36 	 3.4589e-08 	 	 
15.375 	 3.40536e-08 	 	 
15.39 	 3.35264e-08 	 	 
15.405 	 3.30074e-08 	 	 
15.42 	 3.24964e-08 	 	 
15.435 	 3.19934e-08 	 	 
15.45 	 3.14982e-08 	 	 
15.465 	 3.10107e-08 	 	 
15.48 	 3.05307e-08 	 	 
15.495 	 3.00582e-08 	 	 
15.51 	 2.9593e-08 	 	 
15.525 	 2.9135e-08 	 	 
15.54 	 2.86841e-08 	 	 
15.555 	 2.82402e-08 	 	 
15.57 	 2.78032e-08 	 	 
15.585 	 2.7373e-08 	 	 
15.6 	 2.69494e-08 	 	 
15.615 	 2.65324e-08 	 	 
15.63 	 2.61219e-08 	 	 
15.645 	 2.57177e-08 	 	 
15.66 	 2.53198e-08 	 	 
15.675 	 2.4928e-08 	 	 
15.69 	 2.45423e-08 	 	 
15.705 	 2.41626e-08 	 	 
15.72 	 2.37888e-08 	 	 
15.735 	 2.34208e-08 	 	 
15.75 	 2.30584e-08 	 	 
15.765 	 2.27017e-08 	 	 
15.78 	 2.23505e-08 	 	 
15.795 	 2.20048e-08 	 	 
15.81 	 2.16644e-08 	 	 
15.825 	 2.13292e-08 	 	 
15.84 	 2.09993e-08 	 	 
15.855 	 2.06745e-08 	 	 
15.87 	 2.03547e-08 	 	 
15.885 	 2.00398e-08 	 	 
15.9 	 1.97298e-08 	 	 
15.915 	 1.94246e-08 	 	 
15.93 	 1.91242e-08 	 	 
15.945 	 1.88284e-08 	 	 
15.96 	 1.85371e-08 	 	 
15.975 	 1.82504e-08 	 	 
15.99 	 1.79681e-08 	 	 
16.005 	 1.76902e-08 	 	 
16.02 	 1.74166e-08 	 	 
16.035 	 1.71472e-08 	 	 
16.05 	 1.68819e-08 	 	 
16.065 	 1.66208e-08 	 	 
16.08 	 1.63637e-08 	 	 
16.095 	 1.61106e-08 	 	 
16.11 	 1.58614e-08 	 	 
16.125 	 1.56161e-08 	 	 
16.14 	 1.53745e-08 	 	 
16.155 	 1.51367e-08 	 	 
16.17 	 1.49026e-08 	 	 
16.185 	 1.4672e-08 	 	 
16.2 	 1.44451e-08 	 	 
16.215 	 1.42216e-08 	 	 
16.23 	 1.40016e-08 	 	 
16.245 	 1.3785e-08 	 	 
16.26 	 1.35718e-08 	 	 
16.275 	 1.33618e-08 	 	 
16.29 	 1.31551e-08 	 	 
16.305 	 1.29516e-08 	 	 
16.32 	 1.27512e-08 	 	 
16.335 	 1.2554e-08 	 	 
16.35 	 1.23597e-08 	 	 
16.365 	 1.21685e-08 	 	 
16.38 	 1.19802e-08 	 	 
16.395 	 1.17948e-08 	 	 
16.41 	 1.16123e-08 	 	 
16.425 	 1.14326e-08 	 	 
16.44 	 1.12557e-08 	 	 
16.455 	 1.10816e-08 	 	 
16.47 	 1.09101e-08 	 	 
16.485 	 1.07412e-08 	 	 
16.5 	 1.0575e-08 	 	 
16.515 	 1.04113e-08 	 	 
16.53 	 1.02502e-08 	 	 
16.545 	 1.00915e-08 	 	 
16.56 	 9.93529e-09 	 	 
16.575 	 9.78149e-09 	 	 
16.59 	 9.63006e-09 	 	 
16.605 	 9.48097e-09 	 	 
16.62 	 9.33418e-09 	 	 
16.635 	 9.18966e-09 	 	 
16.65 	 9.04736e-09 	 	 
16.665 	 8.90726e-09 	 	 
16.68 	 8.76932e-09 	 	 
16.695 	 8.63351e-09 	 	 
16.71 	 8.4998e-09 	 	 
16.725 	 8.36815e-09 	 	 
16.74 	 8.23852e-09 	 	 
16.755 	 8.1109e-09 	 	 
16.77 	 7.98525e-09 	 	 
16.785 	 7.86153e-09 	 	 
16.8 	 7.73972e-09 	 	 
16.815 	 7.61979e-09 	 	 
16.83 	 7.50171e-09 	 	 
16.845 	 7.38545e-09 	 	 
16.86 	 7.27098e-09 	 	 
16.875 	 7.15827e-09 	 	 
16.89 	 7.04731e-09 	 	 
16.905 	 6.93805e-09 	 	 
16.92 	 6.83048e-09 	 	 
16.935 	 6.72457e-09 	 	 
16.95 	 6.62029e-09 	 	 
16.965 	 6.51761e-09 	 	 
16.98 	 6.41652e-09 	 	 
16.995 	 6.31699e-09 	 	 
17.01 	 6.21899e-09 	 	 
17.025 	 6.1225e-09 	 	 
17.04 	 6.0275e-09 	 	 
17.055 	 5.93396e-09 	 	 
17.07 	 5.84186e-09 	 	 
17.085 	 5.75119e-09 	 	 
17.1 	 5.66191e-09 	 	 
17.115 	 5.574e-09 	 	 
17.13 	 5.48745e-09 	 	 
17.145 	 5.40223e-09 	 	 
17.16 	 5.31833e-09 	 	 
17.175 	 5.23572e-09 	 	 
17.19 	 5.15438e-09 	 	 
17.205 	 5.07429e-09 	 	 
17.22 	 4.99544e-09 	 	 
17.235 	 4.9178e-09 	 	 
17.25 	 4.84136e-09 	 	 
17.265 	 4.7661e-09 	 	 
17.28 	 4.69199e-09 	 	 
17.295 	 4.61903e-09 	 	 
17.31 	 4.54719e-09 	 	 
17.325 	 4.47646e-09 	 	 
17.34 	 4.40681e-09 	 	 
17.355 	 4.33824e-09 	 	 
17.37 	 4.27073e-09 	 	 
17.385 	 4.20425e-09 	 	 
17.4 	 4.1388e-09 	 	 
17.415 	 4.07436e-09 	 	 
17.43 	 4.01091e-09 	 	 
17.445 	 3.94844e-09 	 	 
17.46 	 3.88692e-09 	 	 
17.475 	 3.82636e-09 	 	 
17.49 	 3.76673e-09 	 	 
17.505 	 3.70802e-09 	 	 
17.52 	 3.65021e-09 	 	 
17.535 	 3.59329e-09 	 	 
17.55 	 3.53725e-09 	 	 
17.565 	 3.48207e-09 	 	 
17.58 	 3.42774e-09 	 	 
17.595 	 3.37425e-09 	 	 
17.61 	 3.32158e-09 	 	 
17.625 	 3.26973e-09 	 	 
17.64 	 3.21867e-09 	 	 
17.655 	 3.1684e-09 	 	 
17.67 	 3.1189e-09 	 	 
17.685 	 3.07017e-09 	 	 
17.7 	 3.02218e-09 	 	 
17.715 	 2.97494e-09 	 	 
17.73 	 2.92842e-09 	 	 
17.745 	 2.88262e-09 	 	 
17.76 	 2.83753e-09 	 	 
17.775 	 2.79313e-09 	 	 
17.79 	 2.74941e-09 	 	 
17.805 	 2.70637e-09 	 	 
17.82 	 2.66399e-09 	 	 
17.835 	 2.62227e-09 	 	 
17.85 	 2.58118e-09 	 	 
17.865 	 2.54073e-09 	 	 
17.88 	 2.50091e-09 	 	 
17.895 	 2.4617e-09 	 	 
17.91 	 2.42309e-09 	 	 
17.925 	 2.38508e-09 	 	 
17.94 	 2.34765e-09 	 	 
17.955 	 2.3108e-09 	 	 
17.97 	 2.27452e-09 	 	 
17.985 	 2.2388e-09 	 	 
18 	 2.20363e-09 	 	 
18.015 	 2.169e-09 	 	 
18.03 	 2.13491e-09 	 	 
18.045 	 2.10134e-09 	 	 
18.06 	 2.06829e-09 	 	 
18.075 	 2.03575e-09 	 	 
18.09 	 2.00371e-09 	 	 
18.105 	 1.97217e-09 	 	 
18.12 	 1.94112e-09 	 	 
18.135 	 1.91054e-09 	 	 
18.15 	 1.88043e-09 	 	 
18.165 	 1.8508e-09 	 	 
18.18 	 1.82161e-09 	 	 
18.195 	 1.79288e-09 	 	 
18.21 	 1.7646e-09 	 	 
18.225 	 1.73675e-09 	 	 
18.24 	 1.70933e-09 	 	 
18.255 	 1.68233e-09 	 	 
18.27 	 1.65576e-09 	 	 
18.285 	 1.62959e-09 	 	 
18.3 	 1.60383e-09 	 	 
18.315 	 1.57846e-09 	 	 
18.33 	 1.55349e-09 	 	 
18.345 	 1.52891e-09 	 	 
18.36 	 1.5047e-09 	 	 
18.375 	 1.48088e-09 	 	 
18.39 	 1.45742e-09 	 	 
18.405 	 1.43432e-09 	 	 
18.42 	 1.41158e-09 	 	 
18.435 	 1.3892e-09 	 	 
18.45 	 1.36716e-09 	 	 
18.465 	 1.34546e-09 	 	 
18.48 	 1.3241e-09 	 	 
18.495 	 1.30307e-09 	 	 
18.51 	 1.28237e-09 	 	 
18.525 	 1.26199e-09 	 	 
18.54 	 1.24193e-09 	 	 
18.555 	 1.22217e-09 	 	 
18.57 	 1.20273e-09 	 	 
18.585 	 1.18359e-09 	 	 
18.6 	 1.16474e-09 	 	 
18.615 	 1.14619e-09 	 	 
18.63 	 1.12793e-09 	 	 
18.645 	 1.10995e-09 	 	 
18.66 	 1.09225e-09 	 	 
18.675 	 1.07483e-09 	 	 
18.69 	 1.05768e-09 	 	 
18.705 	 1.0408e-09 	 	 
18.72 	 1.02418e-09 	 	 
18.735 	 1.00782e-09 	 	 
18.75 	 9.91722e-10 	 	 
18.765 	 9.75871e-10 	 	 
18.78 	 9.60268e-10 	 	 
18.795 	 9.4491e-10 	 	 
18.81 	 9.29792e-10 	 	 
18.825 	 9.14911e-10 	 	 
18.84 	 9.00264e-10 	 	 
18.855 	 8.85847e-10 	 	 
18.87 	 8.71656e-10 	 	 
18.885 	 8.57688e-10 	 	 
18.9 	 8.43941e-10 	 	 
18.915 	 8.30409e-10 	 	 
18.93 	 8.17091e-10 	 	 
18.945 	 8.03983e-10 	 	 
18.96 	 7.91082e-10 	 	 
18.975 	 7.78385e-10 	 	 
18.99 	 7.65888e-10 	 	 
19.005 	 7.53589e-10 	 	 
19.02 	 7.41485e-10 	 	 
19.035 	 7.29573e-10 	 	 
19.05 	 7.1785e-10 	 	 
19.065 	 7.06313e-10 	 	 
19.08 	 6.9496e-10 	 	 
19.095 	 6.83787e-10 	 	 
19.11 	 6.72793e-10 	 	 
19.125 	 6.61974e-10 	 	 
19.14 	 6.51328e-10 	 	 
19.155 	 6.40852e-10 	 	 
19.17 	 6.30544e-10 	 	 
19.185 	 6.20401e-10 	 	 
19.2 	 6.10421e-10 	 	 
19.215 	 6.00601e-10 	 	 
19.23 	 5.9094e-10 	 	 
19.245 	 5.81434e-10 	 	 
19.26 	 5.72082e-10 	 	 
19.275 	 5.62882e-10 	 	 
19.29 	 5.5383e-10 	 	 
19.305 	 5.44925e-10 	 	 
19.32 	 5.36165e-10 	 	 
19.335 	 5.27547e-10 	 	 
19.35 	 5.1907e-10 	 	 
19.365 	 5.10732e-10 	 	 
19.38 	 5.0253e-10 	 	 
19.395 	 4.94462e-10 	 	 
19.41 	 4.86528e-10 	 	 
19.425 	 4.78724e-10 	 	 
19.44 	 4.71048e-10 	 	 
19.455 	 4.635e-10 	 	 
19.47 	 4.56077e-10 	 	 
19.485 	 4.48777e-10 	 	 
19.5 	 4.41599e-10 	 	 
19.515 	 4.3454e-10 	 	 
19.53 	 4.276e-10 	 	 
19.545 	 4.20776e-10 	 	 
19.56 	 4.14067e-10 	 	 
19.575 	 4.07472e-10 	 	 
19.59 	 4.00988e-10 	 	 
19.605 	 3.94614e-10 	 	 
19.62 	 3.88349e-10 	 	 
19.635 	 3.8219e-10 	 	 
19.65 	 3.76137e-10 	 	 
19.665 	 3.70189e-10 	 	 
19.68 	 3.64342e-10 	 	 
19.695 	 3.58597e-10 	 	 
19.71 	 3.52952e-10 	 	 
19.725 	 3.47406e-10 	 	 
19.74 	 3.41956e-10 	 	 
19.755 	 3.36602e-10 	 	 
19.77 	 3.31343e-10 	 	 
19.785 	 3.26177e-10 	 	 
19.8 	 3.21103e-10 	 	 
19.815 	 3.1612e-10 	 	 
19.83 	 3.11226e-10 	 	 
19.845 	 3.0642e-10 	 	 
19.86 	 3.01702e-10 	 	 
19.875 	 2.9707e-10 	 	 
19.89 	 2.92522e-10 	 	 
19.905 	 2.88059e-10 	 	 
19.92 	 2.83678e-10 	 	 
19.935 	 2.79379e-10 	 	 
19.95 	 2.7516e-10 	 	 
19.965 	 2.71021e-10 	 	 
19.98 	 2.6696e-10 	 	 
