0 	 0.0156036 	 	 
0.0025 	 0.0156035 	 	 
0.005 	 0.0156035 	 	 
0.0075 	 0.0156035 	 	 
0.01 	 0.0156035 	 	 
0.0125 	 0.0156035 	 	 
0.015 	 0.0156035 	 	 
0.0175 	 0.0156035 	 	 
0.02 	 0.0156034 	 	 
0.0225 	 0.0156034 	 	 
0.025 	 0.0156034 	 	 
0.0275 	 0.0156034 	 	 
0.03 	 0.0156034 	 	 
0.0325 	 0.0156034 	 	 
0.035 	 0.0156034 	 	 
0.0375 	 0.0156034 	 	 
0.04 	 0.0156033 	 	 
0.0425 	 0.0156033 	 	 
0.045 	 0.0156033 	 	 
0.0475 	 0.0156033 	 	 
0.05 	 0.0156033 	 	 
0.0525 	 0.0156033 	 	 
0.055 	 0.0156033 	 	 
0.0575 	 0.0156032 	 	 
0.06 	 0.0156032 	 	 
0.0625 	 0.0156032 	 	 
0.065 	 0.0156032 	 	 
0.0675 	 0.0156032 	 	 
0.07 	 0.0156032 	 	 
0.0725 	 0.0156032 	 	 
0.075 	 0.0156031 	 	 
0.0775 	 0.0156031 	 	 
0.08 	 0.0156031 	 	 
0.0825 	 0.0156031 	 	 
0.085 	 0.0156031 	 	 
0.0875 	 0.0156031 	 	 
0.09 	 0.0156031 	 	 
0.0925 	 0.015603 	 	 
0.095 	 0.015603 	 	 
0.0975 	 0.015603 	 	 
0.1 	 0.015603 	 	 
0.1025 	 0.015603 	 	 
0.105 	 0.015603 	 	 
0.1075 	 0.015603 	 	 
0.11 	 0.0156029 	 	 
0.1125 	 0.0156029 	 	 
0.115 	 0.0156029 	 	 
0.1175 	 0.0156029 	 	 
0.12 	 0.0156029 	 	 
0.1225 	 0.0156029 	 	 
0.125 	 0.0156029 	 	 
0.1275 	 0.0156028 	 	 
0.13 	 0.0156028 	 	 
0.1325 	 0.0156028 	 	 
0.135 	 0.0156028 	 	 
0.1375 	 0.0156028 	 	 
0.14 	 0.0156028 	 	 
0.1425 	 0.0156028 	 	 
0.145 	 0.0156027 	 	 
0.1475 	 0.0156027 	 	 
0.15 	 0.0156027 	 	 
0.1525 	 0.0156027 	 	 
0.155 	 0.0156027 	 	 
0.1575 	 0.0156027 	 	 
0.16 	 0.0156026 	 	 
0.1625 	 0.0156026 	 	 
0.165 	 0.0156026 	 	 
0.1675 	 0.0156026 	 	 
0.17 	 0.0156026 	 	 
0.1725 	 0.0156026 	 	 
0.175 	 0.0156026 	 	 
0.1775 	 0.0156025 	 	 
0.18 	 0.0156025 	 	 
0.1825 	 0.0156025 	 	 
0.185 	 0.0156025 	 	 
0.1875 	 0.0156025 	 	 
0.19 	 0.0156025 	 	 
0.1925 	 0.0156024 	 	 
0.195 	 0.0156024 	 	 
0.1975 	 0.0156024 	 	 
0.2 	 0.0156024 	 	 
0.2025 	 0.0156024 	 	 
0.205 	 0.0156024 	 	 
0.2075 	 0.0156023 	 	 
0.21 	 0.0156023 	 	 
0.2125 	 0.0156023 	 	 
0.215 	 0.0156023 	 	 
0.2175 	 0.0156023 	 	 
0.22 	 0.0156023 	 	 
0.2225 	 0.0156022 	 	 
0.225 	 0.0156022 	 	 
0.2275 	 0.0156022 	 	 
0.23 	 0.0156022 	 	 
0.2325 	 0.0156022 	 	 
0.235 	 0.0156022 	 	 
0.2375 	 0.0156021 	 	 
0.24 	 0.0156021 	 	 
0.2425 	 0.0156021 	 	 
0.245 	 0.0156021 	 	 
0.2475 	 0.0156021 	 	 
0.25 	 0.0156021 	 	 
0.2525 	 0.015602 	 	 
0.255 	 0.015602 	 	 
0.2575 	 0.015602 	 	 
0.26 	 0.015602 	 	 
0.2625 	 0.015602 	 	 
0.265 	 0.015602 	 	 
0.2675 	 0.0156019 	 	 
0.27 	 0.0156019 	 	 
0.2725 	 0.0156019 	 	 
0.275 	 0.0156019 	 	 
0.2775 	 0.0156019 	 	 
0.28 	 0.0156019 	 	 
0.2825 	 0.0156018 	 	 
0.285 	 0.0156018 	 	 
0.2875 	 0.0156018 	 	 
0.29 	 0.0156018 	 	 
0.2925 	 0.0156018 	 	 
0.295 	 0.0156018 	 	 
0.2975 	 0.0156017 	 	 
0.3 	 0.0156017 	 	 
0.3025 	 0.0156017 	 	 
0.305 	 0.0156017 	 	 
0.3075 	 0.0156017 	 	 
0.31 	 0.0156017 	 	 
0.3125 	 0.0156016 	 	 
0.315 	 0.0156016 	 	 
0.3175 	 0.0156016 	 	 
0.32 	 0.0156016 	 	 
0.3225 	 0.0156016 	 	 
0.325 	 0.0156015 	 	 
0.3275 	 0.0156015 	 	 
0.33 	 0.0156015 	 	 
0.3325 	 0.0156015 	 	 
0.335 	 0.0156015 	 	 
0.3375 	 0.0156015 	 	 
0.34 	 0.0156014 	 	 
0.3425 	 0.0156014 	 	 
0.345 	 0.0156014 	 	 
0.3475 	 0.0156014 	 	 
0.35 	 0.0156014 	 	 
0.3525 	 0.0156013 	 	 
0.355 	 0.0156013 	 	 
0.3575 	 0.0156013 	 	 
0.36 	 0.0156013 	 	 
0.3625 	 0.0156013 	 	 
0.365 	 0.0156012 	 	 
0.3675 	 0.0156012 	 	 
0.37 	 0.0156012 	 	 
0.3725 	 0.0156012 	 	 
0.375 	 0.0156012 	 	 
0.3775 	 0.0156012 	 	 
0.38 	 0.0156011 	 	 
0.3825 	 0.0156011 	 	 
0.385 	 0.0156011 	 	 
0.3875 	 0.0156011 	 	 
0.39 	 0.0156011 	 	 
0.3925 	 0.015601 	 	 
0.395 	 0.015601 	 	 
0.3975 	 0.015601 	 	 
0.4 	 0.015601 	 	 
0.4025 	 0.015601 	 	 
0.405 	 0.0156009 	 	 
0.4075 	 0.0156009 	 	 
0.41 	 0.0156009 	 	 
0.4125 	 0.0156009 	 	 
0.415 	 0.0156009 	 	 
0.4175 	 0.0156008 	 	 
0.42 	 0.0156008 	 	 
0.4225 	 0.0156008 	 	 
0.425 	 0.0156008 	 	 
0.4275 	 0.0156008 	 	 
0.43 	 0.0156007 	 	 
0.4325 	 0.0156007 	 	 
0.435 	 0.0156007 	 	 
0.4375 	 0.0156007 	 	 
0.44 	 0.0156007 	 	 
0.4425 	 0.0156006 	 	 
0.445 	 0.0156006 	 	 
0.4475 	 0.0156006 	 	 
0.45 	 0.0156006 	 	 
0.4525 	 0.0156006 	 	 
0.455 	 0.0156005 	 	 
0.4575 	 0.0156005 	 	 
0.46 	 0.0156005 	 	 
0.4625 	 0.0156005 	 	 
0.465 	 0.0156005 	 	 
0.4675 	 0.0156004 	 	 
0.47 	 0.0156004 	 	 
0.4725 	 0.0156004 	 	 
0.475 	 0.0156004 	 	 
0.4775 	 0.0156004 	 	 
0.48 	 0.0156003 	 	 
0.4825 	 0.0156003 	 	 
0.485 	 0.0156003 	 	 
0.4875 	 0.0156003 	 	 
0.49 	 0.0156002 	 	 
0.4925 	 0.0156002 	 	 
0.495 	 0.0156002 	 	 
0.4975 	 0.0156002 	 	 
0.5 	 0.0156002 	 	 
0.5025 	 0.0156001 	 	 
0.505 	 0.0156001 	 	 
0.5075 	 0.0156001 	 	 
0.51 	 0.0156001 	 	 
0.5125 	 0.0156 	 	 
0.515 	 0.0156 	 	 
0.5175 	 0.0156 	 	 
0.52 	 0.0156 	 	 
0.5225 	 0.0156 	 	 
0.525 	 0.0155999 	 	 
0.5275 	 0.0155999 	 	 
0.53 	 0.0155999 	 	 
0.5325 	 0.0155999 	 	 
0.535 	 0.0155999 	 	 
0.5375 	 0.0155998 	 	 
0.54 	 0.0155998 	 	 
0.5425 	 0.0155998 	 	 
0.545 	 0.0155998 	 	 
0.5475 	 0.0155997 	 	 
0.55 	 0.0155997 	 	 
0.5525 	 0.0155997 	 	 
0.555 	 0.0155997 	 	 
0.5575 	 0.0155996 	 	 
0.56 	 0.0155996 	 	 
0.5625 	 0.0155996 	 	 
0.565 	 0.0155996 	 	 
0.5675 	 0.0155996 	 	 
0.57 	 0.0155995 	 	 
0.5725 	 0.0155995 	 	 
0.575 	 0.0155995 	 	 
0.5775 	 0.0155995 	 	 
0.58 	 0.0155994 	 	 
0.5825 	 0.0155994 	 	 
0.585 	 0.0155994 	 	 
0.5875 	 0.0155994 	 	 
0.59 	 0.0155993 	 	 
0.5925 	 0.0155993 	 	 
0.595 	 0.0155993 	 	 
0.5975 	 0.0155993 	 	 
0.6 	 0.0155993 	 	 
0.6025 	 0.0155992 	 	 
0.605 	 0.0155992 	 	 
0.6075 	 0.0155992 	 	 
0.61 	 0.0155992 	 	 
0.6125 	 0.0155991 	 	 
0.615 	 0.0155991 	 	 
0.6175 	 0.0155991 	 	 
0.62 	 0.0155991 	 	 
0.6225 	 0.015599 	 	 
0.625 	 0.015599 	 	 
0.6275 	 0.015599 	 	 
0.63 	 0.015599 	 	 
0.6325 	 0.0155989 	 	 
0.635 	 0.0155989 	 	 
0.6375 	 0.0155989 	 	 
0.64 	 0.0155989 	 	 
0.6425 	 0.0155988 	 	 
0.645 	 0.0155988 	 	 
0.6475 	 0.0155988 	 	 
0.65 	 0.0155988 	 	 
0.6525 	 0.0155987 	 	 
0.655 	 0.0155987 	 	 
0.6575 	 0.0155987 	 	 
0.66 	 0.0155987 	 	 
0.6625 	 0.0155986 	 	 
0.665 	 0.0155986 	 	 
0.6675 	 0.0155986 	 	 
0.67 	 0.0155986 	 	 
0.6725 	 0.0155985 	 	 
0.675 	 0.0155985 	 	 
0.6775 	 0.0155985 	 	 
0.68 	 0.0155985 	 	 
0.6825 	 0.0155984 	 	 
0.685 	 0.0155984 	 	 
0.6875 	 0.0155984 	 	 
0.69 	 0.0155984 	 	 
0.6925 	 0.0155983 	 	 
0.695 	 0.0155983 	 	 
0.6975 	 0.0155983 	 	 
0.7 	 0.0155982 	 	 
0.7025 	 0.0155982 	 	 
0.705 	 0.0155982 	 	 
0.7075 	 0.0155982 	 	 
0.71 	 0.0155981 	 	 
0.7125 	 0.0155981 	 	 
0.715 	 0.0155981 	 	 
0.7175 	 0.0155981 	 	 
0.72 	 0.015598 	 	 
0.7225 	 0.015598 	 	 
0.725 	 0.015598 	 	 
0.7275 	 0.015598 	 	 
0.73 	 0.0155979 	 	 
0.7325 	 0.0155979 	 	 
0.735 	 0.0155979 	 	 
0.7375 	 0.0155978 	 	 
0.74 	 0.0155978 	 	 
0.7425 	 0.0155978 	 	 
0.745 	 0.0155978 	 	 
0.7475 	 0.0155977 	 	 
0.75 	 0.0155977 	 	 
0.7525 	 0.0155977 	 	 
0.755 	 0.0155977 	 	 
0.7575 	 0.0155976 	 	 
0.76 	 0.0155976 	 	 
0.7625 	 0.0155976 	 	 
0.765 	 0.0155975 	 	 
0.7675 	 0.0155975 	 	 
0.77 	 0.0155975 	 	 
0.7725 	 0.0155975 	 	 
0.775 	 0.0155974 	 	 
0.7775 	 0.0155974 	 	 
0.78 	 0.0155974 	 	 
0.7825 	 0.0155973 	 	 
0.785 	 0.0155973 	 	 
0.7875 	 0.0155973 	 	 
0.79 	 0.0155973 	 	 
0.7925 	 0.0155972 	 	 
0.795 	 0.0155972 	 	 
0.7975 	 0.0155972 	 	 
0.8 	 0.0155971 	 	 
0.8025 	 0.0155971 	 	 
0.805 	 0.0155971 	 	 
0.8075 	 0.0155971 	 	 
0.81 	 0.015597 	 	 
0.8125 	 0.015597 	 	 
0.815 	 0.015597 	 	 
0.8175 	 0.0155969 	 	 
0.82 	 0.0155969 	 	 
0.8225 	 0.0155969 	 	 
0.825 	 0.0155968 	 	 
0.8275 	 0.0155968 	 	 
0.83 	 0.0155968 	 	 
0.8325 	 0.0155968 	 	 
0.835 	 0.0155967 	 	 
0.8375 	 0.0155967 	 	 
0.84 	 0.0155967 	 	 
0.8425 	 0.0155966 	 	 
0.845 	 0.0155966 	 	 
0.8475 	 0.0155966 	 	 
0.85 	 0.0155965 	 	 
0.8525 	 0.0155965 	 	 
0.855 	 0.0155965 	 	 
0.8575 	 0.0155965 	 	 
0.86 	 0.0155964 	 	 
0.8625 	 0.0155964 	 	 
0.865 	 0.0155964 	 	 
0.8675 	 0.0155963 	 	 
0.87 	 0.0155963 	 	 
0.8725 	 0.0155963 	 	 
0.875 	 0.0155962 	 	 
0.8775 	 0.0155962 	 	 
0.88 	 0.0155962 	 	 
0.8825 	 0.0155961 	 	 
0.885 	 0.0155961 	 	 
0.8875 	 0.0155961 	 	 
0.89 	 0.015596 	 	 
0.8925 	 0.015596 	 	 
0.895 	 0.015596 	 	 
0.8975 	 0.015596 	 	 
0.9 	 0.0155959 	 	 
0.9025 	 0.0155959 	 	 
0.905 	 0.0155959 	 	 
0.9075 	 0.0155958 	 	 
0.91 	 0.0155958 	 	 
0.9125 	 0.0155958 	 	 
0.915 	 0.0155957 	 	 
0.9175 	 0.0155957 	 	 
0.92 	 0.0155957 	 	 
0.9225 	 0.0155956 	 	 
0.925 	 0.0155956 	 	 
0.9275 	 0.0155956 	 	 
0.93 	 0.0155955 	 	 
0.9325 	 0.0155955 	 	 
0.935 	 0.0155955 	 	 
0.9375 	 0.0155954 	 	 
0.94 	 0.0155954 	 	 
0.9425 	 0.0155954 	 	 
0.945 	 0.0155953 	 	 
0.9475 	 0.0155953 	 	 
0.95 	 0.0155953 	 	 
0.9525 	 0.0155952 	 	 
0.955 	 0.0155952 	 	 
0.9575 	 0.0155952 	 	 
0.96 	 0.0155951 	 	 
0.9625 	 0.0155951 	 	 
0.965 	 0.0155951 	 	 
0.9675 	 0.015595 	 	 
0.97 	 0.015595 	 	 
0.9725 	 0.015595 	 	 
0.975 	 0.0155949 	 	 
0.9775 	 0.0155949 	 	 
0.98 	 0.0155948 	 	 
0.9825 	 0.0155948 	 	 
0.985 	 0.0155948 	 	 
0.9875 	 0.0155947 	 	 
0.99 	 0.0155947 	 	 
0.9925 	 0.0155947 	 	 
0.995 	 0.0155946 	 	 
0.9975 	 0.0155946 	 	 
1 	 0.0155946 	 	 
1.0025 	 0.0155945 	 	 
1.005 	 0.0155945 	 	 
1.0075 	 0.0155945 	 	 
1.01 	 0.0155944 	 	 
1.0125 	 0.0155944 	 	 
1.015 	 0.0155944 	 	 
1.0175 	 0.0155943 	 	 
1.02 	 0.0155943 	 	 
1.0225 	 0.0155942 	 	 
1.025 	 0.0155942 	 	 
1.0275 	 0.0155942 	 	 
1.03 	 0.0155941 	 	 
1.0325 	 0.0155941 	 	 
1.035 	 0.0155941 	 	 
1.0375 	 0.015594 	 	 
1.04 	 0.015594 	 	 
1.0425 	 0.0155939 	 	 
1.045 	 0.0155939 	 	 
1.0475 	 0.0155939 	 	 
1.05 	 0.0155938 	 	 
1.0525 	 0.0155938 	 	 
1.055 	 0.0155938 	 	 
1.0575 	 0.0155937 	 	 
1.06 	 0.0155937 	 	 
1.0625 	 0.0155936 	 	 
1.065 	 0.0155936 	 	 
1.0675 	 0.0155936 	 	 
1.07 	 0.0155935 	 	 
1.0725 	 0.0155935 	 	 
1.075 	 0.0155935 	 	 
1.0775 	 0.0155934 	 	 
1.08 	 0.0155934 	 	 
1.0825 	 0.0155933 	 	 
1.085 	 0.0155933 	 	 
1.0875 	 0.0155933 	 	 
1.09 	 0.0155932 	 	 
1.0925 	 0.0155932 	 	 
1.095 	 0.0155932 	 	 
1.0975 	 0.0155931 	 	 
1.1 	 0.0155931 	 	 
1.1025 	 0.015593 	 	 
1.105 	 0.015593 	 	 
1.1075 	 0.015593 	 	 
1.11 	 0.0155929 	 	 
1.1125 	 0.0155929 	 	 
1.115 	 0.0155928 	 	 
1.1175 	 0.0155928 	 	 
1.12 	 0.0155928 	 	 
1.1225 	 0.0155927 	 	 
1.125 	 0.0155927 	 	 
1.1275 	 0.0155926 	 	 
1.13 	 0.0155926 	 	 
1.1325 	 0.0155926 	 	 
1.135 	 0.0155925 	 	 
1.1375 	 0.0155925 	 	 
1.14 	 0.0155924 	 	 
1.1425 	 0.0155924 	 	 
1.145 	 0.0155923 	 	 
1.1475 	 0.0155923 	 	 
1.15 	 0.0155923 	 	 
1.1525 	 0.0155922 	 	 
1.155 	 0.0155922 	 	 
1.1575 	 0.0155921 	 	 
1.16 	 0.0155921 	 	 
1.1625 	 0.0155921 	 	 
1.165 	 0.015592 	 	 
1.1675 	 0.015592 	 	 
1.17 	 0.0155919 	 	 
1.1725 	 0.0155919 	 	 
1.175 	 0.0155918 	 	 
1.1775 	 0.0155918 	 	 
1.18 	 0.0155918 	 	 
1.1825 	 0.0155917 	 	 
1.185 	 0.0155917 	 	 
1.1875 	 0.0155916 	 	 
1.19 	 0.0155916 	 	 
1.1925 	 0.0155916 	 	 
1.195 	 0.0155915 	 	 
1.1975 	 0.0155915 	 	 
1.2 	 0.0155914 	 	 
1.2025 	 0.0155914 	 	 
1.205 	 0.0155913 	 	 
1.2075 	 0.0155913 	 	 
1.21 	 0.0155912 	 	 
1.2125 	 0.0155912 	 	 
1.215 	 0.0155912 	 	 
1.2175 	 0.0155911 	 	 
1.22 	 0.0155911 	 	 
1.2225 	 0.015591 	 	 
1.225 	 0.015591 	 	 
1.2275 	 0.0155909 	 	 
1.23 	 0.0155909 	 	 
1.2325 	 0.0155908 	 	 
1.235 	 0.0155908 	 	 
1.2375 	 0.0155908 	 	 
1.24 	 0.0155907 	 	 
1.2425 	 0.0155907 	 	 
1.245 	 0.0155906 	 	 
1.2475 	 0.0155906 	 	 
1.25 	 0.0155905 	 	 
1.2525 	 0.0155905 	 	 
1.255 	 0.0155904 	 	 
1.2575 	 0.0155904 	 	 
1.26 	 0.0155903 	 	 
1.2625 	 0.0155903 	 	 
1.265 	 0.0155903 	 	 
1.2675 	 0.0155902 	 	 
1.27 	 0.0155902 	 	 
1.2725 	 0.0155901 	 	 
1.275 	 0.0155901 	 	 
1.2775 	 0.01559 	 	 
1.28 	 0.01559 	 	 
1.2825 	 0.0155899 	 	 
1.285 	 0.0155899 	 	 
1.2875 	 0.0155898 	 	 
1.29 	 0.0155898 	 	 
1.2925 	 0.0155897 	 	 
1.295 	 0.0155897 	 	 
1.2975 	 0.0155896 	 	 
1.3 	 0.0155896 	 	 
1.3025 	 0.0155895 	 	 
1.305 	 0.0155895 	 	 
1.3075 	 0.0155895 	 	 
1.31 	 0.0155894 	 	 
1.3125 	 0.0155894 	 	 
1.315 	 0.0155893 	 	 
1.3175 	 0.0155893 	 	 
1.32 	 0.0155892 	 	 
1.3225 	 0.0155892 	 	 
1.325 	 0.0155891 	 	 
1.3275 	 0.0155891 	 	 
1.33 	 0.015589 	 	 
1.3325 	 0.015589 	 	 
1.335 	 0.0155889 	 	 
1.3375 	 0.0155889 	 	 
1.34 	 0.0155888 	 	 
1.3425 	 0.0155888 	 	 
1.345 	 0.0155887 	 	 
1.3475 	 0.0155887 	 	 
1.35 	 0.0155886 	 	 
1.3525 	 0.0155886 	 	 
1.355 	 0.0155885 	 	 
1.3575 	 0.0155885 	 	 
1.36 	 0.0155884 	 	 
1.3625 	 0.0155884 	 	 
1.365 	 0.0155883 	 	 
1.3675 	 0.0155883 	 	 
1.37 	 0.0155882 	 	 
1.3725 	 0.0155882 	 	 
1.375 	 0.0155881 	 	 
1.3775 	 0.0155881 	 	 
1.38 	 0.015588 	 	 
1.3825 	 0.0155879 	 	 
1.385 	 0.0155879 	 	 
1.3875 	 0.0155878 	 	 
1.39 	 0.0155878 	 	 
1.3925 	 0.0155877 	 	 
1.395 	 0.0155877 	 	 
1.3975 	 0.0155876 	 	 
1.4 	 0.0155876 	 	 
1.4025 	 0.0155875 	 	 
1.405 	 0.0155875 	 	 
1.4075 	 0.0155874 	 	 
1.41 	 0.0155874 	 	 
1.4125 	 0.0155873 	 	 
1.415 	 0.0155873 	 	 
1.4175 	 0.0155872 	 	 
1.42 	 0.0155872 	 	 
1.4225 	 0.0155871 	 	 
1.425 	 0.015587 	 	 
1.4275 	 0.015587 	 	 
1.43 	 0.0155869 	 	 
1.4325 	 0.0155869 	 	 
1.435 	 0.0155868 	 	 
1.4375 	 0.0155868 	 	 
1.44 	 0.0155867 	 	 
1.4425 	 0.0155867 	 	 
1.445 	 0.0155866 	 	 
1.4475 	 0.0155866 	 	 
1.45 	 0.0155865 	 	 
1.4525 	 0.0155864 	 	 
1.455 	 0.0155864 	 	 
1.4575 	 0.0155863 	 	 
1.46 	 0.0155863 	 	 
1.4625 	 0.0155862 	 	 
1.465 	 0.0155862 	 	 
1.4675 	 0.0155861 	 	 
1.47 	 0.015586 	 	 
1.4725 	 0.015586 	 	 
1.475 	 0.0155859 	 	 
1.4775 	 0.0155859 	 	 
1.48 	 0.0155858 	 	 
1.4825 	 0.0155858 	 	 
1.485 	 0.0155857 	 	 
1.4875 	 0.0155856 	 	 
1.49 	 0.0155856 	 	 
1.4925 	 0.0155855 	 	 
1.495 	 0.0155855 	 	 
1.4975 	 0.0155854 	 	 
1.5 	 0.0155854 	 	 
1.5025 	 0.0155853 	 	 
1.505 	 0.0155852 	 	 
1.5075 	 0.0155852 	 	 
1.51 	 0.0155851 	 	 
1.5125 	 0.0155851 	 	 
1.515 	 0.015585 	 	 
1.5175 	 0.0155849 	 	 
1.52 	 0.0155849 	 	 
1.5225 	 0.0155848 	 	 
1.525 	 0.0155848 	 	 
1.5275 	 0.0155847 	 	 
1.53 	 0.0155846 	 	 
1.5325 	 0.0155846 	 	 
1.535 	 0.0155845 	 	 
1.5375 	 0.0155845 	 	 
1.54 	 0.0155844 	 	 
1.5425 	 0.0155843 	 	 
1.545 	 0.0155843 	 	 
1.5475 	 0.0155842 	 	 
1.55 	 0.0155842 	 	 
1.5525 	 0.0155841 	 	 
1.555 	 0.015584 	 	 
1.5575 	 0.015584 	 	 
1.56 	 0.0155839 	 	 
1.5625 	 0.0155838 	 	 
1.565 	 0.0155838 	 	 
1.5675 	 0.0155837 	 	 
1.57 	 0.0155837 	 	 
1.5725 	 0.0155836 	 	 
1.575 	 0.0155835 	 	 
1.5775 	 0.0155835 	 	 
1.58 	 0.0155834 	 	 
1.5825 	 0.0155833 	 	 
1.585 	 0.0155833 	 	 
1.5875 	 0.0155832 	 	 
1.59 	 0.0155832 	 	 
1.5925 	 0.0155831 	 	 
1.595 	 0.015583 	 	 
1.5975 	 0.015583 	 	 
1.6 	 0.0155829 	 	 
1.6025 	 0.0155828 	 	 
1.605 	 0.0155828 	 	 
1.6075 	 0.0155827 	 	 
1.61 	 0.0155826 	 	 
1.6125 	 0.0155826 	 	 
1.615 	 0.0155825 	 	 
1.6175 	 0.0155824 	 	 
1.62 	 0.0155824 	 	 
1.6225 	 0.0155823 	 	 
1.625 	 0.0155822 	 	 
1.6275 	 0.0155822 	 	 
1.63 	 0.0155821 	 	 
1.6325 	 0.015582 	 	 
1.635 	 0.015582 	 	 
1.6375 	 0.0155819 	 	 
1.64 	 0.0155818 	 	 
1.6425 	 0.0155818 	 	 
1.645 	 0.0155817 	 	 
1.6475 	 0.0155816 	 	 
1.65 	 0.0155816 	 	 
1.6525 	 0.0155815 	 	 
1.655 	 0.0155814 	 	 
1.6575 	 0.0155814 	 	 
1.66 	 0.0155813 	 	 
1.6625 	 0.0155812 	 	 
1.665 	 0.0155812 	 	 
1.6675 	 0.0155811 	 	 
1.67 	 0.015581 	 	 
1.6725 	 0.015581 	 	 
1.675 	 0.0155809 	 	 
1.6775 	 0.0155808 	 	 
1.68 	 0.0155807 	 	 
1.6825 	 0.0155807 	 	 
1.685 	 0.0155806 	 	 
1.6875 	 0.0155805 	 	 
1.69 	 0.0155805 	 	 
1.6925 	 0.0155804 	 	 
1.695 	 0.0155803 	 	 
1.6975 	 0.0155802 	 	 
1.7 	 0.0155802 	 	 
1.7025 	 0.0155801 	 	 
1.705 	 0.01558 	 	 
1.7075 	 0.01558 	 	 
1.71 	 0.0155799 	 	 
1.7125 	 0.0155798 	 	 
1.715 	 0.0155797 	 	 
1.7175 	 0.0155797 	 	 
1.72 	 0.0155796 	 	 
1.7225 	 0.0155795 	 	 
1.725 	 0.0155795 	 	 
1.7275 	 0.0155794 	 	 
1.73 	 0.0155793 	 	 
1.7325 	 0.0155792 	 	 
1.735 	 0.0155792 	 	 
1.7375 	 0.0155791 	 	 
1.74 	 0.015579 	 	 
1.7425 	 0.0155789 	 	 
1.745 	 0.0155789 	 	 
1.7475 	 0.0155788 	 	 
1.75 	 0.0155787 	 	 
1.7525 	 0.0155786 	 	 
1.755 	 0.0155786 	 	 
1.7575 	 0.0155785 	 	 
1.76 	 0.0155784 	 	 
1.7625 	 0.0155783 	 	 
1.765 	 0.0155783 	 	 
1.7675 	 0.0155782 	 	 
1.77 	 0.0155781 	 	 
1.7725 	 0.015578 	 	 
1.775 	 0.015578 	 	 
1.7775 	 0.0155779 	 	 
1.78 	 0.0155778 	 	 
1.7825 	 0.0155777 	 	 
1.785 	 0.0155776 	 	 
1.7875 	 0.0155776 	 	 
1.79 	 0.0155775 	 	 
1.7925 	 0.0155774 	 	 
1.795 	 0.0155773 	 	 
1.7975 	 0.0155773 	 	 
1.8 	 0.0155772 	 	 
1.8025 	 0.0155771 	 	 
1.805 	 0.015577 	 	 
1.8075 	 0.0155769 	 	 
1.81 	 0.0155769 	 	 
1.8125 	 0.0155768 	 	 
1.815 	 0.0155767 	 	 
1.8175 	 0.0155766 	 	 
1.82 	 0.0155765 	 	 
1.8225 	 0.0155765 	 	 
1.825 	 0.0155764 	 	 
1.8275 	 0.0155763 	 	 
1.83 	 0.0155762 	 	 
1.8325 	 0.0155761 	 	 
1.835 	 0.015576 	 	 
1.8375 	 0.015576 	 	 
1.84 	 0.0155759 	 	 
1.8425 	 0.0155758 	 	 
1.845 	 0.0155757 	 	 
1.8475 	 0.0155756 	 	 
1.85 	 0.0155756 	 	 
1.8525 	 0.0155755 	 	 
1.855 	 0.0155754 	 	 
1.8575 	 0.0155753 	 	 
1.86 	 0.0155752 	 	 
1.8625 	 0.0155751 	 	 
1.865 	 0.0155751 	 	 
1.8675 	 0.015575 	 	 
1.87 	 0.0155749 	 	 
1.8725 	 0.0155748 	 	 
1.875 	 0.0155747 	 	 
1.8775 	 0.0155746 	 	 
1.88 	 0.0155745 	 	 
1.8825 	 0.0155745 	 	 
1.885 	 0.0155744 	 	 
1.8875 	 0.0155743 	 	 
1.89 	 0.0155742 	 	 
1.8925 	 0.0155741 	 	 
1.895 	 0.015574 	 	 
1.8975 	 0.0155739 	 	 
1.9 	 0.0155739 	 	 
1.9025 	 0.0155738 	 	 
1.905 	 0.0155737 	 	 
1.9075 	 0.0155736 	 	 
1.91 	 0.0155735 	 	 
1.9125 	 0.0155734 	 	 
1.915 	 0.0155733 	 	 
1.9175 	 0.0155732 	 	 
1.92 	 0.0155732 	 	 
1.9225 	 0.0155731 	 	 
1.925 	 0.015573 	 	 
1.9275 	 0.0155729 	 	 
1.93 	 0.0155728 	 	 
1.9325 	 0.0155727 	 	 
1.935 	 0.0155726 	 	 
1.9375 	 0.0155725 	 	 
1.94 	 0.0155724 	 	 
1.9425 	 0.0155723 	 	 
1.945 	 0.0155723 	 	 
1.9475 	 0.0155722 	 	 
1.95 	 0.0155721 	 	 
1.9525 	 0.015572 	 	 
1.955 	 0.0155719 	 	 
1.9575 	 0.0155718 	 	 
1.96 	 0.0155717 	 	 
1.9625 	 0.0155716 	 	 
1.965 	 0.0155715 	 	 
1.9675 	 0.0155714 	 	 
1.97 	 0.0155713 	 	 
1.9725 	 0.0155712 	 	 
1.975 	 0.0155711 	 	 
1.9775 	 0.015571 	 	 
1.98 	 0.015571 	 	 
1.9825 	 0.0155709 	 	 
1.985 	 0.0155708 	 	 
1.9875 	 0.0155707 	 	 
1.99 	 0.0155706 	 	 
1.9925 	 0.0155705 	 	 
1.995 	 0.0155704 	 	 
1.9975 	 0.0155703 	 	 
2 	 0.0155702 	 	 
2.0025 	 0.0155701 	 	 
2.005 	 0.01557 	 	 
2.0075 	 0.0155699 	 	 
2.01 	 0.0155698 	 	 
2.0125 	 0.0155697 	 	 
2.015 	 0.0155696 	 	 
2.0175 	 0.0155695 	 	 
2.02 	 0.0155694 	 	 
2.0225 	 0.0155693 	 	 
2.025 	 0.0155692 	 	 
2.0275 	 0.0155691 	 	 
2.03 	 0.015569 	 	 
2.0325 	 0.0155689 	 	 
2.035 	 0.0155688 	 	 
2.0375 	 0.0155687 	 	 
2.04 	 0.0155686 	 	 
2.0425 	 0.0155685 	 	 
2.045 	 0.0155684 	 	 
2.0475 	 0.0155683 	 	 
2.05 	 0.0155682 	 	 
2.0525 	 0.0155681 	 	 
2.055 	 0.015568 	 	 
2.0575 	 0.0155679 	 	 
2.06 	 0.0155678 	 	 
2.0625 	 0.0155677 	 	 
2.065 	 0.0155676 	 	 
2.0675 	 0.0155675 	 	 
2.07 	 0.0155674 	 	 
2.0725 	 0.0155673 	 	 
2.075 	 0.0155672 	 	 
2.0775 	 0.0155671 	 	 
2.08 	 0.015567 	 	 
2.0825 	 0.0155669 	 	 
2.085 	 0.0155668 	 	 
2.0875 	 0.0155667 	 	 
2.09 	 0.0155666 	 	 
2.0925 	 0.0155665 	 	 
2.095 	 0.0155664 	 	 
2.0975 	 0.0155662 	 	 
2.1 	 0.0155661 	 	 
2.1025 	 0.015566 	 	 
2.105 	 0.0155659 	 	 
2.1075 	 0.0155658 	 	 
2.11 	 0.0155657 	 	 
2.1125 	 0.0155656 	 	 
2.115 	 0.0155655 	 	 
2.1175 	 0.0155654 	 	 
2.12 	 0.0155653 	 	 
2.1225 	 0.0155652 	 	 
2.125 	 0.0155651 	 	 
2.1275 	 0.015565 	 	 
2.13 	 0.0155648 	 	 
2.1325 	 0.0155647 	 	 
2.135 	 0.0155646 	 	 
2.1375 	 0.0155645 	 	 
2.14 	 0.0155644 	 	 
2.1425 	 0.0155643 	 	 
2.145 	 0.0155642 	 	 
2.1475 	 0.0155641 	 	 
2.15 	 0.015564 	 	 
2.1525 	 0.0155639 	 	 
2.155 	 0.0155637 	 	 
2.1575 	 0.0155636 	 	 
2.16 	 0.0155635 	 	 
2.1625 	 0.0155634 	 	 
2.165 	 0.0155633 	 	 
2.1675 	 0.0155632 	 	 
2.17 	 0.0155631 	 	 
2.1725 	 0.0155629 	 	 
2.175 	 0.0155628 	 	 
2.1775 	 0.0155627 	 	 
2.18 	 0.0155626 	 	 
2.1825 	 0.0155625 	 	 
2.185 	 0.0155624 	 	 
2.1875 	 0.0155623 	 	 
2.19 	 0.0155621 	 	 
2.1925 	 0.015562 	 	 
2.195 	 0.0155619 	 	 
2.1975 	 0.0155618 	 	 
2.2 	 0.0155617 	 	 
2.2025 	 0.0155616 	 	 
2.205 	 0.0155614 	 	 
2.2075 	 0.0155613 	 	 
2.21 	 0.0155612 	 	 
2.2125 	 0.0155611 	 	 
2.215 	 0.015561 	 	 
2.2175 	 0.0155608 	 	 
2.22 	 0.0155607 	 	 
2.2225 	 0.0155606 	 	 
2.225 	 0.0155605 	 	 
2.2275 	 0.0155604 	 	 
2.23 	 0.0155602 	 	 
2.2325 	 0.0155601 	 	 
2.235 	 0.01556 	 	 
2.2375 	 0.0155599 	 	 
2.24 	 0.0155598 	 	 
2.2425 	 0.0155596 	 	 
2.245 	 0.0155595 	 	 
2.2475 	 0.0155594 	 	 
2.25 	 0.0155593 	 	 
2.2525 	 0.0155591 	 	 
2.255 	 0.015559 	 	 
2.2575 	 0.0155589 	 	 
2.26 	 0.0155588 	 	 
2.2625 	 0.0155586 	 	 
2.265 	 0.0155585 	 	 
2.2675 	 0.0155584 	 	 
2.27 	 0.0155583 	 	 
2.2725 	 0.0155581 	 	 
2.275 	 0.015558 	 	 
2.2775 	 0.0155579 	 	 
2.28 	 0.0155578 	 	 
2.2825 	 0.0155576 	 	 
2.285 	 0.0155575 	 	 
2.2875 	 0.0155574 	 	 
2.29 	 0.0155573 	 	 
2.2925 	 0.0155571 	 	 
2.295 	 0.015557 	 	 
2.2975 	 0.0155569 	 	 
2.3 	 0.0155567 	 	 
2.3025 	 0.0155566 	 	 
2.305 	 0.0155565 	 	 
2.3075 	 0.0155563 	 	 
2.31 	 0.0155562 	 	 
2.3125 	 0.0155561 	 	 
2.315 	 0.015556 	 	 
2.3175 	 0.0155558 	 	 
2.32 	 0.0155557 	 	 
2.3225 	 0.0155556 	 	 
2.325 	 0.0155554 	 	 
2.3275 	 0.0155553 	 	 
2.33 	 0.0155552 	 	 
2.3325 	 0.015555 	 	 
2.335 	 0.0155549 	 	 
2.3375 	 0.0155548 	 	 
2.34 	 0.0155546 	 	 
2.3425 	 0.0155545 	 	 
2.345 	 0.0155543 	 	 
2.3475 	 0.0155542 	 	 
2.35 	 0.0155541 	 	 
2.3525 	 0.0155539 	 	 
2.355 	 0.0155538 	 	 
2.3575 	 0.0155537 	 	 
2.36 	 0.0155535 	 	 
2.3625 	 0.0155534 	 	 
2.365 	 0.0155533 	 	 
2.3675 	 0.0155531 	 	 
2.37 	 0.015553 	 	 
2.3725 	 0.0155528 	 	 
2.375 	 0.0155527 	 	 
2.3775 	 0.0155526 	 	 
2.38 	 0.0155524 	 	 
2.3825 	 0.0155523 	 	 
2.385 	 0.0155521 	 	 
2.3875 	 0.015552 	 	 
2.39 	 0.0155518 	 	 
2.3925 	 0.0155517 	 	 
2.395 	 0.0155516 	 	 
2.3975 	 0.0155514 	 	 
2.4 	 0.0155513 	 	 
2.4025 	 0.0155511 	 	 
2.405 	 0.015551 	 	 
2.4075 	 0.0155508 	 	 
2.41 	 0.0155507 	 	 
2.4125 	 0.0155506 	 	 
2.415 	 0.0155504 	 	 
2.4175 	 0.0155503 	 	 
2.42 	 0.0155501 	 	 
2.4225 	 0.01555 	 	 
2.425 	 0.0155498 	 	 
2.4275 	 0.0155497 	 	 
2.43 	 0.0155495 	 	 
2.4325 	 0.0155494 	 	 
2.435 	 0.0155492 	 	 
2.4375 	 0.0155491 	 	 
2.44 	 0.0155489 	 	 
2.4425 	 0.0155488 	 	 
2.445 	 0.0155486 	 	 
2.4475 	 0.0155485 	 	 
2.45 	 0.0155483 	 	 
2.4525 	 0.0155482 	 	 
2.455 	 0.015548 	 	 
2.4575 	 0.0155479 	 	 
2.46 	 0.0155477 	 	 
2.4625 	 0.0155476 	 	 
2.465 	 0.0155474 	 	 
2.4675 	 0.0155473 	 	 
2.47 	 0.0155471 	 	 
2.4725 	 0.015547 	 	 
2.475 	 0.0155468 	 	 
2.4775 	 0.0155467 	 	 
2.48 	 0.0155465 	 	 
2.4825 	 0.0155464 	 	 
2.485 	 0.0155462 	 	 
2.4875 	 0.015546 	 	 
2.49 	 0.0155459 	 	 
2.4925 	 0.0155457 	 	 
2.495 	 0.0155456 	 	 
2.4975 	 0.0155454 	 	 
2.5 	 0.0155453 	 	 
2.5025 	 0.0155451 	 	 
2.505 	 0.0155449 	 	 
2.5075 	 0.0155448 	 	 
2.51 	 0.0155446 	 	 
2.5125 	 0.0155445 	 	 
2.515 	 0.0155443 	 	 
2.5175 	 0.0155441 	 	 
2.52 	 0.015544 	 	 
2.5225 	 0.0155438 	 	 
2.525 	 0.0155437 	 	 
2.5275 	 0.0155435 	 	 
2.53 	 0.0155433 	 	 
2.5325 	 0.0155432 	 	 
2.535 	 0.015543 	 	 
2.5375 	 0.0155428 	 	 
2.54 	 0.0155427 	 	 
2.5425 	 0.0155425 	 	 
2.545 	 0.0155423 	 	 
2.5475 	 0.0155422 	 	 
2.55 	 0.015542 	 	 
2.5525 	 0.0155418 	 	 
2.555 	 0.0155417 	 	 
2.5575 	 0.0155415 	 	 
2.56 	 0.0155413 	 	 
2.5625 	 0.0155412 	 	 
2.565 	 0.015541 	 	 
2.5675 	 0.0155408 	 	 
2.57 	 0.0155407 	 	 
2.5725 	 0.0155405 	 	 
2.575 	 0.0155403 	 	 
2.5775 	 0.0155402 	 	 
2.58 	 0.01554 	 	 
2.5825 	 0.0155398 	 	 
2.585 	 0.0155396 	 	 
2.5875 	 0.0155395 	 	 
2.59 	 0.0155393 	 	 
2.5925 	 0.0155391 	 	 
2.595 	 0.015539 	 	 
2.5975 	 0.0155388 	 	 
2.6 	 0.0155386 	 	 
2.6025 	 0.0155384 	 	 
2.605 	 0.0155383 	 	 
2.6075 	 0.0155381 	 	 
2.61 	 0.0155379 	 	 
2.6125 	 0.0155377 	 	 
2.615 	 0.0155375 	 	 
2.6175 	 0.0155374 	 	 
2.62 	 0.0155372 	 	 
2.6225 	 0.015537 	 	 
2.625 	 0.0155368 	 	 
2.6275 	 0.0155367 	 	 
2.63 	 0.0155365 	 	 
2.6325 	 0.0155363 	 	 
2.635 	 0.0155361 	 	 
2.6375 	 0.0155359 	 	 
2.64 	 0.0155358 	 	 
2.6425 	 0.0155356 	 	 
2.645 	 0.0155354 	 	 
2.6475 	 0.0155352 	 	 
2.65 	 0.015535 	 	 
2.6525 	 0.0155348 	 	 
2.655 	 0.0155347 	 	 
2.6575 	 0.0155345 	 	 
2.66 	 0.0155343 	 	 
2.6625 	 0.0155341 	 	 
2.665 	 0.0155339 	 	 
2.6675 	 0.0155337 	 	 
2.67 	 0.0155335 	 	 
2.6725 	 0.0155334 	 	 
2.675 	 0.0155332 	 	 
2.6775 	 0.015533 	 	 
2.68 	 0.0155328 	 	 
2.6825 	 0.0155326 	 	 
2.685 	 0.0155324 	 	 
2.6875 	 0.0155322 	 	 
2.69 	 0.015532 	 	 
2.6925 	 0.0155318 	 	 
2.695 	 0.0155316 	 	 
2.6975 	 0.0155315 	 	 
2.7 	 0.0155313 	 	 
2.7025 	 0.0155311 	 	 
2.705 	 0.0155309 	 	 
2.7075 	 0.0155307 	 	 
2.71 	 0.0155305 	 	 
2.7125 	 0.0155303 	 	 
2.715 	 0.0155301 	 	 
2.7175 	 0.0155299 	 	 
2.72 	 0.0155297 	 	 
2.7225 	 0.0155295 	 	 
2.725 	 0.0155293 	 	 
2.7275 	 0.0155291 	 	 
2.73 	 0.0155289 	 	 
2.7325 	 0.0155287 	 	 
2.735 	 0.0155285 	 	 
2.7375 	 0.0155283 	 	 
2.74 	 0.0155281 	 	 
2.7425 	 0.0155279 	 	 
2.745 	 0.0155277 	 	 
2.7475 	 0.0155275 	 	 
2.75 	 0.0155273 	 	 
2.7525 	 0.0155271 	 	 
2.755 	 0.0155269 	 	 
2.7575 	 0.0155267 	 	 
2.76 	 0.0155265 	 	 
2.7625 	 0.0155263 	 	 
2.765 	 0.0155261 	 	 
2.7675 	 0.0155259 	 	 
2.77 	 0.0155257 	 	 
2.7725 	 0.0155255 	 	 
2.775 	 0.0155253 	 	 
2.7775 	 0.015525 	 	 
2.78 	 0.0155248 	 	 
2.7825 	 0.0155246 	 	 
2.785 	 0.0155244 	 	 
2.7875 	 0.0155242 	 	 
2.79 	 0.015524 	 	 
2.7925 	 0.0155238 	 	 
2.795 	 0.0155236 	 	 
2.7975 	 0.0155234 	 	 
2.8 	 0.0155232 	 	 
2.8025 	 0.0155229 	 	 
2.805 	 0.0155227 	 	 
2.8075 	 0.0155225 	 	 
2.81 	 0.0155223 	 	 
2.8125 	 0.0155221 	 	 
2.815 	 0.0155219 	 	 
2.8175 	 0.0155216 	 	 
2.82 	 0.0155214 	 	 
2.8225 	 0.0155212 	 	 
2.825 	 0.015521 	 	 
2.8275 	 0.0155208 	 	 
2.83 	 0.0155206 	 	 
2.8325 	 0.0155203 	 	 
2.835 	 0.0155201 	 	 
2.8375 	 0.0155199 	 	 
2.84 	 0.0155197 	 	 
2.8425 	 0.0155195 	 	 
2.845 	 0.0155192 	 	 
2.8475 	 0.015519 	 	 
2.85 	 0.0155188 	 	 
2.8525 	 0.0155186 	 	 
2.855 	 0.0155183 	 	 
2.8575 	 0.0155181 	 	 
2.86 	 0.0155179 	 	 
2.8625 	 0.0155177 	 	 
2.865 	 0.0155174 	 	 
2.8675 	 0.0155172 	 	 
2.87 	 0.015517 	 	 
2.8725 	 0.0155168 	 	 
2.875 	 0.0155165 	 	 
2.8775 	 0.0155163 	 	 
2.88 	 0.0155161 	 	 
2.8825 	 0.0155158 	 	 
2.885 	 0.0155156 	 	 
2.8875 	 0.0155154 	 	 
2.89 	 0.0155151 	 	 
2.8925 	 0.0155149 	 	 
2.895 	 0.0155147 	 	 
2.8975 	 0.0155144 	 	 
2.9 	 0.0155142 	 	 
2.9025 	 0.015514 	 	 
2.905 	 0.0155137 	 	 
2.9075 	 0.0155135 	 	 
2.91 	 0.0155133 	 	 
2.9125 	 0.015513 	 	 
2.915 	 0.0155128 	 	 
2.9175 	 0.0155125 	 	 
2.92 	 0.0155123 	 	 
2.9225 	 0.0155121 	 	 
2.925 	 0.0155118 	 	 
2.9275 	 0.0155116 	 	 
2.93 	 0.0155113 	 	 
2.9325 	 0.0155111 	 	 
2.935 	 0.0155109 	 	 
2.9375 	 0.0155106 	 	 
2.94 	 0.0155104 	 	 
2.9425 	 0.0155101 	 	 
2.945 	 0.0155099 	 	 
2.9475 	 0.0155096 	 	 
2.95 	 0.0155094 	 	 
2.9525 	 0.0155091 	 	 
2.955 	 0.0155089 	 	 
2.9575 	 0.0155086 	 	 
2.96 	 0.0155084 	 	 
2.9625 	 0.0155081 	 	 
2.965 	 0.0155079 	 	 
2.9675 	 0.0155076 	 	 
2.97 	 0.0155074 	 	 
2.9725 	 0.0155071 	 	 
2.975 	 0.0155069 	 	 
2.9775 	 0.0155066 	 	 
2.98 	 0.0155064 	 	 
2.9825 	 0.0155061 	 	 
2.985 	 0.0155059 	 	 
2.9875 	 0.0155056 	 	 
2.99 	 0.0155054 	 	 
2.9925 	 0.0155051 	 	 
2.995 	 0.0155048 	 	 
2.9975 	 0.0155046 	 	 
3 	 0.0155043 	 	 
3.0025 	 0.0155041 	 	 
3.005 	 0.0155038 	 	 
3.0075 	 0.0155035 	 	 
3.01 	 0.0155033 	 	 
3.0125 	 0.015503 	 	 
3.015 	 0.0155028 	 	 
3.0175 	 0.0155025 	 	 
3.02 	 0.0155022 	 	 
3.0225 	 0.015502 	 	 
3.025 	 0.0155017 	 	 
3.0275 	 0.0155014 	 	 
3.03 	 0.0155012 	 	 
3.0325 	 0.0155009 	 	 
3.035 	 0.0155006 	 	 
3.0375 	 0.0155004 	 	 
3.04 	 0.0155001 	 	 
3.0425 	 0.0154998 	 	 
3.045 	 0.0154995 	 	 
3.0475 	 0.0154993 	 	 
3.05 	 0.015499 	 	 
3.0525 	 0.0154987 	 	 
3.055 	 0.0154985 	 	 
3.0575 	 0.0154982 	 	 
3.06 	 0.0154979 	 	 
3.0625 	 0.0154976 	 	 
3.065 	 0.0154974 	 	 
3.0675 	 0.0154971 	 	 
3.07 	 0.0154968 	 	 
3.0725 	 0.0154965 	 	 
3.075 	 0.0154962 	 	 
3.0775 	 0.015496 	 	 
3.08 	 0.0154957 	 	 
3.0825 	 0.0154954 	 	 
3.085 	 0.0154951 	 	 
3.0875 	 0.0154948 	 	 
3.09 	 0.0154946 	 	 
3.0925 	 0.0154943 	 	 
3.095 	 0.015494 	 	 
3.0975 	 0.0154937 	 	 
3.1 	 0.0154934 	 	 
3.1025 	 0.0154931 	 	 
3.105 	 0.0154928 	 	 
3.1075 	 0.0154926 	 	 
3.11 	 0.0154923 	 	 
3.1125 	 0.015492 	 	 
3.115 	 0.0154917 	 	 
3.1175 	 0.0154914 	 	 
3.12 	 0.0154911 	 	 
3.1225 	 0.0154908 	 	 
3.125 	 0.0154905 	 	 
3.1275 	 0.0154902 	 	 
3.13 	 0.0154899 	 	 
3.1325 	 0.0154896 	 	 
3.135 	 0.0154893 	 	 
3.1375 	 0.015489 	 	 
3.14 	 0.0154887 	 	 
3.1425 	 0.0154884 	 	 
3.145 	 0.0154881 	 	 
3.1475 	 0.0154878 	 	 
3.15 	 0.0154875 	 	 
3.1525 	 0.0154872 	 	 
3.155 	 0.0154869 	 	 
3.1575 	 0.0154866 	 	 
3.16 	 0.0154863 	 	 
3.1625 	 0.015486 	 	 
3.165 	 0.0154857 	 	 
3.1675 	 0.0154854 	 	 
3.17 	 0.0154851 	 	 
3.1725 	 0.0154848 	 	 
3.175 	 0.0154845 	 	 
3.1775 	 0.0154842 	 	 
3.18 	 0.0154839 	 	 
3.1825 	 0.0154836 	 	 
3.185 	 0.0154833 	 	 
3.1875 	 0.0154829 	 	 
3.19 	 0.0154826 	 	 
3.1925 	 0.0154823 	 	 
3.195 	 0.015482 	 	 
3.1975 	 0.0154817 	 	 
3.2 	 0.0154814 	 	 
3.2025 	 0.0154811 	 	 
3.205 	 0.0154807 	 	 
3.2075 	 0.0154804 	 	 
3.21 	 0.0154801 	 	 
3.2125 	 0.0154798 	 	 
3.215 	 0.0154795 	 	 
3.2175 	 0.0154791 	 	 
3.22 	 0.0154788 	 	 
3.2225 	 0.0154785 	 	 
3.225 	 0.0154782 	 	 
3.2275 	 0.0154779 	 	 
3.23 	 0.0154775 	 	 
3.2325 	 0.0154772 	 	 
3.235 	 0.0154769 	 	 
3.2375 	 0.0154766 	 	 
3.24 	 0.0154762 	 	 
3.2425 	 0.0154759 	 	 
3.245 	 0.0154756 	 	 
3.2475 	 0.0154752 	 	 
3.25 	 0.0154749 	 	 
3.2525 	 0.0154746 	 	 
3.255 	 0.0154742 	 	 
3.2575 	 0.0154739 	 	 
3.26 	 0.0154736 	 	 
3.2625 	 0.0154732 	 	 
3.265 	 0.0154729 	 	 
3.2675 	 0.0154726 	 	 
3.27 	 0.0154722 	 	 
3.2725 	 0.0154719 	 	 
3.275 	 0.0154715 	 	 
3.2775 	 0.0154712 	 	 
3.28 	 0.0154709 	 	 
3.2825 	 0.0154705 	 	 
3.285 	 0.0154702 	 	 
3.2875 	 0.0154698 	 	 
3.29 	 0.0154695 	 	 
3.2925 	 0.0154691 	 	 
3.295 	 0.0154688 	 	 
3.2975 	 0.0154684 	 	 
3.3 	 0.0154681 	 	 
3.3025 	 0.0154678 	 	 
3.305 	 0.0154674 	 	 
3.3075 	 0.0154671 	 	 
3.31 	 0.0154667 	 	 
3.3125 	 0.0154663 	 	 
3.315 	 0.015466 	 	 
3.3175 	 0.0154656 	 	 
3.32 	 0.0154653 	 	 
3.3225 	 0.0154649 	 	 
3.325 	 0.0154646 	 	 
3.3275 	 0.0154642 	 	 
3.33 	 0.0154639 	 	 
3.3325 	 0.0154635 	 	 
3.335 	 0.0154631 	 	 
3.3375 	 0.0154628 	 	 
3.34 	 0.0154624 	 	 
3.3425 	 0.015462 	 	 
3.345 	 0.0154617 	 	 
3.3475 	 0.0154613 	 	 
3.35 	 0.015461 	 	 
3.3525 	 0.0154606 	 	 
3.355 	 0.0154602 	 	 
3.3575 	 0.0154599 	 	 
3.36 	 0.0154595 	 	 
3.3625 	 0.0154591 	 	 
3.365 	 0.0154587 	 	 
3.3675 	 0.0154584 	 	 
3.37 	 0.015458 	 	 
3.3725 	 0.0154576 	 	 
3.375 	 0.0154572 	 	 
3.3775 	 0.0154569 	 	 
3.38 	 0.0154565 	 	 
3.3825 	 0.0154561 	 	 
3.385 	 0.0154557 	 	 
3.3875 	 0.0154554 	 	 
3.39 	 0.015455 	 	 
3.3925 	 0.0154546 	 	 
3.395 	 0.0154542 	 	 
3.3975 	 0.0154538 	 	 
3.4 	 0.0154535 	 	 
3.4025 	 0.0154531 	 	 
3.405 	 0.0154527 	 	 
3.4075 	 0.0154523 	 	 
3.41 	 0.0154519 	 	 
3.4125 	 0.0154515 	 	 
3.415 	 0.0154511 	 	 
3.4175 	 0.0154507 	 	 
3.42 	 0.0154503 	 	 
3.4225 	 0.01545 	 	 
3.425 	 0.0154496 	 	 
3.4275 	 0.0154492 	 	 
3.43 	 0.0154488 	 	 
3.4325 	 0.0154484 	 	 
3.435 	 0.015448 	 	 
3.4375 	 0.0154476 	 	 
3.44 	 0.0154472 	 	 
3.4425 	 0.0154468 	 	 
3.445 	 0.0154464 	 	 
3.4475 	 0.015446 	 	 
3.45 	 0.0154456 	 	 
3.4525 	 0.0154452 	 	 
3.455 	 0.0154448 	 	 
3.4575 	 0.0154444 	 	 
3.46 	 0.0154439 	 	 
3.4625 	 0.0154435 	 	 
3.465 	 0.0154431 	 	 
3.4675 	 0.0154427 	 	 
3.47 	 0.0154423 	 	 
3.4725 	 0.0154419 	 	 
3.475 	 0.0154415 	 	 
3.4775 	 0.0154411 	 	 
3.48 	 0.0154407 	 	 
3.4825 	 0.0154402 	 	 
3.485 	 0.0154398 	 	 
3.4875 	 0.0154394 	 	 
3.49 	 0.015439 	 	 
3.4925 	 0.0154386 	 	 
3.495 	 0.0154381 	 	 
3.4975 	 0.0154377 	 	 
3.5 	 0.0154373 	 	 
3.5025 	 0.0154369 	 	 
3.505 	 0.0154364 	 	 
3.5075 	 0.015436 	 	 
3.51 	 0.0154356 	 	 
3.5125 	 0.0154352 	 	 
3.515 	 0.0154347 	 	 
3.5175 	 0.0154343 	 	 
3.52 	 0.0154339 	 	 
3.5225 	 0.0154334 	 	 
3.525 	 0.015433 	 	 
3.5275 	 0.0154326 	 	 
3.53 	 0.0154321 	 	 
3.5325 	 0.0154317 	 	 
3.535 	 0.0154313 	 	 
3.5375 	 0.0154308 	 	 
3.54 	 0.0154304 	 	 
3.5425 	 0.0154299 	 	 
3.545 	 0.0154295 	 	 
3.5475 	 0.015429 	 	 
3.55 	 0.0154286 	 	 
3.5525 	 0.0154282 	 	 
3.555 	 0.0154277 	 	 
3.5575 	 0.0154273 	 	 
3.56 	 0.0154268 	 	 
3.5625 	 0.0154264 	 	 
3.565 	 0.0154259 	 	 
3.5675 	 0.0154255 	 	 
3.57 	 0.015425 	 	 
3.5725 	 0.0154246 	 	 
3.575 	 0.0154241 	 	 
3.5775 	 0.0154236 	 	 
3.58 	 0.0154232 	 	 
3.5825 	 0.0154227 	 	 
3.585 	 0.0154223 	 	 
3.5875 	 0.0154218 	 	 
3.59 	 0.0154213 	 	 
3.5925 	 0.0154209 	 	 
3.595 	 0.0154204 	 	 
3.5975 	 0.0154199 	 	 
3.6 	 0.0154195 	 	 
3.6025 	 0.015419 	 	 
3.605 	 0.0154185 	 	 
3.6075 	 0.0154181 	 	 
3.61 	 0.0154176 	 	 
3.6125 	 0.0154171 	 	 
3.615 	 0.0154167 	 	 
3.6175 	 0.0154162 	 	 
3.62 	 0.0154157 	 	 
3.6225 	 0.0154152 	 	 
3.625 	 0.0154147 	 	 
3.6275 	 0.0154143 	 	 
3.63 	 0.0154138 	 	 
3.6325 	 0.0154133 	 	 
3.635 	 0.0154128 	 	 
3.6375 	 0.0154123 	 	 
3.64 	 0.0154118 	 	 
3.6425 	 0.0154114 	 	 
3.645 	 0.0154109 	 	 
3.6475 	 0.0154104 	 	 
3.65 	 0.0154099 	 	 
3.6525 	 0.0154094 	 	 
3.655 	 0.0154089 	 	 
3.6575 	 0.0154084 	 	 
3.66 	 0.0154079 	 	 
3.6625 	 0.0154074 	 	 
3.665 	 0.0154069 	 	 
3.6675 	 0.0154064 	 	 
3.67 	 0.0154059 	 	 
3.6725 	 0.0154054 	 	 
3.675 	 0.0154049 	 	 
3.6775 	 0.0154044 	 	 
3.68 	 0.0154039 	 	 
3.6825 	 0.0154034 	 	 
3.685 	 0.0154029 	 	 
3.6875 	 0.0154024 	 	 
3.69 	 0.0154019 	 	 
3.6925 	 0.0154014 	 	 
3.695 	 0.0154009 	 	 
3.6975 	 0.0154003 	 	 
3.7 	 0.0153998 	 	 
3.7025 	 0.0153993 	 	 
3.705 	 0.0153988 	 	 
3.7075 	 0.0153983 	 	 
3.71 	 0.0153978 	 	 
3.7125 	 0.0153972 	 	 
3.715 	 0.0153967 	 	 
3.7175 	 0.0153962 	 	 
3.72 	 0.0153957 	 	 
3.7225 	 0.0153951 	 	 
3.725 	 0.0153946 	 	 
3.7275 	 0.0153941 	 	 
3.73 	 0.0153936 	 	 
3.7325 	 0.015393 	 	 
3.735 	 0.0153925 	 	 
3.7375 	 0.015392 	 	 
3.74 	 0.0153914 	 	 
3.7425 	 0.0153909 	 	 
3.745 	 0.0153903 	 	 
3.7475 	 0.0153898 	 	 
3.75 	 0.0153893 	 	 
3.7525 	 0.0153887 	 	 
3.755 	 0.0153882 	 	 
3.7575 	 0.0153876 	 	 
3.76 	 0.0153871 	 	 
3.7625 	 0.0153865 	 	 
3.765 	 0.015386 	 	 
3.7675 	 0.0153855 	 	 
3.77 	 0.0153849 	 	 
3.7725 	 0.0153843 	 	 
3.775 	 0.0153838 	 	 
3.7775 	 0.0153832 	 	 
3.78 	 0.0153827 	 	 
3.7825 	 0.0153821 	 	 
3.785 	 0.0153816 	 	 
3.7875 	 0.015381 	 	 
3.79 	 0.0153804 	 	 
3.7925 	 0.0153799 	 	 
3.795 	 0.0153793 	 	 
3.7975 	 0.0153787 	 	 
3.8 	 0.0153782 	 	 
3.8025 	 0.0153776 	 	 
3.805 	 0.015377 	 	 
3.8075 	 0.0153765 	 	 
3.81 	 0.0153759 	 	 
3.8125 	 0.0153753 	 	 
3.815 	 0.0153747 	 	 
3.8175 	 0.0153742 	 	 
3.82 	 0.0153736 	 	 
3.8225 	 0.015373 	 	 
3.825 	 0.0153724 	 	 
3.8275 	 0.0153718 	 	 
3.83 	 0.0153713 	 	 
3.8325 	 0.0153707 	 	 
3.835 	 0.0153701 	 	 
3.8375 	 0.0153695 	 	 
3.84 	 0.0153689 	 	 
3.8425 	 0.0153683 	 	 
3.845 	 0.0153677 	 	 
3.8475 	 0.0153671 	 	 
3.85 	 0.0153665 	 	 
3.8525 	 0.0153659 	 	 
3.855 	 0.0153653 	 	 
3.8575 	 0.0153647 	 	 
3.86 	 0.0153641 	 	 
3.8625 	 0.0153635 	 	 
3.865 	 0.0153629 	 	 
3.8675 	 0.0153623 	 	 
3.87 	 0.0153617 	 	 
3.8725 	 0.0153611 	 	 
3.875 	 0.0153605 	 	 
3.8775 	 0.0153599 	 	 
3.88 	 0.0153593 	 	 
3.8825 	 0.0153587 	 	 
3.885 	 0.0153581 	 	 
3.8875 	 0.0153574 	 	 
3.89 	 0.0153568 	 	 
3.8925 	 0.0153562 	 	 
3.895 	 0.0153556 	 	 
3.8975 	 0.0153549 	 	 
3.9 	 0.0153543 	 	 
3.9025 	 0.0153537 	 	 
3.905 	 0.0153531 	 	 
3.9075 	 0.0153524 	 	 
3.91 	 0.0153518 	 	 
3.9125 	 0.0153512 	 	 
3.915 	 0.0153505 	 	 
3.9175 	 0.0153499 	 	 
3.92 	 0.0153493 	 	 
3.9225 	 0.0153486 	 	 
3.925 	 0.015348 	 	 
3.9275 	 0.0153473 	 	 
3.93 	 0.0153467 	 	 
3.9325 	 0.0153461 	 	 
3.935 	 0.0153454 	 	 
3.9375 	 0.0153448 	 	 
3.94 	 0.0153441 	 	 
3.9425 	 0.0153435 	 	 
3.945 	 0.0153428 	 	 
3.9475 	 0.0153422 	 	 
3.95 	 0.0153415 	 	 
3.9525 	 0.0153408 	 	 
3.955 	 0.0153402 	 	 
3.9575 	 0.0153395 	 	 
3.96 	 0.0153389 	 	 
3.9625 	 0.0153382 	 	 
3.965 	 0.0153375 	 	 
3.9675 	 0.0153369 	 	 
3.97 	 0.0153362 	 	 
3.9725 	 0.0153355 	 	 
3.975 	 0.0153349 	 	 
3.9775 	 0.0153342 	 	 
3.98 	 0.0153335 	 	 
3.9825 	 0.0153328 	 	 
3.985 	 0.0153321 	 	 
3.9875 	 0.0153315 	 	 
3.99 	 0.0153308 	 	 
3.9925 	 0.0153301 	 	 
3.995 	 0.0153294 	 	 
3.9975 	 0.0153287 	 	 
4 	 0.015328 	 	 
4.0025 	 0.0153274 	 	 
4.005 	 0.0153267 	 	 
4.0075 	 0.015326 	 	 
4.01 	 0.0153253 	 	 
4.0125 	 0.0153246 	 	 
4.015 	 0.0153239 	 	 
4.0175 	 0.0153232 	 	 
4.02 	 0.0153225 	 	 
4.0225 	 0.0153218 	 	 
4.025 	 0.0153211 	 	 
4.0275 	 0.0153204 	 	 
4.03 	 0.0153197 	 	 
4.0325 	 0.0153189 	 	 
4.035 	 0.0153182 	 	 
4.0375 	 0.0153175 	 	 
4.04 	 0.0153168 	 	 
4.0425 	 0.0153161 	 	 
4.045 	 0.0153154 	 	 
4.0475 	 0.0153146 	 	 
4.05 	 0.0153139 	 	 
4.0525 	 0.0153132 	 	 
4.055 	 0.0153125 	 	 
4.0575 	 0.0153117 	 	 
4.06 	 0.015311 	 	 
4.0625 	 0.0153103 	 	 
4.065 	 0.0153096 	 	 
4.0675 	 0.0153088 	 	 
4.07 	 0.0153081 	 	 
4.0725 	 0.0153073 	 	 
4.075 	 0.0153066 	 	 
4.0775 	 0.0153059 	 	 
4.08 	 0.0153051 	 	 
4.0825 	 0.0153044 	 	 
4.085 	 0.0153036 	 	 
4.0875 	 0.0153029 	 	 
4.09 	 0.0153021 	 	 
4.0925 	 0.0153014 	 	 
4.095 	 0.0153006 	 	 
4.0975 	 0.0152999 	 	 
4.1 	 0.0152991 	 	 
4.1025 	 0.0152983 	 	 
4.105 	 0.0152976 	 	 
4.1075 	 0.0152968 	 	 
4.11 	 0.0152961 	 	 
4.1125 	 0.0152953 	 	 
4.115 	 0.0152945 	 	 
4.1175 	 0.0152937 	 	 
4.12 	 0.015293 	 	 
4.1225 	 0.0152922 	 	 
4.125 	 0.0152914 	 	 
4.1275 	 0.0152906 	 	 
4.13 	 0.0152899 	 	 
4.1325 	 0.0152891 	 	 
4.135 	 0.0152883 	 	 
4.1375 	 0.0152875 	 	 
4.14 	 0.0152867 	 	 
4.1425 	 0.0152859 	 	 
4.145 	 0.0152851 	 	 
4.1475 	 0.0152844 	 	 
4.15 	 0.0152836 	 	 
4.1525 	 0.0152828 	 	 
4.155 	 0.015282 	 	 
4.1575 	 0.0152812 	 	 
4.16 	 0.0152804 	 	 
4.1625 	 0.0152796 	 	 
4.165 	 0.0152787 	 	 
4.1675 	 0.0152779 	 	 
4.17 	 0.0152771 	 	 
4.1725 	 0.0152763 	 	 
4.175 	 0.0152755 	 	 
4.1775 	 0.0152747 	 	 
4.18 	 0.0152739 	 	 
4.1825 	 0.015273 	 	 
4.185 	 0.0152722 	 	 
4.1875 	 0.0152714 	 	 
4.19 	 0.0152706 	 	 
4.1925 	 0.0152697 	 	 
4.195 	 0.0152689 	 	 
4.1975 	 0.0152681 	 	 
4.2 	 0.0152672 	 	 
4.2025 	 0.0152664 	 	 
4.205 	 0.0152656 	 	 
4.2075 	 0.0152647 	 	 
4.21 	 0.0152639 	 	 
4.2125 	 0.015263 	 	 
4.215 	 0.0152622 	 	 
4.2175 	 0.0152614 	 	 
4.22 	 0.0152605 	 	 
4.2225 	 0.0152596 	 	 
4.225 	 0.0152588 	 	 
4.2275 	 0.0152579 	 	 
4.23 	 0.0152571 	 	 
4.2325 	 0.0152562 	 	 
4.235 	 0.0152554 	 	 
4.2375 	 0.0152545 	 	 
4.24 	 0.0152536 	 	 
4.2425 	 0.0152528 	 	 
4.245 	 0.0152519 	 	 
4.2475 	 0.015251 	 	 
4.25 	 0.0152501 	 	 
4.2525 	 0.0152493 	 	 
4.255 	 0.0152484 	 	 
4.2575 	 0.0152475 	 	 
4.26 	 0.0152466 	 	 
4.2625 	 0.0152457 	 	 
4.265 	 0.0152448 	 	 
4.2675 	 0.015244 	 	 
4.27 	 0.0152431 	 	 
4.2725 	 0.0152422 	 	 
4.275 	 0.0152413 	 	 
4.2775 	 0.0152404 	 	 
4.28 	 0.0152395 	 	 
4.2825 	 0.0152386 	 	 
4.285 	 0.0152377 	 	 
4.2875 	 0.0152368 	 	 
4.29 	 0.0152359 	 	 
4.2925 	 0.0152349 	 	 
4.295 	 0.015234 	 	 
4.2975 	 0.0152331 	 	 
4.3 	 0.0152322 	 	 
4.3025 	 0.0152313 	 	 
4.305 	 0.0152304 	 	 
4.3075 	 0.0152294 	 	 
4.31 	 0.0152285 	 	 
4.3125 	 0.0152276 	 	 
4.315 	 0.0152266 	 	 
4.3175 	 0.0152257 	 	 
4.32 	 0.0152248 	 	 
4.3225 	 0.0152238 	 	 
4.325 	 0.0152229 	 	 
4.3275 	 0.015222 	 	 
4.33 	 0.015221 	 	 
4.3325 	 0.0152201 	 	 
4.335 	 0.0152191 	 	 
4.3375 	 0.0152182 	 	 
4.34 	 0.0152172 	 	 
4.3425 	 0.0152163 	 	 
4.345 	 0.0152153 	 	 
4.3475 	 0.0152143 	 	 
4.35 	 0.0152134 	 	 
4.3525 	 0.0152124 	 	 
4.355 	 0.0152114 	 	 
4.3575 	 0.0152105 	 	 
4.36 	 0.0152095 	 	 
4.3625 	 0.0152085 	 	 
4.365 	 0.0152076 	 	 
4.3675 	 0.0152066 	 	 
4.37 	 0.0152056 	 	 
4.3725 	 0.0152046 	 	 
4.375 	 0.0152036 	 	 
4.3775 	 0.0152026 	 	 
4.38 	 0.0152016 	 	 
4.3825 	 0.0152007 	 	 
4.385 	 0.0151997 	 	 
4.3875 	 0.0151987 	 	 
4.39 	 0.0151977 	 	 
4.3925 	 0.0151967 	 	 
4.395 	 0.0151957 	 	 
4.3975 	 0.0151946 	 	 
4.4 	 0.0151936 	 	 
4.4025 	 0.0151926 	 	 
4.405 	 0.0151916 	 	 
4.4075 	 0.0151906 	 	 
4.41 	 0.0151896 	 	 
4.4125 	 0.0151886 	 	 
4.415 	 0.0151875 	 	 
4.4175 	 0.0151865 	 	 
4.42 	 0.0151855 	 	 
4.4225 	 0.0151844 	 	 
4.425 	 0.0151834 	 	 
4.4275 	 0.0151824 	 	 
4.43 	 0.0151813 	 	 
4.4325 	 0.0151803 	 	 
4.435 	 0.0151793 	 	 
4.4375 	 0.0151782 	 	 
4.44 	 0.0151772 	 	 
4.4425 	 0.0151761 	 	 
4.445 	 0.0151751 	 	 
4.4475 	 0.015174 	 	 
4.45 	 0.0151729 	 	 
4.4525 	 0.0151719 	 	 
4.455 	 0.0151708 	 	 
4.4575 	 0.0151698 	 	 
4.46 	 0.0151687 	 	 
4.4625 	 0.0151676 	 	 
4.465 	 0.0151665 	 	 
4.4675 	 0.0151655 	 	 
4.47 	 0.0151644 	 	 
4.4725 	 0.0151633 	 	 
4.475 	 0.0151622 	 	 
4.4775 	 0.0151611 	 	 
4.48 	 0.0151601 	 	 
4.4825 	 0.015159 	 	 
4.485 	 0.0151579 	 	 
4.4875 	 0.0151568 	 	 
4.49 	 0.0151557 	 	 
4.4925 	 0.0151546 	 	 
4.495 	 0.0151535 	 	 
4.4975 	 0.0151524 	 	 
4.5 	 0.0151513 	 	 
4.5025 	 0.0151501 	 	 
4.505 	 0.015149 	 	 
4.5075 	 0.0151479 	 	 
4.51 	 0.0151468 	 	 
4.5125 	 0.0151457 	 	 
4.515 	 0.0151445 	 	 
4.5175 	 0.0151434 	 	 
4.52 	 0.0151423 	 	 
4.5225 	 0.0151412 	 	 
4.525 	 0.01514 	 	 
4.5275 	 0.0151389 	 	 
4.53 	 0.0151377 	 	 
4.5325 	 0.0151366 	 	 
4.535 	 0.0151355 	 	 
4.5375 	 0.0151343 	 	 
4.54 	 0.0151332 	 	 
4.5425 	 0.015132 	 	 
4.545 	 0.0151308 	 	 
4.5475 	 0.0151297 	 	 
4.55 	 0.0151285 	 	 
4.5525 	 0.0151274 	 	 
4.555 	 0.0151262 	 	 
4.5575 	 0.015125 	 	 
4.56 	 0.0151238 	 	 
4.5625 	 0.0151227 	 	 
4.565 	 0.0151215 	 	 
4.5675 	 0.0151203 	 	 
4.57 	 0.0151191 	 	 
4.5725 	 0.0151179 	 	 
4.575 	 0.0151167 	 	 
4.5775 	 0.0151156 	 	 
4.58 	 0.0151144 	 	 
4.5825 	 0.0151132 	 	 
4.585 	 0.015112 	 	 
4.5875 	 0.0151108 	 	 
4.59 	 0.0151095 	 	 
4.5925 	 0.0151083 	 	 
4.595 	 0.0151071 	 	 
4.5975 	 0.0151059 	 	 
4.6 	 0.0151047 	 	 
4.6025 	 0.0151035 	 	 
4.605 	 0.0151022 	 	 
4.6075 	 0.015101 	 	 
4.61 	 0.0150998 	 	 
4.6125 	 0.0150986 	 	 
4.615 	 0.0150973 	 	 
4.6175 	 0.0150961 	 	 
4.62 	 0.0150948 	 	 
4.6225 	 0.0150936 	 	 
4.625 	 0.0150924 	 	 
4.6275 	 0.0150911 	 	 
4.63 	 0.0150899 	 	 
4.6325 	 0.0150886 	 	 
4.635 	 0.0150873 	 	 
4.6375 	 0.0150861 	 	 
4.64 	 0.0150848 	 	 
4.6425 	 0.0150835 	 	 
4.645 	 0.0150823 	 	 
4.6475 	 0.015081 	 	 
4.65 	 0.0150797 	 	 
4.6525 	 0.0150784 	 	 
4.655 	 0.0150772 	 	 
4.6575 	 0.0150759 	 	 
4.66 	 0.0150746 	 	 
4.6625 	 0.0150733 	 	 
4.665 	 0.015072 	 	 
4.6675 	 0.0150707 	 	 
4.67 	 0.0150694 	 	 
4.6725 	 0.0150681 	 	 
4.675 	 0.0150668 	 	 
4.6775 	 0.0150655 	 	 
4.68 	 0.0150642 	 	 
4.6825 	 0.0150629 	 	 
4.685 	 0.0150615 	 	 
4.6875 	 0.0150602 	 	 
4.69 	 0.0150589 	 	 
4.6925 	 0.0150576 	 	 
4.695 	 0.0150562 	 	 
4.6975 	 0.0150549 	 	 
4.7 	 0.0150536 	 	 
4.7025 	 0.0150522 	 	 
4.705 	 0.0150509 	 	 
4.7075 	 0.0150495 	 	 
4.71 	 0.0150482 	 	 
4.7125 	 0.0150468 	 	 
4.715 	 0.0150455 	 	 
4.7175 	 0.0150441 	 	 
4.72 	 0.0150428 	 	 
4.7225 	 0.0150414 	 	 
4.725 	 0.01504 	 	 
4.7275 	 0.0150386 	 	 
4.73 	 0.0150373 	 	 
4.7325 	 0.0150359 	 	 
4.735 	 0.0150345 	 	 
4.7375 	 0.0150331 	 	 
4.74 	 0.0150317 	 	 
4.7425 	 0.0150304 	 	 
4.745 	 0.015029 	 	 
4.7475 	 0.0150276 	 	 
4.75 	 0.0150262 	 	 
4.7525 	 0.0150248 	 	 
4.755 	 0.0150233 	 	 
4.7575 	 0.0150219 	 	 
4.76 	 0.0150205 	 	 
4.7625 	 0.0150191 	 	 
4.765 	 0.0150177 	 	 
4.7675 	 0.0150163 	 	 
4.77 	 0.0150148 	 	 
4.7725 	 0.0150134 	 	 
4.775 	 0.015012 	 	 
4.7775 	 0.0150105 	 	 
4.78 	 0.0150091 	 	 
4.7825 	 0.0150077 	 	 
4.785 	 0.0150062 	 	 
4.7875 	 0.0150048 	 	 
4.79 	 0.0150033 	 	 
4.7925 	 0.0150018 	 	 
4.795 	 0.0150004 	 	 
4.7975 	 0.0149989 	 	 
4.8 	 0.0149975 	 	 
4.8025 	 0.014996 	 	 
4.805 	 0.0149945 	 	 
4.8075 	 0.014993 	 	 
4.81 	 0.0149916 	 	 
4.8125 	 0.0149901 	 	 
4.815 	 0.0149886 	 	 
4.8175 	 0.0149871 	 	 
4.82 	 0.0149856 	 	 
4.8225 	 0.0149841 	 	 
4.825 	 0.0149826 	 	 
4.8275 	 0.0149811 	 	 
4.83 	 0.0149796 	 	 
4.8325 	 0.0149781 	 	 
4.835 	 0.0149766 	 	 
4.8375 	 0.014975 	 	 
4.84 	 0.0149735 	 	 
4.8425 	 0.014972 	 	 
4.845 	 0.0149705 	 	 
4.8475 	 0.0149689 	 	 
4.85 	 0.0149674 	 	 
4.8525 	 0.0149659 	 	 
4.855 	 0.0149643 	 	 
4.8575 	 0.0149628 	 	 
4.86 	 0.0149612 	 	 
4.8625 	 0.0149597 	 	 
4.865 	 0.0149581 	 	 
4.8675 	 0.0149566 	 	 
4.87 	 0.014955 	 	 
4.8725 	 0.0149534 	 	 
4.875 	 0.0149518 	 	 
4.8775 	 0.0149503 	 	 
4.88 	 0.0149487 	 	 
4.8825 	 0.0149471 	 	 
4.885 	 0.0149455 	 	 
4.8875 	 0.0149439 	 	 
4.89 	 0.0149423 	 	 
4.8925 	 0.0149407 	 	 
4.895 	 0.0149391 	 	 
4.8975 	 0.0149375 	 	 
4.9 	 0.0149359 	 	 
4.9025 	 0.0149343 	 	 
4.905 	 0.0149327 	 	 
4.9075 	 0.0149311 	 	 
4.91 	 0.0149295 	 	 
4.9125 	 0.0149278 	 	 
4.915 	 0.0149262 	 	 
4.9175 	 0.0149246 	 	 
4.92 	 0.0149229 	 	 
4.9225 	 0.0149213 	 	 
4.925 	 0.0149197 	 	 
4.9275 	 0.014918 	 	 
4.93 	 0.0149164 	 	 
4.9325 	 0.0149147 	 	 
4.935 	 0.014913 	 	 
4.9375 	 0.0149114 	 	 
4.94 	 0.0149097 	 	 
4.9425 	 0.014908 	 	 
4.945 	 0.0149064 	 	 
4.9475 	 0.0149047 	 	 
4.95 	 0.014903 	 	 
4.9525 	 0.0149013 	 	 
4.955 	 0.0148996 	 	 
4.9575 	 0.0148979 	 	 
4.96 	 0.0148962 	 	 
4.9625 	 0.0148945 	 	 
4.965 	 0.0148928 	 	 
4.9675 	 0.0148911 	 	 
4.97 	 0.0148894 	 	 
4.9725 	 0.0148877 	 	 
4.975 	 0.014886 	 	 
4.9775 	 0.0148842 	 	 
4.98 	 0.0148825 	 	 
4.9825 	 0.0148808 	 	 
4.985 	 0.014879 	 	 
4.9875 	 0.0148773 	 	 
4.99 	 0.0148755 	 	 
4.9925 	 0.0148738 	 	 
4.995 	 0.014872 	 	 
4.9975 	 0.0148703 	 	 
