0 	 0.000537554 	 	 
0.015 	 0.000537554 	 	 
0.03 	 0.000537554 	 	 
0.045 	 0.000537554 	 	 
0.06 	 0.000537554 	 	 
0.075 	 0.000537554 	 	 
0.09 	 0.000537554 	 	 
0.105 	 0.000537554 	 	 
0.12 	 0.000537554 	 	 
0.135 	 0.000537554 	 	 
0.15 	 0.000537554 	 	 
0.165 	 0.000537554 	 	 
0.18 	 0.000537554 	 	 
0.195 	 0.000537554 	 	 
0.21 	 0.000537554 	 	 
0.225 	 0.000537554 	 	 
0.24 	 0.000537554 	 	 
0.255 	 0.000537554 	 	 
0.27 	 0.000537554 	 	 
0.285 	 0.000537554 	 	 
0.3 	 0.000537554 	 	 
0.315 	 0.000537554 	 	 
0.33 	 0.000537554 	 	 
0.345 	 0.000537554 	 	 
0.36 	 0.000537554 	 	 
0.375 	 0.000537554 	 	 
0.39 	 0.000537554 	 	 
0.405 	 0.000537554 	 	 
0.42 	 0.000537554 	 	 
0.435 	 0.000537554 	 	 
0.45 	 0.000537554 	 	 
0.465 	 0.000537554 	 	 
0.48 	 0.000537554 	 	 
0.495 	 0.000537554 	 	 
0.51 	 0.000537554 	 	 
0.525 	 0.000537554 	 	 
0.54 	 0.000537554 	 	 
0.555 	 0.000537554 	 	 
0.57 	 0.000537554 	 	 
0.585 	 0.000537554 	 	 
0.6 	 0.000537554 	 	 
0.615 	 0.000537554 	 	 
0.63 	 0.000537554 	 	 
0.645 	 0.000537554 	 	 
0.66 	 0.000537554 	 	 
0.675 	 0.000537554 	 	 
0.69 	 0.000537554 	 	 
0.705 	 0.000537554 	 	 
0.72 	 0.000537554 	 	 
0.735 	 0.000537554 	 	 
0.75 	 0.000537554 	 	 
0.765 	 0.000537554 	 	 
0.78 	 0.000537554 	 	 
0.795 	 0.000537554 	 	 
0.81 	 0.000537554 	 	 
0.825 	 0.000537554 	 	 
0.84 	 0.000537554 	 	 
0.855 	 0.000537554 	 	 
0.87 	 0.000537554 	 	 
0.885 	 0.000537554 	 	 
0.9 	 0.000537554 	 	 
0.915 	 0.000537554 	 	 
0.93 	 0.000537554 	 	 
0.945 	 0.000537554 	 	 
0.96 	 0.000537554 	 	 
0.975 	 0.000537554 	 	 
0.99 	 0.000537554 	 	 
1.005 	 0.000537554 	 	 
1.02 	 0.000537554 	 	 
1.035 	 0.000537554 	 	 
1.05 	 0.000537554 	 	 
1.065 	 0.000537554 	 	 
1.08 	 0.000537554 	 	 
1.095 	 0.000537554 	 	 
1.11 	 0.000537554 	 	 
1.125 	 0.000537554 	 	 
1.14 	 0.000537554 	 	 
1.155 	 0.000537554 	 	 
1.17 	 0.000537554 	 	 
1.185 	 0.000537554 	 	 
1.2 	 0.000537554 	 	 
1.215 	 0.000537554 	 	 
1.23 	 0.000537554 	 	 
1.245 	 0.000537554 	 	 
1.26 	 0.000537554 	 	 
1.275 	 0.000537554 	 	 
1.29 	 0.000537554 	 	 
1.305 	 0.000537554 	 	 
1.32 	 0.000537554 	 	 
1.335 	 0.000537554 	 	 
1.35 	 0.000537554 	 	 
1.365 	 0.000537554 	 	 
1.38 	 0.000537554 	 	 
1.395 	 0.000537554 	 	 
1.41 	 0.000537554 	 	 
1.425 	 0.000537554 	 	 
1.44 	 0.000537554 	 	 
1.455 	 0.000537554 	 	 
1.47 	 0.000537554 	 	 
1.485 	 0.000537554 	 	 
1.5 	 0.000537554 	 	 
1.515 	 0.000537554 	 	 
1.53 	 0.000537554 	 	 
1.545 	 0.000537554 	 	 
1.56 	 0.000537554 	 	 
1.575 	 0.000537554 	 	 
1.59 	 0.000537554 	 	 
1.605 	 0.000537554 	 	 
1.62 	 0.000537554 	 	 
1.635 	 0.000537554 	 	 
1.65 	 0.000537554 	 	 
1.665 	 0.000537554 	 	 
1.68 	 0.000537554 	 	 
1.695 	 0.000537554 	 	 
1.71 	 0.000537554 	 	 
1.725 	 0.000537554 	 	 
1.74 	 0.000537554 	 	 
1.755 	 0.000537554 	 	 
1.77 	 0.000537554 	 	 
1.785 	 0.000537554 	 	 
1.8 	 0.000537554 	 	 
1.815 	 0.000537554 	 	 
1.83 	 0.000537554 	 	 
1.845 	 0.000537554 	 	 
1.86 	 0.000537554 	 	 
1.875 	 0.000537554 	 	 
1.89 	 0.000537554 	 	 
1.905 	 0.000537554 	 	 
1.92 	 0.000537554 	 	 
1.935 	 0.000537554 	 	 
1.95 	 0.000537554 	 	 
1.965 	 0.000537554 	 	 
1.98 	 0.000537554 	 	 
1.995 	 0.000537554 	 	 
2.01 	 0.000537554 	 	 
2.025 	 0.000537554 	 	 
2.04 	 0.000537554 	 	 
2.055 	 0.000537554 	 	 
2.07 	 0.000537554 	 	 
2.085 	 0.000537554 	 	 
2.1 	 0.000537554 	 	 
2.115 	 0.000537554 	 	 
2.13 	 0.000537554 	 	 
2.145 	 0.000537554 	 	 
2.16 	 0.000537554 	 	 
2.175 	 0.000537554 	 	 
2.19 	 0.000537554 	 	 
2.205 	 0.000537554 	 	 
2.22 	 0.000537554 	 	 
2.235 	 0.000537554 	 	 
2.25 	 0.000537554 	 	 
2.265 	 0.000537554 	 	 
2.28 	 0.000537554 	 	 
2.295 	 0.000537554 	 	 
2.31 	 0.000537554 	 	 
2.325 	 0.000537554 	 	 
2.34 	 0.000537554 	 	 
2.355 	 0.000537554 	 	 
2.37 	 0.000537554 	 	 
2.385 	 0.000537554 	 	 
2.4 	 0.000537554 	 	 
2.415 	 0.000537554 	 	 
2.43 	 0.000537554 	 	 
2.445 	 0.000537554 	 	 
2.46 	 0.000537554 	 	 
2.475 	 0.000537554 	 	 
2.49 	 0.000537554 	 	 
2.505 	 0.000537554 	 	 
2.52 	 0.000537554 	 	 
2.535 	 0.000537554 	 	 
2.55 	 0.000537554 	 	 
2.565 	 0.000537554 	 	 
2.58 	 0.000537554 	 	 
2.595 	 0.000537554 	 	 
2.61 	 0.000537554 	 	 
2.625 	 0.000537554 	 	 
2.64 	 0.000537554 	 	 
2.655 	 0.000537554 	 	 
2.67 	 0.000537554 	 	 
2.685 	 0.000537554 	 	 
2.7 	 0.000537554 	 	 
2.715 	 0.000537554 	 	 
2.73 	 0.000537554 	 	 
2.745 	 0.000537554 	 	 
2.76 	 0.000537554 	 	 
2.775 	 0.000537554 	 	 
2.79 	 0.000537554 	 	 
2.805 	 0.000537554 	 	 
2.82 	 0.000537554 	 	 
2.835 	 0.000537554 	 	 
2.85 	 0.000537554 	 	 
2.865 	 0.000537554 	 	 
2.88 	 0.000537554 	 	 
2.895 	 0.000537554 	 	 
2.91 	 0.000537554 	 	 
2.925 	 0.000537554 	 	 
2.94 	 0.000537554 	 	 
2.955 	 0.000537554 	 	 
2.97 	 0.000537554 	 	 
2.985 	 0.000537554 	 	 
3 	 0.000537554 	 	 
3.015 	 0.000537554 	 	 
3.03 	 0.000537554 	 	 
3.045 	 0.000537554 	 	 
3.06 	 0.000537554 	 	 
3.075 	 0.000537554 	 	 
3.09 	 0.000537554 	 	 
3.105 	 0.000537554 	 	 
3.12 	 0.000537554 	 	 
3.135 	 0.000537554 	 	 
3.15 	 0.000537554 	 	 
3.165 	 0.000537554 	 	 
3.18 	 0.000537554 	 	 
3.195 	 0.000537554 	 	 
3.21 	 0.000537554 	 	 
3.225 	 0.000537554 	 	 
3.24 	 0.000537554 	 	 
3.255 	 0.000537554 	 	 
3.27 	 0.000537554 	 	 
3.285 	 0.000537554 	 	 
3.3 	 0.000537554 	 	 
3.315 	 0.000537554 	 	 
3.33 	 0.000537554 	 	 
3.345 	 0.000537554 	 	 
3.36 	 0.000537554 	 	 
3.375 	 0.000537554 	 	 
3.39 	 0.000537554 	 	 
3.405 	 0.000537554 	 	 
3.42 	 0.000537554 	 	 
3.435 	 0.000537554 	 	 
3.45 	 0.000537554 	 	 
3.465 	 0.000537554 	 	 
3.48 	 0.000537554 	 	 
3.495 	 0.000537554 	 	 
3.51 	 0.000537554 	 	 
3.525 	 0.000537554 	 	 
3.54 	 0.000537554 	 	 
3.555 	 0.000537554 	 	 
3.57 	 0.000537554 	 	 
3.585 	 0.000537554 	 	 
3.6 	 0.000537554 	 	 
3.615 	 0.000537554 	 	 
3.63 	 0.000537554 	 	 
3.645 	 0.000537554 	 	 
3.66 	 0.000537554 	 	 
3.675 	 0.000537554 	 	 
3.69 	 0.000537554 	 	 
3.705 	 0.000537554 	 	 
3.72 	 0.000537554 	 	 
3.735 	 0.000537554 	 	 
3.75 	 0.000537554 	 	 
3.765 	 0.000537554 	 	 
3.78 	 0.000537554 	 	 
3.795 	 0.000537554 	 	 
3.81 	 0.000537554 	 	 
3.825 	 0.000537554 	 	 
3.84 	 0.000537554 	 	 
3.855 	 0.000537554 	 	 
3.87 	 0.000537554 	 	 
3.885 	 0.000537554 	 	 
3.9 	 0.000537554 	 	 
3.915 	 0.000537554 	 	 
3.93 	 0.000537554 	 	 
3.945 	 0.000537554 	 	 
3.96 	 0.000537554 	 	 
3.975 	 0.000537554 	 	 
3.99 	 0.000537554 	 	 
4.005 	 0.000537554 	 	 
4.02 	 0.000537554 	 	 
4.035 	 0.000537554 	 	 
4.05 	 0.000537554 	 	 
4.065 	 0.000537554 	 	 
4.08 	 0.000537554 	 	 
4.095 	 0.000537554 	 	 
4.11 	 0.000537554 	 	 
4.125 	 0.000537554 	 	 
4.14 	 0.000537554 	 	 
4.155 	 0.000537554 	 	 
4.17 	 0.000537554 	 	 
4.185 	 0.000537554 	 	 
4.2 	 0.000537554 	 	 
4.215 	 0.000537554 	 	 
4.23 	 0.000537554 	 	 
4.245 	 0.000537554 	 	 
4.26 	 0.000537554 	 	 
4.275 	 0.000537554 	 	 
4.29 	 0.000537554 	 	 
4.305 	 0.000537554 	 	 
4.32 	 0.000537554 	 	 
4.335 	 0.000537554 	 	 
4.35 	 0.000537554 	 	 
4.365 	 0.000537554 	 	 
4.38 	 0.000537554 	 	 
4.395 	 0.000537554 	 	 
4.41 	 0.000537554 	 	 
4.425 	 0.000537554 	 	 
4.44 	 0.000537554 	 	 
4.455 	 0.000537554 	 	 
4.47 	 0.000537554 	 	 
4.485 	 0.000537554 	 	 
4.5 	 0.000537554 	 	 
4.515 	 0.000537554 	 	 
4.53 	 0.000537554 	 	 
4.545 	 0.000537554 	 	 
4.56 	 0.000537554 	 	 
4.575 	 0.000537554 	 	 
4.59 	 0.000537554 	 	 
4.605 	 0.000537554 	 	 
4.62 	 0.000537554 	 	 
4.635 	 0.000537554 	 	 
4.65 	 0.000537554 	 	 
4.665 	 0.000537554 	 	 
4.68 	 0.000537554 	 	 
4.695 	 0.000537554 	 	 
4.71 	 0.000537554 	 	 
4.725 	 0.000537554 	 	 
4.74 	 0.000537554 	 	 
4.755 	 0.000537554 	 	 
4.77 	 0.000537554 	 	 
4.785 	 0.000537554 	 	 
4.8 	 0.000537554 	 	 
4.815 	 0.000537554 	 	 
4.83 	 0.000537554 	 	 
4.845 	 0.000537554 	 	 
4.86 	 0.000537554 	 	 
4.875 	 0.000537554 	 	 
4.89 	 0.000537554 	 	 
4.905 	 0.000537554 	 	 
4.92 	 0.000537554 	 	 
4.935 	 0.000537554 	 	 
4.95 	 0.000537554 	 	 
4.965 	 0.000537554 	 	 
4.98 	 0.000537554 	 	 
4.995 	 0.000537554 	 	 
5.01 	 0.000537554 	 	 
5.025 	 0.000537554 	 	 
5.04 	 0.000537554 	 	 
5.055 	 0.000537554 	 	 
5.07 	 0.000537554 	 	 
5.085 	 0.000537554 	 	 
5.1 	 0.000537554 	 	 
5.115 	 0.000537554 	 	 
5.13 	 0.000537554 	 	 
5.145 	 0.000537554 	 	 
5.16 	 0.000537554 	 	 
5.175 	 0.000537554 	 	 
5.19 	 0.000537554 	 	 
5.205 	 0.000537554 	 	 
5.22 	 0.000537554 	 	 
5.235 	 0.000537554 	 	 
5.25 	 0.000537554 	 	 
5.265 	 0.000537554 	 	 
5.28 	 0.000537554 	 	 
5.295 	 0.000537554 	 	 
5.31 	 0.000537554 	 	 
5.325 	 0.000537554 	 	 
5.34 	 0.000537554 	 	 
5.355 	 0.000537554 	 	 
5.37 	 0.000537554 	 	 
5.385 	 0.000537554 	 	 
5.4 	 0.000537554 	 	 
5.415 	 0.000537554 	 	 
5.43 	 0.000537554 	 	 
5.445 	 0.000537554 	 	 
5.46 	 0.000537554 	 	 
5.475 	 0.000537554 	 	 
5.49 	 0.000537554 	 	 
5.505 	 0.000537554 	 	 
5.52 	 0.000537554 	 	 
5.535 	 0.000537554 	 	 
5.55 	 0.000537554 	 	 
5.565 	 0.000537554 	 	 
5.58 	 0.000537554 	 	 
5.595 	 0.000537554 	 	 
5.61 	 0.000537554 	 	 
5.625 	 0.000537554 	 	 
5.64 	 0.000537554 	 	 
5.655 	 0.000537554 	 	 
5.67 	 0.000537554 	 	 
5.685 	 0.000537554 	 	 
5.7 	 0.000537554 	 	 
5.715 	 0.000537554 	 	 
5.73 	 0.000537554 	 	 
5.745 	 0.000537554 	 	 
5.76 	 0.000537554 	 	 
5.775 	 0.000537554 	 	 
5.79 	 0.000537554 	 	 
5.805 	 0.000537554 	 	 
5.82 	 0.000537554 	 	 
5.835 	 0.000537554 	 	 
5.85 	 0.000537554 	 	 
5.865 	 0.000537554 	 	 
5.88 	 0.000537554 	 	 
5.895 	 0.000537554 	 	 
5.91 	 0.000537554 	 	 
5.925 	 0.000537554 	 	 
5.94 	 0.000537554 	 	 
5.955 	 0.000537554 	 	 
5.97 	 0.000537554 	 	 
5.985 	 0.000537554 	 	 
6 	 0.000537554 	 	 
6.015 	 0.000537554 	 	 
6.03 	 0.000537554 	 	 
6.045 	 0.000537554 	 	 
6.06 	 0.000537554 	 	 
6.075 	 0.000537554 	 	 
6.09 	 0.000537554 	 	 
6.105 	 0.000537554 	 	 
6.12 	 0.000537554 	 	 
6.135 	 0.000537554 	 	 
6.15 	 0.000537554 	 	 
6.165 	 0.000537554 	 	 
6.18 	 0.000537554 	 	 
6.195 	 0.000537554 	 	 
6.21 	 0.000537554 	 	 
6.225 	 0.000537554 	 	 
6.24 	 0.000537554 	 	 
6.255 	 0.000537554 	 	 
6.27 	 0.000537554 	 	 
6.285 	 0.000537554 	 	 
6.3 	 0.000537554 	 	 
6.315 	 0.000537554 	 	 
6.33 	 0.000537554 	 	 
6.345 	 0.000537554 	 	 
6.36 	 0.000537554 	 	 
6.375 	 0.000537554 	 	 
6.39 	 0.000537554 	 	 
6.405 	 0.000537554 	 	 
6.42 	 0.000537554 	 	 
6.435 	 0.000537554 	 	 
6.45 	 0.000537554 	 	 
6.465 	 0.000537554 	 	 
6.48 	 0.000537554 	 	 
6.495 	 0.000537554 	 	 
6.51 	 0.000537554 	 	 
6.525 	 0.000537554 	 	 
6.54 	 0.000537554 	 	 
6.555 	 0.000537554 	 	 
6.57 	 0.000537554 	 	 
6.585 	 0.000537554 	 	 
6.6 	 0.000537554 	 	 
6.615 	 0.000537554 	 	 
6.63 	 0.000537554 	 	 
6.645 	 0.000537554 	 	 
6.66 	 0.000537554 	 	 
6.675 	 0.000537554 	 	 
6.69 	 0.000537554 	 	 
6.705 	 0.000537554 	 	 
6.72 	 0.000537554 	 	 
6.735 	 0.000537554 	 	 
6.75 	 0.000537554 	 	 
6.765 	 0.000537554 	 	 
6.78 	 0.000537554 	 	 
6.795 	 0.000537554 	 	 
6.81 	 0.000537554 	 	 
6.825 	 0.000537554 	 	 
6.84 	 0.000537554 	 	 
6.855 	 0.000537554 	 	 
6.87 	 0.000537554 	 	 
6.885 	 0.000537554 	 	 
6.9 	 0.000537554 	 	 
6.915 	 0.000537554 	 	 
6.93 	 0.000537554 	 	 
6.945 	 0.000537554 	 	 
6.96 	 0.000537554 	 	 
6.975 	 0.000537554 	 	 
6.99 	 0.000537554 	 	 
7.005 	 0.000537554 	 	 
7.02 	 0.000537554 	 	 
7.035 	 0.000537554 	 	 
7.05 	 0.000537554 	 	 
7.065 	 0.000537554 	 	 
7.08 	 0.000537554 	 	 
7.095 	 0.000537554 	 	 
7.11 	 0.000537554 	 	 
7.125 	 0.000537554 	 	 
7.14 	 0.000537554 	 	 
7.155 	 0.000537554 	 	 
7.17 	 0.000537554 	 	 
7.185 	 0.000537554 	 	 
7.2 	 0.000537554 	 	 
7.215 	 0.000537554 	 	 
7.23 	 0.000537554 	 	 
7.245 	 0.000537554 	 	 
7.26 	 0.000537554 	 	 
7.275 	 0.000537554 	 	 
7.29 	 0.000537554 	 	 
7.305 	 0.000537554 	 	 
7.32 	 0.000537554 	 	 
7.335 	 0.000537554 	 	 
7.35 	 0.000537554 	 	 
7.365 	 0.000537554 	 	 
7.38 	 0.000537554 	 	 
7.395 	 0.000537554 	 	 
7.41 	 0.000537554 	 	 
7.425 	 0.000537554 	 	 
7.44 	 0.000537554 	 	 
7.455 	 0.000537554 	 	 
7.47 	 0.000537554 	 	 
7.485 	 0.000537554 	 	 
7.5 	 0.000537554 	 	 
7.515 	 0.000537554 	 	 
7.53 	 0.000537554 	 	 
7.545 	 0.000537554 	 	 
7.56 	 0.000537554 	 	 
7.575 	 0.000537554 	 	 
7.59 	 0.000537554 	 	 
7.605 	 0.000537554 	 	 
7.62 	 0.000537554 	 	 
7.635 	 0.000537554 	 	 
7.65 	 0.000537554 	 	 
7.665 	 0.000537554 	 	 
7.68 	 0.000537554 	 	 
7.695 	 0.000537554 	 	 
7.71 	 0.000537554 	 	 
7.725 	 0.000537554 	 	 
7.74 	 0.000537554 	 	 
7.755 	 0.000537554 	 	 
7.77 	 0.000537554 	 	 
7.785 	 0.000537554 	 	 
7.8 	 0.000537554 	 	 
7.815 	 0.000537554 	 	 
7.83 	 0.000537554 	 	 
7.845 	 0.000537554 	 	 
7.86 	 0.000537554 	 	 
7.875 	 0.000537554 	 	 
7.89 	 0.000537554 	 	 
7.905 	 0.000537554 	 	 
7.92 	 0.000537554 	 	 
7.935 	 0.000537554 	 	 
7.95 	 0.000537554 	 	 
7.965 	 0.000537554 	 	 
7.98 	 0.000537554 	 	 
7.995 	 0.000537554 	 	 
8.01 	 0.000537554 	 	 
8.025 	 0.000537554 	 	 
8.04 	 0.000537554 	 	 
8.055 	 0.000537554 	 	 
8.07 	 0.000537554 	 	 
8.085 	 0.000537554 	 	 
8.1 	 0.000537554 	 	 
8.115 	 0.000537554 	 	 
8.13 	 0.000537554 	 	 
8.145 	 0.000537554 	 	 
8.16 	 0.000537554 	 	 
8.175 	 0.000537554 	 	 
8.19 	 0.000537554 	 	 
8.205 	 0.000537554 	 	 
8.22 	 0.000537554 	 	 
8.235 	 0.000537554 	 	 
8.25 	 0.000537554 	 	 
8.265 	 0.000537554 	 	 
8.28 	 0.000537554 	 	 
8.295 	 0.000537554 	 	 
8.31 	 0.000537554 	 	 
8.325 	 0.000537554 	 	 
8.34 	 0.000537554 	 	 
8.355 	 0.000537554 	 	 
8.37 	 0.000537554 	 	 
8.385 	 0.000537554 	 	 
8.4 	 0.000537554 	 	 
8.415 	 0.000537554 	 	 
8.43 	 0.000537554 	 	 
8.445 	 0.000537554 	 	 
8.46 	 0.000537554 	 	 
8.475 	 0.000537554 	 	 
8.49 	 0.000537554 	 	 
8.505 	 0.000537554 	 	 
8.52 	 0.000537554 	 	 
8.535 	 0.000537554 	 	 
8.55 	 0.000537554 	 	 
8.565 	 0.000537554 	 	 
8.58 	 0.000537554 	 	 
8.595 	 0.000537554 	 	 
8.61 	 0.000537554 	 	 
8.625 	 0.000537554 	 	 
8.64 	 0.000537554 	 	 
8.655 	 0.000537554 	 	 
8.67 	 0.000537554 	 	 
8.685 	 0.000537554 	 	 
8.7 	 0.000537554 	 	 
8.715 	 0.000537554 	 	 
8.73 	 0.000537554 	 	 
8.745 	 0.000537554 	 	 
8.76 	 0.000537554 	 	 
8.775 	 0.000537554 	 	 
8.79 	 0.000537554 	 	 
8.805 	 0.000537554 	 	 
8.82 	 0.000537554 	 	 
8.835 	 0.000537554 	 	 
8.85 	 0.000537554 	 	 
8.865 	 0.000537554 	 	 
8.88 	 0.000537554 	 	 
8.895 	 0.000537554 	 	 
8.91 	 0.000537554 	 	 
8.925 	 0.000537554 	 	 
8.94 	 0.000537554 	 	 
8.955 	 0.000537554 	 	 
8.97 	 0.000537554 	 	 
8.985 	 0.000537554 	 	 
9 	 0.000537554 	 	 
9.015 	 0.000537554 	 	 
9.03 	 0.000537554 	 	 
9.045 	 0.000537554 	 	 
9.06 	 0.000537554 	 	 
9.075 	 0.000537554 	 	 
9.09 	 0.000537554 	 	 
9.105 	 0.000537554 	 	 
9.12 	 0.000537554 	 	 
9.135 	 0.000537554 	 	 
9.15 	 0.000537554 	 	 
9.165 	 0.000537554 	 	 
9.18 	 0.000537554 	 	 
9.195 	 0.000537554 	 	 
9.21 	 0.000537554 	 	 
9.225 	 0.000537554 	 	 
9.24 	 0.000537554 	 	 
9.255 	 0.000537554 	 	 
9.27 	 0.000537554 	 	 
9.285 	 0.000537554 	 	 
9.3 	 0.000537554 	 	 
9.315 	 0.000537554 	 	 
9.33 	 0.000537554 	 	 
9.345 	 0.000537554 	 	 
9.36 	 0.000537554 	 	 
9.375 	 0.000537554 	 	 
9.39 	 0.000537554 	 	 
9.405 	 0.000537554 	 	 
9.42 	 0.000537554 	 	 
9.435 	 0.000537554 	 	 
9.45 	 0.000537554 	 	 
9.465 	 0.000537554 	 	 
9.48 	 0.000537554 	 	 
9.495 	 0.000537554 	 	 
9.51 	 0.000537554 	 	 
9.525 	 0.000537554 	 	 
9.54 	 0.000537554 	 	 
9.555 	 0.000537554 	 	 
9.57 	 0.000537554 	 	 
9.585 	 0.000537554 	 	 
9.6 	 0.000537554 	 	 
9.615 	 0.000537554 	 	 
9.63 	 0.000537554 	 	 
9.645 	 0.000537554 	 	 
9.66 	 0.000537554 	 	 
9.675 	 0.000537554 	 	 
9.69 	 0.000537554 	 	 
9.705 	 0.000537554 	 	 
9.72 	 0.000537554 	 	 
9.735 	 0.000537554 	 	 
9.75 	 0.000537554 	 	 
9.765 	 0.000537554 	 	 
9.78 	 0.000537554 	 	 
9.795 	 0.000537554 	 	 
9.81 	 0.000537554 	 	 
9.825 	 0.000537554 	 	 
9.84 	 0.000537554 	 	 
9.855 	 0.000537554 	 	 
9.87 	 0.000537554 	 	 
9.885 	 0.000537554 	 	 
9.9 	 0.000537554 	 	 
9.915 	 0.000537554 	 	 
9.93 	 0.000537554 	 	 
9.945 	 0.000537554 	 	 
9.96 	 0.000537554 	 	 
9.975 	 0.000537554 	 	 
9.99 	 0.000537554 	 	 
10.005 	 0.000537554 	 	 
10.02 	 0.000537554 	 	 
10.035 	 0.000537554 	 	 
10.05 	 0.000537554 	 	 
10.065 	 0.000537554 	 	 
10.08 	 0.000537554 	 	 
10.095 	 0.000537554 	 	 
10.11 	 0.000537554 	 	 
10.125 	 0.000537554 	 	 
10.14 	 0.000537554 	 	 
10.155 	 0.000537554 	 	 
10.17 	 0.000537554 	 	 
10.185 	 0.000537554 	 	 
10.2 	 0.000537554 	 	 
10.215 	 0.000537554 	 	 
10.23 	 0.000537554 	 	 
10.245 	 0.000537554 	 	 
10.26 	 0.000537554 	 	 
10.275 	 0.000537554 	 	 
10.29 	 0.000537554 	 	 
10.305 	 0.000537554 	 	 
10.32 	 0.000537554 	 	 
10.335 	 0.000537554 	 	 
10.35 	 0.000537554 	 	 
10.365 	 0.000537554 	 	 
10.38 	 0.000537554 	 	 
10.395 	 0.000537554 	 	 
10.41 	 0.000537554 	 	 
10.425 	 0.000537554 	 	 
10.44 	 0.000537554 	 	 
10.455 	 0.000537554 	 	 
10.47 	 0.000537554 	 	 
10.485 	 0.000537554 	 	 
10.5 	 0.000537554 	 	 
10.515 	 0.000537554 	 	 
10.53 	 0.000537554 	 	 
10.545 	 0.000537554 	 	 
10.56 	 0.000537554 	 	 
10.575 	 0.000537554 	 	 
10.59 	 0.000537554 	 	 
10.605 	 0.000537554 	 	 
10.62 	 0.000537554 	 	 
10.635 	 0.000537554 	 	 
10.65 	 0.000537554 	 	 
10.665 	 0.000537554 	 	 
10.68 	 0.000537554 	 	 
10.695 	 0.000537554 	 	 
10.71 	 0.000537554 	 	 
10.725 	 0.000537554 	 	 
10.74 	 0.000537554 	 	 
10.755 	 0.000537554 	 	 
10.77 	 0.000537554 	 	 
10.785 	 0.000537554 	 	 
10.8 	 0.000537554 	 	 
10.815 	 0.000537554 	 	 
10.83 	 0.000537554 	 	 
10.845 	 0.000537554 	 	 
10.86 	 0.000537554 	 	 
10.875 	 0.000537554 	 	 
10.89 	 0.000537554 	 	 
10.905 	 0.000537554 	 	 
10.92 	 0.000537554 	 	 
10.935 	 0.000537554 	 	 
10.95 	 0.000537554 	 	 
10.965 	 0.000537554 	 	 
10.98 	 0.000537554 	 	 
10.995 	 0.000537554 	 	 
11.01 	 0.000537554 	 	 
11.025 	 0.000537554 	 	 
11.04 	 0.000537554 	 	 
11.055 	 0.000537554 	 	 
11.07 	 0.000537554 	 	 
11.085 	 0.000537554 	 	 
11.1 	 0.000537554 	 	 
11.115 	 0.000537554 	 	 
11.13 	 0.000537554 	 	 
11.145 	 0.000537554 	 	 
11.16 	 0.000537554 	 	 
11.175 	 0.000537554 	 	 
11.19 	 0.000537554 	 	 
11.205 	 0.000537554 	 	 
11.22 	 0.000537554 	 	 
11.235 	 0.000537554 	 	 
11.25 	 0.000537554 	 	 
11.265 	 0.000537554 	 	 
11.28 	 0.000537554 	 	 
11.295 	 0.000537554 	 	 
11.31 	 0.000537554 	 	 
11.325 	 0.000537554 	 	 
11.34 	 0.000537554 	 	 
11.355 	 0.000537554 	 	 
11.37 	 0.000537554 	 	 
11.385 	 0.000537554 	 	 
11.4 	 0.000537554 	 	 
11.415 	 0.000537554 	 	 
11.43 	 0.000537554 	 	 
11.445 	 0.000537554 	 	 
11.46 	 0.000537554 	 	 
11.475 	 0.000537554 	 	 
11.49 	 0.000537554 	 	 
11.505 	 0.000537554 	 	 
11.52 	 0.000537554 	 	 
11.535 	 0.000537554 	 	 
11.55 	 0.000537554 	 	 
11.565 	 0.000537554 	 	 
11.58 	 0.000537554 	 	 
11.595 	 0.000537554 	 	 
11.61 	 0.000537554 	 	 
11.625 	 0.000537554 	 	 
11.64 	 0.000537554 	 	 
11.655 	 0.000537554 	 	 
11.67 	 0.000537554 	 	 
11.685 	 0.000537554 	 	 
11.7 	 0.000537554 	 	 
11.715 	 0.000537554 	 	 
11.73 	 0.000537554 	 	 
11.745 	 0.000537554 	 	 
11.76 	 0.000537554 	 	 
11.775 	 0.000537554 	 	 
11.79 	 0.000537554 	 	 
11.805 	 0.000537554 	 	 
11.82 	 0.000537554 	 	 
11.835 	 0.000537554 	 	 
11.85 	 0.000537554 	 	 
11.865 	 0.000537554 	 	 
11.88 	 0.000537554 	 	 
11.895 	 0.000537554 	 	 
11.91 	 0.000537554 	 	 
11.925 	 0.000537554 	 	 
11.94 	 0.000537554 	 	 
11.955 	 0.000537554 	 	 
11.97 	 0.000537554 	 	 
11.985 	 0.000537554 	 	 
12 	 0.000537554 	 	 
12.015 	 0.000537554 	 	 
12.03 	 0.000537554 	 	 
12.045 	 0.000537554 	 	 
12.06 	 0.000537554 	 	 
12.075 	 0.000537554 	 	 
12.09 	 0.000537554 	 	 
12.105 	 0.000537554 	 	 
12.12 	 0.000537554 	 	 
12.135 	 0.000537554 	 	 
12.15 	 0.000537554 	 	 
12.165 	 0.000537554 	 	 
12.18 	 0.000537554 	 	 
12.195 	 0.000537554 	 	 
12.21 	 0.000537554 	 	 
12.225 	 0.000537554 	 	 
12.24 	 0.000537554 	 	 
12.255 	 0.000537554 	 	 
12.27 	 0.000537554 	 	 
12.285 	 0.000537554 	 	 
12.3 	 0.000537554 	 	 
12.315 	 0.000537554 	 	 
12.33 	 0.000537554 	 	 
12.345 	 0.000537554 	 	 
12.36 	 0.000537554 	 	 
12.375 	 0.000537554 	 	 
12.39 	 0.000537554 	 	 
12.405 	 0.000537554 	 	 
12.42 	 0.000537554 	 	 
12.435 	 0.000537554 	 	 
12.45 	 0.000537554 	 	 
12.465 	 0.000537554 	 	 
12.48 	 0.000537554 	 	 
12.495 	 0.000537554 	 	 
12.51 	 0.000537554 	 	 
12.525 	 0.000537554 	 	 
12.54 	 0.000537554 	 	 
12.555 	 0.000537554 	 	 
12.57 	 0.000537554 	 	 
12.585 	 0.000537554 	 	 
12.6 	 0.000537554 	 	 
12.615 	 0.000537554 	 	 
12.63 	 0.000537554 	 	 
12.645 	 0.000537554 	 	 
12.66 	 0.000537554 	 	 
12.675 	 0.000537554 	 	 
12.69 	 0.000537554 	 	 
12.705 	 0.000537554 	 	 
12.72 	 0.000537554 	 	 
12.735 	 0.000537554 	 	 
12.75 	 0.000537554 	 	 
12.765 	 0.000537554 	 	 
12.78 	 0.000537554 	 	 
12.795 	 0.000537554 	 	 
12.81 	 0.000537554 	 	 
12.825 	 0.000537554 	 	 
12.84 	 0.000537554 	 	 
12.855 	 0.000537554 	 	 
12.87 	 0.000537554 	 	 
12.885 	 0.000537554 	 	 
12.9 	 0.000537554 	 	 
12.915 	 0.000537554 	 	 
12.93 	 0.000537554 	 	 
12.945 	 0.000537554 	 	 
12.96 	 0.000537554 	 	 
12.975 	 0.000537554 	 	 
12.99 	 0.000537554 	 	 
13.005 	 0.000537554 	 	 
13.02 	 0.000537554 	 	 
13.035 	 0.000537554 	 	 
13.05 	 0.000537554 	 	 
13.065 	 0.000537554 	 	 
13.08 	 0.000537554 	 	 
13.095 	 0.000537554 	 	 
13.11 	 0.000537554 	 	 
13.125 	 0.000537554 	 	 
13.14 	 0.000537554 	 	 
13.155 	 0.000537554 	 	 
13.17 	 0.000537554 	 	 
13.185 	 0.000537554 	 	 
13.2 	 0.000537554 	 	 
13.215 	 0.000537554 	 	 
13.23 	 0.000537554 	 	 
13.245 	 0.000537554 	 	 
13.26 	 0.000537554 	 	 
13.275 	 0.000537554 	 	 
13.29 	 0.000537554 	 	 
13.305 	 0.000537554 	 	 
13.32 	 0.000537554 	 	 
13.335 	 0.000537554 	 	 
13.35 	 0.000537554 	 	 
13.365 	 0.000537554 	 	 
13.38 	 0.000537554 	 	 
13.395 	 0.000537554 	 	 
13.41 	 0.000537554 	 	 
13.425 	 0.000537554 	 	 
13.44 	 0.000537554 	 	 
13.455 	 0.000537554 	 	 
13.47 	 0.000537554 	 	 
13.485 	 0.000537554 	 	 
13.5 	 0.000537554 	 	 
13.515 	 0.000537554 	 	 
13.53 	 0.000537554 	 	 
13.545 	 0.000537554 	 	 
13.56 	 0.000537554 	 	 
13.575 	 0.000537554 	 	 
13.59 	 0.000537554 	 	 
13.605 	 0.000537554 	 	 
13.62 	 0.000537554 	 	 
13.635 	 0.000537554 	 	 
13.65 	 0.000537554 	 	 
13.665 	 0.000537554 	 	 
13.68 	 0.000537554 	 	 
13.695 	 0.000537554 	 	 
13.71 	 0.000537554 	 	 
13.725 	 0.000537554 	 	 
13.74 	 0.000537554 	 	 
13.755 	 0.000537554 	 	 
13.77 	 0.000537554 	 	 
13.785 	 0.000537554 	 	 
13.8 	 0.000537554 	 	 
13.815 	 0.000537554 	 	 
13.83 	 0.000537554 	 	 
13.845 	 0.000537554 	 	 
13.86 	 0.000537554 	 	 
13.875 	 0.000537554 	 	 
13.89 	 0.000537554 	 	 
13.905 	 0.000537554 	 	 
13.92 	 0.000537554 	 	 
13.935 	 0.000537554 	 	 
13.95 	 0.000537554 	 	 
13.965 	 0.000537554 	 	 
13.98 	 0.000537554 	 	 
13.995 	 0.000537554 	 	 
14.01 	 0.000537554 	 	 
14.025 	 0.000537554 	 	 
14.04 	 0.000537554 	 	 
14.055 	 0.000537554 	 	 
14.07 	 0.000537554 	 	 
14.085 	 0.000537554 	 	 
14.1 	 0.000537554 	 	 
14.115 	 0.000537554 	 	 
14.13 	 0.000537554 	 	 
14.145 	 0.000537554 	 	 
14.16 	 0.000537554 	 	 
14.175 	 0.000537554 	 	 
14.19 	 0.000537554 	 	 
14.205 	 0.000537554 	 	 
14.22 	 0.000537554 	 	 
14.235 	 0.000537554 	 	 
14.25 	 0.000537554 	 	 
14.265 	 0.000537554 	 	 
14.28 	 0.000537554 	 	 
14.295 	 0.000537554 	 	 
14.31 	 0.000537554 	 	 
14.325 	 0.000537554 	 	 
14.34 	 0.000537554 	 	 
14.355 	 0.000537554 	 	 
14.37 	 0.000537554 	 	 
14.385 	 0.000537554 	 	 
14.4 	 0.000537554 	 	 
14.415 	 0.000537554 	 	 
14.43 	 0.000537554 	 	 
14.445 	 0.000537554 	 	 
14.46 	 0.000537554 	 	 
14.475 	 0.000537554 	 	 
14.49 	 0.000537554 	 	 
14.505 	 0.000537554 	 	 
14.52 	 0.000537554 	 	 
14.535 	 0.000537554 	 	 
14.55 	 0.000537554 	 	 
14.565 	 0.000537554 	 	 
14.58 	 0.000537554 	 	 
14.595 	 0.000537554 	 	 
14.61 	 0.000537554 	 	 
14.625 	 0.000537554 	 	 
14.64 	 0.000537554 	 	 
14.655 	 0.000537554 	 	 
14.67 	 0.000537554 	 	 
14.685 	 0.000537554 	 	 
14.7 	 0.000537554 	 	 
14.715 	 0.000537554 	 	 
14.73 	 0.000537554 	 	 
14.745 	 0.000537554 	 	 
14.76 	 0.000537554 	 	 
14.775 	 0.000537554 	 	 
14.79 	 0.000537554 	 	 
14.805 	 0.000537554 	 	 
14.82 	 0.000537554 	 	 
14.835 	 0.000537554 	 	 
14.85 	 0.000537554 	 	 
14.865 	 0.000537554 	 	 
14.88 	 0.000537554 	 	 
14.895 	 0.000537554 	 	 
14.91 	 0.000537554 	 	 
14.925 	 0.000537554 	 	 
14.94 	 0.000537554 	 	 
14.955 	 0.000537554 	 	 
14.97 	 0.000537554 	 	 
14.985 	 0.000537554 	 	 
15 	 0.000537554 	 	 
15.015 	 0.000537554 	 	 
15.03 	 0.000537554 	 	 
15.045 	 0.000537554 	 	 
15.06 	 0.000537554 	 	 
15.075 	 0.000537554 	 	 
15.09 	 0.000537554 	 	 
15.105 	 0.000537554 	 	 
15.12 	 0.000537554 	 	 
15.135 	 0.000537554 	 	 
15.15 	 0.000537554 	 	 
15.165 	 0.000537554 	 	 
15.18 	 0.000537554 	 	 
15.195 	 0.000537554 	 	 
15.21 	 0.000537554 	 	 
15.225 	 0.000537554 	 	 
15.24 	 0.000537554 	 	 
15.255 	 0.000537554 	 	 
15.27 	 0.000537554 	 	 
15.285 	 0.000537554 	 	 
15.3 	 0.000537554 	 	 
15.315 	 0.000537554 	 	 
15.33 	 0.000537554 	 	 
15.345 	 0.000537554 	 	 
15.36 	 0.000537554 	 	 
15.375 	 0.000537554 	 	 
15.39 	 0.000537554 	 	 
15.405 	 0.000537554 	 	 
15.42 	 0.000537554 	 	 
15.435 	 0.000537554 	 	 
15.45 	 0.000537554 	 	 
15.465 	 0.000537554 	 	 
15.48 	 0.000537554 	 	 
15.495 	 0.000537554 	 	 
15.51 	 0.000537554 	 	 
15.525 	 0.000537554 	 	 
15.54 	 0.000537554 	 	 
15.555 	 0.000537554 	 	 
15.57 	 0.000537554 	 	 
15.585 	 0.000537554 	 	 
15.6 	 0.000537554 	 	 
15.615 	 0.000537554 	 	 
15.63 	 0.000537554 	 	 
15.645 	 0.000537554 	 	 
15.66 	 0.000537554 	 	 
15.675 	 0.000537554 	 	 
15.69 	 0.000537554 	 	 
15.705 	 0.000537554 	 	 
15.72 	 0.000537554 	 	 
15.735 	 0.000537554 	 	 
15.75 	 0.000537554 	 	 
15.765 	 0.000537554 	 	 
15.78 	 0.000537554 	 	 
15.795 	 0.000537554 	 	 
15.81 	 0.000537554 	 	 
15.825 	 0.000537554 	 	 
15.84 	 0.000537554 	 	 
15.855 	 0.000537554 	 	 
15.87 	 0.000537554 	 	 
15.885 	 0.000537554 	 	 
15.9 	 0.000537554 	 	 
15.915 	 0.000537554 	 	 
15.93 	 0.000537554 	 	 
15.945 	 0.000537554 	 	 
15.96 	 0.000537554 	 	 
15.975 	 0.000537554 	 	 
15.99 	 0.000537554 	 	 
16.005 	 0.000537554 	 	 
16.02 	 0.000537554 	 	 
16.035 	 0.000537554 	 	 
16.05 	 0.000537554 	 	 
16.065 	 0.000537554 	 	 
16.08 	 0.000537554 	 	 
16.095 	 0.000537554 	 	 
16.11 	 0.000537554 	 	 
16.125 	 0.000537554 	 	 
16.14 	 0.000537554 	 	 
16.155 	 0.000537554 	 	 
16.17 	 0.000537554 	 	 
16.185 	 0.000537554 	 	 
16.2 	 0.000537554 	 	 
16.215 	 0.000537554 	 	 
16.23 	 0.000537554 	 	 
16.245 	 0.000537554 	 	 
16.26 	 0.000537554 	 	 
16.275 	 0.000537554 	 	 
16.29 	 0.000537554 	 	 
16.305 	 0.000537554 	 	 
16.32 	 0.000537554 	 	 
16.335 	 0.000537554 	 	 
16.35 	 0.000537554 	 	 
16.365 	 0.000537554 	 	 
16.38 	 0.000537554 	 	 
16.395 	 0.000537554 	 	 
16.41 	 0.000537554 	 	 
16.425 	 0.000537554 	 	 
16.44 	 0.000537554 	 	 
16.455 	 0.000537554 	 	 
16.47 	 0.000537554 	 	 
16.485 	 0.000537554 	 	 
16.5 	 0.000537554 	 	 
16.515 	 0.000537554 	 	 
16.53 	 0.000537554 	 	 
16.545 	 0.000537554 	 	 
16.56 	 0.000537554 	 	 
16.575 	 0.000537554 	 	 
16.59 	 0.000537554 	 	 
16.605 	 0.000537554 	 	 
16.62 	 0.000537554 	 	 
16.635 	 0.000537554 	 	 
16.65 	 0.000537554 	 	 
16.665 	 0.000537554 	 	 
16.68 	 0.000537554 	 	 
16.695 	 0.000537554 	 	 
16.71 	 0.000537554 	 	 
16.725 	 0.000537554 	 	 
16.74 	 0.000537554 	 	 
16.755 	 0.000537554 	 	 
16.77 	 0.000537554 	 	 
16.785 	 0.000537554 	 	 
16.8 	 0.000537554 	 	 
16.815 	 0.000537554 	 	 
16.83 	 0.000537554 	 	 
16.845 	 0.000537554 	 	 
16.86 	 0.000537554 	 	 
16.875 	 0.000537554 	 	 
16.89 	 0.000537554 	 	 
16.905 	 0.000537554 	 	 
16.92 	 0.000537554 	 	 
16.935 	 0.000537554 	 	 
16.95 	 0.000537554 	 	 
16.965 	 0.000537554 	 	 
16.98 	 0.000537554 	 	 
16.995 	 0.000537554 	 	 
17.01 	 0.000537554 	 	 
17.025 	 0.000537554 	 	 
17.04 	 0.000537554 	 	 
17.055 	 0.000537554 	 	 
17.07 	 0.000537554 	 	 
17.085 	 0.000537554 	 	 
17.1 	 0.000537554 	 	 
17.115 	 0.000537554 	 	 
17.13 	 0.000537554 	 	 
17.145 	 0.000537554 	 	 
17.16 	 0.000537554 	 	 
17.175 	 0.000537554 	 	 
17.19 	 0.000537554 	 	 
17.205 	 0.000537554 	 	 
17.22 	 0.000537554 	 	 
17.235 	 0.000537554 	 	 
17.25 	 0.000537554 	 	 
17.265 	 0.000537554 	 	 
17.28 	 0.000537554 	 	 
17.295 	 0.000537554 	 	 
17.31 	 0.000537554 	 	 
17.325 	 0.000537554 	 	 
17.34 	 0.000537554 	 	 
17.355 	 0.000537554 	 	 
17.37 	 0.000537554 	 	 
17.385 	 0.000537554 	 	 
17.4 	 0.000537554 	 	 
17.415 	 0.000537554 	 	 
17.43 	 0.000537554 	 	 
17.445 	 0.000537554 	 	 
17.46 	 0.000537554 	 	 
17.475 	 0.000537554 	 	 
17.49 	 0.000537554 	 	 
17.505 	 0.000537554 	 	 
17.52 	 0.000537554 	 	 
17.535 	 0.000537554 	 	 
17.55 	 0.000537554 	 	 
17.565 	 0.000537554 	 	 
17.58 	 0.000537554 	 	 
17.595 	 0.000537554 	 	 
17.61 	 0.000537554 	 	 
17.625 	 0.000537554 	 	 
17.64 	 0.000537554 	 	 
17.655 	 0.000537554 	 	 
17.67 	 0.000537554 	 	 
17.685 	 0.000537554 	 	 
17.7 	 0.000537554 	 	 
17.715 	 0.000537554 	 	 
17.73 	 0.000537554 	 	 
17.745 	 0.000537554 	 	 
17.76 	 0.000537554 	 	 
17.775 	 0.000537554 	 	 
17.79 	 0.000537554 	 	 
17.805 	 0.000537554 	 	 
17.82 	 0.000537554 	 	 
17.835 	 0.000537554 	 	 
17.85 	 0.000537554 	 	 
17.865 	 0.000537554 	 	 
17.88 	 0.000537554 	 	 
17.895 	 0.000537554 	 	 
17.91 	 0.000537554 	 	 
17.925 	 0.000537554 	 	 
17.94 	 0.000537554 	 	 
17.955 	 0.000537554 	 	 
17.97 	 0.000537554 	 	 
17.985 	 0.000537554 	 	 
18 	 0.000537554 	 	 
18.015 	 0.000537554 	 	 
18.03 	 0.000537554 	 	 
18.045 	 0.000537554 	 	 
18.06 	 0.000537554 	 	 
18.075 	 0.000537554 	 	 
18.09 	 0.000537554 	 	 
18.105 	 0.000537554 	 	 
18.12 	 0.000537554 	 	 
18.135 	 0.000537554 	 	 
18.15 	 0.000537554 	 	 
18.165 	 0.000537554 	 	 
18.18 	 0.000537554 	 	 
18.195 	 0.000537554 	 	 
18.21 	 0.000537554 	 	 
18.225 	 0.000537554 	 	 
18.24 	 0.000537554 	 	 
18.255 	 0.000537554 	 	 
18.27 	 0.000537554 	 	 
18.285 	 0.000537554 	 	 
18.3 	 0.000537554 	 	 
18.315 	 0.000537554 	 	 
18.33 	 0.000537554 	 	 
18.345 	 0.000537554 	 	 
18.36 	 0.000537554 	 	 
18.375 	 0.000537554 	 	 
18.39 	 0.000537554 	 	 
18.405 	 0.000537554 	 	 
18.42 	 0.000537554 	 	 
18.435 	 0.000537554 	 	 
18.45 	 0.000537554 	 	 
18.465 	 0.000537554 	 	 
18.48 	 0.000537554 	 	 
18.495 	 0.000537554 	 	 
18.51 	 0.000537554 	 	 
18.525 	 0.000537554 	 	 
18.54 	 0.000537554 	 	 
18.555 	 0.000537554 	 	 
18.57 	 0.000537554 	 	 
18.585 	 0.000537554 	 	 
18.6 	 0.000537554 	 	 
18.615 	 0.000537554 	 	 
18.63 	 0.000537554 	 	 
18.645 	 0.000537554 	 	 
18.66 	 0.000537554 	 	 
18.675 	 0.000537554 	 	 
18.69 	 0.000537554 	 	 
18.705 	 0.000537554 	 	 
18.72 	 0.000537554 	 	 
18.735 	 0.000537554 	 	 
18.75 	 0.000537554 	 	 
18.765 	 0.000537554 	 	 
18.78 	 0.000537554 	 	 
18.795 	 0.000537554 	 	 
18.81 	 0.000537554 	 	 
18.825 	 0.000537554 	 	 
18.84 	 0.000537554 	 	 
18.855 	 0.000537554 	 	 
18.87 	 0.000537554 	 	 
18.885 	 0.000537554 	 	 
18.9 	 0.000537554 	 	 
18.915 	 0.000537554 	 	 
18.93 	 0.000537554 	 	 
18.945 	 0.000537554 	 	 
18.96 	 0.000537554 	 	 
18.975 	 0.000537554 	 	 
18.99 	 0.000537554 	 	 
19.005 	 0.000537554 	 	 
19.02 	 0.000537554 	 	 
19.035 	 0.000537554 	 	 
19.05 	 0.000537554 	 	 
19.065 	 0.000537554 	 	 
19.08 	 0.000537554 	 	 
19.095 	 0.000537554 	 	 
19.11 	 0.000537554 	 	 
19.125 	 0.000537554 	 	 
19.14 	 0.000537554 	 	 
19.155 	 0.000537554 	 	 
19.17 	 0.000537554 	 	 
19.185 	 0.000537554 	 	 
19.2 	 0.000537554 	 	 
19.215 	 0.000537554 	 	 
19.23 	 0.000537554 	 	 
19.245 	 0.000537554 	 	 
19.26 	 0.000537554 	 	 
19.275 	 0.000537554 	 	 
19.29 	 0.000537554 	 	 
19.305 	 0.000537554 	 	 
19.32 	 0.000537554 	 	 
19.335 	 0.000537554 	 	 
19.35 	 0.000537554 	 	 
19.365 	 0.000537554 	 	 
19.38 	 0.000537554 	 	 
19.395 	 0.000537554 	 	 
19.41 	 0.000537554 	 	 
19.425 	 0.000537554 	 	 
19.44 	 0.000537554 	 	 
19.455 	 0.000537554 	 	 
19.47 	 0.000537554 	 	 
19.485 	 0.000537554 	 	 
19.5 	 0.000537554 	 	 
19.515 	 0.000537554 	 	 
19.53 	 0.000537554 	 	 
19.545 	 0.000537554 	 	 
19.56 	 0.000537554 	 	 
19.575 	 0.000537554 	 	 
19.59 	 0.000537554 	 	 
19.605 	 0.000537554 	 	 
19.62 	 0.000537554 	 	 
19.635 	 0.000537554 	 	 
19.65 	 0.000537554 	 	 
19.665 	 0.000537554 	 	 
19.68 	 0.000537554 	 	 
19.695 	 0.000537554 	 	 
19.71 	 0.000537554 	 	 
19.725 	 0.000537554 	 	 
19.74 	 0.000537554 	 	 
19.755 	 0.000537554 	 	 
19.77 	 0.000537554 	 	 
19.785 	 0.000537554 	 	 
19.8 	 0.000537554 	 	 
19.815 	 0.000537554 	 	 
19.83 	 0.000537554 	 	 
19.845 	 0.000537554 	 	 
19.86 	 0.000537554 	 	 
19.875 	 0.000537554 	 	 
19.89 	 0.000537554 	 	 
19.905 	 0.000537554 	 	 
19.92 	 0.000537554 	 	 
19.935 	 0.000537554 	 	 
19.95 	 0.000537554 	 	 
19.965 	 0.000537554 	 	 
19.98 	 0.000537554 	 	 
