0 	 0.00266845 	 	 
0.015 	 0.0026682 	 	 
0.03 	 0.00266793 	 	 
0.045 	 0.00266766 	 	 
0.06 	 0.00266739 	 	 
0.075 	 0.00266712 	 	 
0.09 	 0.00266684 	 	 
0.105 	 0.00266656 	 	 
0.12 	 0.00266627 	 	 
0.135 	 0.00266598 	 	 
0.15 	 0.00266568 	 	 
0.165 	 0.00266538 	 	 
0.18 	 0.00266507 	 	 
0.195 	 0.00266476 	 	 
0.21 	 0.00266445 	 	 
0.225 	 0.00266413 	 	 
0.24 	 0.00266381 	 	 
0.255 	 0.00266348 	 	 
0.27 	 0.00266314 	 	 
0.285 	 0.0026628 	 	 
0.3 	 0.00266246 	 	 
0.315 	 0.00266211 	 	 
0.33 	 0.00266176 	 	 
0.345 	 0.0026614 	 	 
0.36 	 0.00266104 	 	 
0.375 	 0.00266067 	 	 
0.39 	 0.00266029 	 	 
0.405 	 0.00265991 	 	 
0.42 	 0.00265952 	 	 
0.435 	 0.00265913 	 	 
0.45 	 0.00265873 	 	 
0.465 	 0.00265833 	 	 
0.48 	 0.00265792 	 	 
0.495 	 0.0026575 	 	 
0.51 	 0.00265708 	 	 
0.525 	 0.00265665 	 	 
0.54 	 0.00265622 	 	 
0.555 	 0.00265578 	 	 
0.57 	 0.00265533 	 	 
0.585 	 0.00265487 	 	 
0.6 	 0.00265441 	 	 
0.615 	 0.00265395 	 	 
0.63 	 0.00265347 	 	 
0.645 	 0.00265299 	 	 
0.66 	 0.0026525 	 	 
0.675 	 0.002652 	 	 
0.69 	 0.0026515 	 	 
0.705 	 0.00265099 	 	 
0.72 	 0.00265047 	 	 
0.735 	 0.00264995 	 	 
0.75 	 0.00264941 	 	 
0.765 	 0.00264887 	 	 
0.78 	 0.00264832 	 	 
0.795 	 0.00264777 	 	 
0.81 	 0.0026472 	 	 
0.825 	 0.00264663 	 	 
0.84 	 0.00264604 	 	 
0.855 	 0.00264545 	 	 
0.87 	 0.00264485 	 	 
0.885 	 0.00264424 	 	 
0.9 	 0.00264363 	 	 
0.915 	 0.002643 	 	 
0.93 	 0.00264237 	 	 
0.945 	 0.00264172 	 	 
0.96 	 0.00264107 	 	 
0.975 	 0.0026404 	 	 
0.99 	 0.00263973 	 	 
1.005 	 0.00263905 	 	 
1.02 	 0.00263835 	 	 
1.035 	 0.00263765 	 	 
1.05 	 0.00263694 	 	 
1.065 	 0.00263621 	 	 
1.08 	 0.00263548 	 	 
1.095 	 0.00263473 	 	 
1.11 	 0.00263398 	 	 
1.125 	 0.00263321 	 	 
1.14 	 0.00263243 	 	 
1.155 	 0.00263164 	 	 
1.17 	 0.00263084 	 	 
1.185 	 0.00263003 	 	 
1.2 	 0.00262921 	 	 
1.215 	 0.00262837 	 	 
1.23 	 0.00262752 	 	 
1.245 	 0.00262666 	 	 
1.26 	 0.00262579 	 	 
1.275 	 0.0026249 	 	 
1.29 	 0.002624 	 	 
1.305 	 0.00262309 	 	 
1.32 	 0.00262217 	 	 
1.335 	 0.00262123 	 	 
1.35 	 0.00262028 	 	 
1.365 	 0.00261932 	 	 
1.38 	 0.00261834 	 	 
1.395 	 0.00261734 	 	 
1.41 	 0.00261634 	 	 
1.425 	 0.00261532 	 	 
1.44 	 0.00261428 	 	 
1.455 	 0.00261323 	 	 
1.47 	 0.00261216 	 	 
1.485 	 0.00261108 	 	 
1.5 	 0.00260999 	 	 
1.515 	 0.00260887 	 	 
1.53 	 0.00260775 	 	 
1.545 	 0.0026066 	 	 
1.56 	 0.00260544 	 	 
1.575 	 0.00260427 	 	 
1.59 	 0.00260307 	 	 
1.605 	 0.00260186 	 	 
1.62 	 0.00260063 	 	 
1.635 	 0.00259939 	 	 
1.65 	 0.00259813 	 	 
1.665 	 0.00259685 	 	 
1.68 	 0.00259555 	 	 
1.695 	 0.00259423 	 	 
1.71 	 0.0025929 	 	 
1.725 	 0.00259154 	 	 
1.74 	 0.00259017 	 	 
1.755 	 0.00258878 	 	 
1.77 	 0.00258737 	 	 
1.785 	 0.00258594 	 	 
1.8 	 0.00258448 	 	 
1.815 	 0.00258301 	 	 
1.83 	 0.00258152 	 	 
1.845 	 0.00258001 	 	 
1.86 	 0.00257847 	 	 
1.875 	 0.00257692 	 	 
1.89 	 0.00257534 	 	 
1.905 	 0.00257374 	 	 
1.92 	 0.00257212 	 	 
1.935 	 0.00257048 	 	 
1.95 	 0.00256881 	 	 
1.965 	 0.00256712 	 	 
1.98 	 0.00256541 	 	 
1.995 	 0.00256367 	 	 
2.01 	 0.00256192 	 	 
2.025 	 0.00256013 	 	 
2.04 	 0.00255832 	 	 
2.055 	 0.00255649 	 	 
2.07 	 0.00255463 	 	 
2.085 	 0.00255275 	 	 
2.1 	 0.00255084 	 	 
2.115 	 0.00254891 	 	 
2.13 	 0.00254694 	 	 
2.145 	 0.00254496 	 	 
2.16 	 0.00254294 	 	 
2.175 	 0.0025409 	 	 
2.19 	 0.00253883 	 	 
2.205 	 0.00253673 	 	 
2.22 	 0.00253461 	 	 
2.235 	 0.00253246 	 	 
2.25 	 0.00253027 	 	 
2.265 	 0.00252806 	 	 
2.28 	 0.00252582 	 	 
2.295 	 0.00252355 	 	 
2.31 	 0.00252125 	 	 
2.325 	 0.00251892 	 	 
2.34 	 0.00251656 	 	 
2.355 	 0.00251416 	 	 
2.37 	 0.00251174 	 	 
2.385 	 0.00250928 	 	 
2.4 	 0.00250679 	 	 
2.415 	 0.00250427 	 	 
2.43 	 0.00250171 	 	 
2.445 	 0.00249913 	 	 
2.46 	 0.0024965 	 	 
2.475 	 0.00249385 	 	 
2.49 	 0.00249116 	 	 
2.505 	 0.00248843 	 	 
2.52 	 0.00248568 	 	 
2.535 	 0.00248288 	 	 
2.55 	 0.00248005 	 	 
2.565 	 0.00247718 	 	 
2.58 	 0.00247428 	 	 
2.595 	 0.00247134 	 	 
2.61 	 0.00246836 	 	 
2.625 	 0.00246534 	 	 
2.64 	 0.00246229 	 	 
2.655 	 0.0024592 	 	 
2.67 	 0.00245607 	 	 
2.685 	 0.0024529 	 	 
2.7 	 0.00244969 	 	 
2.715 	 0.00244644 	 	 
2.73 	 0.00244315 	 	 
2.745 	 0.00243982 	 	 
2.76 	 0.00243645 	 	 
2.775 	 0.00243303 	 	 
2.79 	 0.00242958 	 	 
2.805 	 0.00242608 	 	 
2.82 	 0.00242254 	 	 
2.835 	 0.00241896 	 	 
2.85 	 0.00241533 	 	 
2.865 	 0.00241166 	 	 
2.88 	 0.00240795 	 	 
2.895 	 0.00240419 	 	 
2.91 	 0.00240039 	 	 
2.925 	 0.00239654 	 	 
2.94 	 0.00239265 	 	 
2.955 	 0.00238871 	 	 
2.97 	 0.00238472 	 	 
2.985 	 0.00238069 	 	 
3 	 0.00237661 	 	 
3.015 	 0.00237248 	 	 
3.03 	 0.00236831 	 	 
3.045 	 0.00236409 	 	 
3.06 	 0.00235981 	 	 
3.075 	 0.00235549 	 	 
3.09 	 0.00235113 	 	 
3.105 	 0.00234671 	 	 
3.12 	 0.00234224 	 	 
3.135 	 0.00233772 	 	 
3.15 	 0.00233315 	 	 
3.165 	 0.00232853 	 	 
3.18 	 0.00232386 	 	 
3.195 	 0.00231914 	 	 
3.21 	 0.00231436 	 	 
3.225 	 0.00230954 	 	 
3.24 	 0.00230466 	 	 
3.255 	 0.00229973 	 	 
3.27 	 0.00229474 	 	 
3.285 	 0.0022897 	 	 
3.3 	 0.00228461 	 	 
3.315 	 0.00227947 	 	 
3.33 	 0.00227427 	 	 
3.345 	 0.00226901 	 	 
3.36 	 0.00226371 	 	 
3.375 	 0.00225834 	 	 
3.39 	 0.00225292 	 	 
3.405 	 0.00224745 	 	 
3.42 	 0.00224192 	 	 
3.435 	 0.00223634 	 	 
3.45 	 0.0022307 	 	 
3.465 	 0.002225 	 	 
3.48 	 0.00221924 	 	 
3.495 	 0.00221343 	 	 
3.51 	 0.00220757 	 	 
3.525 	 0.00220164 	 	 
3.54 	 0.00219566 	 	 
3.555 	 0.00218962 	 	 
3.57 	 0.00218353 	 	 
3.585 	 0.00217737 	 	 
3.6 	 0.00217116 	 	 
3.615 	 0.00216489 	 	 
3.63 	 0.00215857 	 	 
3.645 	 0.00215218 	 	 
3.66 	 0.00214574 	 	 
3.675 	 0.00213924 	 	 
3.69 	 0.00213268 	 	 
3.705 	 0.00212607 	 	 
3.72 	 0.00211939 	 	 
3.735 	 0.00211266 	 	 
3.75 	 0.00210587 	 	 
3.765 	 0.00209902 	 	 
3.78 	 0.00209211 	 	 
3.795 	 0.00208515 	 	 
3.81 	 0.00207812 	 	 
3.825 	 0.00207104 	 	 
3.84 	 0.0020639 	 	 
3.855 	 0.00205671 	 	 
3.87 	 0.00204945 	 	 
3.885 	 0.00204214 	 	 
3.9 	 0.00203477 	 	 
3.915 	 0.00202734 	 	 
3.93 	 0.00201986 	 	 
3.945 	 0.00201232 	 	 
3.96 	 0.00200472 	 	 
3.975 	 0.00199707 	 	 
3.99 	 0.00198936 	 	 
4.005 	 0.0019816 	 	 
4.02 	 0.00197378 	 	 
4.035 	 0.0019659 	 	 
4.05 	 0.00195797 	 	 
4.065 	 0.00194998 	 	 
4.08 	 0.00194194 	 	 
4.095 	 0.00193385 	 	 
4.11 	 0.0019257 	 	 
4.125 	 0.0019175 	 	 
4.14 	 0.00190925 	 	 
4.155 	 0.00190094 	 	 
4.17 	 0.00189258 	 	 
4.185 	 0.00188417 	 	 
4.2 	 0.00187571 	 	 
4.215 	 0.0018672 	 	 
4.23 	 0.00185864 	 	 
4.245 	 0.00185003 	 	 
4.26 	 0.00184137 	 	 
4.275 	 0.00183266 	 	 
4.29 	 0.00182391 	 	 
4.305 	 0.00181511 	 	 
4.32 	 0.00180626 	 	 
4.335 	 0.00179736 	 	 
4.35 	 0.00178842 	 	 
4.365 	 0.00177944 	 	 
4.38 	 0.00177041 	 	 
4.395 	 0.00176134 	 	 
4.41 	 0.00175222 	 	 
4.425 	 0.00174306 	 	 
4.44 	 0.00173387 	 	 
4.455 	 0.00172463 	 	 
4.47 	 0.00171535 	 	 
4.485 	 0.00170604 	 	 
4.5 	 0.00169668 	 	 
4.515 	 0.00168729 	 	 
4.53 	 0.00167787 	 	 
4.545 	 0.0016684 	 	 
4.56 	 0.00165891 	 	 
4.575 	 0.00164938 	 	 
4.59 	 0.00163981 	 	 
4.605 	 0.00163022 	 	 
4.62 	 0.00162059 	 	 
4.635 	 0.00161094 	 	 
4.65 	 0.00160125 	 	 
4.665 	 0.00159154 	 	 
4.68 	 0.0015818 	 	 
4.695 	 0.00157204 	 	 
4.71 	 0.00156225 	 	 
4.725 	 0.00155243 	 	 
4.74 	 0.00154259 	 	 
4.755 	 0.00153273 	 	 
4.77 	 0.00152285 	 	 
4.785 	 0.00151295 	 	 
4.8 	 0.00150303 	 	 
4.815 	 0.0014931 	 	 
4.83 	 0.00148314 	 	 
4.845 	 0.00147317 	 	 
4.86 	 0.00146319 	 	 
4.875 	 0.00145319 	 	 
4.89 	 0.00144318 	 	 
4.905 	 0.00143316 	 	 
4.92 	 0.00142313 	 	 
4.935 	 0.00141309 	 	 
4.95 	 0.00140304 	 	 
4.965 	 0.00139299 	 	 
4.98 	 0.00138293 	 	 
4.995 	 0.00137286 	 	 
5.01 	 0.0013628 	 	 
5.025 	 0.00135273 	 	 
5.04 	 0.00134266 	 	 
5.055 	 0.00133258 	 	 
5.07 	 0.00132251 	 	 
5.085 	 0.00131245 	 	 
5.1 	 0.00130238 	 	 
5.115 	 0.00129232 	 	 
5.13 	 0.00128227 	 	 
5.145 	 0.00127222 	 	 
5.16 	 0.00126218 	 	 
5.175 	 0.00125215 	 	 
5.19 	 0.00124213 	 	 
5.205 	 0.00123212 	 	 
5.22 	 0.00122212 	 	 
5.235 	 0.00121214 	 	 
5.25 	 0.00120217 	 	 
5.265 	 0.00119222 	 	 
5.28 	 0.00118228 	 	 
5.295 	 0.00117236 	 	 
5.31 	 0.00116247 	 	 
5.325 	 0.00115259 	 	 
5.34 	 0.00114273 	 	 
5.355 	 0.00113289 	 	 
5.37 	 0.00112308 	 	 
5.385 	 0.00111329 	 	 
5.4 	 0.00110352 	 	 
5.415 	 0.00109378 	 	 
5.43 	 0.00108407 	 	 
5.445 	 0.00107439 	 	 
5.46 	 0.00106474 	 	 
5.475 	 0.00105511 	 	 
5.49 	 0.00104552 	 	 
5.505 	 0.00103596 	 	 
5.52 	 0.00102643 	 	 
5.535 	 0.00101693 	 	 
5.55 	 0.00100747 	 	 
5.565 	 0.000998046 	 	 
5.58 	 0.000988657 	 	 
5.595 	 0.000979305 	 	 
5.61 	 0.000969991 	 	 
5.625 	 0.000960715 	 	 
5.64 	 0.000951479 	 	 
5.655 	 0.000942283 	 	 
5.67 	 0.000933129 	 	 
5.685 	 0.000924016 	 	 
5.7 	 0.000914946 	 	 
5.715 	 0.000905919 	 	 
5.73 	 0.000896936 	 	 
5.745 	 0.000887997 	 	 
5.76 	 0.000879104 	 	 
5.775 	 0.000870257 	 	 
5.79 	 0.000861456 	 	 
5.805 	 0.000852703 	 	 
5.82 	 0.000843997 	 	 
5.835 	 0.00083534 	 	 
5.85 	 0.000826732 	 	 
5.865 	 0.000818173 	 	 
5.88 	 0.000809664 	 	 
5.895 	 0.000801206 	 	 
5.91 	 0.000792798 	 	 
5.925 	 0.000784443 	 	 
5.94 	 0.000776139 	 	 
5.955 	 0.000767887 	 	 
5.97 	 0.000759689 	 	 
5.985 	 0.000751543 	 	 
6 	 0.000743452 	 	 
6.015 	 0.000735414 	 	 
6.03 	 0.00072743 	 	 
6.045 	 0.000719502 	 	 
6.06 	 0.000711628 	 	 
6.075 	 0.00070381 	 	 
6.09 	 0.000696047 	 	 
6.105 	 0.00068834 	 	 
6.12 	 0.000680689 	 	 
6.135 	 0.000673095 	 	 
6.15 	 0.000665557 	 	 
6.165 	 0.000658076 	 	 
6.18 	 0.000650653 	 	 
6.195 	 0.000643286 	 	 
6.21 	 0.000635976 	 	 
6.225 	 0.000628724 	 	 
6.24 	 0.00062153 	 	 
6.255 	 0.000614394 	 	 
6.27 	 0.000607315 	 	 
6.285 	 0.000600294 	 	 
6.3 	 0.000593331 	 	 
6.315 	 0.000586427 	 	 
6.33 	 0.00057958 	 	 
6.345 	 0.000572791 	 	 
6.36 	 0.000566061 	 	 
6.375 	 0.000559389 	 	 
6.39 	 0.000552775 	 	 
6.405 	 0.000546219 	 	 
6.42 	 0.000539721 	 	 
6.435 	 0.000533281 	 	 
6.45 	 0.000526899 	 	 
6.465 	 0.000520575 	 	 
6.48 	 0.000514309 	 	 
6.495 	 0.0005081 	 	 
6.51 	 0.000501949 	 	 
6.525 	 0.000495856 	 	 
6.54 	 0.00048982 	 	 
6.555 	 0.000483841 	 	 
6.57 	 0.00047792 	 	 
6.585 	 0.000472055 	 	 
6.6 	 0.000466247 	 	 
6.615 	 0.000460496 	 	 
6.63 	 0.000454801 	 	 
6.645 	 0.000449162 	 	 
6.66 	 0.00044358 	 	 
6.675 	 0.000438053 	 	 
6.69 	 0.000432581 	 	 
6.705 	 0.000427165 	 	 
6.72 	 0.000421804 	 	 
6.735 	 0.000416498 	 	 
6.75 	 0.000411247 	 	 
6.765 	 0.00040605 	 	 
6.78 	 0.000400907 	 	 
6.795 	 0.000395818 	 	 
6.81 	 0.000390783 	 	 
6.825 	 0.0003858 	 	 
6.84 	 0.000380871 	 	 
6.855 	 0.000375995 	 	 
6.87 	 0.00037117 	 	 
6.885 	 0.000366398 	 	 
6.9 	 0.000361678 	 	 
6.915 	 0.000357009 	 	 
6.93 	 0.000352391 	 	 
6.945 	 0.000347824 	 	 
6.96 	 0.000343308 	 	 
6.975 	 0.000338841 	 	 
6.99 	 0.000334425 	 	 
7.005 	 0.000330058 	 	 
7.02 	 0.00032574 	 	 
7.035 	 0.000321471 	 	 
7.05 	 0.00031725 	 	 
7.065 	 0.000313077 	 	 
7.08 	 0.000308952 	 	 
7.095 	 0.000304875 	 	 
7.11 	 0.000300844 	 	 
7.125 	 0.00029686 	 	 
7.14 	 0.000292923 	 	 
7.155 	 0.000289031 	 	 
7.17 	 0.000285185 	 	 
7.185 	 0.000281384 	 	 
7.2 	 0.000277628 	 	 
7.215 	 0.000273916 	 	 
7.23 	 0.000270248 	 	 
7.245 	 0.000266624 	 	 
7.26 	 0.000263043 	 	 
7.275 	 0.000259505 	 	 
7.29 	 0.00025601 	 	 
7.305 	 0.000252557 	 	 
7.32 	 0.000249146 	 	 
7.335 	 0.000245776 	 	 
7.35 	 0.000242447 	 	 
7.365 	 0.000239159 	 	 
7.38 	 0.000235911 	 	 
7.395 	 0.000232703 	 	 
7.41 	 0.000229535 	 	 
7.425 	 0.000226406 	 	 
7.44 	 0.000223315 	 	 
7.455 	 0.000220263 	 	 
7.47 	 0.000217249 	 	 
7.485 	 0.000214273 	 	 
7.5 	 0.000211334 	 	 
7.515 	 0.000208431 	 	 
7.53 	 0.000205566 	 	 
7.545 	 0.000202736 	 	 
7.56 	 0.000199943 	 	 
7.575 	 0.000197184 	 	 
7.59 	 0.000194461 	 	 
7.605 	 0.000191773 	 	 
7.62 	 0.000189119 	 	 
7.635 	 0.000186499 	 	 
7.65 	 0.000183912 	 	 
7.665 	 0.000181359 	 	 
7.68 	 0.000178839 	 	 
7.695 	 0.000176351 	 	 
7.71 	 0.000173896 	 	 
7.725 	 0.000171472 	 	 
7.74 	 0.00016908 	 	 
7.755 	 0.000166719 	 	 
7.77 	 0.000164388 	 	 
7.785 	 0.000162089 	 	 
7.8 	 0.000159819 	 	 
7.815 	 0.000157579 	 	 
7.83 	 0.000155369 	 	 
7.845 	 0.000153188 	 	 
7.86 	 0.000151035 	 	 
7.875 	 0.000148911 	 	 
7.89 	 0.000146816 	 	 
7.905 	 0.000144748 	 	 
7.92 	 0.000142707 	 	 
7.935 	 0.000140694 	 	 
7.95 	 0.000138707 	 	 
7.965 	 0.000136747 	 	 
7.98 	 0.000134814 	 	 
7.995 	 0.000132906 	 	 
8.01 	 0.000131024 	 	 
8.025 	 0.000129167 	 	 
8.04 	 0.000127335 	 	 
8.055 	 0.000125528 	 	 
8.07 	 0.000123745 	 	 
8.085 	 0.000121986 	 	 
8.1 	 0.000120252 	 	 
8.115 	 0.00011854 	 	 
8.13 	 0.000116852 	 	 
8.145 	 0.000115187 	 	 
8.16 	 0.000113545 	 	 
8.175 	 0.000111925 	 	 
8.19 	 0.000110327 	 	 
8.205 	 0.000108751 	 	 
8.22 	 0.000107196 	 	 
8.235 	 0.000105663 	 	 
8.25 	 0.000104151 	 	 
8.265 	 0.00010266 	 	 
8.28 	 0.000101189 	 	 
8.295 	 9.97384e-05 	 	 
8.31 	 9.83078e-05 	 	 
8.325 	 9.6897e-05 	 	 
8.34 	 9.55057e-05 	 	 
8.355 	 9.41336e-05 	 	 
8.37 	 9.27806e-05 	 	 
8.385 	 9.14463e-05 	 	 
8.4 	 9.01305e-05 	 	 
8.415 	 8.8833e-05 	 	 
8.43 	 8.75536e-05 	 	 
8.445 	 8.6292e-05 	 	 
8.46 	 8.50479e-05 	 	 
8.475 	 8.38213e-05 	 	 
8.49 	 8.26117e-05 	 	 
8.505 	 8.14191e-05 	 	 
8.52 	 8.02431e-05 	 	 
8.535 	 7.90836e-05 	 	 
8.55 	 7.79404e-05 	 	 
8.565 	 7.68132e-05 	 	 
8.58 	 7.57018e-05 	 	 
8.595 	 7.46061e-05 	 	 
8.61 	 7.35258e-05 	 	 
8.625 	 7.24606e-05 	 	 
8.64 	 7.14105e-05 	 	 
8.655 	 7.03752e-05 	 	 
8.67 	 6.93545e-05 	 	 
8.685 	 6.83482e-05 	 	 
8.7 	 6.73562e-05 	 	 
8.715 	 6.63782e-05 	 	 
8.73 	 6.5414e-05 	 	 
8.745 	 6.44635e-05 	 	 
8.76 	 6.35264e-05 	 	 
8.775 	 6.26027e-05 	 	 
8.79 	 6.16921e-05 	 	 
8.805 	 6.07944e-05 	 	 
8.82 	 5.99095e-05 	 	 
8.835 	 5.90372e-05 	 	 
8.85 	 5.81772e-05 	 	 
8.865 	 5.73296e-05 	 	 
8.88 	 5.6494e-05 	 	 
8.895 	 5.56704e-05 	 	 
8.91 	 5.48585e-05 	 	 
8.925 	 5.40582e-05 	 	 
8.94 	 5.32693e-05 	 	 
8.955 	 5.24917e-05 	 	 
8.97 	 5.17253e-05 	 	 
8.985 	 5.09698e-05 	 	 
9 	 5.02252e-05 	 	 
9.015 	 4.94912e-05 	 	 
9.03 	 4.87677e-05 	 	 
9.045 	 4.80547e-05 	 	 
9.06 	 4.73518e-05 	 	 
9.075 	 4.66591e-05 	 	 
9.09 	 4.59763e-05 	 	 
9.105 	 4.53034e-05 	 	 
9.12 	 4.46401e-05 	 	 
9.135 	 4.39864e-05 	 	 
9.15 	 4.33421e-05 	 	 
9.165 	 4.27071e-05 	 	 
9.18 	 4.20812e-05 	 	 
9.195 	 4.14644e-05 	 	 
9.21 	 4.08564e-05 	 	 
9.225 	 4.02573e-05 	 	 
9.24 	 3.96668e-05 	 	 
9.255 	 3.90848e-05 	 	 
9.27 	 3.85113e-05 	 	 
9.285 	 3.7946e-05 	 	 
9.3 	 3.73889e-05 	 	 
9.315 	 3.68399e-05 	 	 
9.33 	 3.62989e-05 	 	 
9.345 	 3.57656e-05 	 	 
9.36 	 3.52401e-05 	 	 
9.375 	 3.47223e-05 	 	 
9.39 	 3.42119e-05 	 	 
9.405 	 3.37089e-05 	 	 
9.42 	 3.32133e-05 	 	 
9.435 	 3.27248e-05 	 	 
9.45 	 3.22435e-05 	 	 
9.465 	 3.17691e-05 	 	 
9.48 	 3.13016e-05 	 	 
9.495 	 3.0841e-05 	 	 
9.51 	 3.0387e-05 	 	 
9.525 	 2.99396e-05 	 	 
9.54 	 2.94988e-05 	 	 
9.555 	 2.90644e-05 	 	 
9.57 	 2.86363e-05 	 	 
9.585 	 2.82144e-05 	 	 
9.6 	 2.77987e-05 	 	 
9.615 	 2.73891e-05 	 	 
9.63 	 2.69854e-05 	 	 
9.645 	 2.65876e-05 	 	 
9.66 	 2.61956e-05 	 	 
9.675 	 2.58094e-05 	 	 
9.69 	 2.54288e-05 	 	 
9.705 	 2.50537e-05 	 	 
9.72 	 2.46841e-05 	 	 
9.735 	 2.432e-05 	 	 
9.75 	 2.39611e-05 	 	 
9.765 	 2.36075e-05 	 	 
9.78 	 2.32591e-05 	 	 
9.795 	 2.29158e-05 	 	 
9.81 	 2.25775e-05 	 	 
9.825 	 2.22441e-05 	 	 
9.84 	 2.19156e-05 	 	 
9.855 	 2.1592e-05 	 	 
9.87 	 2.12731e-05 	 	 
9.885 	 2.09588e-05 	 	 
9.9 	 2.06492e-05 	 	 
9.915 	 2.03441e-05 	 	 
9.93 	 2.00435e-05 	 	 
9.945 	 1.97472e-05 	 	 
9.96 	 1.94554e-05 	 	 
9.975 	 1.91678e-05 	 	 
9.99 	 1.88844e-05 	 	 
10.005 	 1.86052e-05 	 	 
10.02 	 1.83301e-05 	 	 
10.035 	 1.80591e-05 	 	 
10.05 	 1.7792e-05 	 	 
10.065 	 1.75288e-05 	 	 
10.08 	 1.72695e-05 	 	 
10.095 	 1.7014e-05 	 	 
10.11 	 1.67623e-05 	 	 
10.125 	 1.65143e-05 	 	 
10.14 	 1.62699e-05 	 	 
10.155 	 1.60291e-05 	 	 
10.17 	 1.57919e-05 	 	 
10.185 	 1.55581e-05 	 	 
10.2 	 1.53278e-05 	 	 
10.215 	 1.51009e-05 	 	 
10.23 	 1.48773e-05 	 	 
10.245 	 1.46571e-05 	 	 
10.26 	 1.444e-05 	 	 
10.275 	 1.42262e-05 	 	 
10.29 	 1.40155e-05 	 	 
10.305 	 1.38079e-05 	 	 
10.32 	 1.36033e-05 	 	 
10.335 	 1.34018e-05 	 	 
10.35 	 1.32033e-05 	 	 
10.365 	 1.30077e-05 	 	 
10.38 	 1.28149e-05 	 	 
10.395 	 1.2625e-05 	 	 
10.41 	 1.24379e-05 	 	 
10.425 	 1.22536e-05 	 	 
10.44 	 1.2072e-05 	 	 
10.455 	 1.18931e-05 	 	 
10.47 	 1.17168e-05 	 	 
10.485 	 1.15431e-05 	 	 
10.5 	 1.1372e-05 	 	 
10.515 	 1.12034e-05 	 	 
10.53 	 1.10372e-05 	 	 
10.545 	 1.08736e-05 	 	 
10.56 	 1.07123e-05 	 	 
10.575 	 1.05535e-05 	 	 
10.59 	 1.0397e-05 	 	 
10.605 	 1.02428e-05 	 	 
10.62 	 1.00909e-05 	 	 
10.635 	 9.94118e-06 	 	 
10.65 	 9.79371e-06 	 	 
10.665 	 9.64843e-06 	 	 
10.68 	 9.50529e-06 	 	 
10.695 	 9.36427e-06 	 	 
10.71 	 9.22533e-06 	 	 
10.725 	 9.08845e-06 	 	 
10.74 	 8.95359e-06 	 	 
10.755 	 8.82073e-06 	 	 
10.77 	 8.68983e-06 	 	 
10.785 	 8.56087e-06 	 	 
10.8 	 8.43381e-06 	 	 
10.815 	 8.30864e-06 	 	 
10.83 	 8.18531e-06 	 	 
10.845 	 8.06382e-06 	 	 
10.86 	 7.94412e-06 	 	 
10.875 	 7.82619e-06 	 	 
10.89 	 7.71001e-06 	 	 
10.905 	 7.59554e-06 	 	 
10.92 	 7.48278e-06 	 	 
10.935 	 7.37168e-06 	 	 
10.95 	 7.26222e-06 	 	 
10.965 	 7.15439e-06 	 	 
10.98 	 7.04816e-06 	 	 
10.995 	 6.94349e-06 	 	 
11.01 	 6.84038e-06 	 	 
11.025 	 6.7388e-06 	 	 
11.04 	 6.63872e-06 	 	 
11.055 	 6.54012e-06 	 	 
11.07 	 6.44299e-06 	 	 
11.085 	 6.34729e-06 	 	 
11.1 	 6.25301e-06 	 	 
11.115 	 6.16013e-06 	 	 
11.13 	 6.06862e-06 	 	 
11.145 	 5.97847e-06 	 	 
11.16 	 5.88966e-06 	 	 
11.175 	 5.80217e-06 	 	 
11.19 	 5.71597e-06 	 	 
11.205 	 5.63104e-06 	 	 
11.22 	 5.54738e-06 	 	 
11.235 	 5.46496e-06 	 	 
11.25 	 5.38376e-06 	 	 
11.265 	 5.30377e-06 	 	 
11.28 	 5.22496e-06 	 	 
11.295 	 5.14732e-06 	 	 
11.31 	 5.07083e-06 	 	 
11.325 	 4.99547e-06 	 	 
11.34 	 4.92124e-06 	 	 
11.355 	 4.8481e-06 	 	 
11.37 	 4.77605e-06 	 	 
11.385 	 4.70507e-06 	 	 
11.4 	 4.63514e-06 	 	 
11.415 	 4.56625e-06 	 	 
11.43 	 4.49838e-06 	 	 
11.445 	 4.43152e-06 	 	 
11.46 	 4.36565e-06 	 	 
11.475 	 4.30076e-06 	 	 
11.49 	 4.23683e-06 	 	 
11.505 	 4.17385e-06 	 	 
11.52 	 4.1118e-06 	 	 
11.535 	 4.05068e-06 	 	 
11.55 	 3.99046e-06 	 	 
11.565 	 3.93114e-06 	 	 
11.58 	 3.8727e-06 	 	 
11.595 	 3.81512e-06 	 	 
11.61 	 3.7584e-06 	 	 
11.625 	 3.70252e-06 	 	 
11.64 	 3.64747e-06 	 	 
11.655 	 3.59324e-06 	 	 
11.67 	 3.53982e-06 	 	 
11.685 	 3.48718e-06 	 	 
11.7 	 3.43533e-06 	 	 
11.715 	 3.38425e-06 	 	 
11.73 	 3.33393e-06 	 	 
11.745 	 3.28435e-06 	 	 
11.76 	 3.23552e-06 	 	 
11.775 	 3.1874e-06 	 	 
11.79 	 3.14e-06 	 	 
11.805 	 3.09331e-06 	 	 
11.82 	 3.04731e-06 	 	 
11.835 	 3.00199e-06 	 	 
11.85 	 2.95735e-06 	 	 
11.865 	 2.91336e-06 	 	 
11.88 	 2.87004e-06 	 	 
11.895 	 2.82735e-06 	 	 
11.91 	 2.7853e-06 	 	 
11.925 	 2.74388e-06 	 	 
11.94 	 2.70307e-06 	 	 
11.955 	 2.66286e-06 	 	 
11.97 	 2.62326e-06 	 	 
11.985 	 2.58424e-06 	 	 
12 	 2.5458e-06 	 	 
12.015 	 2.50793e-06 	 	 
12.03 	 2.47063e-06 	 	 
12.045 	 2.43388e-06 	 	 
12.06 	 2.39768e-06 	 	 
12.075 	 2.36201e-06 	 	 
12.09 	 2.32688e-06 	 	 
12.105 	 2.29226e-06 	 	 
12.12 	 2.25817e-06 	 	 
12.135 	 2.22457e-06 	 	 
12.15 	 2.19148e-06 	 	 
12.165 	 2.15888e-06 	 	 
12.18 	 2.12676e-06 	 	 
12.195 	 2.09513e-06 	 	 
12.21 	 2.06396e-06 	 	 
12.225 	 2.03325e-06 	 	 
12.24 	 2.003e-06 	 	 
12.255 	 1.9732e-06 	 	 
12.27 	 1.94385e-06 	 	 
12.285 	 1.91493e-06 	 	 
12.3 	 1.88644e-06 	 	 
12.315 	 1.85837e-06 	 	 
12.33 	 1.83072e-06 	 	 
12.345 	 1.80349e-06 	 	 
12.36 	 1.77665e-06 	 	 
12.375 	 1.75022e-06 	 	 
12.39 	 1.72418e-06 	 	 
12.405 	 1.69853e-06 	 	 
12.42 	 1.67325e-06 	 	 
12.435 	 1.64836e-06 	 	 
12.45 	 1.62383e-06 	 	 
12.465 	 1.59967e-06 	 	 
12.48 	 1.57587e-06 	 	 
12.495 	 1.55242e-06 	 	 
12.51 	 1.52932e-06 	 	 
12.525 	 1.50657e-06 	 	 
12.54 	 1.48415e-06 	 	 
12.555 	 1.46206e-06 	 	 
12.57 	 1.44031e-06 	 	 
12.585 	 1.41888e-06 	 	 
12.6 	 1.39776e-06 	 	 
12.615 	 1.37696e-06 	 	 
12.63 	 1.35647e-06 	 	 
12.645 	 1.33629e-06 	 	 
12.66 	 1.3164e-06 	 	 
12.675 	 1.29681e-06 	 	 
12.69 	 1.27752e-06 	 	 
12.705 	 1.25851e-06 	 	 
12.72 	 1.23978e-06 	 	 
12.735 	 1.22133e-06 	 	 
12.75 	 1.20315e-06 	 	 
12.765 	 1.18525e-06 	 	 
12.78 	 1.16761e-06 	 	 
12.795 	 1.15023e-06 	 	 
12.81 	 1.13312e-06 	 	 
12.825 	 1.11625e-06 	 	 
12.84 	 1.09964e-06 	 	 
12.855 	 1.08328e-06 	 	 
12.87 	 1.06716e-06 	 	 
12.885 	 1.05127e-06 	 	 
12.9 	 1.03563e-06 	 	 
12.915 	 1.02022e-06 	 	 
12.93 	 1.00503e-06 	 	 
12.945 	 9.90075e-07 	 	 
12.96 	 9.7534e-07 	 	 
12.975 	 9.60824e-07 	 	 
12.99 	 9.46524e-07 	 	 
13.005 	 9.32437e-07 	 	 
13.02 	 9.1856e-07 	 	 
13.035 	 9.04889e-07 	 	 
13.05 	 8.91421e-07 	 	 
13.065 	 8.78154e-07 	 	 
13.08 	 8.65084e-07 	 	 
13.095 	 8.52209e-07 	 	 
13.11 	 8.39525e-07 	 	 
13.125 	 8.2703e-07 	 	 
13.14 	 8.14721e-07 	 	 
13.155 	 8.02595e-07 	 	 
13.17 	 7.90649e-07 	 	 
13.185 	 7.78882e-07 	 	 
13.2 	 7.67289e-07 	 	 
13.215 	 7.55869e-07 	 	 
13.23 	 7.44618e-07 	 	 
13.245 	 7.33535e-07 	 	 
13.26 	 7.22618e-07 	 	 
13.275 	 7.11862e-07 	 	 
13.29 	 7.01267e-07 	 	 
13.305 	 6.90829e-07 	 	 
13.32 	 6.80546e-07 	 	 
13.335 	 6.70417e-07 	 	 
13.35 	 6.60438e-07 	 	 
13.365 	 6.50608e-07 	 	 
13.38 	 6.40924e-07 	 	 
13.395 	 6.31384e-07 	 	 
13.41 	 6.21986e-07 	 	 
13.425 	 6.12728e-07 	 	 
13.44 	 6.03608e-07 	 	 
13.455 	 5.94623e-07 	 	 
13.47 	 5.85772e-07 	 	 
13.485 	 5.77053e-07 	 	 
13.5 	 5.68464e-07 	 	 
13.515 	 5.60002e-07 	 	 
13.53 	 5.51667e-07 	 	 
13.545 	 5.43455e-07 	 	 
13.56 	 5.35366e-07 	 	 
13.575 	 5.27397e-07 	 	 
13.59 	 5.19546e-07 	 	 
13.605 	 5.11813e-07 	 	 
13.62 	 5.04194e-07 	 	 
13.635 	 4.96689e-07 	 	 
13.65 	 4.89296e-07 	 	 
13.665 	 4.82012e-07 	 	 
13.68 	 4.74837e-07 	 	 
13.695 	 4.67769e-07 	 	 
13.71 	 4.60806e-07 	 	 
13.725 	 4.53947e-07 	 	 
13.74 	 4.4719e-07 	 	 
13.755 	 4.40533e-07 	 	 
13.77 	 4.33975e-07 	 	 
13.785 	 4.27515e-07 	 	 
13.8 	 4.21151e-07 	 	 
13.815 	 4.14882e-07 	 	 
13.83 	 4.08706e-07 	 	 
13.845 	 4.02622e-07 	 	 
13.86 	 3.96629e-07 	 	 
13.875 	 3.90725e-07 	 	 
13.89 	 3.84909e-07 	 	 
13.905 	 3.79179e-07 	 	 
13.92 	 3.73534e-07 	 	 
13.935 	 3.67974e-07 	 	 
13.95 	 3.62496e-07 	 	 
13.965 	 3.571e-07 	 	 
13.98 	 3.51784e-07 	 	 
13.995 	 3.46548e-07 	 	 
14.01 	 3.41389e-07 	 	 
14.025 	 3.36307e-07 	 	 
14.04 	 3.313e-07 	 	 
14.055 	 3.26369e-07 	 	 
14.07 	 3.2151e-07 	 	 
14.085 	 3.16724e-07 	 	 
14.1 	 3.12009e-07 	 	 
14.115 	 3.07365e-07 	 	 
14.13 	 3.02789e-07 	 	 
14.145 	 2.98282e-07 	 	 
14.16 	 2.93841e-07 	 	 
14.175 	 2.89467e-07 	 	 
14.19 	 2.85158e-07 	 	 
14.205 	 2.80913e-07 	 	 
14.22 	 2.76731e-07 	 	 
14.235 	 2.72611e-07 	 	 
14.25 	 2.68553e-07 	 	 
14.265 	 2.64555e-07 	 	 
14.28 	 2.60617e-07 	 	 
14.295 	 2.56737e-07 	 	 
14.31 	 2.52915e-07 	 	 
14.325 	 2.4915e-07 	 	 
14.34 	 2.45441e-07 	 	 
14.355 	 2.41787e-07 	 	 
14.37 	 2.38188e-07 	 	 
14.385 	 2.34642e-07 	 	 
14.4 	 2.31149e-07 	 	 
14.415 	 2.27708e-07 	 	 
14.43 	 2.24318e-07 	 	 
14.445 	 2.20979e-07 	 	 
14.46 	 2.17689e-07 	 	 
14.475 	 2.14448e-07 	 	 
14.49 	 2.11256e-07 	 	 
14.505 	 2.08111e-07 	 	 
14.52 	 2.05013e-07 	 	 
14.535 	 2.01961e-07 	 	 
14.55 	 1.98954e-07 	 	 
14.565 	 1.95992e-07 	 	 
14.58 	 1.93075e-07 	 	 
14.595 	 1.902e-07 	 	 
14.61 	 1.87369e-07 	 	 
14.625 	 1.8458e-07 	 	 
14.64 	 1.81832e-07 	 	 
14.655 	 1.79125e-07 	 	 
14.67 	 1.76458e-07 	 	 
14.685 	 1.73831e-07 	 	 
14.7 	 1.71243e-07 	 	 
14.715 	 1.68694e-07 	 	 
14.73 	 1.66183e-07 	 	 
14.745 	 1.63709e-07 	 	 
14.76 	 1.61271e-07 	 	 
14.775 	 1.58871e-07 	 	 
14.79 	 1.56505e-07 	 	 
14.805 	 1.54176e-07 	 	 
14.82 	 1.5188e-07 	 	 
14.835 	 1.49619e-07 	 	 
14.85 	 1.47392e-07 	 	 
14.865 	 1.45198e-07 	 	 
14.88 	 1.43036e-07 	 	 
14.895 	 1.40907e-07 	 	 
14.91 	 1.38809e-07 	 	 
14.925 	 1.36742e-07 	 	 
14.94 	 1.34707e-07 	 	 
14.955 	 1.32701e-07 	 	 
14.97 	 1.30726e-07 	 	 
14.985 	 1.28779e-07 	 	 
15 	 1.26862e-07 	 	 
15.015 	 1.24974e-07 	 	 
15.03 	 1.23113e-07 	 	 
15.045 	 1.2128e-07 	 	 
15.06 	 1.19475e-07 	 	 
15.075 	 1.17696e-07 	 	 
15.09 	 1.15944e-07 	 	 
15.105 	 1.14218e-07 	 	 
15.12 	 1.12517e-07 	 	 
15.135 	 1.10842e-07 	 	 
15.15 	 1.09192e-07 	 	 
15.165 	 1.07566e-07 	 	 
15.18 	 1.05965e-07 	 	 
15.195 	 1.04388e-07 	 	 
15.21 	 1.02833e-07 	 	 
15.225 	 1.01303e-07 	 	 
15.24 	 9.97944e-08 	 	 
15.255 	 9.83087e-08 	 	 
15.27 	 9.68451e-08 	 	 
15.285 	 9.54033e-08 	 	 
15.3 	 9.3983e-08 	 	 
15.315 	 9.25838e-08 	 	 
15.33 	 9.12055e-08 	 	 
15.345 	 8.98477e-08 	 	 
15.36 	 8.85101e-08 	 	 
15.375 	 8.71924e-08 	 	 
15.39 	 8.58943e-08 	 	 
15.405 	 8.46155e-08 	 	 
15.42 	 8.33558e-08 	 	 
15.435 	 8.21148e-08 	 	 
15.45 	 8.08923e-08 	 	 
15.465 	 7.9688e-08 	 	 
15.48 	 7.85017e-08 	 	 
15.495 	 7.7333e-08 	 	 
15.51 	 7.61817e-08 	 	 
15.525 	 7.50475e-08 	 	 
15.54 	 7.39302e-08 	 	 
15.555 	 7.28296e-08 	 	 
15.57 	 7.17453e-08 	 	 
15.585 	 7.06772e-08 	 	 
15.6 	 6.9625e-08 	 	 
15.615 	 6.85884e-08 	 	 
15.63 	 6.75673e-08 	 	 
15.645 	 6.65614e-08 	 	 
15.66 	 6.55704e-08 	 	 
15.675 	 6.45942e-08 	 	 
15.69 	 6.36326e-08 	 	 
15.705 	 6.26852e-08 	 	 
15.72 	 6.1752e-08 	 	 
15.735 	 6.08326e-08 	 	 
15.75 	 5.9927e-08 	 	 
15.765 	 5.90348e-08 	 	 
15.78 	 5.81559e-08 	 	 
15.795 	 5.72901e-08 	 	 
15.81 	 5.64372e-08 	 	 
15.825 	 5.5597e-08 	 	 
15.84 	 5.47692e-08 	 	 
15.855 	 5.39538e-08 	 	 
15.87 	 5.31506e-08 	 	 
15.885 	 5.23593e-08 	 	 
15.9 	 5.15798e-08 	 	 
15.915 	 5.08119e-08 	 	 
15.93 	 5.00554e-08 	 	 
15.945 	 4.93102e-08 	 	 
15.96 	 4.85761e-08 	 	 
15.975 	 4.78529e-08 	 	 
15.99 	 4.71405e-08 	 	 
16.005 	 4.64386e-08 	 	 
16.02 	 4.57473e-08 	 	 
16.035 	 4.50662e-08 	 	 
16.05 	 4.43953e-08 	 	 
16.065 	 4.37343e-08 	 	 
16.08 	 4.30832e-08 	 	 
16.095 	 4.24418e-08 	 	 
16.11 	 4.18099e-08 	 	 
16.125 	 4.11875e-08 	 	 
16.14 	 4.05743e-08 	 	 
16.155 	 3.99702e-08 	 	 
16.17 	 3.93751e-08 	 	 
16.185 	 3.87889e-08 	 	 
16.2 	 3.82114e-08 	 	 
16.215 	 3.76426e-08 	 	 
16.23 	 3.70821e-08 	 	 
16.245 	 3.65301e-08 	 	 
16.26 	 3.59862e-08 	 	 
16.275 	 3.54504e-08 	 	 
16.29 	 3.49227e-08 	 	 
16.305 	 3.44027e-08 	 	 
16.32 	 3.38906e-08 	 	 
16.335 	 3.3386e-08 	 	 
16.35 	 3.2889e-08 	 	 
16.365 	 3.23993e-08 	 	 
16.38 	 3.1917e-08 	 	 
16.395 	 3.14418e-08 	 	 
16.41 	 3.09737e-08 	 	 
16.425 	 3.05125e-08 	 	 
16.44 	 3.00583e-08 	 	 
16.455 	 2.96108e-08 	 	 
16.47 	 2.91699e-08 	 	 
16.485 	 2.87356e-08 	 	 
16.5 	 2.83078e-08 	 	 
16.515 	 2.78864e-08 	 	 
16.53 	 2.74712e-08 	 	 
16.545 	 2.70622e-08 	 	 
16.56 	 2.66593e-08 	 	 
16.575 	 2.62624e-08 	 	 
16.59 	 2.58714e-08 	 	 
16.605 	 2.54863e-08 	 	 
16.62 	 2.51068e-08 	 	 
16.635 	 2.4733e-08 	 	 
16.65 	 2.43648e-08 	 	 
16.665 	 2.40021e-08 	 	 
16.68 	 2.36447e-08 	 	 
16.695 	 2.32927e-08 	 	 
16.71 	 2.29459e-08 	 	 
16.725 	 2.26043e-08 	 	 
16.74 	 2.22678e-08 	 	 
16.755 	 2.19363e-08 	 	 
16.77 	 2.16097e-08 	 	 
16.785 	 2.1288e-08 	 	 
16.8 	 2.0971e-08 	 	 
16.815 	 2.06588e-08 	 	 
16.83 	 2.03512e-08 	 	 
16.845 	 2.00482e-08 	 	 
16.86 	 1.97498e-08 	 	 
16.875 	 1.94557e-08 	 	 
16.89 	 1.91661e-08 	 	 
16.905 	 1.88807e-08 	 	 
16.92 	 1.85996e-08 	 	 
16.935 	 1.83227e-08 	 	 
16.95 	 1.80499e-08 	 	 
16.965 	 1.77812e-08 	 	 
16.98 	 1.75165e-08 	 	 
16.995 	 1.72557e-08 	 	 
17.01 	 1.69988e-08 	 	 
17.025 	 1.67457e-08 	 	 
17.04 	 1.64964e-08 	 	 
17.055 	 1.62508e-08 	 	 
17.07 	 1.60089e-08 	 	 
17.085 	 1.57705e-08 	 	 
17.1 	 1.55357e-08 	 	 
17.115 	 1.53044e-08 	 	 
17.13 	 1.50766e-08 	 	 
17.145 	 1.48521e-08 	 	 
17.16 	 1.4631e-08 	 	 
17.175 	 1.44132e-08 	 	 
17.19 	 1.41986e-08 	 	 
17.205 	 1.39872e-08 	 	 
17.22 	 1.3779e-08 	 	 
17.235 	 1.35738e-08 	 	 
17.25 	 1.33717e-08 	 	 
17.265 	 1.31727e-08 	 	 
17.28 	 1.29766e-08 	 	 
17.295 	 1.27834e-08 	 	 
17.31 	 1.2593e-08 	 	 
17.325 	 1.24056e-08 	 	 
17.34 	 1.22209e-08 	 	 
17.355 	 1.20389e-08 	 	 
17.37 	 1.18597e-08 	 	 
17.385 	 1.16831e-08 	 	 
17.4 	 1.15092e-08 	 	 
17.415 	 1.13378e-08 	 	 
17.43 	 1.1169e-08 	 	 
17.445 	 1.10027e-08 	 	 
17.46 	 1.08389e-08 	 	 
17.475 	 1.06776e-08 	 	 
17.49 	 1.05186e-08 	 	 
17.505 	 1.0362e-08 	 	 
17.52 	 1.02077e-08 	 	 
17.535 	 1.00558e-08 	 	 
17.55 	 9.90605e-09 	 	 
17.565 	 9.75857e-09 	 	 
17.58 	 9.61328e-09 	 	 
17.595 	 9.47016e-09 	 	 
17.61 	 9.32917e-09 	 	 
17.625 	 9.19027e-09 	 	 
17.64 	 9.05345e-09 	 	 
17.655 	 8.91866e-09 	 	 
17.67 	 8.78588e-09 	 	 
17.685 	 8.65508e-09 	 	 
17.7 	 8.52622e-09 	 	 
17.715 	 8.39928e-09 	 	 
17.73 	 8.27423e-09 	 	 
17.745 	 8.15104e-09 	 	 
17.76 	 8.02969e-09 	 	 
17.775 	 7.91015e-09 	 	 
17.79 	 7.79238e-09 	 	 
17.805 	 7.67637e-09 	 	 
17.82 	 7.56208e-09 	 	 
17.835 	 7.4495e-09 	 	 
17.85 	 7.33859e-09 	 	 
17.865 	 7.22933e-09 	 	 
17.88 	 7.1217e-09 	 	 
17.895 	 7.01567e-09 	 	 
17.91 	 6.91122e-09 	 	 
17.925 	 6.80833e-09 	 	 
17.94 	 6.70697e-09 	 	 
17.955 	 6.60711e-09 	 	 
17.97 	 6.50875e-09 	 	 
17.985 	 6.41184e-09 	 	 
18 	 6.31638e-09 	 	 
18.015 	 6.22234e-09 	 	 
18.03 	 6.12971e-09 	 	 
18.045 	 6.03845e-09 	 	 
18.06 	 5.94855e-09 	 	 
18.075 	 5.85998e-09 	 	 
18.09 	 5.77274e-09 	 	 
18.105 	 5.6868e-09 	 	 
18.12 	 5.60213e-09 	 	 
18.135 	 5.51873e-09 	 	 
18.15 	 5.43656e-09 	 	 
18.165 	 5.35562e-09 	 	 
18.18 	 5.27589e-09 	 	 
18.195 	 5.19734e-09 	 	 
18.21 	 5.11996e-09 	 	 
18.225 	 5.04374e-09 	 	 
18.24 	 4.96865e-09 	 	 
18.255 	 4.89467e-09 	 	 
18.27 	 4.8218e-09 	 	 
18.285 	 4.75001e-09 	 	 
18.3 	 4.67929e-09 	 	 
18.315 	 4.60963e-09 	 	 
18.33 	 4.541e-09 	 	 
18.345 	 4.47339e-09 	 	 
18.36 	 4.40679e-09 	 	 
18.375 	 4.34119e-09 	 	 
18.39 	 4.27655e-09 	 	 
18.405 	 4.21288e-09 	 	 
18.42 	 4.15016e-09 	 	 
18.435 	 4.08838e-09 	 	 
18.45 	 4.02751e-09 	 	 
18.465 	 3.96755e-09 	 	 
18.48 	 3.90848e-09 	 	 
18.495 	 3.85029e-09 	 	 
18.51 	 3.79296e-09 	 	 
18.525 	 3.73649e-09 	 	 
18.54 	 3.68086e-09 	 	 
18.555 	 3.62606e-09 	 	 
18.57 	 3.57208e-09 	 	 
18.585 	 3.5189e-09 	 	 
18.6 	 3.46651e-09 	 	 
18.615 	 3.4149e-09 	 	 
18.63 	 3.36406e-09 	 	 
18.645 	 3.31397e-09 	 	 
18.66 	 3.26463e-09 	 	 
18.675 	 3.21603e-09 	 	 
18.69 	 3.16815e-09 	 	 
18.705 	 3.12098e-09 	 	 
18.72 	 3.07452e-09 	 	 
18.735 	 3.02874e-09 	 	 
18.75 	 2.98365e-09 	 	 
18.765 	 2.93923e-09 	 	 
18.78 	 2.89547e-09 	 	 
18.795 	 2.85236e-09 	 	 
18.81 	 2.8099e-09 	 	 
18.825 	 2.76806e-09 	 	 
18.84 	 2.72685e-09 	 	 
18.855 	 2.68626e-09 	 	 
18.87 	 2.64626e-09 	 	 
18.885 	 2.60686e-09 	 	 
18.9 	 2.56805e-09 	 	 
18.915 	 2.52982e-09 	 	 
18.93 	 2.49216e-09 	 	 
18.945 	 2.45505e-09 	 	 
18.96 	 2.4185e-09 	 	 
18.975 	 2.38249e-09 	 	 
18.99 	 2.34702e-09 	 	 
19.005 	 2.31208e-09 	 	 
19.02 	 2.27766e-09 	 	 
19.035 	 2.24375e-09 	 	 
19.05 	 2.21034e-09 	 	 
19.065 	 2.17744e-09 	 	 
19.08 	 2.14502e-09 	 	 
19.095 	 2.11308e-09 	 	 
19.11 	 2.08162e-09 	 	 
19.125 	 2.05063e-09 	 	 
19.14 	 2.0201e-09 	 	 
19.155 	 1.99003e-09 	 	 
19.17 	 1.9604e-09 	 	 
19.185 	 1.93121e-09 	 	 
19.2 	 1.90246e-09 	 	 
19.215 	 1.87414e-09 	 	 
19.23 	 1.84624e-09 	 	 
19.245 	 1.81875e-09 	 	 
19.26 	 1.79167e-09 	 	 
19.275 	 1.765e-09 	 	 
19.29 	 1.73872e-09 	 	 
19.305 	 1.71283e-09 	 	 
19.32 	 1.68733e-09 	 	 
19.335 	 1.66221e-09 	 	 
19.35 	 1.63746e-09 	 	 
19.365 	 1.61309e-09 	 	 
19.38 	 1.58907e-09 	 	 
19.395 	 1.56541e-09 	 	 
19.41 	 1.54211e-09 	 	 
19.425 	 1.51915e-09 	 	 
19.44 	 1.49653e-09 	 	 
19.455 	 1.47425e-09 	 	 
19.47 	 1.4523e-09 	 	 
19.485 	 1.43068e-09 	 	 
19.5 	 1.40938e-09 	 	 
19.515 	 1.3884e-09 	 	 
19.53 	 1.36772e-09 	 	 
19.545 	 1.34736e-09 	 	 
19.56 	 1.3273e-09 	 	 
19.575 	 1.30754e-09 	 	 
19.59 	 1.28807e-09 	 	 
19.605 	 1.2689e-09 	 	 
19.62 	 1.25001e-09 	 	 
19.635 	 1.2314e-09 	 	 
19.65 	 1.21306e-09 	 	 
19.665 	 1.195e-09 	 	 
19.68 	 1.17721e-09 	 	 
19.695 	 1.15969e-09 	 	 
19.71 	 1.14242e-09 	 	 
19.725 	 1.12541e-09 	 	 
19.74 	 1.10866e-09 	 	 
19.755 	 1.09215e-09 	 	 
19.77 	 1.07589e-09 	 	 
19.785 	 1.05987e-09 	 	 
19.8 	 1.04409e-09 	 	 
19.815 	 1.02855e-09 	 	 
19.83 	 1.01324e-09 	 	 
19.845 	 9.9815e-10 	 	 
19.86 	 9.8329e-10 	 	 
19.875 	 9.68651e-10 	 	 
19.89 	 9.54229e-10 	 	 
19.905 	 9.40023e-10 	 	 
19.92 	 9.26028e-10 	 	 
19.935 	 9.12241e-10 	 	 
19.95 	 8.98659e-10 	 	 
19.965 	 8.8528e-10 	 	 
19.98 	 8.721e-10 	 	 
