0 	 0.00182039 	 	 
0.015 	 0.00182045 	 	 
0.03 	 0.00182054 	 	 
0.045 	 0.00182068 	 	 
0.06 	 0.00182085 	 	 
0.075 	 0.00182106 	 	 
0.09 	 0.0018213 	 	 
0.105 	 0.00182159 	 	 
0.12 	 0.00182191 	 	 
0.135 	 0.00182227 	 	 
0.15 	 0.00182267 	 	 
0.165 	 0.00182311 	 	 
0.18 	 0.00182358 	 	 
0.195 	 0.0018241 	 	 
0.21 	 0.00182465 	 	 
0.225 	 0.00182524 	 	 
0.24 	 0.00182587 	 	 
0.255 	 0.00182653 	 	 
0.27 	 0.00182724 	 	 
0.285 	 0.00182798 	 	 
0.3 	 0.00182876 	 	 
0.315 	 0.00182958 	 	 
0.33 	 0.00183044 	 	 
0.345 	 0.00183133 	 	 
0.36 	 0.00183227 	 	 
0.375 	 0.00183324 	 	 
0.39 	 0.00183425 	 	 
0.405 	 0.0018353 	 	 
0.42 	 0.00183639 	 	 
0.435 	 0.00183752 	 	 
0.45 	 0.00183869 	 	 
0.465 	 0.00183989 	 	 
0.48 	 0.00184113 	 	 
0.495 	 0.00184242 	 	 
0.51 	 0.00184374 	 	 
0.525 	 0.0018451 	 	 
0.54 	 0.0018465 	 	 
0.555 	 0.00184794 	 	 
0.57 	 0.00184941 	 	 
0.585 	 0.00185093 	 	 
0.6 	 0.00185249 	 	 
0.615 	 0.00185408 	 	 
0.63 	 0.00185572 	 	 
0.645 	 0.00185739 	 	 
0.66 	 0.00185911 	 	 
0.675 	 0.00186086 	 	 
0.69 	 0.00186265 	 	 
0.705 	 0.00186449 	 	 
0.72 	 0.00186636 	 	 
0.735 	 0.00186827 	 	 
0.75 	 0.00187023 	 	 
0.765 	 0.00187222 	 	 
0.78 	 0.00187425 	 	 
0.795 	 0.00187633 	 	 
0.81 	 0.00187844 	 	 
0.825 	 0.0018806 	 	 
0.84 	 0.00188279 	 	 
0.855 	 0.00188503 	 	 
0.87 	 0.0018873 	 	 
0.885 	 0.00188962 	 	 
0.9 	 0.00189198 	 	 
0.915 	 0.00189438 	 	 
0.93 	 0.00189682 	 	 
0.945 	 0.0018993 	 	 
0.96 	 0.00190182 	 	 
0.975 	 0.00190438 	 	 
0.99 	 0.00190699 	 	 
1.005 	 0.00190963 	 	 
1.02 	 0.00191232 	 	 
1.035 	 0.00191505 	 	 
1.05 	 0.00191782 	 	 
1.065 	 0.00192064 	 	 
1.08 	 0.00192349 	 	 
1.095 	 0.00192639 	 	 
1.11 	 0.00192933 	 	 
1.125 	 0.00193231 	 	 
1.14 	 0.00193534 	 	 
1.155 	 0.0019384 	 	 
1.17 	 0.00194151 	 	 
1.185 	 0.00194466 	 	 
1.2 	 0.00194786 	 	 
1.215 	 0.0019511 	 	 
1.23 	 0.00195438 	 	 
1.245 	 0.0019577 	 	 
1.26 	 0.00196106 	 	 
1.275 	 0.00196447 	 	 
1.29 	 0.00196793 	 	 
1.305 	 0.00197142 	 	 
1.32 	 0.00197496 	 	 
1.335 	 0.00197855 	 	 
1.35 	 0.00198217 	 	 
1.365 	 0.00198584 	 	 
1.38 	 0.00198956 	 	 
1.395 	 0.00199332 	 	 
1.41 	 0.00199712 	 	 
1.425 	 0.00200096 	 	 
1.44 	 0.00200485 	 	 
1.455 	 0.00200879 	 	 
1.47 	 0.00201277 	 	 
1.485 	 0.00201679 	 	 
1.5 	 0.00202086 	 	 
1.515 	 0.00202497 	 	 
1.53 	 0.00202913 	 	 
1.545 	 0.00203333 	 	 
1.56 	 0.00203758 	 	 
1.575 	 0.00204187 	 	 
1.59 	 0.00204621 	 	 
1.605 	 0.00205059 	 	 
1.62 	 0.00205501 	 	 
1.635 	 0.00205949 	 	 
1.65 	 0.002064 	 	 
1.665 	 0.00206856 	 	 
1.68 	 0.00207317 	 	 
1.695 	 0.00207783 	 	 
1.71 	 0.00208252 	 	 
1.725 	 0.00208727 	 	 
1.74 	 0.00209206 	 	 
1.755 	 0.00209689 	 	 
1.77 	 0.00210177 	 	 
1.785 	 0.0021067 	 	 
1.8 	 0.00211167 	 	 
1.815 	 0.00211669 	 	 
1.83 	 0.00212176 	 	 
1.845 	 0.00212687 	 	 
1.86 	 0.00213203 	 	 
1.875 	 0.00213723 	 	 
1.89 	 0.00214248 	 	 
1.905 	 0.00214777 	 	 
1.92 	 0.00215311 	 	 
1.935 	 0.0021585 	 	 
1.95 	 0.00216393 	 	 
1.965 	 0.00216941 	 	 
1.98 	 0.00217494 	 	 
1.995 	 0.00218051 	 	 
2.01 	 0.00218613 	 	 
2.025 	 0.00219179 	 	 
2.04 	 0.00219751 	 	 
2.055 	 0.00220326 	 	 
2.07 	 0.00220907 	 	 
2.085 	 0.00221492 	 	 
2.1 	 0.00222081 	 	 
2.115 	 0.00222675 	 	 
2.13 	 0.00223274 	 	 
2.145 	 0.00223878 	 	 
2.16 	 0.00224486 	 	 
2.175 	 0.00225099 	 	 
2.19 	 0.00225716 	 	 
2.205 	 0.00226338 	 	 
2.22 	 0.00226965 	 	 
2.235 	 0.00227596 	 	 
2.25 	 0.00228232 	 	 
2.265 	 0.00228872 	 	 
2.28 	 0.00229517 	 	 
2.295 	 0.00230167 	 	 
2.31 	 0.00230821 	 	 
2.325 	 0.0023148 	 	 
2.34 	 0.00232143 	 	 
2.355 	 0.00232811 	 	 
2.37 	 0.00233484 	 	 
2.385 	 0.00234161 	 	 
2.4 	 0.00234843 	 	 
2.415 	 0.00235529 	 	 
2.43 	 0.0023622 	 	 
2.445 	 0.00236915 	 	 
2.46 	 0.00237615 	 	 
2.475 	 0.00238319 	 	 
2.49 	 0.00239028 	 	 
2.505 	 0.00239742 	 	 
2.52 	 0.0024046 	 	 
2.535 	 0.00241182 	 	 
2.55 	 0.00241909 	 	 
2.565 	 0.0024264 	 	 
2.58 	 0.00243376 	 	 
2.595 	 0.00244116 	 	 
2.61 	 0.0024486 	 	 
2.625 	 0.00245609 	 	 
2.64 	 0.00246363 	 	 
2.655 	 0.0024712 	 	 
2.67 	 0.00247882 	 	 
2.685 	 0.00248649 	 	 
2.7 	 0.0024942 	 	 
2.715 	 0.00250195 	 	 
2.73 	 0.00250974 	 	 
2.745 	 0.00251758 	 	 
2.76 	 0.00252546 	 	 
2.775 	 0.00253338 	 	 
2.79 	 0.00254134 	 	 
2.805 	 0.00254935 	 	 
2.82 	 0.0025574 	 	 
2.835 	 0.00256549 	 	 
2.85 	 0.00257362 	 	 
2.865 	 0.00258179 	 	 
2.88 	 0.00259001 	 	 
2.895 	 0.00259826 	 	 
2.91 	 0.00260656 	 	 
2.925 	 0.00261489 	 	 
2.94 	 0.00262327 	 	 
2.955 	 0.00263168 	 	 
2.97 	 0.00264014 	 	 
2.985 	 0.00264864 	 	 
3 	 0.00265717 	 	 
3.015 	 0.00266574 	 	 
3.03 	 0.00267436 	 	 
3.045 	 0.00268301 	 	 
3.06 	 0.0026917 	 	 
3.075 	 0.00270042 	 	 
3.09 	 0.00270919 	 	 
3.105 	 0.00271799 	 	 
3.12 	 0.00272683 	 	 
3.135 	 0.0027357 	 	 
3.15 	 0.00274462 	 	 
3.165 	 0.00275356 	 	 
3.18 	 0.00276255 	 	 
3.195 	 0.00277157 	 	 
3.21 	 0.00278062 	 	 
3.225 	 0.00278971 	 	 
3.24 	 0.00279884 	 	 
3.255 	 0.002808 	 	 
3.27 	 0.00281719 	 	 
3.285 	 0.00282642 	 	 
3.3 	 0.00283568 	 	 
3.315 	 0.00284497 	 	 
3.33 	 0.00285429 	 	 
3.345 	 0.00286365 	 	 
3.36 	 0.00287304 	 	 
3.375 	 0.00288246 	 	 
3.39 	 0.00289191 	 	 
3.405 	 0.00290139 	 	 
3.42 	 0.0029109 	 	 
3.435 	 0.00292045 	 	 
3.45 	 0.00293002 	 	 
3.465 	 0.00293962 	 	 
3.48 	 0.00294925 	 	 
3.495 	 0.0029589 	 	 
3.51 	 0.00296859 	 	 
3.525 	 0.0029783 	 	 
3.54 	 0.00298804 	 	 
3.555 	 0.00299781 	 	 
3.57 	 0.0030076 	 	 
3.585 	 0.00301741 	 	 
3.6 	 0.00302726 	 	 
3.615 	 0.00303712 	 	 
3.63 	 0.00304701 	 	 
3.645 	 0.00305693 	 	 
3.66 	 0.00306687 	 	 
3.675 	 0.00307683 	 	 
3.69 	 0.00308681 	 	 
3.705 	 0.00309682 	 	 
3.72 	 0.00310684 	 	 
3.735 	 0.00311689 	 	 
3.75 	 0.00312696 	 	 
3.765 	 0.00313704 	 	 
3.78 	 0.00314715 	 	 
3.795 	 0.00315727 	 	 
3.81 	 0.00316742 	 	 
3.825 	 0.00317758 	 	 
3.84 	 0.00318776 	 	 
3.855 	 0.00319795 	 	 
3.87 	 0.00320816 	 	 
3.885 	 0.00321838 	 	 
3.9 	 0.00322863 	 	 
3.915 	 0.00323888 	 	 
3.93 	 0.00324915 	 	 
3.945 	 0.00325943 	 	 
3.96 	 0.00326972 	 	 
3.975 	 0.00328003 	 	 
3.99 	 0.00329035 	 	 
4.005 	 0.00330067 	 	 
4.02 	 0.00331101 	 	 
4.035 	 0.00332136 	 	 
4.05 	 0.00333172 	 	 
4.065 	 0.00334208 	 	 
4.08 	 0.00335245 	 	 
4.095 	 0.00336283 	 	 
4.11 	 0.00337322 	 	 
4.125 	 0.00338361 	 	 
4.14 	 0.00339401 	 	 
4.155 	 0.00340441 	 	 
4.17 	 0.00341482 	 	 
4.185 	 0.00342523 	 	 
4.2 	 0.00343564 	 	 
4.215 	 0.00344605 	 	 
4.23 	 0.00345646 	 	 
4.245 	 0.00346688 	 	 
4.26 	 0.00347729 	 	 
4.275 	 0.00348771 	 	 
4.29 	 0.00349812 	 	 
4.305 	 0.00350853 	 	 
4.32 	 0.00351894 	 	 
4.335 	 0.00352934 	 	 
4.35 	 0.00353974 	 	 
4.365 	 0.00355013 	 	 
4.38 	 0.00356052 	 	 
4.395 	 0.0035709 	 	 
4.41 	 0.00358128 	 	 
4.425 	 0.00359164 	 	 
4.44 	 0.003602 	 	 
4.455 	 0.00361235 	 	 
4.47 	 0.00362268 	 	 
4.485 	 0.00363301 	 	 
4.5 	 0.00364333 	 	 
4.515 	 0.00365363 	 	 
4.53 	 0.00366392 	 	 
4.545 	 0.00367419 	 	 
4.56 	 0.00368445 	 	 
4.575 	 0.0036947 	 	 
4.59 	 0.00370493 	 	 
4.605 	 0.00371514 	 	 
4.62 	 0.00372533 	 	 
4.635 	 0.0037355 	 	 
4.65 	 0.00374566 	 	 
4.665 	 0.00375579 	 	 
4.68 	 0.00376591 	 	 
4.695 	 0.003776 	 	 
4.71 	 0.00378607 	 	 
4.725 	 0.00379611 	 	 
4.74 	 0.00380613 	 	 
4.755 	 0.00381613 	 	 
4.77 	 0.0038261 	 	 
4.785 	 0.00383604 	 	 
4.8 	 0.00384596 	 	 
4.815 	 0.00385584 	 	 
4.83 	 0.0038657 	 	 
4.845 	 0.00387553 	 	 
4.86 	 0.00388532 	 	 
4.875 	 0.00389509 	 	 
4.89 	 0.00390482 	 	 
4.905 	 0.00391452 	 	 
4.92 	 0.00392418 	 	 
4.935 	 0.0039338 	 	 
4.95 	 0.00394339 	 	 
4.965 	 0.00395295 	 	 
4.98 	 0.00396246 	 	 
4.995 	 0.00397194 	 	 
5.01 	 0.00398138 	 	 
5.025 	 0.00399077 	 	 
5.04 	 0.00400013 	 	 
5.055 	 0.00400944 	 	 
5.07 	 0.00401871 	 	 
5.085 	 0.00402793 	 	 
5.1 	 0.00403711 	 	 
5.115 	 0.00404624 	 	 
5.13 	 0.00405533 	 	 
5.145 	 0.00406437 	 	 
5.16 	 0.00407336 	 	 
5.175 	 0.00408229 	 	 
5.19 	 0.00409118 	 	 
5.205 	 0.00410002 	 	 
5.22 	 0.00410881 	 	 
5.235 	 0.00411754 	 	 
5.25 	 0.00412621 	 	 
5.265 	 0.00413484 	 	 
5.28 	 0.0041434 	 	 
5.295 	 0.00415191 	 	 
5.31 	 0.00416036 	 	 
5.325 	 0.00416875 	 	 
5.34 	 0.00417709 	 	 
5.355 	 0.00418536 	 	 
5.37 	 0.00419357 	 	 
5.385 	 0.00420172 	 	 
5.4 	 0.0042098 	 	 
5.415 	 0.00421782 	 	 
5.43 	 0.00422577 	 	 
5.445 	 0.00423366 	 	 
5.46 	 0.00424148 	 	 
5.475 	 0.00424923 	 	 
5.49 	 0.00425692 	 	 
5.505 	 0.00426453 	 	 
5.52 	 0.00427207 	 	 
5.535 	 0.00427954 	 	 
5.55 	 0.00428694 	 	 
5.565 	 0.00429426 	 	 
5.58 	 0.00430151 	 	 
5.595 	 0.00430868 	 	 
5.61 	 0.00431578 	 	 
5.625 	 0.0043228 	 	 
5.64 	 0.00432974 	 	 
5.655 	 0.0043366 	 	 
5.67 	 0.00434338 	 	 
5.685 	 0.00435008 	 	 
5.7 	 0.0043567 	 	 
5.715 	 0.00436323 	 	 
5.73 	 0.00436968 	 	 
5.745 	 0.00437605 	 	 
5.76 	 0.00438233 	 	 
5.775 	 0.00438852 	 	 
5.79 	 0.00439462 	 	 
5.805 	 0.00440064 	 	 
5.82 	 0.00440657 	 	 
5.835 	 0.0044124 	 	 
5.85 	 0.00441815 	 	 
5.865 	 0.0044238 	 	 
5.88 	 0.00442936 	 	 
5.895 	 0.00443482 	 	 
5.91 	 0.00444019 	 	 
5.925 	 0.00444547 	 	 
5.94 	 0.00445065 	 	 
5.955 	 0.00445572 	 	 
5.97 	 0.00446071 	 	 
5.985 	 0.00446559 	 	 
6 	 0.00447037 	 	 
6.015 	 0.00447505 	 	 
6.03 	 0.00447963 	 	 
6.045 	 0.0044841 	 	 
6.06 	 0.00448848 	 	 
6.075 	 0.00449274 	 	 
6.09 	 0.00449691 	 	 
6.105 	 0.00450096 	 	 
6.12 	 0.00450491 	 	 
6.135 	 0.00450875 	 	 
6.15 	 0.00451248 	 	 
6.165 	 0.0045161 	 	 
6.18 	 0.00451962 	 	 
6.195 	 0.00452302 	 	 
6.21 	 0.0045263 	 	 
6.225 	 0.00452948 	 	 
6.24 	 0.00453254 	 	 
6.255 	 0.00453549 	 	 
6.27 	 0.00453832 	 	 
6.285 	 0.00454104 	 	 
6.3 	 0.00454364 	 	 
6.315 	 0.00454612 	 	 
6.33 	 0.00454848 	 	 
6.345 	 0.00455073 	 	 
6.36 	 0.00455285 	 	 
6.375 	 0.00455486 	 	 
6.39 	 0.00455674 	 	 
6.405 	 0.0045585 	 	 
6.42 	 0.00456014 	 	 
6.435 	 0.00456166 	 	 
6.45 	 0.00456305 	 	 
6.465 	 0.00456432 	 	 
6.48 	 0.00456546 	 	 
6.495 	 0.00456648 	 	 
6.51 	 0.00456736 	 	 
6.525 	 0.00456813 	 	 
6.54 	 0.00456876 	 	 
6.555 	 0.00456927 	 	 
6.57 	 0.00456964 	 	 
6.585 	 0.00456989 	 	 
6.6 	 0.00457001 	 	 
6.615 	 0.00456999 	 	 
6.63 	 0.00456985 	 	 
6.645 	 0.00456957 	 	 
6.66 	 0.00456916 	 	 
6.675 	 0.00456861 	 	 
6.69 	 0.00456794 	 	 
6.705 	 0.00456713 	 	 
6.72 	 0.00456618 	 	 
6.735 	 0.0045651 	 	 
6.75 	 0.00456388 	 	 
6.765 	 0.00456253 	 	 
6.78 	 0.00456104 	 	 
6.795 	 0.00455942 	 	 
6.81 	 0.00455765 	 	 
6.825 	 0.00455575 	 	 
6.84 	 0.00455371 	 	 
6.855 	 0.00455153 	 	 
6.87 	 0.00454922 	 	 
6.885 	 0.00454676 	 	 
6.9 	 0.00454416 	 	 
6.915 	 0.00454143 	 	 
6.93 	 0.00453855 	 	 
6.945 	 0.00453554 	 	 
6.96 	 0.00453238 	 	 
6.975 	 0.00452908 	 	 
6.99 	 0.00452564 	 	 
7.005 	 0.00452206 	 	 
7.02 	 0.00451833 	 	 
7.035 	 0.00451447 	 	 
7.05 	 0.00451046 	 	 
7.065 	 0.00450631 	 	 
7.08 	 0.00450201 	 	 
7.095 	 0.00449758 	 	 
7.11 	 0.004493 	 	 
7.125 	 0.00448828 	 	 
7.14 	 0.00448341 	 	 
7.155 	 0.0044784 	 	 
7.17 	 0.00447325 	 	 
7.185 	 0.00446795 	 	 
7.2 	 0.00446251 	 	 
7.215 	 0.00445693 	 	 
7.23 	 0.0044512 	 	 
7.245 	 0.00444533 	 	 
7.26 	 0.00443932 	 	 
7.275 	 0.00443316 	 	 
7.29 	 0.00442686 	 	 
7.305 	 0.00442042 	 	 
7.32 	 0.00441383 	 	 
7.335 	 0.0044071 	 	 
7.35 	 0.00440023 	 	 
7.365 	 0.00439321 	 	 
7.38 	 0.00438606 	 	 
7.395 	 0.00437876 	 	 
7.41 	 0.00437131 	 	 
7.425 	 0.00436373 	 	 
7.44 	 0.004356 	 	 
7.455 	 0.00434813 	 	 
7.47 	 0.00434012 	 	 
7.485 	 0.00433197 	 	 
7.5 	 0.00432368 	 	 
7.515 	 0.00431525 	 	 
7.53 	 0.00430668 	 	 
7.545 	 0.00429797 	 	 
7.56 	 0.00428912 	 	 
7.575 	 0.00428013 	 	 
7.59 	 0.004271 	 	 
7.605 	 0.00426174 	 	 
7.62 	 0.00425233 	 	 
7.635 	 0.00424279 	 	 
7.65 	 0.00423312 	 	 
7.665 	 0.0042233 	 	 
7.68 	 0.00421336 	 	 
7.695 	 0.00420327 	 	 
7.71 	 0.00419306 	 	 
7.725 	 0.0041827 	 	 
7.74 	 0.00417222 	 	 
7.755 	 0.0041616 	 	 
7.77 	 0.00415085 	 	 
7.785 	 0.00413997 	 	 
7.8 	 0.00412896 	 	 
7.815 	 0.00411782 	 	 
7.83 	 0.00410655 	 	 
7.845 	 0.00409516 	 	 
7.86 	 0.00408363 	 	 
7.875 	 0.00407198 	 	 
7.89 	 0.0040602 	 	 
7.905 	 0.0040483 	 	 
7.92 	 0.00403627 	 	 
7.935 	 0.00402412 	 	 
7.95 	 0.00401185 	 	 
7.965 	 0.00399945 	 	 
7.98 	 0.00398693 	 	 
7.995 	 0.0039743 	 	 
8.01 	 0.00396154 	 	 
8.025 	 0.00394867 	 	 
8.04 	 0.00393568 	 	 
8.055 	 0.00392257 	 	 
8.07 	 0.00390935 	 	 
8.085 	 0.00389601 	 	 
8.1 	 0.00388256 	 	 
8.115 	 0.003869 	 	 
8.13 	 0.00385533 	 	 
8.145 	 0.00384155 	 	 
8.16 	 0.00382766 	 	 
8.175 	 0.00381366 	 	 
8.19 	 0.00379955 	 	 
8.205 	 0.00378534 	 	 
8.22 	 0.00377103 	 	 
8.235 	 0.00375661 	 	 
8.25 	 0.00374209 	 	 
8.265 	 0.00372747 	 	 
8.28 	 0.00371275 	 	 
8.295 	 0.00369794 	 	 
8.31 	 0.00368302 	 	 
8.325 	 0.00366801 	 	 
8.34 	 0.00365291 	 	 
8.355 	 0.00363772 	 	 
8.37 	 0.00362243 	 	 
8.385 	 0.00360705 	 	 
8.4 	 0.00359158 	 	 
8.415 	 0.00357603 	 	 
8.43 	 0.00356039 	 	 
8.445 	 0.00354466 	 	 
8.46 	 0.00352885 	 	 
8.475 	 0.00351296 	 	 
8.49 	 0.00349699 	 	 
8.505 	 0.00348094 	 	 
8.52 	 0.00346481 	 	 
8.535 	 0.0034486 	 	 
8.55 	 0.00343232 	 	 
8.565 	 0.00341597 	 	 
8.58 	 0.00339954 	 	 
8.595 	 0.00338305 	 	 
8.61 	 0.00336648 	 	 
8.625 	 0.00334985 	 	 
8.64 	 0.00333315 	 	 
8.655 	 0.00331639 	 	 
8.67 	 0.00329957 	 	 
8.685 	 0.00328268 	 	 
8.7 	 0.00326573 	 	 
8.715 	 0.00324873 	 	 
8.73 	 0.00323167 	 	 
8.745 	 0.00321455 	 	 
8.76 	 0.00319738 	 	 
8.775 	 0.00318016 	 	 
8.79 	 0.00316289 	 	 
8.805 	 0.00314557 	 	 
8.82 	 0.0031282 	 	 
8.835 	 0.00311079 	 	 
8.85 	 0.00309333 	 	 
8.865 	 0.00307583 	 	 
8.88 	 0.00305829 	 	 
8.895 	 0.00304071 	 	 
8.91 	 0.0030231 	 	 
8.925 	 0.00300545 	 	 
8.94 	 0.00298776 	 	 
8.955 	 0.00297004 	 	 
8.97 	 0.00295229 	 	 
8.985 	 0.00293451 	 	 
9 	 0.00291671 	 	 
9.015 	 0.00289888 	 	 
9.03 	 0.00288102 	 	 
9.045 	 0.00286314 	 	 
9.06 	 0.00284524 	 	 
9.075 	 0.00282732 	 	 
9.09 	 0.00280938 	 	 
9.105 	 0.00279143 	 	 
9.12 	 0.00277346 	 	 
9.135 	 0.00275548 	 	 
9.15 	 0.00273749 	 	 
9.165 	 0.00271949 	 	 
9.18 	 0.00270148 	 	 
9.195 	 0.00268346 	 	 
9.21 	 0.00266544 	 	 
9.225 	 0.00264742 	 	 
9.24 	 0.0026294 	 	 
9.255 	 0.00261137 	 	 
9.27 	 0.00259335 	 	 
9.285 	 0.00257533 	 	 
9.3 	 0.00255732 	 	 
9.315 	 0.00253931 	 	 
9.33 	 0.00252131 	 	 
9.345 	 0.00250332 	 	 
9.36 	 0.00248534 	 	 
9.375 	 0.00246738 	 	 
9.39 	 0.00244942 	 	 
9.405 	 0.00243149 	 	 
9.42 	 0.00241357 	 	 
9.435 	 0.00239567 	 	 
9.45 	 0.00237779 	 	 
9.465 	 0.00235994 	 	 
9.48 	 0.0023421 	 	 
9.495 	 0.0023243 	 	 
9.51 	 0.00230652 	 	 
9.525 	 0.00228876 	 	 
9.54 	 0.00227104 	 	 
9.555 	 0.00225335 	 	 
9.57 	 0.00223569 	 	 
9.585 	 0.00221806 	 	 
9.6 	 0.00220047 	 	 
9.615 	 0.00218292 	 	 
9.63 	 0.0021654 	 	 
9.645 	 0.00214793 	 	 
9.66 	 0.00213049 	 	 
9.675 	 0.0021131 	 	 
9.69 	 0.00209575 	 	 
9.705 	 0.00207844 	 	 
9.72 	 0.00206119 	 	 
9.735 	 0.00204397 	 	 
9.75 	 0.00202681 	 	 
9.765 	 0.0020097 	 	 
9.78 	 0.00199264 	 	 
9.795 	 0.00197563 	 	 
9.81 	 0.00195868 	 	 
9.825 	 0.00194178 	 	 
9.84 	 0.00192494 	 	 
9.855 	 0.00190816 	 	 
9.87 	 0.00189143 	 	 
9.885 	 0.00187476 	 	 
9.9 	 0.00185816 	 	 
9.915 	 0.00184162 	 	 
9.93 	 0.00182514 	 	 
9.945 	 0.00180872 	 	 
9.96 	 0.00179237 	 	 
9.975 	 0.00177609 	 	 
9.99 	 0.00175987 	 	 
10.005 	 0.00174373 	 	 
10.02 	 0.00172765 	 	 
10.035 	 0.00171164 	 	 
10.05 	 0.00169571 	 	 
10.065 	 0.00167984 	 	 
10.08 	 0.00166406 	 	 
10.095 	 0.00164834 	 	 
10.11 	 0.0016327 	 	 
10.125 	 0.00161714 	 	 
10.14 	 0.00160165 	 	 
10.155 	 0.00158624 	 	 
10.17 	 0.00157092 	 	 
10.185 	 0.00155567 	 	 
10.2 	 0.0015405 	 	 
10.215 	 0.00152541 	 	 
10.23 	 0.0015104 	 	 
10.245 	 0.00149548 	 	 
10.26 	 0.00148064 	 	 
10.275 	 0.00146588 	 	 
10.29 	 0.00145121 	 	 
10.305 	 0.00143663 	 	 
10.32 	 0.00142213 	 	 
10.335 	 0.00140772 	 	 
10.35 	 0.00139339 	 	 
10.365 	 0.00137916 	 	 
10.38 	 0.00136501 	 	 
10.395 	 0.00135095 	 	 
10.41 	 0.00133698 	 	 
10.425 	 0.0013231 	 	 
10.44 	 0.00130931 	 	 
10.455 	 0.00129561 	 	 
10.47 	 0.00128201 	 	 
10.485 	 0.0012685 	 	 
10.5 	 0.00125507 	 	 
10.515 	 0.00124175 	 	 
10.53 	 0.00122851 	 	 
10.545 	 0.00121537 	 	 
10.56 	 0.00120232 	 	 
10.575 	 0.00118937 	 	 
10.59 	 0.00117651 	 	 
10.605 	 0.00116375 	 	 
10.62 	 0.00115108 	 	 
10.635 	 0.00113851 	 	 
10.65 	 0.00112603 	 	 
10.665 	 0.00111365 	 	 
10.68 	 0.00110136 	 	 
10.695 	 0.00108917 	 	 
10.71 	 0.00107708 	 	 
10.725 	 0.00106508 	 	 
10.74 	 0.00105318 	 	 
10.755 	 0.00104137 	 	 
10.77 	 0.00102966 	 	 
10.785 	 0.00101804 	 	 
10.8 	 0.00100652 	 	 
10.815 	 0.0009951 	 	 
10.83 	 0.000983772 	 	 
10.845 	 0.00097254 	 	 
10.86 	 0.000961403 	 	 
10.875 	 0.000950362 	 	 
10.89 	 0.000939415 	 	 
10.905 	 0.000928564 	 	 
10.92 	 0.000917808 	 	 
10.935 	 0.000907146 	 	 
10.95 	 0.000896578 	 	 
10.965 	 0.000886105 	 	 
10.98 	 0.000875725 	 	 
10.995 	 0.000865439 	 	 
11.01 	 0.000855247 	 	 
11.025 	 0.000845148 	 	 
11.04 	 0.000835141 	 	 
11.055 	 0.000825227 	 	 
11.07 	 0.000815405 	 	 
11.085 	 0.000805675 	 	 
11.1 	 0.000796037 	 	 
11.115 	 0.00078649 	 	 
11.13 	 0.000777033 	 	 
11.145 	 0.000767667 	 	 
11.16 	 0.000758391 	 	 
11.175 	 0.000749205 	 	 
11.19 	 0.000740107 	 	 
11.205 	 0.000731099 	 	 
11.22 	 0.000722179 	 	 
11.235 	 0.000713347 	 	 
11.25 	 0.000704603 	 	 
11.265 	 0.000695945 	 	 
11.28 	 0.000687375 	 	 
11.295 	 0.00067889 	 	 
11.31 	 0.000670491 	 	 
11.325 	 0.000662178 	 	 
11.34 	 0.000653948 	 	 
11.355 	 0.000645804 	 	 
11.37 	 0.000637743 	 	 
11.385 	 0.000629765 	 	 
11.4 	 0.00062187 	 	 
11.415 	 0.000614057 	 	 
11.43 	 0.000606327 	 	 
11.445 	 0.000598677 	 	 
11.46 	 0.000591108 	 	 
11.475 	 0.000583619 	 	 
11.49 	 0.00057621 	 	 
11.505 	 0.000568881 	 	 
11.52 	 0.000561629 	 	 
11.535 	 0.000554456 	 	 
11.55 	 0.000547361 	 	 
11.565 	 0.000540342 	 	 
11.58 	 0.0005334 	 	 
11.595 	 0.000526534 	 	 
11.61 	 0.000519743 	 	 
11.625 	 0.000513026 	 	 
11.64 	 0.000506385 	 	 
11.655 	 0.000499816 	 	 
11.67 	 0.000493321 	 	 
11.685 	 0.000486899 	 	 
11.7 	 0.000480548 	 	 
11.715 	 0.000474269 	 	 
11.73 	 0.00046806 	 	 
11.745 	 0.000461922 	 	 
11.76 	 0.000455854 	 	 
11.775 	 0.000449855 	 	 
11.79 	 0.000443924 	 	 
11.805 	 0.000438062 	 	 
11.82 	 0.000432267 	 	 
11.835 	 0.000426539 	 	 
11.85 	 0.000420877 	 	 
11.865 	 0.000415281 	 	 
11.88 	 0.00040975 	 	 
11.895 	 0.000404284 	 	 
11.91 	 0.000398882 	 	 
11.925 	 0.000393543 	 	 
11.94 	 0.000388267 	 	 
11.955 	 0.000383054 	 	 
11.97 	 0.000377902 	 	 
11.985 	 0.000372812 	 	 
12 	 0.000367782 	 	 
12.015 	 0.000362813 	 	 
12.03 	 0.000357903 	 	 
12.045 	 0.000353052 	 	 
12.06 	 0.00034826 	 	 
12.075 	 0.000343526 	 	 
12.09 	 0.000338849 	 	 
12.105 	 0.000334228 	 	 
12.12 	 0.000329665 	 	 
12.135 	 0.000325156 	 	 
12.15 	 0.000320703 	 	 
12.165 	 0.000316305 	 	 
12.18 	 0.000311961 	 	 
12.195 	 0.00030767 	 	 
12.21 	 0.000303433 	 	 
12.225 	 0.000299248 	 	 
12.24 	 0.000295115 	 	 
12.255 	 0.000291033 	 	 
12.27 	 0.000287003 	 	 
12.285 	 0.000283023 	 	 
12.3 	 0.000279092 	 	 
12.315 	 0.000275212 	 	 
12.33 	 0.00027138 	 	 
12.345 	 0.000267596 	 	 
12.36 	 0.000263861 	 	 
12.375 	 0.000260172 	 	 
12.39 	 0.000256531 	 	 
12.405 	 0.000252936 	 	 
12.42 	 0.000249387 	 	 
12.435 	 0.000245883 	 	 
12.45 	 0.000242425 	 	 
12.465 	 0.00023901 	 	 
12.48 	 0.00023564 	 	 
12.495 	 0.000232313 	 	 
12.51 	 0.000229029 	 	 
12.525 	 0.000225788 	 	 
12.54 	 0.000222588 	 	 
12.555 	 0.000219431 	 	 
12.57 	 0.000216314 	 	 
12.585 	 0.000213238 	 	 
12.6 	 0.000210203 	 	 
12.615 	 0.000207207 	 	 
12.63 	 0.00020425 	 	 
12.645 	 0.000201332 	 	 
12.66 	 0.000198453 	 	 
12.675 	 0.000195612 	 	 
12.69 	 0.000192808 	 	 
12.705 	 0.000190042 	 	 
12.72 	 0.000187312 	 	 
12.735 	 0.000184618 	 	 
12.75 	 0.000181961 	 	 
12.765 	 0.000179339 	 	 
12.78 	 0.000176751 	 	 
12.795 	 0.000174199 	 	 
12.81 	 0.000171681 	 	 
12.825 	 0.000169196 	 	 
12.84 	 0.000166745 	 	 
12.855 	 0.000164327 	 	 
12.87 	 0.000161942 	 	 
12.885 	 0.000159588 	 	 
12.9 	 0.000157267 	 	 
12.915 	 0.000154977 	 	 
12.93 	 0.000152718 	 	 
12.945 	 0.00015049 	 	 
12.96 	 0.000148293 	 	 
12.975 	 0.000146125 	 	 
12.99 	 0.000143987 	 	 
13.005 	 0.000141878 	 	 
13.02 	 0.000139798 	 	 
13.035 	 0.000137747 	 	 
13.05 	 0.000135724 	 	 
13.065 	 0.000133729 	 	 
13.08 	 0.000131761 	 	 
13.095 	 0.00012982 	 	 
13.11 	 0.000127907 	 	 
13.125 	 0.00012602 	 	 
13.14 	 0.000124158 	 	 
13.155 	 0.000122323 	 	 
13.17 	 0.000120514 	 	 
13.185 	 0.000118729 	 	 
13.2 	 0.000116969 	 	 
13.215 	 0.000115234 	 	 
13.23 	 0.000113524 	 	 
13.245 	 0.000111837 	 	 
13.26 	 0.000110173 	 	 
13.275 	 0.000108534 	 	 
13.29 	 0.000106917 	 	 
13.305 	 0.000105323 	 	 
13.32 	 0.000103751 	 	 
13.335 	 0.000102201 	 	 
13.35 	 0.000100674 	 	 
13.365 	 9.91679e-05 	 	 
13.38 	 9.76832e-05 	 	 
13.395 	 9.62196e-05 	 	 
13.41 	 9.47768e-05 	 	 
13.425 	 9.33544e-05 	 	 
13.44 	 9.19523e-05 	 	 
13.455 	 9.05702e-05 	 	 
13.47 	 8.92078e-05 	 	 
13.485 	 8.78648e-05 	 	 
13.5 	 8.6541e-05 	 	 
13.515 	 8.52362e-05 	 	 
13.53 	 8.395e-05 	 	 
13.545 	 8.26823e-05 	 	 
13.56 	 8.14328e-05 	 	 
13.575 	 8.02013e-05 	 	 
13.59 	 7.89874e-05 	 	 
13.605 	 7.77911e-05 	 	 
13.62 	 7.6612e-05 	 	 
13.635 	 7.54499e-05 	 	 
13.65 	 7.43047e-05 	 	 
13.665 	 7.3176e-05 	 	 
13.68 	 7.20636e-05 	 	 
13.695 	 7.09674e-05 	 	 
13.71 	 6.9887e-05 	 	 
13.725 	 6.88224e-05 	 	 
13.74 	 6.77732e-05 	 	 
13.755 	 6.67394e-05 	 	 
13.77 	 6.57205e-05 	 	 
13.785 	 6.47166e-05 	 	 
13.8 	 6.37273e-05 	 	 
13.815 	 6.27524e-05 	 	 
13.83 	 6.17918e-05 	 	 
13.845 	 6.08453e-05 	 	 
13.86 	 5.99126e-05 	 	 
13.875 	 5.89936e-05 	 	 
13.89 	 5.80881e-05 	 	 
13.905 	 5.7196e-05 	 	 
13.92 	 5.63169e-05 	 	 
13.935 	 5.54508e-05 	 	 
13.95 	 5.45975e-05 	 	 
13.965 	 5.37567e-05 	 	 
13.98 	 5.29283e-05 	 	 
13.995 	 5.21122e-05 	 	 
14.01 	 5.13082e-05 	 	 
14.025 	 5.0516e-05 	 	 
14.04 	 4.97356e-05 	 	 
14.055 	 4.89668e-05 	 	 
14.07 	 4.82094e-05 	 	 
14.085 	 4.74632e-05 	 	 
14.1 	 4.67281e-05 	 	 
14.115 	 4.6004e-05 	 	 
14.13 	 4.52906e-05 	 	 
14.145 	 4.45879e-05 	 	 
14.16 	 4.38957e-05 	 	 
14.175 	 4.32138e-05 	 	 
14.19 	 4.2542e-05 	 	 
14.205 	 4.18803e-05 	 	 
14.22 	 4.12286e-05 	 	 
14.235 	 4.05865e-05 	 	 
14.25 	 3.99542e-05 	 	 
14.265 	 3.93312e-05 	 	 
14.28 	 3.87177e-05 	 	 
14.295 	 3.81133e-05 	 	 
14.31 	 3.75181e-05 	 	 
14.325 	 3.69318e-05 	 	 
14.34 	 3.63543e-05 	 	 
14.355 	 3.57855e-05 	 	 
14.37 	 3.52253e-05 	 	 
14.385 	 3.46736e-05 	 	 
14.4 	 3.41302e-05 	 	 
14.415 	 3.3595e-05 	 	 
14.43 	 3.30679e-05 	 	 
14.445 	 3.25487e-05 	 	 
14.46 	 3.20375e-05 	 	 
14.475 	 3.15339e-05 	 	 
14.49 	 3.10381e-05 	 	 
14.505 	 3.05497e-05 	 	 
14.52 	 3.00688e-05 	 	 
14.535 	 2.95951e-05 	 	 
14.55 	 2.91287e-05 	 	 
14.565 	 2.86694e-05 	 	 
14.58 	 2.8217e-05 	 	 
14.595 	 2.77716e-05 	 	 
14.61 	 2.73329e-05 	 	 
14.625 	 2.6901e-05 	 	 
14.64 	 2.64756e-05 	 	 
14.655 	 2.60568e-05 	 	 
14.67 	 2.56443e-05 	 	 
14.685 	 2.52382e-05 	 	 
14.7 	 2.48382e-05 	 	 
14.715 	 2.44444e-05 	 	 
14.73 	 2.40567e-05 	 	 
14.745 	 2.36749e-05 	 	 
14.76 	 2.32989e-05 	 	 
14.775 	 2.29287e-05 	 	 
14.79 	 2.25642e-05 	 	 
14.805 	 2.22053e-05 	 	 
14.82 	 2.18519e-05 	 	 
14.835 	 2.1504e-05 	 	 
14.85 	 2.11614e-05 	 	 
14.865 	 2.08242e-05 	 	 
14.88 	 2.04921e-05 	 	 
14.895 	 2.01651e-05 	 	 
14.91 	 1.98432e-05 	 	 
14.925 	 1.95262e-05 	 	 
14.94 	 1.92142e-05 	 	 
14.955 	 1.8907e-05 	 	 
14.97 	 1.86045e-05 	 	 
14.985 	 1.83067e-05 	 	 
15 	 1.80136e-05 	 	 
15.015 	 1.7725e-05 	 	 
15.03 	 1.74408e-05 	 	 
15.045 	 1.71611e-05 	 	 
15.06 	 1.68857e-05 	 	 
15.075 	 1.66146e-05 	 	 
15.09 	 1.63477e-05 	 	 
15.105 	 1.60849e-05 	 	 
15.12 	 1.58263e-05 	 	 
15.135 	 1.55716e-05 	 	 
15.15 	 1.5321e-05 	 	 
15.165 	 1.50742e-05 	 	 
15.18 	 1.48313e-05 	 	 
15.195 	 1.45922e-05 	 	 
15.21 	 1.43568e-05 	 	 
15.225 	 1.41251e-05 	 	 
15.24 	 1.3897e-05 	 	 
15.255 	 1.36725e-05 	 	 
15.27 	 1.34515e-05 	 	 
15.285 	 1.32339e-05 	 	 
15.3 	 1.30198e-05 	 	 
15.315 	 1.2809e-05 	 	 
15.33 	 1.26015e-05 	 	 
15.345 	 1.23972e-05 	 	 
15.36 	 1.21962e-05 	 	 
15.375 	 1.19983e-05 	 	 
15.39 	 1.18036e-05 	 	 
15.405 	 1.16119e-05 	 	 
15.42 	 1.14232e-05 	 	 
15.435 	 1.12374e-05 	 	 
15.45 	 1.10546e-05 	 	 
15.465 	 1.08747e-05 	 	 
15.48 	 1.06976e-05 	 	 
15.495 	 1.05233e-05 	 	 
15.51 	 1.03517e-05 	 	 
15.525 	 1.01829e-05 	 	 
15.54 	 1.00167e-05 	 	 
15.555 	 9.85314e-06 	 	 
15.57 	 9.69216e-06 	 	 
15.585 	 9.53372e-06 	 	 
15.6 	 9.37779e-06 	 	 
15.615 	 9.22432e-06 	 	 
15.63 	 9.07328e-06 	 	 
15.645 	 8.92463e-06 	 	 
15.66 	 8.77833e-06 	 	 
15.675 	 8.63435e-06 	 	 
15.69 	 8.49266e-06 	 	 
15.705 	 8.35321e-06 	 	 
15.72 	 8.21597e-06 	 	 
15.735 	 8.08091e-06 	 	 
15.75 	 7.94799e-06 	 	 
15.765 	 7.81718e-06 	 	 
15.78 	 7.68845e-06 	 	 
15.795 	 7.56177e-06 	 	 
15.81 	 7.4371e-06 	 	 
15.825 	 7.31442e-06 	 	 
15.84 	 7.19369e-06 	 	 
15.855 	 7.07488e-06 	 	 
15.87 	 6.95796e-06 	 	 
15.885 	 6.8429e-06 	 	 
15.9 	 6.72968e-06 	 	 
15.915 	 6.61827e-06 	 	 
15.93 	 6.50863e-06 	 	 
15.945 	 6.40074e-06 	 	 
15.96 	 6.29457e-06 	 	 
15.975 	 6.1901e-06 	 	 
15.99 	 6.0873e-06 	 	 
16.005 	 5.98614e-06 	 	 
16.02 	 5.8866e-06 	 	 
16.035 	 5.78865e-06 	 	 
16.05 	 5.69227e-06 	 	 
16.065 	 5.59743e-06 	 	 
16.08 	 5.50411e-06 	 	 
16.095 	 5.41229e-06 	 	 
16.11 	 5.32194e-06 	 	 
16.125 	 5.23304e-06 	 	 
16.14 	 5.14556e-06 	 	 
16.155 	 5.05948e-06 	 	 
16.17 	 4.97479e-06 	 	 
16.185 	 4.89146e-06 	 	 
16.2 	 4.80947e-06 	 	 
16.215 	 4.72879e-06 	 	 
16.23 	 4.64941e-06 	 	 
16.245 	 4.57131e-06 	 	 
16.26 	 4.49447e-06 	 	 
16.275 	 4.41886e-06 	 	 
16.29 	 4.34447e-06 	 	 
16.305 	 4.27127e-06 	 	 
16.32 	 4.19926e-06 	 	 
16.335 	 4.12841e-06 	 	 
16.35 	 4.0587e-06 	 	 
16.365 	 3.99011e-06 	 	 
16.38 	 3.92263e-06 	 	 
16.395 	 3.85624e-06 	 	 
16.41 	 3.79092e-06 	 	 
16.425 	 3.72666e-06 	 	 
16.44 	 3.66344e-06 	 	 
16.455 	 3.60123e-06 	 	 
16.47 	 3.54004e-06 	 	 
16.485 	 3.47983e-06 	 	 
16.5 	 3.4206e-06 	 	 
16.515 	 3.36233e-06 	 	 
16.53 	 3.305e-06 	 	 
16.545 	 3.2486e-06 	 	 
16.56 	 3.19311e-06 	 	 
16.575 	 3.13853e-06 	 	 
16.59 	 3.08482e-06 	 	 
16.605 	 3.032e-06 	 	 
16.62 	 2.98002e-06 	 	 
16.635 	 2.9289e-06 	 	 
16.65 	 2.8786e-06 	 	 
16.665 	 2.82912e-06 	 	 
16.68 	 2.78044e-06 	 	 
16.695 	 2.73256e-06 	 	 
16.71 	 2.68545e-06 	 	 
16.725 	 2.63911e-06 	 	 
16.74 	 2.59353e-06 	 	 
16.755 	 2.54869e-06 	 	 
16.77 	 2.50458e-06 	 	 
16.785 	 2.46118e-06 	 	 
16.8 	 2.4185e-06 	 	 
16.815 	 2.37651e-06 	 	 
16.83 	 2.33521e-06 	 	 
16.845 	 2.29458e-06 	 	 
16.86 	 2.25461e-06 	 	 
16.875 	 2.2153e-06 	 	 
16.89 	 2.17663e-06 	 	 
16.905 	 2.13859e-06 	 	 
16.92 	 2.10118e-06 	 	 
16.935 	 2.06437e-06 	 	 
16.95 	 2.02817e-06 	 	 
16.965 	 1.99256e-06 	 	 
16.98 	 1.95754e-06 	 	 
16.995 	 1.92309e-06 	 	 
17.01 	 1.8892e-06 	 	 
17.025 	 1.85587e-06 	 	 
17.04 	 1.82309e-06 	 	 
17.055 	 1.79084e-06 	 	 
17.07 	 1.75913e-06 	 	 
17.085 	 1.72793e-06 	 	 
17.1 	 1.69725e-06 	 	 
17.115 	 1.66707e-06 	 	 
17.13 	 1.63739e-06 	 	 
17.145 	 1.6082e-06 	 	 
17.16 	 1.57949e-06 	 	 
17.175 	 1.55125e-06 	 	 
17.19 	 1.52347e-06 	 	 
17.205 	 1.49616e-06 	 	 
17.22 	 1.46929e-06 	 	 
17.235 	 1.44287e-06 	 	 
17.25 	 1.41689e-06 	 	 
17.265 	 1.39133e-06 	 	 
17.28 	 1.3662e-06 	 	 
17.295 	 1.34148e-06 	 	 
17.31 	 1.31717e-06 	 	 
17.325 	 1.29326e-06 	 	 
17.34 	 1.26975e-06 	 	 
17.355 	 1.24663e-06 	 	 
17.37 	 1.22389e-06 	 	 
17.385 	 1.20153e-06 	 	 
17.4 	 1.17954e-06 	 	 
17.415 	 1.15791e-06 	 	 
17.43 	 1.13664e-06 	 	 
17.445 	 1.11573e-06 	 	 
17.46 	 1.09517e-06 	 	 
17.475 	 1.07494e-06 	 	 
17.49 	 1.05506e-06 	 	 
17.505 	 1.0355e-06 	 	 
17.52 	 1.01627e-06 	 	 
17.535 	 9.97365e-07 	 	 
17.55 	 9.78772e-07 	 	 
17.565 	 9.60489e-07 	 	 
17.58 	 9.42512e-07 	 	 
17.595 	 9.24836e-07 	 	 
17.61 	 9.07455e-07 	 	 
17.625 	 8.90365e-07 	 	 
17.64 	 8.73562e-07 	 	 
17.655 	 8.5704e-07 	 	 
17.67 	 8.40795e-07 	 	 
17.685 	 8.24823e-07 	 	 
17.7 	 8.09119e-07 	 	 
17.715 	 7.93679e-07 	 	 
17.73 	 7.78498e-07 	 	 
17.745 	 7.63574e-07 	 	 
17.76 	 7.48901e-07 	 	 
17.775 	 7.34475e-07 	 	 
17.79 	 7.20292e-07 	 	 
17.805 	 7.06349e-07 	 	 
17.82 	 6.92642e-07 	 	 
17.835 	 6.79167e-07 	 	 
17.85 	 6.6592e-07 	 	 
17.865 	 6.52897e-07 	 	 
17.88 	 6.40095e-07 	 	 
17.895 	 6.2751e-07 	 	 
17.91 	 6.1514e-07 	 	 
17.925 	 6.02979e-07 	 	 
17.94 	 5.91026e-07 	 	 
17.955 	 5.79276e-07 	 	 
17.97 	 5.67727e-07 	 	 
17.985 	 5.56375e-07 	 	 
18 	 5.45217e-07 	 	 
18.015 	 5.3425e-07 	 	 
18.03 	 5.23471e-07 	 	 
18.045 	 5.12877e-07 	 	 
18.06 	 5.02464e-07 	 	 
18.075 	 4.92231e-07 	 	 
18.09 	 4.82174e-07 	 	 
18.105 	 4.7229e-07 	 	 
18.12 	 4.62577e-07 	 	 
18.135 	 4.53031e-07 	 	 
18.15 	 4.43651e-07 	 	 
18.165 	 4.34433e-07 	 	 
18.18 	 4.25375e-07 	 	 
18.195 	 4.16474e-07 	 	 
18.21 	 4.07728e-07 	 	 
18.225 	 3.99135e-07 	 	 
18.24 	 3.90691e-07 	 	 
18.255 	 3.82395e-07 	 	 
18.27 	 3.74245e-07 	 	 
18.285 	 3.66237e-07 	 	 
18.3 	 3.5837e-07 	 	 
18.315 	 3.50641e-07 	 	 
18.33 	 3.43049e-07 	 	 
18.345 	 3.3559e-07 	 	 
18.36 	 3.28264e-07 	 	 
18.375 	 3.21067e-07 	 	 
18.39 	 3.13998e-07 	 	 
18.405 	 3.07055e-07 	 	 
18.42 	 3.00236e-07 	 	 
18.435 	 2.93538e-07 	 	 
18.45 	 2.86961e-07 	 	 
18.465 	 2.80501e-07 	 	 
18.48 	 2.74158e-07 	 	 
18.495 	 2.67929e-07 	 	 
18.51 	 2.61813e-07 	 	 
18.525 	 2.55807e-07 	 	 
18.54 	 2.49911e-07 	 	 
18.555 	 2.44122e-07 	 	 
18.57 	 2.38438e-07 	 	 
18.585 	 2.32859e-07 	 	 
18.6 	 2.27382e-07 	 	 
18.615 	 2.22006e-07 	 	 
18.63 	 2.16729e-07 	 	 
18.645 	 2.1155e-07 	 	 
18.66 	 2.06468e-07 	 	 
18.675 	 2.0148e-07 	 	 
18.69 	 1.96585e-07 	 	 
18.705 	 1.91782e-07 	 	 
18.72 	 1.8707e-07 	 	 
18.735 	 1.82447e-07 	 	 
18.75 	 1.77911e-07 	 	 
18.765 	 1.73462e-07 	 	 
18.78 	 1.69098e-07 	 	 
18.795 	 1.64818e-07 	 	 
18.81 	 1.6062e-07 	 	 
18.825 	 1.56504e-07 	 	 
18.84 	 1.52467e-07 	 	 
18.855 	 1.4851e-07 	 	 
18.87 	 1.4463e-07 	 	 
18.885 	 1.40827e-07 	 	 
18.9 	 1.37099e-07 	 	 
18.915 	 1.33445e-07 	 	 
18.93 	 1.29864e-07 	 	 
18.945 	 1.26356e-07 	 	 
18.96 	 1.22919e-07 	 	 
18.975 	 1.19551e-07 	 	 
18.99 	 1.16253e-07 	 	 
19.005 	 1.13022e-07 	 	 
19.02 	 1.09859e-07 	 	 
19.035 	 1.06761e-07 	 	 
19.05 	 1.03729e-07 	 	 
19.065 	 1.00761e-07 	 	 
19.08 	 9.78557e-08 	 	 
19.095 	 9.5013e-08 	 	 
19.11 	 9.22318e-08 	 	 
19.125 	 8.95111e-08 	 	 
19.14 	 8.68503e-08 	 	 
19.155 	 8.42483e-08 	 	 
19.17 	 8.17045e-08 	 	 
19.185 	 7.92179e-08 	 	 
19.2 	 7.67879e-08 	 	 
19.215 	 7.44136e-08 	 	 
19.23 	 7.20944e-08 	 	 
19.245 	 6.98294e-08 	 	 
19.26 	 6.7618e-08 	 	 
19.275 	 6.54594e-08 	 	 
19.29 	 6.33529e-08 	 	 
19.305 	 6.12979e-08 	 	 
19.32 	 5.92937e-08 	 	 
19.335 	 5.73397e-08 	 	 
19.35 	 5.54351e-08 	 	 
19.365 	 5.35795e-08 	 	 
19.38 	 5.17721e-08 	 	 
19.395 	 5.00123e-08 	 	 
19.41 	 4.82996e-08 	 	 
19.425 	 4.66335e-08 	 	 
19.44 	 4.50132e-08 	 	 
19.455 	 4.34384e-08 	 	 
19.47 	 4.19084e-08 	 	 
19.485 	 4.04227e-08 	 	 
19.5 	 3.89808e-08 	 	 
19.515 	 3.75823e-08 	 	 
19.53 	 3.62265e-08 	 	 
19.545 	 3.49131e-08 	 	 
19.56 	 3.36416e-08 	 	 
19.575 	 3.24115e-08 	 	 
19.59 	 3.12223e-08 	 	 
19.605 	 3.00736e-08 	 	 
19.62 	 2.89651e-08 	 	 
19.635 	 2.78962e-08 	 	 
19.65 	 2.68666e-08 	 	 
19.665 	 2.5876e-08 	 	 
19.68 	 2.49238e-08 	 	 
19.695 	 2.40097e-08 	 	 
19.71 	 2.31335e-08 	 	 
19.725 	 2.22946e-08 	 	 
19.74 	 2.14928e-08 	 	 
19.755 	 2.07278e-08 	 	 
19.77 	 1.99991e-08 	 	 
19.785 	 1.93066e-08 	 	 
19.8 	 1.86499e-08 	 	 
19.815 	 1.80287e-08 	 	 
19.83 	 1.74427e-08 	 	 
19.845 	 1.68916e-08 	 	 
19.86 	 1.63752e-08 	 	 
19.875 	 1.58932e-08 	 	 
19.89 	 1.54454e-08 	 	 
19.905 	 1.50315e-08 	 	 
19.92 	 1.46513e-08 	 	 
19.935 	 1.43045e-08 	 	 
19.95 	 1.3991e-08 	 	 
19.965 	 1.37105e-08 	 	 
19.98 	 1.34629e-08 	 	 
