0 	 0.00226318 	 	 
0.015 	 0.00226257 	 	 
0.03 	 0.00226195 	 	 
0.045 	 0.00226131 	 	 
0.06 	 0.00226067 	 	 
0.075 	 0.00226002 	 	 
0.09 	 0.00225936 	 	 
0.105 	 0.00225869 	 	 
0.12 	 0.00225801 	 	 
0.135 	 0.00225732 	 	 
0.15 	 0.00225662 	 	 
0.165 	 0.00225591 	 	 
0.18 	 0.00225518 	 	 
0.195 	 0.00225445 	 	 
0.21 	 0.00225371 	 	 
0.225 	 0.00225296 	 	 
0.24 	 0.0022522 	 	 
0.255 	 0.00225142 	 	 
0.27 	 0.00225064 	 	 
0.285 	 0.00224984 	 	 
0.3 	 0.00224903 	 	 
0.315 	 0.00224821 	 	 
0.33 	 0.00224738 	 	 
0.345 	 0.00224654 	 	 
0.36 	 0.00224568 	 	 
0.375 	 0.00224481 	 	 
0.39 	 0.00224393 	 	 
0.405 	 0.00224304 	 	 
0.42 	 0.00224213 	 	 
0.435 	 0.00224122 	 	 
0.45 	 0.00224028 	 	 
0.465 	 0.00223934 	 	 
0.48 	 0.00223838 	 	 
0.495 	 0.00223741 	 	 
0.51 	 0.00223642 	 	 
0.525 	 0.00223542 	 	 
0.54 	 0.00223441 	 	 
0.555 	 0.00223338 	 	 
0.57 	 0.00223234 	 	 
0.585 	 0.00223128 	 	 
0.6 	 0.00223021 	 	 
0.615 	 0.00222912 	 	 
0.63 	 0.00222802 	 	 
0.645 	 0.0022269 	 	 
0.66 	 0.00222576 	 	 
0.675 	 0.00222461 	 	 
0.69 	 0.00222344 	 	 
0.705 	 0.00222226 	 	 
0.72 	 0.00222106 	 	 
0.735 	 0.00221984 	 	 
0.75 	 0.00221861 	 	 
0.765 	 0.00221736 	 	 
0.78 	 0.00221609 	 	 
0.795 	 0.00221481 	 	 
0.81 	 0.0022135 	 	 
0.825 	 0.00221218 	 	 
0.84 	 0.00221084 	 	 
0.855 	 0.00220948 	 	 
0.87 	 0.0022081 	 	 
0.885 	 0.00220671 	 	 
0.9 	 0.00220529 	 	 
0.915 	 0.00220385 	 	 
0.93 	 0.0022024 	 	 
0.945 	 0.00220092 	 	 
0.96 	 0.00219943 	 	 
0.975 	 0.00219791 	 	 
0.99 	 0.00219637 	 	 
1.005 	 0.00219481 	 	 
1.02 	 0.00219324 	 	 
1.035 	 0.00219163 	 	 
1.05 	 0.00219001 	 	 
1.065 	 0.00218837 	 	 
1.08 	 0.0021867 	 	 
1.095 	 0.00218501 	 	 
1.11 	 0.0021833 	 	 
1.125 	 0.00218156 	 	 
1.14 	 0.0021798 	 	 
1.155 	 0.00217802 	 	 
1.17 	 0.00217621 	 	 
1.185 	 0.00217438 	 	 
1.2 	 0.00217252 	 	 
1.215 	 0.00217064 	 	 
1.23 	 0.00216874 	 	 
1.245 	 0.00216681 	 	 
1.26 	 0.00216485 	 	 
1.275 	 0.00216287 	 	 
1.29 	 0.00216086 	 	 
1.305 	 0.00215882 	 	 
1.32 	 0.00215676 	 	 
1.335 	 0.00215467 	 	 
1.35 	 0.00215256 	 	 
1.365 	 0.00215041 	 	 
1.38 	 0.00214824 	 	 
1.395 	 0.00214604 	 	 
1.41 	 0.00214381 	 	 
1.425 	 0.00214155 	 	 
1.44 	 0.00213926 	 	 
1.455 	 0.00213694 	 	 
1.47 	 0.0021346 	 	 
1.485 	 0.00213222 	 	 
1.5 	 0.00212981 	 	 
1.515 	 0.00212737 	 	 
1.53 	 0.0021249 	 	 
1.545 	 0.0021224 	 	 
1.56 	 0.00211987 	 	 
1.575 	 0.0021173 	 	 
1.59 	 0.0021147 	 	 
1.605 	 0.00211207 	 	 
1.62 	 0.00210941 	 	 
1.635 	 0.00210671 	 	 
1.65 	 0.00210398 	 	 
1.665 	 0.00210122 	 	 
1.68 	 0.00209842 	 	 
1.695 	 0.00209558 	 	 
1.71 	 0.00209271 	 	 
1.725 	 0.00208981 	 	 
1.74 	 0.00208687 	 	 
1.755 	 0.00208389 	 	 
1.77 	 0.00208088 	 	 
1.785 	 0.00207783 	 	 
1.8 	 0.00207475 	 	 
1.815 	 0.00207162 	 	 
1.83 	 0.00206846 	 	 
1.845 	 0.00206526 	 	 
1.86 	 0.00206203 	 	 
1.875 	 0.00205875 	 	 
1.89 	 0.00205544 	 	 
1.905 	 0.00205209 	 	 
1.92 	 0.00204869 	 	 
1.935 	 0.00204526 	 	 
1.95 	 0.00204179 	 	 
1.965 	 0.00203827 	 	 
1.98 	 0.00203472 	 	 
1.995 	 0.00203112 	 	 
2.01 	 0.00202749 	 	 
2.025 	 0.00202381 	 	 
2.04 	 0.00202009 	 	 
2.055 	 0.00201633 	 	 
2.07 	 0.00201252 	 	 
2.085 	 0.00200867 	 	 
2.1 	 0.00200478 	 	 
2.115 	 0.00200085 	 	 
2.13 	 0.00199687 	 	 
2.145 	 0.00199285 	 	 
2.16 	 0.00198878 	 	 
2.175 	 0.00198467 	 	 
2.19 	 0.00198052 	 	 
2.205 	 0.00197632 	 	 
2.22 	 0.00197207 	 	 
2.235 	 0.00196778 	 	 
2.25 	 0.00196344 	 	 
2.265 	 0.00195906 	 	 
2.28 	 0.00195463 	 	 
2.295 	 0.00195015 	 	 
2.31 	 0.00194563 	 	 
2.325 	 0.00194106 	 	 
2.34 	 0.00193644 	 	 
2.355 	 0.00193178 	 	 
2.37 	 0.00192707 	 	 
2.385 	 0.00192231 	 	 
2.4 	 0.0019175 	 	 
2.415 	 0.00191264 	 	 
2.43 	 0.00190774 	 	 
2.445 	 0.00190279 	 	 
2.46 	 0.00189779 	 	 
2.475 	 0.00189274 	 	 
2.49 	 0.00188764 	 	 
2.505 	 0.00188249 	 	 
2.52 	 0.00187729 	 	 
2.535 	 0.00187205 	 	 
2.55 	 0.00186675 	 	 
2.565 	 0.00186141 	 	 
2.58 	 0.00185601 	 	 
2.595 	 0.00185057 	 	 
2.61 	 0.00184507 	 	 
2.625 	 0.00183953 	 	 
2.64 	 0.00183394 	 	 
2.655 	 0.00182829 	 	 
2.67 	 0.0018226 	 	 
2.685 	 0.00181686 	 	 
2.7 	 0.00181106 	 	 
2.715 	 0.00180522 	 	 
2.73 	 0.00179933 	 	 
2.745 	 0.00179338 	 	 
2.76 	 0.00178739 	 	 
2.775 	 0.00178135 	 	 
2.79 	 0.00177526 	 	 
2.805 	 0.00176912 	 	 
2.82 	 0.00176293 	 	 
2.835 	 0.00175669 	 	 
2.85 	 0.0017504 	 	 
2.865 	 0.00174406 	 	 
2.88 	 0.00173767 	 	 
2.895 	 0.00173123 	 	 
2.91 	 0.00172475 	 	 
2.925 	 0.00171821 	 	 
2.94 	 0.00171163 	 	 
2.955 	 0.001705 	 	 
2.97 	 0.00169832 	 	 
2.985 	 0.0016916 	 	 
3 	 0.00168482 	 	 
3.015 	 0.001678 	 	 
3.03 	 0.00167114 	 	 
3.045 	 0.00166422 	 	 
3.06 	 0.00165726 	 	 
3.075 	 0.00165026 	 	 
3.09 	 0.00164321 	 	 
3.105 	 0.00163611 	 	 
3.12 	 0.00162897 	 	 
3.135 	 0.00162178 	 	 
3.15 	 0.00161455 	 	 
3.165 	 0.00160728 	 	 
3.18 	 0.00159996 	 	 
3.195 	 0.0015926 	 	 
3.21 	 0.0015852 	 	 
3.225 	 0.00157776 	 	 
3.24 	 0.00157027 	 	 
3.255 	 0.00156275 	 	 
3.27 	 0.00155518 	 	 
3.285 	 0.00154757 	 	 
3.3 	 0.00153993 	 	 
3.315 	 0.00153225 	 	 
3.33 	 0.00152452 	 	 
3.345 	 0.00151676 	 	 
3.36 	 0.00150897 	 	 
3.375 	 0.00150114 	 	 
3.39 	 0.00149327 	 	 
3.405 	 0.00148536 	 	 
3.42 	 0.00147743 	 	 
3.435 	 0.00146946 	 	 
3.45 	 0.00146145 	 	 
3.465 	 0.00145342 	 	 
3.48 	 0.00144535 	 	 
3.495 	 0.00143725 	 	 
3.51 	 0.00142912 	 	 
3.525 	 0.00142096 	 	 
3.54 	 0.00141277 	 	 
3.555 	 0.00140456 	 	 
3.57 	 0.00139632 	 	 
3.585 	 0.00138805 	 	 
3.6 	 0.00137976 	 	 
3.615 	 0.00137144 	 	 
3.63 	 0.0013631 	 	 
3.645 	 0.00135473 	 	 
3.66 	 0.00134635 	 	 
3.675 	 0.00133794 	 	 
3.69 	 0.00132951 	 	 
3.705 	 0.00132106 	 	 
3.72 	 0.0013126 	 	 
3.735 	 0.00130411 	 	 
3.75 	 0.00129561 	 	 
3.765 	 0.0012871 	 	 
3.78 	 0.00127856 	 	 
3.795 	 0.00127002 	 	 
3.81 	 0.00126146 	 	 
3.825 	 0.00125289 	 	 
3.84 	 0.00124431 	 	 
3.855 	 0.00123571 	 	 
3.87 	 0.00122711 	 	 
3.885 	 0.0012185 	 	 
3.9 	 0.00120989 	 	 
3.915 	 0.00120126 	 	 
3.93 	 0.00119263 	 	 
3.945 	 0.001184 	 	 
3.96 	 0.00117536 	 	 
3.975 	 0.00116672 	 	 
3.99 	 0.00115808 	 	 
4.005 	 0.00114944 	 	 
4.02 	 0.0011408 	 	 
4.035 	 0.00113215 	 	 
4.05 	 0.00112352 	 	 
4.065 	 0.00111488 	 	 
4.08 	 0.00110625 	 	 
4.095 	 0.00109762 	 	 
4.11 	 0.001089 	 	 
4.125 	 0.00108039 	 	 
4.14 	 0.00107179 	 	 
4.155 	 0.00106319 	 	 
4.17 	 0.00105461 	 	 
4.185 	 0.00104603 	 	 
4.2 	 0.00103747 	 	 
4.215 	 0.00102892 	 	 
4.23 	 0.00102038 	 	 
4.245 	 0.00101186 	 	 
4.26 	 0.00100335 	 	 
4.275 	 0.000994865 	 	 
4.29 	 0.000986393 	 	 
4.305 	 0.000977939 	 	 
4.32 	 0.000969504 	 	 
4.335 	 0.00096109 	 	 
4.35 	 0.000952696 	 	 
4.365 	 0.000944324 	 	 
4.38 	 0.000935975 	 	 
4.395 	 0.000927649 	 	 
4.41 	 0.000919347 	 	 
4.425 	 0.000911071 	 	 
4.44 	 0.00090282 	 	 
4.455 	 0.000894597 	 	 
4.47 	 0.0008864 	 	 
4.485 	 0.000878232 	 	 
4.5 	 0.000870094 	 	 
4.515 	 0.000861985 	 	 
4.53 	 0.000853906 	 	 
4.545 	 0.000845859 	 	 
4.56 	 0.000837844 	 	 
4.575 	 0.000829862 	 	 
4.59 	 0.000821913 	 	 
4.605 	 0.000813999 	 	 
4.62 	 0.000806119 	 	 
4.635 	 0.000798274 	 	 
4.65 	 0.000790466 	 	 
4.665 	 0.000782694 	 	 
4.68 	 0.00077496 	 	 
4.695 	 0.000767263 	 	 
4.71 	 0.000759605 	 	 
4.725 	 0.000751986 	 	 
4.74 	 0.000744407 	 	 
4.755 	 0.000736868 	 	 
4.77 	 0.000729369 	 	 
4.785 	 0.000721912 	 	 
4.8 	 0.000714496 	 	 
4.815 	 0.000707122 	 	 
4.83 	 0.000699791 	 	 
4.845 	 0.000692503 	 	 
4.86 	 0.000685259 	 	 
4.875 	 0.000678058 	 	 
4.89 	 0.000670902 	 	 
4.905 	 0.000663791 	 	 
4.92 	 0.000656724 	 	 
4.935 	 0.000649703 	 	 
4.95 	 0.000642728 	 	 
4.965 	 0.000635799 	 	 
4.98 	 0.000628916 	 	 
4.995 	 0.00062208 	 	 
5.01 	 0.000615291 	 	 
5.025 	 0.00060855 	 	 
5.04 	 0.000601856 	 	 
5.055 	 0.000595209 	 	 
5.07 	 0.000588611 	 	 
5.085 	 0.000582061 	 	 
5.1 	 0.000575559 	 	 
5.115 	 0.000569107 	 	 
5.13 	 0.000562702 	 	 
5.145 	 0.000556347 	 	 
5.16 	 0.000550041 	 	 
5.175 	 0.000543784 	 	 
5.19 	 0.000537577 	 	 
5.205 	 0.000531419 	 	 
5.22 	 0.00052531 	 	 
5.235 	 0.000519252 	 	 
5.25 	 0.000513243 	 	 
5.265 	 0.000507283 	 	 
5.28 	 0.000501374 	 	 
5.295 	 0.000495514 	 	 
5.31 	 0.000489705 	 	 
5.325 	 0.000483945 	 	 
5.34 	 0.000478235 	 	 
5.355 	 0.000472575 	 	 
5.37 	 0.000466965 	 	 
5.385 	 0.000461405 	 	 
5.4 	 0.000455894 	 	 
5.415 	 0.000450433 	 	 
5.43 	 0.000445022 	 	 
5.445 	 0.000439661 	 	 
5.46 	 0.000434349 	 	 
5.475 	 0.000429086 	 	 
5.49 	 0.000423873 	 	 
5.505 	 0.000418708 	 	 
5.52 	 0.000413593 	 	 
5.535 	 0.000408527 	 	 
5.55 	 0.00040351 	 	 
5.565 	 0.000398541 	 	 
5.58 	 0.000393621 	 	 
5.595 	 0.00038875 	 	 
5.61 	 0.000383926 	 	 
5.625 	 0.000379151 	 	 
5.64 	 0.000374423 	 	 
5.655 	 0.000369743 	 	 
5.67 	 0.00036511 	 	 
5.685 	 0.000360525 	 	 
5.7 	 0.000355986 	 	 
5.715 	 0.000351495 	 	 
5.73 	 0.00034705 	 	 
5.745 	 0.000342651 	 	 
5.76 	 0.000338298 	 	 
5.775 	 0.000333992 	 	 
5.79 	 0.000329731 	 	 
5.805 	 0.000325515 	 	 
5.82 	 0.000321344 	 	 
5.835 	 0.000317219 	 	 
5.85 	 0.000313138 	 	 
5.865 	 0.000309101 	 	 
5.88 	 0.000305108 	 	 
5.895 	 0.000301159 	 	 
5.91 	 0.000297254 	 	 
5.925 	 0.000293392 	 	 
5.94 	 0.000289573 	 	 
5.955 	 0.000285796 	 	 
5.97 	 0.000282062 	 	 
5.985 	 0.00027837 	 	 
6 	 0.000274719 	 	 
6.015 	 0.00027111 	 	 
6.03 	 0.000267543 	 	 
6.045 	 0.000264016 	 	 
6.06 	 0.000260529 	 	 
6.075 	 0.000257083 	 	 
6.09 	 0.000253677 	 	 
6.105 	 0.000250311 	 	 
6.12 	 0.000246983 	 	 
6.135 	 0.000243695 	 	 
6.15 	 0.000240445 	 	 
6.165 	 0.000237234 	 	 
6.18 	 0.000234061 	 	 
6.195 	 0.000230925 	 	 
6.21 	 0.000227827 	 	 
6.225 	 0.000224766 	 	 
6.24 	 0.000221742 	 	 
6.255 	 0.000218754 	 	 
6.27 	 0.000215802 	 	 
6.285 	 0.000212886 	 	 
6.3 	 0.000210005 	 	 
6.315 	 0.00020716 	 	 
6.33 	 0.000204349 	 	 
6.345 	 0.000201573 	 	 
6.36 	 0.000198831 	 	 
6.375 	 0.000196122 	 	 
6.39 	 0.000193448 	 	 
6.405 	 0.000190806 	 	 
6.42 	 0.000188197 	 	 
6.435 	 0.000185621 	 	 
6.45 	 0.000183077 	 	 
6.465 	 0.000180565 	 	 
6.48 	 0.000178084 	 	 
6.495 	 0.000175635 	 	 
6.51 	 0.000173217 	 	 
6.525 	 0.000170829 	 	 
6.54 	 0.000168472 	 	 
6.555 	 0.000166144 	 	 
6.57 	 0.000163846 	 	 
6.585 	 0.000161578 	 	 
6.6 	 0.000159339 	 	 
6.615 	 0.000157128 	 	 
6.63 	 0.000154946 	 	 
6.645 	 0.000152792 	 	 
6.66 	 0.000150666 	 	 
6.675 	 0.000148568 	 	 
6.69 	 0.000146497 	 	 
6.705 	 0.000144452 	 	 
6.72 	 0.000142434 	 	 
6.735 	 0.000140443 	 	 
6.75 	 0.000138478 	 	 
6.765 	 0.000136538 	 	 
6.78 	 0.000134624 	 	 
6.795 	 0.000132735 	 	 
6.81 	 0.000130871 	 	 
6.825 	 0.000129032 	 	 
6.84 	 0.000127217 	 	 
6.855 	 0.000125426 	 	 
6.87 	 0.000123659 	 	 
6.885 	 0.000121915 	 	 
6.9 	 0.000120195 	 	 
6.915 	 0.000118498 	 	 
6.93 	 0.000116823 	 	 
6.945 	 0.00011517 	 	 
6.96 	 0.00011354 	 	 
6.975 	 0.000111932 	 	 
6.99 	 0.000110345 	 	 
7.005 	 0.00010878 	 	 
7.02 	 0.000107236 	 	 
7.035 	 0.000105712 	 	 
7.05 	 0.00010421 	 	 
7.065 	 0.000102727 	 	 
7.08 	 0.000101265 	 	 
7.095 	 9.98229e-05 	 	 
7.11 	 9.84002e-05 	 	 
7.125 	 9.69969e-05 	 	 
7.14 	 9.56127e-05 	 	 
7.155 	 9.42474e-05 	 	 
7.17 	 9.29008e-05 	 	 
7.185 	 9.15727e-05 	 	 
7.2 	 9.02627e-05 	 	 
7.215 	 8.89708e-05 	 	 
7.23 	 8.76966e-05 	 	 
7.245 	 8.64399e-05 	 	 
7.26 	 8.52006e-05 	 	 
7.275 	 8.39783e-05 	 	 
7.29 	 8.27729e-05 	 	 
7.305 	 8.15842e-05 	 	 
7.32 	 8.0412e-05 	 	 
7.335 	 7.9256e-05 	 	 
7.35 	 7.8116e-05 	 	 
7.365 	 7.69919e-05 	 	 
7.38 	 7.58833e-05 	 	 
7.395 	 7.47903e-05 	 	 
7.41 	 7.37124e-05 	 	 
7.425 	 7.26495e-05 	 	 
7.44 	 7.16015e-05 	 	 
7.455 	 7.05682e-05 	 	 
7.47 	 6.95493e-05 	 	 
7.485 	 6.85446e-05 	 	 
7.5 	 6.7554e-05 	 	 
7.515 	 6.65773e-05 	 	 
7.53 	 6.56143e-05 	 	 
7.545 	 6.46649e-05 	 	 
7.56 	 6.37288e-05 	 	 
7.575 	 6.28058e-05 	 	 
7.59 	 6.18959e-05 	 	 
7.605 	 6.09988e-05 	 	 
7.62 	 6.01143e-05 	 	 
7.635 	 5.92423e-05 	 	 
7.65 	 5.83827e-05 	 	 
7.665 	 5.75351e-05 	 	 
7.68 	 5.66996e-05 	 	 
7.695 	 5.5876e-05 	 	 
7.71 	 5.50639e-05 	 	 
7.725 	 5.42635e-05 	 	 
7.74 	 5.34743e-05 	 	 
7.755 	 5.26964e-05 	 	 
7.77 	 5.19295e-05 	 	 
7.785 	 5.11736e-05 	 	 
7.8 	 5.04284e-05 	 	 
7.815 	 4.96938e-05 	 	 
7.83 	 4.89696e-05 	 	 
7.845 	 4.82558e-05 	 	 
7.86 	 4.75522e-05 	 	 
7.875 	 4.68587e-05 	 	 
7.89 	 4.6175e-05 	 	 
7.905 	 4.55011e-05 	 	 
7.92 	 4.48369e-05 	 	 
7.935 	 4.41821e-05 	 	 
7.95 	 4.35368e-05 	 	 
7.965 	 4.29007e-05 	 	 
7.98 	 4.22737e-05 	 	 
7.995 	 4.16557e-05 	 	 
8.01 	 4.10466e-05 	 	 
8.025 	 4.04462e-05 	 	 
8.04 	 3.98544e-05 	 	 
8.055 	 3.92712e-05 	 	 
8.07 	 3.86963e-05 	 	 
8.085 	 3.81297e-05 	 	 
8.1 	 3.75713e-05 	 	 
8.115 	 3.70209e-05 	 	 
8.13 	 3.64785e-05 	 	 
8.145 	 3.59439e-05 	 	 
8.16 	 3.5417e-05 	 	 
8.175 	 3.48977e-05 	 	 
8.19 	 3.43859e-05 	 	 
8.205 	 3.38814e-05 	 	 
8.22 	 3.33843e-05 	 	 
8.235 	 3.28944e-05 	 	 
8.25 	 3.24115e-05 	 	 
8.265 	 3.19357e-05 	 	 
8.28 	 3.14667e-05 	 	 
8.295 	 3.10045e-05 	 	 
8.31 	 3.05491e-05 	 	 
8.325 	 3.01002e-05 	 	 
8.34 	 2.96578e-05 	 	 
8.355 	 2.92219e-05 	 	 
8.37 	 2.87922e-05 	 	 
8.385 	 2.83689e-05 	 	 
8.4 	 2.79516e-05 	 	 
8.415 	 2.75405e-05 	 	 
8.43 	 2.71353e-05 	 	 
8.445 	 2.6736e-05 	 	 
8.46 	 2.63425e-05 	 	 
8.475 	 2.59547e-05 	 	 
8.49 	 2.55726e-05 	 	 
8.505 	 2.5196e-05 	 	 
8.52 	 2.48249e-05 	 	 
8.535 	 2.44592e-05 	 	 
8.55 	 2.40989e-05 	 	 
8.565 	 2.37438e-05 	 	 
8.58 	 2.33939e-05 	 	 
8.595 	 2.30491e-05 	 	 
8.61 	 2.27093e-05 	 	 
8.625 	 2.23745e-05 	 	 
8.64 	 2.20446e-05 	 	 
8.655 	 2.17195e-05 	 	 
8.67 	 2.13991e-05 	 	 
8.685 	 2.10834e-05 	 	 
8.7 	 2.07724e-05 	 	 
8.715 	 2.04659e-05 	 	 
8.73 	 2.01638e-05 	 	 
8.745 	 1.98662e-05 	 	 
8.76 	 1.9573e-05 	 	 
8.775 	 1.9284e-05 	 	 
8.79 	 1.89993e-05 	 	 
8.805 	 1.87187e-05 	 	 
8.82 	 1.84422e-05 	 	 
8.835 	 1.81698e-05 	 	 
8.85 	 1.79014e-05 	 	 
8.865 	 1.76369e-05 	 	 
8.88 	 1.73763e-05 	 	 
8.895 	 1.71196e-05 	 	 
8.91 	 1.68666e-05 	 	 
8.925 	 1.66173e-05 	 	 
8.94 	 1.63716e-05 	 	 
8.955 	 1.61296e-05 	 	 
8.97 	 1.58911e-05 	 	 
8.985 	 1.56561e-05 	 	 
9 	 1.54246e-05 	 	 
9.015 	 1.51965e-05 	 	 
9.03 	 1.49717e-05 	 	 
9.045 	 1.47502e-05 	 	 
9.06 	 1.4532e-05 	 	 
9.075 	 1.4317e-05 	 	 
9.09 	 1.41051e-05 	 	 
9.105 	 1.38964e-05 	 	 
9.12 	 1.36907e-05 	 	 
9.135 	 1.34881e-05 	 	 
9.15 	 1.32885e-05 	 	 
9.165 	 1.30917e-05 	 	 
9.18 	 1.28979e-05 	 	 
9.195 	 1.27069e-05 	 	 
9.21 	 1.25188e-05 	 	 
9.225 	 1.23334e-05 	 	 
9.24 	 1.21508e-05 	 	 
9.255 	 1.19708e-05 	 	 
9.27 	 1.17935e-05 	 	 
9.285 	 1.16188e-05 	 	 
9.3 	 1.14467e-05 	 	 
9.315 	 1.12771e-05 	 	 
9.33 	 1.111e-05 	 	 
9.345 	 1.09454e-05 	 	 
9.36 	 1.07832e-05 	 	 
9.375 	 1.06234e-05 	 	 
9.39 	 1.04659e-05 	 	 
9.405 	 1.03108e-05 	 	 
9.42 	 1.0158e-05 	 	 
9.435 	 1.00074e-05 	 	 
9.45 	 9.85906e-06 	 	 
9.465 	 9.7129e-06 	 	 
9.48 	 9.56889e-06 	 	 
9.495 	 9.42701e-06 	 	 
9.51 	 9.28723e-06 	 	 
9.525 	 9.14951e-06 	 	 
9.54 	 9.01382e-06 	 	 
9.555 	 8.88014e-06 	 	 
9.57 	 8.74843e-06 	 	 
9.585 	 8.61867e-06 	 	 
9.6 	 8.49083e-06 	 	 
9.615 	 8.36488e-06 	 	 
9.63 	 8.24079e-06 	 	 
9.645 	 8.11853e-06 	 	 
9.66 	 7.99808e-06 	 	 
9.675 	 7.87941e-06 	 	 
9.69 	 7.7625e-06 	 	 
9.705 	 7.64731e-06 	 	 
9.72 	 7.53383e-06 	 	 
9.735 	 7.42203e-06 	 	 
9.75 	 7.31188e-06 	 	 
9.765 	 7.20336e-06 	 	 
9.78 	 7.09644e-06 	 	 
9.795 	 6.99111e-06 	 	 
9.81 	 6.88734e-06 	 	 
9.825 	 6.7851e-06 	 	 
9.84 	 6.68438e-06 	 	 
9.855 	 6.58515e-06 	 	 
9.87 	 6.48738e-06 	 	 
9.885 	 6.39106e-06 	 	 
9.9 	 6.29617e-06 	 	 
9.915 	 6.20269e-06 	 	 
9.93 	 6.11059e-06 	 	 
9.945 	 6.01985e-06 	 	 
9.96 	 5.93046e-06 	 	 
9.975 	 5.84239e-06 	 	 
9.99 	 5.75562e-06 	 	 
10.005 	 5.67014e-06 	 	 
10.02 	 5.58593e-06 	 	 
10.035 	 5.50297e-06 	 	 
10.05 	 5.42123e-06 	 	 
10.065 	 5.34071e-06 	 	 
10.08 	 5.26137e-06 	 	 
10.095 	 5.18322e-06 	 	 
10.11 	 5.10622e-06 	 	 
10.125 	 5.03037e-06 	 	 
10.14 	 4.95563e-06 	 	 
10.155 	 4.88201e-06 	 	 
10.17 	 4.80948e-06 	 	 
10.185 	 4.73802e-06 	 	 
10.2 	 4.66763e-06 	 	 
10.215 	 4.59827e-06 	 	 
10.23 	 4.52995e-06 	 	 
10.245 	 4.46264e-06 	 	 
10.26 	 4.39632e-06 	 	 
10.275 	 4.33099e-06 	 	 
10.29 	 4.26663e-06 	 	 
10.305 	 4.20323e-06 	 	 
10.32 	 4.14076e-06 	 	 
10.335 	 4.07922e-06 	 	 
10.35 	 4.0186e-06 	 	 
10.365 	 3.95887e-06 	 	 
10.38 	 3.90003e-06 	 	 
10.395 	 3.84206e-06 	 	 
10.41 	 3.78496e-06 	 	 
10.425 	 3.7287e-06 	 	 
10.44 	 3.67327e-06 	 	 
10.455 	 3.61867e-06 	 	 
10.47 	 3.56488e-06 	 	 
10.485 	 3.51188e-06 	 	 
10.5 	 3.45968e-06 	 	 
10.515 	 3.40825e-06 	 	 
10.53 	 3.35758e-06 	 	 
10.545 	 3.30766e-06 	 	 
10.56 	 3.25849e-06 	 	 
10.575 	 3.21004e-06 	 	 
10.59 	 3.16232e-06 	 	 
10.605 	 3.1153e-06 	 	 
10.62 	 3.06898e-06 	 	 
10.635 	 3.02335e-06 	 	 
10.65 	 2.9784e-06 	 	 
10.665 	 2.93411e-06 	 	 
10.68 	 2.89048e-06 	 	 
10.695 	 2.8475e-06 	 	 
10.71 	 2.80516e-06 	 	 
10.725 	 2.76345e-06 	 	 
10.74 	 2.72235e-06 	 	 
10.755 	 2.68187e-06 	 	 
10.77 	 2.64199e-06 	 	 
10.785 	 2.6027e-06 	 	 
10.8 	 2.56399e-06 	 	 
10.815 	 2.52586e-06 	 	 
10.83 	 2.48829e-06 	 	 
10.845 	 2.45129e-06 	 	 
10.86 	 2.41483e-06 	 	 
10.875 	 2.37892e-06 	 	 
10.89 	 2.34354e-06 	 	 
10.905 	 2.30868e-06 	 	 
10.92 	 2.27434e-06 	 	 
10.935 	 2.24051e-06 	 	 
10.95 	 2.20719e-06 	 	 
10.965 	 2.17436e-06 	 	 
10.98 	 2.14202e-06 	 	 
10.995 	 2.11016e-06 	 	 
11.01 	 2.07877e-06 	 	 
11.025 	 2.04785e-06 	 	 
11.04 	 2.01739e-06 	 	 
11.055 	 1.98738e-06 	 	 
11.07 	 1.95781e-06 	 	 
11.085 	 1.92869e-06 	 	 
11.1 	 1.9e-06 	 	 
11.115 	 1.87173e-06 	 	 
11.13 	 1.84389e-06 	 	 
11.145 	 1.81646e-06 	 	 
11.16 	 1.78944e-06 	 	 
11.175 	 1.76282e-06 	 	 
11.19 	 1.73659e-06 	 	 
11.205 	 1.71076e-06 	 	 
11.22 	 1.6853e-06 	 	 
11.235 	 1.66023e-06 	 	 
11.25 	 1.63553e-06 	 	 
11.265 	 1.6112e-06 	 	 
11.28 	 1.58723e-06 	 	 
11.295 	 1.56361e-06 	 	 
11.31 	 1.54035e-06 	 	 
11.325 	 1.51743e-06 	 	 
11.34 	 1.49485e-06 	 	 
11.355 	 1.47261e-06 	 	 
11.37 	 1.4507e-06 	 	 
11.385 	 1.42912e-06 	 	 
11.4 	 1.40785e-06 	 	 
11.415 	 1.38691e-06 	 	 
11.43 	 1.36627e-06 	 	 
11.445 	 1.34594e-06 	 	 
11.46 	 1.32591e-06 	 	 
11.475 	 1.30619e-06 	 	 
11.49 	 1.28675e-06 	 	 
11.505 	 1.2676e-06 	 	 
11.52 	 1.24874e-06 	 	 
11.535 	 1.23016e-06 	 	 
11.55 	 1.21185e-06 	 	 
11.565 	 1.19382e-06 	 	 
11.58 	 1.17606e-06 	 	 
11.595 	 1.15856e-06 	 	 
11.61 	 1.14132e-06 	 	 
11.625 	 1.12433e-06 	 	 
11.64 	 1.1076e-06 	 	 
11.655 	 1.09112e-06 	 	 
11.67 	 1.07488e-06 	 	 
11.685 	 1.05889e-06 	 	 
11.7 	 1.04313e-06 	 	 
11.715 	 1.02761e-06 	 	 
11.73 	 1.01231e-06 	 	 
11.745 	 9.97249e-07 	 	 
11.76 	 9.82408e-07 	 	 
11.775 	 9.67788e-07 	 	 
11.79 	 9.53386e-07 	 	 
11.805 	 9.39197e-07 	 	 
11.82 	 9.2522e-07 	 	 
11.835 	 9.11451e-07 	 	 
11.85 	 8.97886e-07 	 	 
11.865 	 8.84524e-07 	 	 
11.88 	 8.7136e-07 	 	 
11.895 	 8.58392e-07 	 	 
11.91 	 8.45617e-07 	 	 
11.925 	 8.33032e-07 	 	 
11.94 	 8.20634e-07 	 	 
11.955 	 8.0842e-07 	 	 
11.97 	 7.96389e-07 	 	 
11.985 	 7.84536e-07 	 	 
12 	 7.7286e-07 	 	 
12.015 	 7.61357e-07 	 	 
12.03 	 7.50026e-07 	 	 
12.045 	 7.38863e-07 	 	 
12.06 	 7.27866e-07 	 	 
12.075 	 7.17033e-07 	 	 
12.09 	 7.06361e-07 	 	 
12.105 	 6.95848e-07 	 	 
12.12 	 6.85491e-07 	 	 
12.135 	 6.75289e-07 	 	 
12.15 	 6.65238e-07 	 	 
12.165 	 6.55336e-07 	 	 
12.18 	 6.45583e-07 	 	 
12.195 	 6.35974e-07 	 	 
12.21 	 6.26508e-07 	 	 
12.225 	 6.17183e-07 	 	 
12.24 	 6.07997e-07 	 	 
12.255 	 5.98947e-07 	 	 
12.27 	 5.90032e-07 	 	 
12.285 	 5.8125e-07 	 	 
12.3 	 5.72598e-07 	 	 
12.315 	 5.64076e-07 	 	 
12.33 	 5.5568e-07 	 	 
12.345 	 5.47409e-07 	 	 
12.36 	 5.39261e-07 	 	 
12.375 	 5.31234e-07 	 	 
12.39 	 5.23327e-07 	 	 
12.405 	 5.15537e-07 	 	 
12.42 	 5.07864e-07 	 	 
12.435 	 5.00304e-07 	 	 
12.45 	 4.92857e-07 	 	 
12.465 	 4.85521e-07 	 	 
12.48 	 4.78294e-07 	 	 
12.495 	 4.71175e-07 	 	 
12.51 	 4.64161e-07 	 	 
12.525 	 4.57252e-07 	 	 
12.54 	 4.50446e-07 	 	 
12.555 	 4.43741e-07 	 	 
12.57 	 4.37136e-07 	 	 
12.585 	 4.30629e-07 	 	 
12.6 	 4.24219e-07 	 	 
12.615 	 4.17904e-07 	 	 
12.63 	 4.11683e-07 	 	 
12.645 	 4.05555e-07 	 	 
12.66 	 3.99518e-07 	 	 
12.675 	 3.93571e-07 	 	 
12.69 	 3.87713e-07 	 	 
12.705 	 3.81941e-07 	 	 
12.72 	 3.76256e-07 	 	 
12.735 	 3.70655e-07 	 	 
12.75 	 3.65138e-07 	 	 
12.765 	 3.59702e-07 	 	 
12.78 	 3.54348e-07 	 	 
12.795 	 3.49073e-07 	 	 
12.81 	 3.43877e-07 	 	 
12.825 	 3.38758e-07 	 	 
12.84 	 3.33715e-07 	 	 
12.855 	 3.28748e-07 	 	 
12.87 	 3.23854e-07 	 	 
12.885 	 3.19033e-07 	 	 
12.9 	 3.14284e-07 	 	 
12.915 	 3.09605e-07 	 	 
12.93 	 3.04997e-07 	 	 
12.945 	 3.00456e-07 	 	 
12.96 	 2.95984e-07 	 	 
12.975 	 2.91578e-07 	 	 
12.99 	 2.87237e-07 	 	 
13.005 	 2.82961e-07 	 	 
13.02 	 2.78749e-07 	 	 
13.035 	 2.746e-07 	 	 
13.05 	 2.70512e-07 	 	 
13.065 	 2.66485e-07 	 	 
13.08 	 2.62518e-07 	 	 
13.095 	 2.5861e-07 	 	 
13.11 	 2.5476e-07 	 	 
13.125 	 2.50968e-07 	 	 
13.14 	 2.47232e-07 	 	 
13.155 	 2.43551e-07 	 	 
13.17 	 2.39926e-07 	 	 
13.185 	 2.36354e-07 	 	 
13.2 	 2.32835e-07 	 	 
13.215 	 2.29369e-07 	 	 
13.23 	 2.25955e-07 	 	 
13.245 	 2.22591e-07 	 	 
13.26 	 2.19277e-07 	 	 
13.275 	 2.16013e-07 	 	 
13.29 	 2.12797e-07 	 	 
13.305 	 2.0963e-07 	 	 
13.32 	 2.06509e-07 	 	 
13.335 	 2.03435e-07 	 	 
13.35 	 2.00406e-07 	 	 
13.365 	 1.97423e-07 	 	 
13.38 	 1.94484e-07 	 	 
13.395 	 1.91589e-07 	 	 
13.41 	 1.88736e-07 	 	 
13.425 	 1.85927e-07 	 	 
13.44 	 1.83159e-07 	 	 
13.455 	 1.80432e-07 	 	 
13.47 	 1.77746e-07 	 	 
13.485 	 1.751e-07 	 	 
13.5 	 1.72493e-07 	 	 
13.515 	 1.69925e-07 	 	 
13.53 	 1.67396e-07 	 	 
13.545 	 1.64904e-07 	 	 
13.56 	 1.62449e-07 	 	 
13.575 	 1.6003e-07 	 	 
13.59 	 1.57648e-07 	 	 
13.605 	 1.55301e-07 	 	 
13.62 	 1.52989e-07 	 	 
13.635 	 1.50712e-07 	 	 
13.65 	 1.48468e-07 	 	 
13.665 	 1.46258e-07 	 	 
13.68 	 1.4408e-07 	 	 
13.695 	 1.41935e-07 	 	 
13.71 	 1.39822e-07 	 	 
13.725 	 1.37741e-07 	 	 
13.74 	 1.3569e-07 	 	 
13.755 	 1.3367e-07 	 	 
13.77 	 1.3168e-07 	 	 
13.785 	 1.2972e-07 	 	 
13.8 	 1.27789e-07 	 	 
13.815 	 1.25886e-07 	 	 
13.83 	 1.24012e-07 	 	 
13.845 	 1.22166e-07 	 	 
13.86 	 1.20347e-07 	 	 
13.875 	 1.18556e-07 	 	 
13.89 	 1.16791e-07 	 	 
13.905 	 1.15052e-07 	 	 
13.92 	 1.13339e-07 	 	 
13.935 	 1.11652e-07 	 	 
13.95 	 1.0999e-07 	 	 
13.965 	 1.08352e-07 	 	 
13.98 	 1.06739e-07 	 	 
13.995 	 1.0515e-07 	 	 
14.01 	 1.03585e-07 	 	 
14.025 	 1.02042e-07 	 	 
14.04 	 1.00523e-07 	 	 
14.055 	 9.90268e-08 	 	 
14.07 	 9.75525e-08 	 	 
14.085 	 9.61002e-08 	 	 
14.1 	 9.46695e-08 	 	 
14.115 	 9.32601e-08 	 	 
14.13 	 9.18717e-08 	 	 
14.145 	 9.0504e-08 	 	 
14.16 	 8.91566e-08 	 	 
14.175 	 8.78293e-08 	 	 
14.19 	 8.65217e-08 	 	 
14.205 	 8.52336e-08 	 	 
14.22 	 8.39647e-08 	 	 
14.235 	 8.27147e-08 	 	 
14.25 	 8.14833e-08 	 	 
14.265 	 8.02702e-08 	 	 
14.28 	 7.90752e-08 	 	 
14.295 	 7.78979e-08 	 	 
14.31 	 7.67382e-08 	 	 
14.325 	 7.55958e-08 	 	 
14.34 	 7.44703e-08 	 	 
14.355 	 7.33617e-08 	 	 
14.37 	 7.22695e-08 	 	 
14.385 	 7.11936e-08 	 	 
14.4 	 7.01337e-08 	 	 
14.415 	 6.90895e-08 	 	 
14.43 	 6.8061e-08 	 	 
14.445 	 6.70477e-08 	 	 
14.46 	 6.60495e-08 	 	 
14.475 	 6.50662e-08 	 	 
14.49 	 6.40975e-08 	 	 
14.505 	 6.31432e-08 	 	 
14.52 	 6.22032e-08 	 	 
14.535 	 6.12771e-08 	 	 
14.55 	 6.03649e-08 	 	 
14.565 	 5.94662e-08 	 	 
14.58 	 5.85808e-08 	 	 
14.595 	 5.77087e-08 	 	 
14.61 	 5.68496e-08 	 	 
14.625 	 5.60032e-08 	 	 
14.64 	 5.51694e-08 	 	 
14.655 	 5.43481e-08 	 	 
14.67 	 5.3539e-08 	 	 
14.685 	 5.27419e-08 	 	 
14.7 	 5.19567e-08 	 	 
14.715 	 5.11832e-08 	 	 
14.73 	 5.04212e-08 	 	 
14.745 	 4.96705e-08 	 	 
14.76 	 4.8931e-08 	 	 
14.775 	 4.82026e-08 	 	 
14.79 	 4.74849e-08 	 	 
14.805 	 4.6778e-08 	 	 
14.82 	 4.60816e-08 	 	 
14.835 	 4.53955e-08 	 	 
14.85 	 4.47197e-08 	 	 
14.865 	 4.40539e-08 	 	 
14.88 	 4.3398e-08 	 	 
14.895 	 4.27519e-08 	 	 
14.91 	 4.21155e-08 	 	 
14.925 	 4.14885e-08 	 	 
14.94 	 4.08708e-08 	 	 
14.955 	 4.02623e-08 	 	 
14.97 	 3.96629e-08 	 	 
14.985 	 3.90724e-08 	 	 
15 	 3.84907e-08 	 	 
15.015 	 3.79177e-08 	 	 
15.03 	 3.73531e-08 	 	 
15.045 	 3.6797e-08 	 	 
15.06 	 3.62492e-08 	 	 
15.075 	 3.57095e-08 	 	 
15.09 	 3.51779e-08 	 	 
15.105 	 3.46542e-08 	 	 
15.12 	 3.41382e-08 	 	 
15.135 	 3.363e-08 	 	 
15.15 	 3.31293e-08 	 	 
15.165 	 3.26361e-08 	 	 
15.18 	 3.21502e-08 	 	 
15.195 	 3.16716e-08 	 	 
15.21 	 3.12e-08 	 	 
15.225 	 3.07355e-08 	 	 
15.24 	 3.0278e-08 	 	 
15.255 	 2.98272e-08 	 	 
15.27 	 2.93831e-08 	 	 
15.285 	 2.89457e-08 	 	 
15.3 	 2.85147e-08 	 	 
15.315 	 2.80902e-08 	 	 
15.33 	 2.7672e-08 	 	 
15.345 	 2.726e-08 	 	 
15.36 	 2.68542e-08 	 	 
15.375 	 2.64544e-08 	 	 
15.39 	 2.60605e-08 	 	 
15.405 	 2.56725e-08 	 	 
15.42 	 2.52903e-08 	 	 
15.435 	 2.49138e-08 	 	 
15.45 	 2.45429e-08 	 	 
15.465 	 2.41775e-08 	 	 
15.48 	 2.38176e-08 	 	 
15.495 	 2.3463e-08 	 	 
15.51 	 2.31136e-08 	 	 
15.525 	 2.27695e-08 	 	 
15.54 	 2.24305e-08 	 	 
15.555 	 2.20966e-08 	 	 
15.57 	 2.17676e-08 	 	 
15.585 	 2.14435e-08 	 	 
15.6 	 2.11243e-08 	 	 
15.615 	 2.08098e-08 	 	 
15.63 	 2.05e-08 	 	 
15.645 	 2.01948e-08 	 	 
15.66 	 1.98941e-08 	 	 
15.675 	 1.95979e-08 	 	 
15.69 	 1.93062e-08 	 	 
15.705 	 1.90187e-08 	 	 
15.72 	 1.87356e-08 	 	 
15.735 	 1.84567e-08 	 	 
15.75 	 1.81819e-08 	 	 
15.765 	 1.79112e-08 	 	 
15.78 	 1.76445e-08 	 	 
15.795 	 1.73818e-08 	 	 
15.81 	 1.71231e-08 	 	 
15.825 	 1.68681e-08 	 	 
15.84 	 1.6617e-08 	 	 
15.855 	 1.63696e-08 	 	 
15.87 	 1.61259e-08 	 	 
15.885 	 1.58858e-08 	 	 
15.9 	 1.56493e-08 	 	 
15.915 	 1.54163e-08 	 	 
15.93 	 1.51868e-08 	 	 
15.945 	 1.49607e-08 	 	 
15.96 	 1.4738e-08 	 	 
15.975 	 1.45185e-08 	 	 
15.99 	 1.43024e-08 	 	 
16.005 	 1.40895e-08 	 	 
16.02 	 1.38797e-08 	 	 
16.035 	 1.36731e-08 	 	 
16.05 	 1.34695e-08 	 	 
16.065 	 1.3269e-08 	 	 
16.08 	 1.30714e-08 	 	 
16.095 	 1.28768e-08 	 	 
16.11 	 1.26851e-08 	 	 
16.125 	 1.24962e-08 	 	 
16.14 	 1.23102e-08 	 	 
16.155 	 1.21269e-08 	 	 
16.17 	 1.19464e-08 	 	 
16.185 	 1.17685e-08 	 	 
16.2 	 1.15933e-08 	 	 
16.215 	 1.14207e-08 	 	 
16.23 	 1.12507e-08 	 	 
16.245 	 1.10832e-08 	 	 
16.26 	 1.09182e-08 	 	 
16.275 	 1.07556e-08 	 	 
16.29 	 1.05955e-08 	 	 
16.305 	 1.04377e-08 	 	 
16.32 	 1.02823e-08 	 	 
16.335 	 1.01293e-08 	 	 
16.35 	 9.97846e-09 	 	 
16.365 	 9.8299e-09 	 	 
16.38 	 9.68355e-09 	 	 
16.395 	 9.53939e-09 	 	 
16.41 	 9.39736e-09 	 	 
16.425 	 9.25745e-09 	 	 
16.44 	 9.11963e-09 	 	 
16.455 	 8.98386e-09 	 	 
16.47 	 8.85011e-09 	 	 
16.485 	 8.71834e-09 	 	 
16.5 	 8.58855e-09 	 	 
16.515 	 8.46068e-09 	 	 
16.53 	 8.33472e-09 	 	 
16.545 	 8.21063e-09 	 	 
16.56 	 8.08839e-09 	 	 
16.575 	 7.96797e-09 	 	 
16.59 	 7.84934e-09 	 	 
16.605 	 7.73248e-09 	 	 
16.62 	 7.61736e-09 	 	 
16.635 	 7.50395e-09 	 	 
16.65 	 7.39223e-09 	 	 
16.665 	 7.28218e-09 	 	 
16.68 	 7.17376e-09 	 	 
16.695 	 7.06696e-09 	 	 
16.71 	 6.96174e-09 	 	 
16.725 	 6.8581e-09 	 	 
16.74 	 6.75599e-09 	 	 
16.755 	 6.65541e-09 	 	 
16.77 	 6.55633e-09 	 	 
16.785 	 6.45871e-09 	 	 
16.8 	 6.36256e-09 	 	 
16.815 	 6.26783e-09 	 	 
16.83 	 6.17452e-09 	 	 
16.845 	 6.08259e-09 	 	 
16.86 	 5.99203e-09 	 	 
16.875 	 5.90282e-09 	 	 
16.89 	 5.81494e-09 	 	 
16.905 	 5.72837e-09 	 	 
16.92 	 5.64308e-09 	 	 
16.935 	 5.55907e-09 	 	 
16.95 	 5.47631e-09 	 	 
16.965 	 5.39477e-09 	 	 
16.98 	 5.31446e-09 	 	 
16.995 	 5.23534e-09 	 	 
17.01 	 5.15739e-09 	 	 
17.025 	 5.08061e-09 	 	 
17.04 	 5.00497e-09 	 	 
17.055 	 4.93045e-09 	 	 
17.07 	 4.85705e-09 	 	 
17.085 	 4.78474e-09 	 	 
17.1 	 4.7135e-09 	 	 
17.115 	 4.64333e-09 	 	 
17.13 	 4.5742e-09 	 	 
17.145 	 4.5061e-09 	 	 
17.16 	 4.43901e-09 	 	 
17.175 	 4.37292e-09 	 	 
17.19 	 4.30782e-09 	 	 
17.205 	 4.24368e-09 	 	 
17.22 	 4.1805e-09 	 	 
17.235 	 4.11826e-09 	 	 
17.25 	 4.05695e-09 	 	 
17.265 	 3.99655e-09 	 	 
17.28 	 3.93705e-09 	 	 
17.295 	 3.87843e-09 	 	 
17.31 	 3.82069e-09 	 	 
17.325 	 3.76381e-09 	 	 
17.34 	 3.70777e-09 	 	 
17.355 	 3.65257e-09 	 	 
17.37 	 3.59819e-09 	 	 
17.385 	 3.54462e-09 	 	 
17.4 	 3.49185e-09 	 	 
17.415 	 3.43986e-09 	 	 
17.43 	 3.38865e-09 	 	 
17.445 	 3.3382e-09 	 	 
17.46 	 3.2885e-09 	 	 
17.475 	 3.23954e-09 	 	 
17.49 	 3.19131e-09 	 	 
17.505 	 3.1438e-09 	 	 
17.52 	 3.09699e-09 	 	 
17.535 	 3.05089e-09 	 	 
17.55 	 3.00546e-09 	 	 
17.565 	 2.96072e-09 	 	 
17.58 	 2.91664e-09 	 	 
17.595 	 2.87322e-09 	 	 
17.61 	 2.83044e-09 	 	 
17.625 	 2.7883e-09 	 	 
17.64 	 2.74679e-09 	 	 
17.655 	 2.70589e-09 	 	 
17.67 	 2.66561e-09 	 	 
17.685 	 2.62592e-09 	 	 
17.7 	 2.58683e-09 	 	 
17.715 	 2.54831e-09 	 	 
17.73 	 2.51037e-09 	 	 
17.745 	 2.473e-09 	 	 
17.76 	 2.43618e-09 	 	 
17.775 	 2.39991e-09 	 	 
17.79 	 2.36418e-09 	 	 
17.805 	 2.32898e-09 	 	 
17.82 	 2.29431e-09 	 	 
17.835 	 2.26015e-09 	 	 
17.85 	 2.2265e-09 	 	 
17.865 	 2.19335e-09 	 	 
17.88 	 2.1607e-09 	 	 
17.895 	 2.12853e-09 	 	 
17.91 	 2.09684e-09 	 	 
17.925 	 2.06562e-09 	 	 
17.94 	 2.03487e-09 	 	 
17.955 	 2.00458e-09 	 	 
17.97 	 1.97473e-09 	 	 
17.985 	 1.94533e-09 	 	 
18 	 1.91637e-09 	 	 
18.015 	 1.88784e-09 	 	 
18.03 	 1.85973e-09 	 	 
18.045 	 1.83204e-09 	 	 
18.06 	 1.80477e-09 	 	 
18.075 	 1.7779e-09 	 	 
18.09 	 1.75143e-09 	 	 
18.105 	 1.72535e-09 	 	 
18.12 	 1.69967e-09 	 	 
18.135 	 1.67436e-09 	 	 
18.15 	 1.64943e-09 	 	 
18.165 	 1.62488e-09 	 	 
18.18 	 1.60069e-09 	 	 
18.195 	 1.57686e-09 	 	 
18.21 	 1.55338e-09 	 	 
18.225 	 1.53025e-09 	 	 
18.24 	 1.50747e-09 	 	 
18.255 	 1.48503e-09 	 	 
18.27 	 1.46292e-09 	 	 
18.285 	 1.44114e-09 	 	 
18.3 	 1.41968e-09 	 	 
18.315 	 1.39855e-09 	 	 
18.33 	 1.37772e-09 	 	 
18.345 	 1.35721e-09 	 	 
18.36 	 1.33701e-09 	 	 
18.375 	 1.3171e-09 	 	 
18.39 	 1.29749e-09 	 	 
18.405 	 1.27817e-09 	 	 
18.42 	 1.25914e-09 	 	 
18.435 	 1.2404e-09 	 	 
18.45 	 1.22193e-09 	 	 
18.465 	 1.20374e-09 	 	 
18.48 	 1.18582e-09 	 	 
18.495 	 1.16816e-09 	 	 
18.51 	 1.15077e-09 	 	 
18.525 	 1.13364e-09 	 	 
18.54 	 1.11676e-09 	 	 
18.555 	 1.10013e-09 	 	 
18.57 	 1.08376e-09 	 	 
18.585 	 1.06762e-09 	 	 
18.6 	 1.05173e-09 	 	 
18.615 	 1.03607e-09 	 	 
18.63 	 1.02064e-09 	 	 
18.645 	 1.00545e-09 	 	 
18.66 	 9.90478e-10 	 	 
18.675 	 9.75732e-10 	 	 
18.69 	 9.61205e-10 	 	 
18.705 	 9.46895e-10 	 	 
18.72 	 9.32797e-10 	 	 
18.735 	 9.1891e-10 	 	 
18.75 	 9.05229e-10 	 	 
18.765 	 8.91752e-10 	 	 
18.78 	 8.78476e-10 	 	 
18.795 	 8.65397e-10 	 	 
18.81 	 8.52513e-10 	 	 
18.825 	 8.3982e-10 	 	 
18.84 	 8.27317e-10 	 	 
18.855 	 8.15e-10 	 	 
18.87 	 8.02866e-10 	 	 
18.885 	 7.90913e-10 	 	 
18.9 	 7.79138e-10 	 	 
18.915 	 7.67538e-10 	 	 
18.93 	 7.56111e-10 	 	 
18.945 	 7.44854e-10 	 	 
18.96 	 7.33765e-10 	 	 
18.975 	 7.2284e-10 	 	 
18.99 	 7.12078e-10 	 	 
19.005 	 7.01477e-10 	 	 
19.02 	 6.91033e-10 	 	 
19.035 	 6.80745e-10 	 	 
19.05 	 6.7061e-10 	 	 
19.065 	 6.60626e-10 	 	 
19.08 	 6.50791e-10 	 	 
19.095 	 6.41102e-10 	 	 
19.11 	 6.31557e-10 	 	 
19.125 	 6.22154e-10 	 	 
19.14 	 6.12892e-10 	 	 
19.155 	 6.03767e-10 	 	 
19.17 	 5.94778e-10 	 	 
19.185 	 5.85923e-10 	 	 
19.2 	 5.772e-10 	 	 
19.215 	 5.68606e-10 	 	 
19.23 	 5.60141e-10 	 	 
19.245 	 5.51801e-10 	 	 
19.26 	 5.43586e-10 	 	 
19.275 	 5.35493e-10 	 	 
19.29 	 5.27521e-10 	 	 
19.305 	 5.19667e-10 	 	 
19.32 	 5.1193e-10 	 	 
19.335 	 5.04309e-10 	 	 
19.35 	 4.968e-10 	 	 
19.365 	 4.89404e-10 	 	 
19.38 	 4.82118e-10 	 	 
19.395 	 4.7494e-10 	 	 
19.41 	 4.67869e-10 	 	 
19.425 	 4.60903e-10 	 	 
19.44 	 4.54041e-10 	 	 
19.455 	 4.47282e-10 	 	 
19.47 	 4.40622e-10 	 	 
19.485 	 4.34062e-10 	 	 
19.5 	 4.276e-10 	 	 
19.515 	 4.21234e-10 	 	 
19.53 	 4.14963e-10 	 	 
19.545 	 4.08785e-10 	 	 
19.56 	 4.02699e-10 	 	 
19.575 	 3.96703e-10 	 	 
19.59 	 3.90797e-10 	 	 
19.605 	 3.84979e-10 	 	 
19.62 	 3.79247e-10 	 	 
19.635 	 3.73601e-10 	 	 
19.65 	 3.68039e-10 	 	 
19.665 	 3.62559e-10 	 	 
19.68 	 3.57162e-10 	 	 
19.695 	 3.51844e-10 	 	 
19.71 	 3.46606e-10 	 	 
19.725 	 3.41446e-10 	 	 
19.74 	 3.36362e-10 	 	 
19.755 	 3.31354e-10 	 	 
19.77 	 3.26421e-10 	 	 
19.785 	 3.21561e-10 	 	 
19.8 	 3.16774e-10 	 	 
19.815 	 3.12058e-10 	 	 
19.83 	 3.07412e-10 	 	 
19.845 	 3.02835e-10 	 	 
19.86 	 2.98326e-10 	 	 
19.875 	 2.93885e-10 	 	 
19.89 	 2.8951e-10 	 	 
19.905 	 2.85199e-10 	 	 
19.92 	 2.80953e-10 	 	 
19.935 	 2.7677e-10 	 	 
19.95 	 2.7265e-10 	 	 
19.965 	 2.68591e-10 	 	 
19.98 	 2.64592e-10 	 	 
