0 	 -0.595275
0.04 	 -0.595263
0.08 	 -0.595225
0.12 	 -0.595163
0.16 	 -0.595075
0.2 	 -0.594963
0.24 	 -0.594825
0.28 	 -0.594663
0.32 	 -0.594475
0.36 	 -0.594263
0.4 	 -0.594025
0.44 	 -0.593763
0.48 	 -0.593475
0.52 	 -0.593163
0.56 	 -0.592825
0.6 	 -0.592463
0.64 	 -0.592075
0.68 	 -0.591663
0.72 	 -0.591225
0.76 	 -0.590763
0.8 	 -0.590275
0.84 	 -0.589763
0.88 	 -0.589225
0.92 	 -0.588663
0.96 	 -0.588075
1 	 -0.587463
1.04 	 -0.586825
1.08 	 -0.586163
1.12 	 -0.585475
1.16 	 -0.584763
1.2 	 -0.584025
1.24 	 -0.583263
1.28 	 -0.582475
1.32 	 -0.581663
1.36 	 -0.580825
1.4 	 -0.579963
1.44 	 -0.579075
1.48 	 -0.578163
1.52 	 -0.577225
1.56 	 -0.576263
1.6 	 -0.575275
1.64 	 -0.574263
1.68 	 -0.573225
1.72 	 -0.572163
1.76 	 -0.571075
1.8 	 -0.569963
1.84 	 -0.568825
1.88 	 -0.567663
1.92 	 -0.566475
1.96 	 -0.565263
2 	 -0.564025
2.04 	 -0.562763
2.08 	 -0.561475
2.12 	 -0.560163
2.16 	 -0.558825
2.2 	 -0.557463
2.24 	 -0.556075
2.28 	 -0.554663
2.32 	 -0.553225
2.36 	 -0.551763
2.4 	 -0.550275
2.44 	 -0.548763
2.48 	 -0.547225
2.52 	 -0.545663
2.56 	 -0.544075
2.6 	 -0.542463
2.64 	 -0.540825
2.68 	 -0.539163
2.72 	 -0.537475
2.76 	 -0.535763
2.8 	 -0.534025
2.84 	 -0.532263
2.88 	 -0.530475
2.92 	 -0.528663
2.96 	 -0.526825
3 	 -0.524963
3.04 	 -0.523075
3.08 	 -0.521163
3.12 	 -0.519225
3.16 	 -0.517263
3.2 	 -0.515275
3.24 	 -0.513263
3.28 	 -0.511225
3.32 	 -0.509163
3.36 	 -0.507075
3.4 	 -0.504963
3.44 	 -0.502825
3.48 	 -0.500663
3.52 	 -0.498475
3.56 	 -0.496263
3.6 	 -0.494025
3.64 	 -0.491763
3.68 	 -0.489475
3.72 	 -0.487163
3.76 	 -0.484825
3.8 	 -0.482463
3.84 	 -0.480075
3.88 	 -0.477663
3.92 	 -0.475225
3.96 	 -0.472763
4 	 -0.470275
4.04 	 -0.467763
4.08 	 -0.465225
4.12 	 -0.462663
4.16 	 -0.460075
4.2 	 -0.457463
4.24 	 -0.454825
4.28 	 -0.452163
4.32 	 -0.449475
4.36 	 -0.446763
4.4 	 -0.444025
4.44 	 -0.441263
4.48 	 -0.438475
4.52 	 -0.435663
4.56 	 -0.432825
4.6 	 -0.429963
4.64 	 -0.427075
4.68 	 -0.424163
4.72 	 -0.421225
4.76 	 -0.418263
4.8 	 -0.415275
4.84 	 -0.412263
4.88 	 -0.409225
4.92 	 -0.406163
4.96 	 -0.403075
5 	 -0.399963
5.04 	 -0.396825
5.08 	 -0.393701
5.12 	 -0.390625
5.16 	 -0.387597
5.2 	 -0.384615
5.24 	 -0.381679
5.28 	 -0.378788
5.32 	 -0.37594
5.36 	 -0.373134
5.4 	 -0.37037
5.44 	 -0.367647
5.48 	 -0.364964
5.52 	 -0.362319
5.56 	 -0.359712
5.6 	 -0.357143
5.64 	 -0.35461
5.68 	 -0.352113
5.72 	 -0.34965
5.76 	 -0.347222
5.8 	 -0.344828
5.84 	 -0.342466
5.88 	 -0.340136
5.92 	 -0.337838
5.96 	 -0.33557
6 	 -0.333333
6.04 	 -0.331126
6.08 	 -0.328947
6.12 	 -0.326797
6.16 	 -0.324675
6.2 	 -0.322581
6.24 	 -0.320513
6.28 	 -0.318471
6.32 	 -0.316456
6.36 	 -0.314465
6.4 	 -0.3125
6.44 	 -0.310559
6.48 	 -0.308642
6.52 	 -0.306748
6.56 	 -0.304878
6.6 	 -0.30303
6.64 	 -0.301205
6.68 	 -0.299401
6.72 	 -0.297619
6.76 	 -0.295858
6.8 	 -0.294118
6.84 	 -0.292398
6.88 	 -0.290698
6.92 	 -0.289017
6.96 	 -0.287356
7 	 -0.285714
7.04 	 -0.284091
7.08 	 -0.282486
7.12 	 -0.280899
7.16 	 -0.27933
7.2 	 -0.277778
7.24 	 -0.276243
7.28 	 -0.274725
7.32 	 -0.273224
7.36 	 -0.271739
7.4 	 -0.27027
7.44 	 -0.268817
7.48 	 -0.26738
7.52 	 -0.265957
7.56 	 -0.26455
7.6 	 -0.263158
7.64 	 -0.26178
7.68 	 -0.260417
7.72 	 -0.259067
7.76 	 -0.257732
7.8 	 -0.25641
7.84 	 -0.255102
7.88 	 -0.253807
7.92 	 -0.252525
7.96 	 -0.251256
8 	 -0.25
8.04 	 -0.248756
8.08 	 -0.247525
8.12 	 -0.246305
8.16 	 -0.245098
8.2 	 -0.243902
8.24 	 -0.242718
8.28 	 -0.241546
8.32 	 -0.240385
8.36 	 -0.239234
8.4 	 -0.238095
8.44 	 -0.236967
8.48 	 -0.235849
8.52 	 -0.234742
8.56 	 -0.233645
8.6 	 -0.232558
8.64 	 -0.231481
8.68 	 -0.230415
8.72 	 -0.229358
8.76 	 -0.228311
8.8 	 -0.227273
8.84 	 -0.226244
8.88 	 -0.225225
8.92 	 -0.224215
8.96 	 -0.223214
9 	 -0.222222
9.04 	 -0.221239
9.08 	 -0.220264
9.12 	 -0.219298
9.16 	 -0.218341
9.2 	 -0.217391
9.24 	 -0.21645
9.28 	 -0.215517
9.32 	 -0.214592
9.36 	 -0.213675
9.4 	 -0.212766
9.44 	 -0.211864
9.48 	 -0.21097
9.52 	 -0.210084
9.56 	 -0.209205
9.6 	 -0.208333
9.64 	 -0.207469
9.68 	 -0.206612
9.72 	 -0.205761
9.76 	 -0.204918
9.8 	 -0.204082
9.84 	 -0.203252
9.88 	 -0.202429
9.92 	 -0.201613
9.96 	 -0.200803
10 	 -0.2
10.04 	 -0.199203
10.08 	 -0.198413
10.12 	 -0.197628
10.16 	 -0.19685
10.2 	 -0.196078
10.24 	 -0.195312
10.28 	 -0.194553
10.32 	 -0.193798
10.36 	 -0.19305
10.4 	 -0.192308
10.44 	 -0.191571
10.48 	 -0.19084
10.52 	 -0.190114
10.56 	 -0.189394
10.6 	 -0.188679
10.64 	 -0.18797
10.68 	 -0.187266
10.72 	 -0.186567
10.76 	 -0.185874
10.8 	 -0.185185
10.84 	 -0.184502
10.88 	 -0.183824
10.92 	 -0.18315
10.96 	 -0.182482
11 	 -0.181818
11.04 	 -0.181159
11.08 	 -0.180505
11.12 	 -0.179856
11.16 	 -0.179211
11.2 	 -0.178571
11.24 	 -0.177936
11.28 	 -0.177305
11.32 	 -0.176678
11.36 	 -0.176056
11.4 	 -0.175439
11.44 	 -0.174825
11.48 	 -0.174216
11.52 	 -0.173611
11.56 	 -0.17301
11.6 	 -0.172414
11.64 	 -0.171821
11.68 	 -0.171233
11.72 	 -0.170648
11.76 	 -0.170068
11.8 	 -0.169492
11.84 	 -0.168919
11.88 	 -0.16835
11.92 	 -0.167785
11.96 	 -0.167224
12 	 -0.166667
12.04 	 -0.166113
12.08 	 -0.165563
12.12 	 -0.165017
12.16 	 -0.164474
12.2 	 -0.163934
12.24 	 -0.163399
12.28 	 -0.162866
12.32 	 -0.162338
12.36 	 -0.161812
12.4 	 -0.16129
12.44 	 -0.160772
12.48 	 -0.160256
12.52 	 -0.159744
12.56 	 -0.159236
12.6 	 -0.15873
12.64 	 -0.158228
12.68 	 -0.157729
12.72 	 -0.157233
12.76 	 -0.15674
12.8 	 -0.15625
12.84 	 -0.155763
12.88 	 -0.15528
12.92 	 -0.154799
12.96 	 -0.154321
13 	 -0.153846
13.04 	 -0.153374
13.08 	 -0.152905
13.12 	 -0.152439
13.16 	 -0.151976
13.2 	 -0.151515
13.24 	 -0.151057
13.28 	 -0.150602
13.32 	 -0.15015
13.36 	 -0.149701
13.4 	 -0.149254
13.44 	 -0.14881
13.48 	 -0.148368
13.52 	 -0.147929
13.56 	 -0.147493
13.6 	 -0.147059
13.64 	 -0.146628
13.68 	 -0.146199
13.72 	 -0.145773
13.76 	 -0.145349
13.8 	 -0.144928
13.84 	 -0.144509
13.88 	 -0.144092
13.92 	 -0.143678
13.96 	 -0.143266
14 	 -0.142857
14.04 	 -0.14245
14.08 	 -0.142045
14.12 	 -0.141643
14.16 	 -0.141243
14.2 	 -0.140845
14.24 	 -0.140449
14.28 	 -0.140056
14.32 	 -0.139665
14.36 	 -0.139276
14.4 	 -0.138889
14.44 	 -0.138504
14.48 	 -0.138122
14.52 	 -0.137741
14.56 	 -0.137363
14.6 	 -0.136986
14.64 	 -0.136612
14.68 	 -0.13624
14.72 	 -0.13587
14.76 	 -0.135501
14.8 	 -0.135135
14.84 	 -0.134771
14.88 	 -0.134409
14.92 	 -0.134048
14.96 	 -0.13369
15 	 -0.133333
15.04 	 -0.132979
15.08 	 -0.132626
15.12 	 -0.132275
15.16 	 -0.131926
15.2 	 -0.131579
15.24 	 -0.131234
15.28 	 -0.13089
15.32 	 -0.130548
15.36 	 -0.130208
15.4 	 -0.12987
15.44 	 -0.129534
15.48 	 -0.129199
15.52 	 -0.128866
15.56 	 -0.128535
15.6 	 -0.128205
15.64 	 -0.127877
15.68 	 -0.127551
15.72 	 -0.127226
15.76 	 -0.126904
15.8 	 -0.126582
15.84 	 -0.126263
15.88 	 -0.125945
15.92 	 -0.125628
15.96 	 -0.125313
16 	 -0.125
16.04 	 -0.124688
16.08 	 -0.124378
16.12 	 -0.124069
16.16 	 -0.123762
16.2 	 -0.123457
16.24 	 -0.123153
16.28 	 -0.12285
16.32 	 -0.122549
16.36 	 -0.122249
16.4 	 -0.121951
16.44 	 -0.121655
16.48 	 -0.121359
16.52 	 -0.121065
16.56 	 -0.120773
16.6 	 -0.120482
16.64 	 -0.120192
16.68 	 -0.119904
16.72 	 -0.119617
16.76 	 -0.119332
16.8 	 -0.119048
16.84 	 -0.118765
16.88 	 -0.118483
16.92 	 -0.118203
16.96 	 -0.117925
17 	 -0.117647
17.04 	 -0.117371
17.08 	 -0.117096
17.12 	 -0.116822
17.16 	 -0.11655
17.2 	 -0.116279
17.24 	 -0.116009
17.28 	 -0.115741
17.32 	 -0.115473
17.36 	 -0.115207
17.4 	 -0.114943
17.44 	 -0.114679
17.48 	 -0.114416
17.52 	 -0.114155
17.56 	 -0.113895
17.6 	 -0.113636
17.64 	 -0.113379
17.68 	 -0.113122
17.72 	 -0.112867
17.76 	 -0.112613
17.8 	 -0.11236
17.84 	 -0.112108
17.88 	 -0.111857
17.92 	 -0.111607
17.96 	 -0.111359
18 	 -0.111111
18.04 	 -0.110865
18.08 	 -0.110619
18.12 	 -0.110375
18.16 	 -0.110132
18.2 	 -0.10989
18.24 	 -0.109649
18.28 	 -0.109409
18.32 	 -0.10917
18.36 	 -0.108932
18.4 	 -0.108696
18.44 	 -0.10846
18.48 	 -0.108225
18.52 	 -0.107991
18.56 	 -0.107759
18.6 	 -0.107527
18.64 	 -0.107296
18.68 	 -0.107066
18.72 	 -0.106838
18.76 	 -0.10661
18.8 	 -0.106383
18.84 	 -0.106157
18.88 	 -0.105932
18.92 	 -0.105708
18.96 	 -0.105485
19 	 -0.105263
19.04 	 -0.105042
19.08 	 -0.104822
19.12 	 -0.104603
19.16 	 -0.104384
19.2 	 -0.104167
19.24 	 -0.10395
19.28 	 -0.103734
19.32 	 -0.10352
19.36 	 -0.103306
19.4 	 -0.103093
19.44 	 -0.102881
19.48 	 -0.102669
19.52 	 -0.102459
19.56 	 -0.102249
19.6 	 -0.102041
19.64 	 -0.101833
19.68 	 -0.101626
19.72 	 -0.10142
19.76 	 -0.101215
19.8 	 -0.10101
19.84 	 -0.100806
19.88 	 -0.100604
19.92 	 -0.100402
19.96 	 -0.1002
