0 	 0.278797 	 -0.168837
0.015 	 0.278794 	 -0.168824
0.03 	 0.278785 	 -0.168811
0.045 	 0.278769 	 -0.168798
0.06 	 0.278755 	 -0.168785
0.075 	 0.278738 	 -0.168771
0.09 	 0.278718 	 -0.168757
0.105 	 0.278697 	 -0.168743
0.12 	 0.278673 	 -0.168729
0.135 	 0.278647 	 -0.168715
0.15 	 0.278618 	 -0.1687
0.165 	 0.278607 	 -0.1687
0.18 	 0.278555 	 -0.16867
0.195 	 0.27852 	 -0.168655
0.21 	 0.278483 	 -0.168639
0.225 	 0.278464 	 -0.168639
0.24 	 0.278403 	 -0.168608
0.255 	 0.278359 	 -0.168592
0.27 	 0.278314 	 -0.168575
0.285 	 0.278266 	 -0.168558
0.3 	 0.278216 	 -0.168542
0.315 	 0.278165 	 -0.168524
0.33 	 0.278131 	 -0.168524
0.345 	 0.278055 	 -0.168489
0.36 	 0.277996 	 -0.168471
0.375 	 0.277936 	 -0.168453
0.39 	 0.277874 	 -0.168435
0.405 	 0.277809 	 -0.168416
0.42 	 0.277743 	 -0.168397
0.435 	 0.277674 	 -0.168378
0.45 	 0.277624 	 -0.168378
0.465 	 0.27753 	 -0.168338
0.48 	 0.277455 	 -0.168318
0.495 	 0.277378 	 -0.168298
0.51 	 0.277299 	 -0.168277
0.525 	 0.277218 	 -0.168256
0.54 	 0.277134 	 -0.168235
0.555 	 0.277049 	 -0.168213
0.57 	 0.276961 	 -0.168191
0.585 	 0.276872 	 -0.168169
0.6 	 0.27678 	 -0.168146
0.615 	 0.276686 	 -0.168123
0.63 	 0.276591 	 -0.1681
0.645 	 0.276493 	 -0.168077
0.66 	 0.276414 	 -0.168077
0.675 	 0.276291 	 -0.168028
0.69 	 0.276187 	 -0.168004
0.705 	 0.276081 	 -0.167979
0.72 	 0.275972 	 -0.167954
0.735 	 0.275862 	 -0.167928
0.75 	 0.27575 	 -0.167902
0.765 	 0.275635 	 -0.167875
0.78 	 0.275519 	 -0.167849
0.795 	 0.2754 	 -0.167821
0.81 	 0.27528 	 -0.167794
0.825 	 0.275157 	 -0.167766
0.84 	 0.275033 	 -0.167737
0.855 	 0.274906 	 -0.167709
0.87 	 0.274777 	 -0.167679
0.885 	 0.274647 	 -0.16765
0.9 	 0.274535 	 -0.16765
0.915 	 0.274379 	 -0.167589
0.93 	 0.274242 	 -0.167558
0.945 	 0.274103 	 -0.167527
0.96 	 0.273963 	 -0.167495
0.975 	 0.27382 	 -0.167463
0.99 	 0.273675 	 -0.16743
1.005 	 0.273528 	 -0.167397
1.02 	 0.273379 	 -0.167363
1.035 	 0.273228 	 -0.167329
1.05 	 0.273075 	 -0.167295
1.065 	 0.27292 	 -0.16726
1.08 	 0.272763 	 -0.167224
1.095 	 0.272604 	 -0.167188
1.11 	 0.272443 	 -0.167151
1.125 	 0.27228 	 -0.167114
1.14 	 0.272115 	 -0.167077
1.155 	 0.271948 	 -0.167038
1.17 	 0.27178 	 -0.167
1.185 	 0.271609 	 -0.166961
1.2 	 0.271436 	 -0.166921
1.215 	 0.271261 	 -0.16688
1.23 	 0.271084 	 -0.16684
1.245 	 0.270906 	 -0.166798
1.26 	 0.270725 	 -0.166756
1.275 	 0.270542 	 -0.166713
1.29 	 0.270358 	 -0.16667
1.305 	 0.270171 	 -0.166626
1.32 	 0.270003 	 -0.166626
1.335 	 0.269792 	 -0.166537
1.35 	 0.2696 	 -0.166491
1.365 	 0.269405 	 -0.166445
1.38 	 0.269209 	 -0.166398
1.395 	 0.269011 	 -0.16635
1.41 	 0.268811 	 -0.166302
1.425 	 0.268609 	 -0.166253
1.44 	 0.268405 	 -0.166204
1.455 	 0.268199 	 -0.166153
1.47 	 0.267991 	 -0.166102
1.485 	 0.267782 	 -0.166051
1.5 	 0.26757 	 -0.165998
1.515 	 0.267357 	 -0.165945
1.53 	 0.267141 	 -0.165891
1.545 	 0.266924 	 -0.165837
1.56 	 0.266705 	 -0.165782
1.575 	 0.266484 	 -0.165726
1.59 	 0.266261 	 -0.165669
1.605 	 0.266037 	 -0.165611
1.62 	 0.26581 	 -0.165553
1.635 	 0.265582 	 -0.165494
1.65 	 0.265351 	 -0.165434
1.665 	 0.265119 	 -0.165373
1.68 	 0.264885 	 -0.165312
1.695 	 0.26465 	 -0.16525
1.71 	 0.264412 	 -0.165186
1.725 	 0.264173 	 -0.165122
1.74 	 0.263931 	 -0.165058
1.755 	 0.263688 	 -0.164992
1.77 	 0.263444 	 -0.164925
1.785 	 0.263197 	 -0.164858
1.8 	 0.262968 	 -0.164858
1.815 	 0.262698 	 -0.16472
1.83 	 0.262446 	 -0.16465
1.845 	 0.262192 	 -0.164579
1.86 	 0.261937 	 -0.164507
1.875 	 0.26168 	 -0.164434
1.89 	 0.261421 	 -0.16436
1.905 	 0.26116 	 -0.164285
1.92 	 0.260897 	 -0.16421
1.935 	 0.260633 	 -0.164133
1.95 	 0.260367 	 -0.164055
1.965 	 0.260099 	 -0.163976
1.98 	 0.25983 	 -0.163897
1.995 	 0.259559 	 -0.163816
2.01 	 0.259286 	 -0.163734
2.025 	 0.259011 	 -0.163651
2.04 	 0.258735 	 -0.163567
2.055 	 0.258457 	 -0.163482
2.07 	 0.258177 	 -0.163396
2.085 	 0.257896 	 -0.163309
2.1 	 0.257613 	 -0.16322
2.115 	 0.257329 	 -0.163131
2.13 	 0.257042 	 -0.163041
2.145 	 0.256754 	 -0.162949
2.16 	 0.256465 	 -0.162856
2.175 	 0.256174 	 -0.162762
2.19 	 0.255881 	 -0.162667
2.205 	 0.255587 	 -0.162571
2.22 	 0.255291 	 -0.162473
2.235 	 0.254993 	 -0.162375
2.25 	 0.254694 	 -0.162275
2.265 	 0.254394 	 -0.162174
2.28 	 0.254091 	 -0.162072
2.295 	 0.253787 	 -0.161968
2.31 	 0.253482 	 -0.161863
2.325 	 0.253175 	 -0.161757
2.34 	 0.252867 	 -0.16165
2.355 	 0.252557 	 -0.161541
2.37 	 0.252245 	 -0.161431
2.385 	 0.251932 	 -0.16132
2.4 	 0.251618 	 -0.161208
2.415 	 0.251302 	 -0.161094
2.43 	 0.250985 	 -0.160978
2.445 	 0.250666 	 -0.160862
2.46 	 0.250345 	 -0.160744
2.475 	 0.250024 	 -0.160625
2.49 	 0.2497 	 -0.160504
2.505 	 0.249376 	 -0.160382
2.52 	 0.24905 	 -0.160258
2.535 	 0.248722 	 -0.160134
2.55 	 0.248393 	 -0.160007
2.565 	 0.248063 	 -0.159879
2.58 	 0.247732 	 -0.15975
2.595 	 0.247399 	 -0.15962
2.61 	 0.247064 	 -0.159487
2.625 	 0.246729 	 -0.159354
2.64 	 0.246407 	 -0.159354
2.655 	 0.246053 	 -0.159082
2.67 	 0.245713 	 -0.158944
2.685 	 0.245372 	 -0.158804
2.7 	 0.24503 	 -0.158663
2.715 	 0.244687 	 -0.15852
2.73 	 0.244342 	 -0.158376
2.745 	 0.243996 	 -0.15823
2.76 	 0.243648 	 -0.158083
2.775 	 0.2433 	 -0.157934
2.79 	 0.24295 	 -0.157783
2.805 	 0.242599 	 -0.157631
2.82 	 0.242247 	 -0.157477
2.835 	 0.241893 	 -0.157322
2.85 	 0.241539 	 -0.157165
2.865 	 0.241183 	 -0.157006
2.88 	 0.240826 	 -0.156846
2.895 	 0.240468 	 -0.156684
2.91 	 0.240109 	 -0.15652
2.925 	 0.239749 	 -0.156355
2.94 	 0.239387 	 -0.156188
2.955 	 0.239025 	 -0.156019
2.97 	 0.238661 	 -0.155849
2.985 	 0.238296 	 -0.155677
3 	 0.237931 	 -0.155503
3.015 	 0.237564 	 -0.155328
3.03 	 0.237196 	 -0.155151
3.045 	 0.236827 	 -0.154972
3.06 	 0.236458 	 -0.154791
3.075 	 0.236087 	 -0.154609
3.09 	 0.235715 	 -0.154425
3.105 	 0.235342 	 -0.154239
3.12 	 0.234968 	 -0.154051
3.135 	 0.234594 	 -0.153862
3.15 	 0.234218 	 -0.153671
3.165 	 0.233842 	 -0.153478
3.18 	 0.233464 	 -0.153283
3.195 	 0.233086 	 -0.153087
3.21 	 0.232707 	 -0.152889
3.225 	 0.232327 	 -0.152689
3.24 	 0.231946 	 -0.152487
3.255 	 0.231564 	 -0.152283
3.27 	 0.231182 	 -0.152078
3.285 	 0.230798 	 -0.151871
3.3 	 0.230414 	 -0.151662
3.315 	 0.230029 	 -0.151451
3.33 	 0.229643 	 -0.151239
3.345 	 0.229257 	 -0.151024
3.36 	 0.22887 	 -0.150808
3.375 	 0.228482 	 -0.15059
3.39 	 0.228093 	 -0.15037
3.405 	 0.227704 	 -0.150149
3.42 	 0.227314 	 -0.149925
3.435 	 0.226923 	 -0.1497
3.45 	 0.226532 	 -0.149473
3.465 	 0.22614 	 -0.149244
3.48 	 0.225747 	 -0.149013
3.495 	 0.225354 	 -0.148781
3.51 	 0.22496 	 -0.148546
3.525 	 0.224566 	 -0.14831
3.54 	 0.224171 	 -0.148073
3.555 	 0.223775 	 -0.147833
3.57 	 0.223379 	 -0.147591
3.585 	 0.222982 	 -0.147348
3.6 	 0.222593 	 -0.147348
3.615 	 0.222187 	 -0.146856
3.63 	 0.221789 	 -0.146607
3.645 	 0.221391 	 -0.146357
3.66 	 0.220992 	 -0.146105
3.675 	 0.220592 	 -0.145851
3.69 	 0.220192 	 -0.145595
3.705 	 0.219792 	 -0.145338
3.72 	 0.219391 	 -0.145079
3.735 	 0.21899 	 -0.144818
3.75 	 0.218588 	 -0.144555
3.765 	 0.218186 	 -0.14429
3.78 	 0.217784 	 -0.144024
3.795 	 0.217381 	 -0.143757
3.81 	 0.216979 	 -0.143487
3.825 	 0.216575 	 -0.143216
3.84 	 0.216172 	 -0.142943
3.855 	 0.215768 	 -0.142668
3.87 	 0.215364 	 -0.142392
3.885 	 0.21496 	 -0.142114
3.9 	 0.214555 	 -0.141834
3.915 	 0.214151 	 -0.141553
3.93 	 0.213746 	 -0.14127
3.945 	 0.21334 	 -0.140986
3.96 	 0.212935 	 -0.1407
3.975 	 0.21253 	 -0.140412
3.99 	 0.212124 	 -0.140123
4.005 	 0.211718 	 -0.139832
4.02 	 0.211312 	 -0.139539
4.035 	 0.210906 	 -0.139245
4.05 	 0.2105 	 -0.13895
4.065 	 0.210094 	 -0.138653
4.08 	 0.209688 	 -0.138354
4.095 	 0.209282 	 -0.138054
4.11 	 0.208875 	 -0.137753
4.125 	 0.208469 	 -0.13745
4.14 	 0.208062 	 -0.137146
4.155 	 0.207656 	 -0.13684
4.17 	 0.20725 	 -0.136532
4.185 	 0.206843 	 -0.136224
4.2 	 0.206437 	 -0.135914
4.215 	 0.206031 	 -0.135602
4.23 	 0.205624 	 -0.135289
4.245 	 0.205218 	 -0.134975
4.26 	 0.204812 	 -0.13466
4.275 	 0.204406 	 -0.134343
4.29 	 0.204 	 -0.134025
4.305 	 0.203595 	 -0.133706
4.32 	 0.203189 	 -0.133385
4.335 	 0.202784 	 -0.133063
4.35 	 0.202378 	 -0.13274
4.365 	 0.201973 	 -0.132416
4.38 	 0.201568 	 -0.132091
4.395 	 0.201163 	 -0.131764
4.41 	 0.200759 	 -0.131436
4.425 	 0.200355 	 -0.131107
4.44 	 0.199951 	 -0.130777
4.455 	 0.199547 	 -0.130446
4.47 	 0.199143 	 -0.130114
4.485 	 0.19874 	 -0.129781
4.5 	 0.198337 	 -0.129446
4.515 	 0.197934 	 -0.129111
4.53 	 0.197532 	 -0.128775
4.545 	 0.19713 	 -0.128438
4.56 	 0.196728 	 -0.128099
4.575 	 0.196326 	 -0.12776
4.59 	 0.195925 	 -0.12742
4.605 	 0.195525 	 -0.127079
4.62 	 0.195124 	 -0.126737
4.635 	 0.194724 	 -0.126394
4.65 	 0.194324 	 -0.126051
4.665 	 0.193925 	 -0.125706
4.68 	 0.193526 	 -0.125361
4.695 	 0.193129 	 -0.125361
4.71 	 0.19273 	 -0.124668
4.725 	 0.192333 	 -0.124321
4.74 	 0.191935 	 -0.123973
4.755 	 0.191539 	 -0.123624
4.77 	 0.191143 	 -0.123274
4.785 	 0.190747 	 -0.122924
4.8 	 0.190352 	 -0.122573
4.815 	 0.189957 	 -0.122221
4.83 	 0.189563 	 -0.121869
4.845 	 0.189169 	 -0.121516
4.86 	 0.188776 	 -0.121163
4.875 	 0.188383 	 -0.120809
4.89 	 0.187991 	 -0.120455
4.905 	 0.1876 	 -0.1201
4.92 	 0.187209 	 -0.119744
4.935 	 0.186818 	 -0.119389
4.95 	 0.186428 	 -0.119032
4.965 	 0.186039 	 -0.118676
4.98 	 0.18565 	 -0.118319
4.995 	 0.185262 	 -0.117961
5.01 	 0.184875 	 -0.117603
5.025 	 0.184488 	 -0.117245
5.04 	 0.184102 	 -0.116887
5.055 	 0.183716 	 -0.116528
5.07 	 0.183331 	 -0.116169
5.085 	 0.182947 	 -0.115809
5.1 	 0.182563 	 -0.11545
5.115 	 0.18218 	 -0.11509
5.13 	 0.181798 	 -0.11473
5.145 	 0.181416 	 -0.114369
5.16 	 0.181035 	 -0.114009
5.175 	 0.180654 	 -0.113648
5.19 	 0.180275 	 -0.113287
5.205 	 0.179896 	 -0.112927
5.22 	 0.179518 	 -0.112566
5.235 	 0.17914 	 -0.112204
5.25 	 0.178763 	 -0.111843
5.265 	 0.178387 	 -0.111482
5.28 	 0.178011 	 -0.111482
5.295 	 0.177637 	 -0.11076
5.31 	 0.177263 	 -0.110398
5.325 	 0.17689 	 -0.110037
5.34 	 0.176517 	 -0.109676
5.355 	 0.176146 	 -0.109315
5.37 	 0.175775 	 -0.108954
5.385 	 0.175405 	 -0.108593
5.4 	 0.175035 	 -0.108232
5.415 	 0.174667 	 -0.107871
5.43 	 0.174299 	 -0.10751
5.445 	 0.173932 	 -0.10715
5.46 	 0.173566 	 -0.10679
5.475 	 0.1732 	 -0.106429
5.49 	 0.172836 	 -0.106069
5.505 	 0.172472 	 -0.10571
5.52 	 0.172109 	 -0.10535
5.535 	 0.171746 	 -0.104991
5.55 	 0.171385 	 -0.104632
5.565 	 0.171024 	 -0.104273
5.58 	 0.170665 	 -0.103914
5.595 	 0.170306 	 -0.103556
5.61 	 0.169948 	 -0.103198
5.625 	 0.16959 	 -0.102841
5.64 	 0.169234 	 -0.102483
5.655 	 0.168877 	 -0.102483
5.67 	 0.168524 	 -0.10177
5.685 	 0.16817 	 -0.101414
5.7 	 0.167817 	 -0.101058
5.715 	 0.167464 	 -0.100702
5.73 	 0.167113 	 -0.100347
5.745 	 0.166762 	 -0.0999928
5.76 	 0.166413 	 -0.0996386
5.775 	 0.166064 	 -0.0992849
5.79 	 0.165716 	 -0.0989317
5.805 	 0.165369 	 -0.0985789
5.82 	 0.165023 	 -0.0982266
5.835 	 0.164678 	 -0.0978747
5.85 	 0.164333 	 -0.0975234
5.865 	 0.16399 	 -0.0971726
5.88 	 0.163647 	 -0.0968223
5.895 	 0.163305 	 -0.0964726
5.91 	 0.162964 	 -0.0961233
5.925 	 0.162624 	 -0.0957747
5.94 	 0.162285 	 -0.0954266
5.955 	 0.161947 	 -0.095079
5.97 	 0.16161 	 -0.0947321
5.985 	 0.161273 	 -0.0943857
6 	 0.160938 	 -0.09404
6.015 	 0.160603 	 -0.0936948
6.03 	 0.160269 	 -0.0933503
6.045 	 0.159936 	 -0.0930063
6.06 	 0.159604 	 -0.092663
6.075 	 0.159273 	 -0.0923204
6.09 	 0.158943 	 -0.0919784
6.105 	 0.158614 	 -0.0916371
6.12 	 0.158286 	 -0.0912964
6.135 	 0.157958 	 -0.0909564
6.15 	 0.157632 	 -0.0906171
6.165 	 0.157306 	 -0.0902784
6.18 	 0.156981 	 -0.0899405
6.195 	 0.156657 	 -0.0896033
6.21 	 0.156334 	 -0.0892667
6.225 	 0.156012 	 -0.0889309
6.24 	 0.155691 	 -0.0885958
6.255 	 0.155371 	 -0.0882615
6.27 	 0.155052 	 -0.0879278
6.285 	 0.154733 	 -0.087595
6.3 	 0.154416 	 -0.0872628
6.315 	 0.154099 	 -0.0869314
6.33 	 0.153784 	 -0.0866008
6.345 	 0.153469 	 -0.0862709
6.36 	 0.153155 	 -0.0859418
6.375 	 0.152842 	 -0.0856135
6.39 	 0.15253 	 -0.0852859
6.405 	 0.152219 	 -0.0849592
6.42 	 0.151909 	 -0.0846332
6.435 	 0.1516 	 -0.084308
6.45 	 0.151291 	 -0.0839836
6.465 	 0.150984 	 -0.0836601
6.48 	 0.150677 	 -0.0833373
6.495 	 0.150371 	 -0.0830153
6.51 	 0.150067 	 -0.0826942
6.525 	 0.149763 	 -0.0823738
6.54 	 0.14946 	 -0.0820543
6.555 	 0.149158 	 -0.0817357
6.57 	 0.148856 	 -0.0814178
6.585 	 0.148556 	 -0.0811008
6.6 	 0.148257 	 -0.0807846
6.615 	 0.147957 	 -0.0807846
6.63 	 0.147661 	 -0.0801548
6.645 	 0.147364 	 -0.0798411
6.66 	 0.147068 	 -0.0795284
6.675 	 0.146773 	 -0.0792164
6.69 	 0.146479 	 -0.0789053
6.705 	 0.146186 	 -0.0785951
6.72 	 0.145894 	 -0.0782857
6.735 	 0.145603 	 -0.0779772
6.75 	 0.145312 	 -0.0776696
6.765 	 0.145023 	 -0.0773628
6.78 	 0.144734 	 -0.0770569
6.795 	 0.144446 	 -0.0767519
6.81 	 0.14416 	 -0.0764478
6.825 	 0.143874 	 -0.0761445
6.84 	 0.143588 	 -0.0758421
6.855 	 0.143304 	 -0.0755406
6.87 	 0.143021 	 -0.07524
6.885 	 0.142738 	 -0.0749402
6.9 	 0.142457 	 -0.0746414
6.915 	 0.142176 	 -0.0743434
6.93 	 0.141896 	 -0.0740463
6.945 	 0.141617 	 -0.0737501
6.96 	 0.141339 	 -0.0734548
6.975 	 0.141062 	 -0.0731604
6.99 	 0.140785 	 -0.0728668
7.005 	 0.14051 	 -0.0725742
7.02 	 0.140235 	 -0.0722825
7.035 	 0.139961 	 -0.0719916
7.05 	 0.139688 	 -0.0717017
7.065 	 0.139416 	 -0.0714126
7.08 	 0.139145 	 -0.0711245
7.095 	 0.138874 	 -0.0708372
7.11 	 0.138605 	 -0.0705509
7.125 	 0.138336 	 -0.0702654
7.14 	 0.138068 	 -0.0699809
7.155 	 0.137801 	 -0.0696972
7.17 	 0.137535 	 -0.0694145
7.185 	 0.13727 	 -0.0691326
7.2 	 0.137004 	 -0.0691326
7.215 	 0.136742 	 -0.0685716
7.23 	 0.136479 	 -0.0682924
7.245 	 0.136217 	 -0.0680142
7.26 	 0.135956 	 -0.0677368
7.275 	 0.135695 	 -0.0674603
7.29 	 0.135436 	 -0.0671848
7.305 	 0.135177 	 -0.0669101
7.32 	 0.134919 	 -0.0666364
7.335 	 0.134662 	 -0.0663635
7.35 	 0.134406 	 -0.0660915
7.365 	 0.13415 	 -0.0658205
7.38 	 0.133896 	 -0.0655503
7.395 	 0.133642 	 -0.065281
7.41 	 0.133389 	 -0.0650127
7.425 	 0.133137 	 -0.0647452
7.44 	 0.132885 	 -0.0644786
7.455 	 0.132635 	 -0.0642129
7.47 	 0.132385 	 -0.0639481
7.485 	 0.132136 	 -0.0636842
7.5 	 0.131888 	 -0.0634212
7.515 	 0.131641 	 -0.0631591
7.53 	 0.131394 	 -0.0628978
7.545 	 0.131148 	 -0.0626375
7.56 	 0.130903 	 -0.062378
7.575 	 0.130658 	 -0.062378
7.59 	 0.130415 	 -0.0618618
7.605 	 0.130173 	 -0.061605
7.62 	 0.129931 	 -0.0613491
7.635 	 0.12969 	 -0.0610941
7.65 	 0.129449 	 -0.0608399
7.665 	 0.12921 	 -0.0605867
7.68 	 0.128971 	 -0.0603343
7.695 	 0.128733 	 -0.0600828
7.71 	 0.128495 	 -0.0598321
7.725 	 0.128259 	 -0.0595824
7.74 	 0.128023 	 -0.0593335
7.755 	 0.127788 	 -0.0590855
7.77 	 0.127554 	 -0.0588384
7.785 	 0.12732 	 -0.0585921
7.8 	 0.127087 	 -0.0583467
7.815 	 0.126855 	 -0.0581022
7.83 	 0.126624 	 -0.0578585
7.845 	 0.126393 	 -0.0576157
7.86 	 0.126163 	 -0.0573738
7.875 	 0.125934 	 -0.0571327
7.89 	 0.125706 	 -0.0568925
7.905 	 0.125478 	 -0.0566532
7.92 	 0.125251 	 -0.0564147
7.935 	 0.125025 	 -0.056177
7.95 	 0.1248 	 -0.0559402
7.965 	 0.124575 	 -0.0557043
7.98 	 0.124351 	 -0.0554692
7.995 	 0.124127 	 -0.055235
8.01 	 0.123905 	 -0.0550016
8.025 	 0.123683 	 -0.054769
8.04 	 0.123462 	 -0.0545373
8.055 	 0.123241 	 -0.0543065
8.07 	 0.123021 	 -0.0540765
8.085 	 0.122802 	 -0.0538473
8.1 	 0.122584 	 -0.0536189
8.115 	 0.122366 	 -0.0533914
8.13 	 0.122149 	 -0.0531647
8.145 	 0.121933 	 -0.0529389
8.16 	 0.121717 	 -0.0527139
8.175 	 0.121502 	 -0.0524897
8.19 	 0.121288 	 -0.0522663
8.205 	 0.121075 	 -0.0520437
8.22 	 0.120862 	 -0.051822
8.235 	 0.120649 	 -0.0516011
8.25 	 0.120438 	 -0.051381
8.265 	 0.120227 	 -0.0511617
8.28 	 0.120017 	 -0.0509433
8.295 	 0.119807 	 -0.0507256
8.31 	 0.119598 	 -0.0505088
8.325 	 0.11939 	 -0.0502928
8.34 	 0.119182 	 -0.0500775
8.355 	 0.118976 	 -0.0498631
8.37 	 0.118769 	 -0.0496495
8.385 	 0.118564 	 -0.0494367
8.4 	 0.118359 	 -0.0492246
8.415 	 0.118154 	 -0.0490134
8.43 	 0.117951 	 -0.048803
8.445 	 0.117748 	 -0.0485933
8.46 	 0.117545 	 -0.0483845
8.475 	 0.117344 	 -0.0481764
8.49 	 0.117142 	 -0.0479691
8.505 	 0.116942 	 -0.0477626
8.52 	 0.116742 	 -0.0475569
8.535 	 0.116543 	 -0.047352
8.55 	 0.116344 	 -0.0471478
8.565 	 0.116146 	 -0.0469444
8.58 	 0.115949 	 -0.0467418
8.595 	 0.115752 	 -0.04654
8.61 	 0.115556 	 -0.0463389
8.625 	 0.115361 	 -0.0461386
8.64 	 0.115166 	 -0.045939
8.655 	 0.114971 	 -0.0457402
8.67 	 0.114778 	 -0.0455422
8.685 	 0.114585 	 -0.045345
8.7 	 0.114392 	 -0.0451485
8.715 	 0.1142 	 -0.0449527
8.73 	 0.114009 	 -0.0447577
8.745 	 0.113818 	 -0.0445634
8.76 	 0.113628 	 -0.0443699
8.775 	 0.113439 	 -0.0441772
8.79 	 0.11325 	 -0.0439852
8.805 	 0.113062 	 -0.0437939
8.82 	 0.112874 	 -0.0436034
8.835 	 0.112687 	 -0.0434136
8.85 	 0.1125 	 -0.0432245
8.865 	 0.112314 	 -0.0430362
8.88 	 0.112129 	 -0.0428485
8.895 	 0.111944 	 -0.0426617
8.91 	 0.111759 	 -0.0424755
8.925 	 0.111576 	 -0.0422901
8.94 	 0.111393 	 -0.0421054
8.955 	 0.11121 	 -0.0419214
8.97 	 0.111028 	 -0.0417382
8.985 	 0.110846 	 -0.0415556
9 	 0.110666 	 -0.0413738
9.015 	 0.110485 	 -0.0413738
9.03 	 0.110305 	 -0.0410122
9.045 	 0.110126 	 -0.0408325
9.06 	 0.109947 	 -0.0406535
9.075 	 0.109769 	 -0.0404752
9.09 	 0.109592 	 -0.0402976
9.105 	 0.109415 	 -0.0401207
9.12 	 0.109238 	 -0.0399445
9.135 	 0.109062 	 -0.039769
9.15 	 0.108887 	 -0.0395942
9.165 	 0.108712 	 -0.03942
9.18 	 0.108537 	 -0.0392466
9.195 	 0.108363 	 -0.0390738
9.21 	 0.10819 	 -0.0389017
9.225 	 0.108017 	 -0.0387303
9.24 	 0.107845 	 -0.0385596
9.255 	 0.107673 	 -0.0383896
9.27 	 0.107502 	 -0.0382202
9.285 	 0.107331 	 -0.0380515
9.3 	 0.107161 	 -0.0378835
9.315 	 0.106991 	 -0.0377162
9.33 	 0.106822 	 -0.0375495
9.345 	 0.106653 	 -0.0373835
9.36 	 0.106485 	 -0.0372181
9.375 	 0.106317 	 -0.0370534
9.39 	 0.10615 	 -0.0370534
9.405 	 0.105984 	 -0.036726
9.42 	 0.105817 	 -0.0365632
9.435 	 0.105652 	 -0.0364011
9.45 	 0.105486 	 -0.0362397
9.465 	 0.105322 	 -0.0360789
9.48 	 0.105158 	 -0.0359188
9.495 	 0.104994 	 -0.0357593
9.51 	 0.104831 	 -0.0356004
9.525 	 0.104668 	 -0.0354422
9.54 	 0.104506 	 -0.0352846
9.555 	 0.104344 	 -0.0351277
9.57 	 0.104183 	 -0.0349714
9.585 	 0.104022 	 -0.0348157
9.6 	 0.103861 	 -0.0346606
9.615 	 0.103702 	 -0.0345062
9.63 	 0.103542 	 -0.0343524
9.645 	 0.103383 	 -0.0341992
9.66 	 0.103225 	 -0.0340467
9.675 	 0.103067 	 -0.0338947
9.69 	 0.102909 	 -0.0337434
9.705 	 0.102752 	 -0.0335927
9.72 	 0.102596 	 -0.0334426
9.735 	 0.102439 	 -0.0332931
9.75 	 0.102284 	 -0.0331442
9.765 	 0.102129 	 -0.032996
9.78 	 0.101974 	 -0.0328483
9.795 	 0.101819 	 -0.0327012
9.81 	 0.101666 	 -0.0325547
9.825 	 0.101512 	 -0.0324089
9.84 	 0.101359 	 -0.0322636
9.855 	 0.101207 	 -0.0321189
9.87 	 0.101055 	 -0.0319748
9.885 	 0.100903 	 -0.0318313
9.9 	 0.100752 	 -0.0316884
9.915 	 0.100601 	 -0.0315461
9.93 	 0.100451 	 -0.0314043
9.945 	 0.100301 	 -0.0312632
9.96 	 0.100151 	 -0.0311226
9.975 	 0.100002 	 -0.0309826
9.99 	 0.0998535 	 -0.0308432
10.005 	 0.0997053 	 -0.0307043
10.02 	 0.0995576 	 -0.030566
10.035 	 0.0994102 	 -0.0304283
10.05 	 0.0992633 	 -0.0302912
10.065 	 0.0991168 	 -0.0301546
10.08 	 0.0989708 	 -0.0300186
10.095 	 0.0988251 	 -0.0298831
10.11 	 0.0986799 	 -0.0297483
10.125 	 0.0985351 	 -0.0296139
10.14 	 0.0983906 	 -0.0294801
10.155 	 0.0982466 	 -0.0293469
10.17 	 0.098103 	 -0.0292143
10.185 	 0.0979599 	 -0.0290821
10.2 	 0.0978171 	 -0.0289506
10.215 	 0.0976747 	 -0.0288195
10.23 	 0.0975327 	 -0.0286891
10.245 	 0.0973912 	 -0.0285591
10.26 	 0.09725 	 -0.0284297
10.275 	 0.0971092 	 -0.0283009
10.29 	 0.0969688 	 -0.0281726
10.305 	 0.0968289 	 -0.0280448
10.32 	 0.0966893 	 -0.0279175
10.335 	 0.0965501 	 -0.0277908
10.35 	 0.0964113 	 -0.0276646
10.365 	 0.0962729 	 -0.0275389
10.38 	 0.0961348 	 -0.0274138
10.395 	 0.0959972 	 -0.0272892
10.41 	 0.0958599 	 -0.0271651
10.425 	 0.0957231 	 -0.0270415
10.44 	 0.0955866 	 -0.0269185
10.455 	 0.0954504 	 -0.026796
10.47 	 0.0953147 	 -0.0266739
10.485 	 0.0951793 	 -0.0265524
10.5 	 0.0950444 	 -0.0264314
10.515 	 0.0949098 	 -0.0263109
10.53 	 0.0947755 	 -0.026191
10.545 	 0.0946416 	 -0.0260715
10.56 	 0.0945081 	 -0.0260715
10.575 	 0.094375 	 -0.0258341
10.59 	 0.0942423 	 -0.0257161
10.605 	 0.0941099 	 -0.0255986
10.62 	 0.0939778 	 -0.0254816
10.635 	 0.0938462 	 -0.0253652
10.65 	 0.0937149 	 -0.0252492
10.665 	 0.0935839 	 -0.0251337
10.68 	 0.0934533 	 -0.0250187
10.695 	 0.0933231 	 -0.0249042
10.71 	 0.0931932 	 -0.0247901
10.725 	 0.0930637 	 -0.0246766
10.74 	 0.0929345 	 -0.0245635
10.755 	 0.0928057 	 -0.0244509
10.77 	 0.0926772 	 -0.0243388
10.785 	 0.0925491 	 -0.0242272
10.8 	 0.0924213 	 -0.024116
10.815 	 0.0922939 	 -0.0240053
10.83 	 0.0921668 	 -0.0238951
10.845 	 0.0920401 	 -0.0237854
10.86 	 0.0919137 	 -0.0236761
10.875 	 0.0917876 	 -0.0235673
10.89 	 0.0916619 	 -0.023459
10.905 	 0.0915365 	 -0.0233511
10.92 	 0.0914115 	 -0.0232437
10.935 	 0.0912867 	 -0.0232437
10.95 	 0.0911624 	 -0.0230302
10.965 	 0.0910384 	 -0.0229242
10.98 	 0.0909146 	 -0.0228186
10.995 	 0.0907913 	 -0.0227135
11.01 	 0.0906682 	 -0.0226088
11.025 	 0.0905455 	 -0.0225046
11.04 	 0.0904231 	 -0.0224008
11.055 	 0.090301 	 -0.0222974
11.07 	 0.0901793 	 -0.0221945
11.085 	 0.0900579 	 -0.0220921
11.1 	 0.0899368 	 -0.0219901
11.115 	 0.089816 	 -0.0218885
11.13 	 0.0896955 	 -0.0217874
11.145 	 0.0895754 	 -0.0216867
11.16 	 0.0894556 	 -0.0215864
11.175 	 0.0893361 	 -0.0214866
11.19 	 0.0892169 	 -0.0213872
11.205 	 0.089098 	 -0.0212882
11.22 	 0.0889794 	 -0.0211897
11.235 	 0.0888612 	 -0.0210916
11.25 	 0.0887432 	 -0.0209939
11.265 	 0.0886256 	 -0.0208966
11.28 	 0.0885082 	 -0.0207997
11.295 	 0.0883912 	 -0.0207033
11.31 	 0.0882745 	 -0.0207033
11.325 	 0.0881581 	 -0.0205117
11.34 	 0.088042 	 -0.0204166
11.355 	 0.0879262 	 -0.0203218
11.37 	 0.0878107 	 -0.0202274
11.385 	 0.0876954 	 -0.0201335
11.4 	 0.0875805 	 -0.02004
11.415 	 0.0874659 	 -0.0199469
11.43 	 0.0873516 	 -0.0198541
11.445 	 0.0872376 	 -0.0197618
11.46 	 0.0871238 	 -0.0196699
11.475 	 0.0870104 	 -0.0195784
11.49 	 0.0868973 	 -0.0194873
11.505 	 0.0867844 	 -0.0193966
11.52 	 0.0866718 	 -0.0193063
11.535 	 0.0865596 	 -0.0192164
11.55 	 0.0864476 	 -0.0191268
11.565 	 0.0863359 	 -0.0190377
11.58 	 0.0862244 	 -0.018949
11.595 	 0.0861133 	 -0.0188606
11.61 	 0.0860025 	 -0.0187726
11.625 	 0.0858919 	 -0.0186851
11.64 	 0.0857816 	 -0.0185979
11.655 	 0.0856716 	 -0.018511
11.67 	 0.0855619 	 -0.0184246
11.685 	 0.0854524 	 -0.0183386
11.7 	 0.0853432 	 -0.0182529
11.715 	 0.0852343 	 -0.0181676
11.73 	 0.0851257 	 -0.0180827
11.745 	 0.0850174 	 -0.0179981
11.76 	 0.0849093 	 -0.0179139
11.775 	 0.0848015 	 -0.0178301
11.79 	 0.084694 	 -0.0177467
11.805 	 0.0845867 	 -0.0176636
11.82 	 0.0844797 	 -0.0175809
11.835 	 0.084373 	 -0.0174986
11.85 	 0.0842665 	 -0.0174166
11.865 	 0.0841603 	 -0.017335
11.88 	 0.0840544 	 -0.0172538
11.895 	 0.0839487 	 -0.0171729
11.91 	 0.0838433 	 -0.0170924
11.925 	 0.0837382 	 -0.0170122
11.94 	 0.0836333 	 -0.0169324
11.955 	 0.0835287 	 -0.0168529
11.97 	 0.0834243 	 -0.0167738
11.985 	 0.0833202 	 -0.0166951
12 	 0.0832164 	 -0.0166166
12.015 	 0.0831128 	 -0.0165386
12.03 	 0.0830095 	 -0.0164609
12.045 	 0.0829064 	 -0.0163835
12.06 	 0.0828036 	 -0.0163065
12.075 	 0.082701 	 -0.0162298
12.09 	 0.0825987 	 -0.0161535
12.105 	 0.0824966 	 -0.0160775
12.12 	 0.0823948 	 -0.0160018
12.135 	 0.0822933 	 -0.0159265
12.15 	 0.0821919 	 -0.0158515
12.165 	 0.0820909 	 -0.0157768
12.18 	 0.08199 	 -0.0157025
12.195 	 0.0818895 	 -0.0156285
12.21 	 0.0817891 	 -0.0155549
12.225 	 0.081689 	 -0.0154815
12.24 	 0.0815892 	 -0.0154086
12.255 	 0.0814896 	 -0.0153359
12.27 	 0.0813902 	 -0.0152635
12.285 	 0.0812911 	 -0.0151915
12.3 	 0.0811922 	 -0.0151198
12.315 	 0.0810936 	 -0.0150484
12.33 	 0.0809952 	 -0.0149774
12.345 	 0.080897 	 -0.0149066
12.36 	 0.0807991 	 -0.0148362
12.375 	 0.0807014 	 -0.0147661
12.39 	 0.0806039 	 -0.0146963
12.405 	 0.0805067 	 -0.0146268
12.42 	 0.0804097 	 -0.0145577
12.435 	 0.0803129 	 -0.0144888
12.45 	 0.0802164 	 -0.0144203
12.465 	 0.0801201 	 -0.014352
12.48 	 0.080024 	 -0.0142841
12.495 	 0.0799282 	 -0.0142165
12.51 	 0.0798326 	 -0.0141492
12.525 	 0.0797372 	 -0.0140822
12.54 	 0.079642 	 -0.0140155
12.555 	 0.0795471 	 -0.0139491
12.57 	 0.0794524 	 -0.0138829
12.585 	 0.0793579 	 -0.0138171
12.6 	 0.0792636 	 -0.0137516
12.615 	 0.0791696 	 -0.0136864
12.63 	 0.0790758 	 -0.0136215
12.645 	 0.0789822 	 -0.0135569
12.66 	 0.0788888 	 -0.0134925
12.675 	 0.0787956 	 -0.0134285
12.69 	 0.0787027 	 -0.0133647
12.705 	 0.07861 	 -0.0133013
12.72 	 0.0785175 	 -0.0132381
12.735 	 0.0784252 	 -0.0131752
12.75 	 0.0783331 	 -0.0131126
12.765 	 0.0782413 	 -0.0130503
12.78 	 0.0781496 	 -0.0129882
12.795 	 0.0780582 	 -0.0129265
12.81 	 0.077967 	 -0.012865
12.825 	 0.077876 	 -0.0128038
12.84 	 0.0777852 	 -0.0127429
12.855 	 0.0776946 	 -0.0127429
12.87 	 0.0776042 	 -0.0126219
12.885 	 0.0775141 	 -0.0125618
12.9 	 0.0774241 	 -0.012502
12.915 	 0.0773344 	 -0.0124424
12.93 	 0.0772448 	 -0.0123832
12.945 	 0.0771555 	 -0.0123242
12.96 	 0.0770663 	 -0.0122654
12.975 	 0.0769774 	 -0.012207
12.99 	 0.0768887 	 -0.0121488
13.005 	 0.0768002 	 -0.0120909
13.02 	 0.0767119 	 -0.0120332
13.035 	 0.0766238 	 -0.0119758
13.05 	 0.0765359 	 -0.0119186
13.065 	 0.0764482 	 -0.0118618
13.08 	 0.0763606 	 -0.0118052
13.095 	 0.0762733 	 -0.0117488
13.11 	 0.0761862 	 -0.0116927
13.125 	 0.0760993 	 -0.0116369
13.14 	 0.0760126 	 -0.0115813
13.155 	 0.0759261 	 -0.0115259
13.17 	 0.0758398 	 -0.0114709
13.185 	 0.0757536 	 -0.011416
13.2 	 0.0756677 	 -0.0113615
13.215 	 0.075582 	 -0.0113071
13.23 	 0.0754964 	 -0.0113071
13.245 	 0.0754111 	 -0.0111992
13.26 	 0.0753259 	 -0.0111457
13.275 	 0.0752409 	 -0.0110923
13.29 	 0.0751562 	 -0.0110392
13.305 	 0.0750716 	 -0.0109864
13.32 	 0.0749872 	 -0.0109338
13.335 	 0.074903 	 -0.0108814
13.35 	 0.074819 	 -0.0108293
13.365 	 0.0747351 	 -0.0107775
13.38 	 0.0746515 	 -0.0107258
13.395 	 0.074568 	 -0.0106744
13.41 	 0.0744847 	 -0.0106233
13.425 	 0.0744017 	 -0.0105723
13.44 	 0.0743188 	 -0.0105217
13.455 	 0.074236 	 -0.0104712
13.47 	 0.0741535 	 -0.010421
13.485 	 0.0740711 	 -0.010371
13.5 	 0.073989 	 -0.0103212
13.515 	 0.073907 	 -0.0102717
13.53 	 0.0738252 	 -0.0102224
13.545 	 0.0737436 	 -0.0101733
13.56 	 0.0736621 	 -0.0101245
13.575 	 0.0735808 	 -0.0100759
13.59 	 0.0734998 	 -0.0100275
13.605 	 0.0734188 	 -0.0099793
13.62 	 0.0733381 	 -0.00993136
13.635 	 0.0732576 	 -0.00988363
13.65 	 0.0731772 	 -0.00983613
13.665 	 0.073097 	 -0.00978885
13.68 	 0.0730169 	 -0.00974179
13.695 	 0.0729371 	 -0.00969494
13.71 	 0.0728574 	 -0.00964832
13.725 	 0.0727779 	 -0.00960191
13.74 	 0.0726986 	 -0.00955571
13.755 	 0.0726194 	 -0.00950973
13.77 	 0.0725404 	 -0.00946397
13.785 	 0.0724616 	 -0.00941842
13.8 	 0.072383 	 -0.00937308
13.815 	 0.0723045 	 -0.00932795
13.83 	 0.0722262 	 -0.00928303
13.845 	 0.072148 	 -0.00923832
13.86 	 0.0720701 	 -0.00919381
13.875 	 0.0719923 	 -0.00914952
13.89 	 0.0719146 	 -0.00910543
13.905 	 0.0718372 	 -0.00906155
13.92 	 0.0717599 	 -0.00901787
13.935 	 0.0716827 	 -0.00897439
13.95 	 0.0716058 	 -0.00893112
13.965 	 0.0715289 	 -0.00888805
13.98 	 0.0714523 	 -0.00884519
13.995 	 0.0713758 	 -0.00880252
14.01 	 0.0712995 	 -0.00876005
14.025 	 0.0712234 	 -0.00871778
14.04 	 0.0711474 	 -0.00867571
14.055 	 0.0710715 	 -0.00863383
14.07 	 0.0709959 	 -0.00859215
14.085 	 0.0709204 	 -0.00855066
14.1 	 0.070845 	 -0.00850937
14.115 	 0.0707698 	 -0.00846828
14.13 	 0.0706948 	 -0.00842737
14.145 	 0.07062 	 -0.00838666
14.16 	 0.0705452 	 -0.00834613
14.175 	 0.0704707 	 -0.0083058
14.19 	 0.0703963 	 -0.00826566
14.205 	 0.0703221 	 -0.0082257
14.22 	 0.070248 	 -0.00818593
14.235 	 0.0701741 	 -0.00814635
14.25 	 0.0701003 	 -0.00810696
14.265 	 0.0700267 	 -0.00806774
14.28 	 0.0699532 	 -0.00802872
14.295 	 0.0698799 	 -0.00798987
14.31 	 0.0698067 	 -0.00795121
14.325 	 0.0697337 	 -0.00791273
14.34 	 0.0696609 	 -0.00787444
14.355 	 0.0695882 	 -0.00783632
14.37 	 0.0695156 	 -0.00779838
14.385 	 0.0694433 	 -0.00776062
14.4 	 0.069371 	 -0.00776062
14.415 	 0.0692989 	 -0.00768563
14.43 	 0.069227 	 -0.0076484
14.445 	 0.0691552 	 -0.00761135
14.46 	 0.0690835 	 -0.00757447
14.475 	 0.069012 	 -0.00753776
14.49 	 0.0689407 	 -0.00750123
14.505 	 0.0688695 	 -0.00746487
14.52 	 0.0687984 	 -0.00742868
14.535 	 0.0687275 	 -0.00739266
14.55 	 0.0686567 	 -0.00735681
14.565 	 0.0685861 	 -0.00732113
14.58 	 0.0685156 	 -0.00728562
14.595 	 0.0684453 	 -0.00725027
14.61 	 0.0683751 	 -0.0072151
14.625 	 0.0683051 	 -0.00718009
14.64 	 0.0682352 	 -0.00714524
14.655 	 0.0681654 	 -0.00711056
14.67 	 0.0680958 	 -0.00707605
14.685 	 0.0680263 	 -0.00704169
14.7 	 0.067957 	 -0.0070075
14.715 	 0.0678878 	 -0.00697347
14.73 	 0.0678188 	 -0.00693961
14.745 	 0.0677498 	 -0.0069059
14.76 	 0.0676811 	 -0.00687235
14.775 	 0.0676124 	 -0.00687235
14.79 	 0.067544 	 -0.00680573
14.805 	 0.0674756 	 -0.00677266
14.82 	 0.0674074 	 -0.00673974
14.835 	 0.0673393 	 -0.00670698
14.85 	 0.0672714 	 -0.00667437
14.865 	 0.0672036 	 -0.00664192
14.88 	 0.0671359 	 -0.00660963
14.895 	 0.0670684 	 -0.00657748
14.91 	 0.067001 	 -0.00654549
14.925 	 0.0669337 	 -0.00651365
14.94 	 0.0668666 	 -0.00648197
14.955 	 0.0667996 	 -0.00645043
14.97 	 0.0667327 	 -0.00641904
14.985 	 0.066666 	 -0.0063878
15 	 0.0665994 	 -0.00635671
15.015 	 0.066533 	 -0.00632577
15.03 	 0.0664666 	 -0.00629497
15.045 	 0.0664004 	 -0.00626433
15.06 	 0.0663344 	 -0.00623382
15.075 	 0.0662685 	 -0.00620346
15.09 	 0.0662027 	 -0.00617325
15.105 	 0.066137 	 -0.00614318
15.12 	 0.0660714 	 -0.00611326
15.135 	 0.066006 	 -0.00608347
15.15 	 0.0659408 	 -0.00608347
15.165 	 0.0658756 	 -0.00602433
15.18 	 0.0658106 	 -0.00599497
15.195 	 0.0657457 	 -0.00596575
15.21 	 0.0656809 	 -0.00593667
15.225 	 0.0656163 	 -0.00590772
15.24 	 0.0655518 	 -0.00587892
15.255 	 0.0654874 	 -0.00585025
15.27 	 0.0654231 	 -0.00582172
15.285 	 0.065359 	 -0.00579333
15.3 	 0.065295 	 -0.00576507
15.315 	 0.0652311 	 -0.00573694
15.33 	 0.0651673 	 -0.00570895
15.345 	 0.0651037 	 -0.0056811
15.36 	 0.0650402 	 -0.00565338
15.375 	 0.0649768 	 -0.00562579
15.39 	 0.0649135 	 -0.00559833
15.405 	 0.0648504 	 -0.005571
15.42 	 0.0647874 	 -0.0055438
15.435 	 0.0647245 	 -0.00551674
15.45 	 0.0646617 	 -0.0054898
15.465 	 0.0645991 	 -0.00546299
15.48 	 0.0645365 	 -0.00543631
15.495 	 0.0644741 	 -0.00540976
15.51 	 0.0644118 	 -0.00538333
15.525 	 0.0643497 	 -0.00535703
15.54 	 0.0642876 	 -0.00533086
15.555 	 0.0642257 	 -0.00530481
15.57 	 0.0641639 	 -0.00527889
15.585 	 0.0641022 	 -0.00525309
15.6 	 0.0640406 	 -0.00522741
15.615 	 0.0639792 	 -0.00520186
15.63 	 0.0639178 	 -0.00517643
15.645 	 0.0638566 	 -0.00515113
15.66 	 0.0637955 	 -0.00512594
15.675 	 0.0637345 	 -0.00510087
15.69 	 0.0636737 	 -0.00507593
15.705 	 0.0636129 	 -0.0050511
15.72 	 0.0635523 	 -0.0050264
15.735 	 0.0634918 	 -0.00500181
15.75 	 0.0634313 	 -0.00497734
15.765 	 0.0633711 	 -0.00495299
15.78 	 0.0633109 	 -0.00492875
15.795 	 0.0632508 	 -0.00490463
15.81 	 0.0631909 	 -0.00488063
15.825 	 0.063131 	 -0.00485674
15.84 	 0.0630713 	 -0.00483297
15.855 	 0.0630117 	 -0.00480931
15.87 	 0.0629522 	 -0.00478576
15.885 	 0.0628928 	 -0.00476233
15.9 	 0.0628335 	 -0.00473901
15.915 	 0.0627744 	 -0.0047158
15.93 	 0.0627153 	 -0.00469271
15.945 	 0.0626564 	 -0.00466972
15.96 	 0.0625976 	 -0.00464685
15.975 	 0.0625388 	 -0.00462409
15.99 	 0.0624802 	 -0.00460143
16.005 	 0.0624217 	 -0.00457889
16.02 	 0.0623633 	 -0.00455645
16.035 	 0.0623051 	 -0.00453412
16.05 	 0.0622469 	 -0.0045119
16.065 	 0.0621888 	 -0.00448979
16.08 	 0.0621309 	 -0.00446778
16.095 	 0.062073 	 -0.00444588
16.11 	 0.0620153 	 -0.00442408
16.125 	 0.0619577 	 -0.00440239
16.14 	 0.0619001 	 -0.00438081
16.155 	 0.0618427 	 -0.00435932
16.17 	 0.0617854 	 -0.00433794
16.185 	 0.0617282 	 -0.00431667
16.2 	 0.0616711 	 -0.0042955
16.215 	 0.0616141 	 -0.00427443
16.23 	 0.0615572 	 -0.00425346
16.245 	 0.0615004 	 -0.00423259
16.26 	 0.0614437 	 -0.00421182
16.275 	 0.0613872 	 -0.00419116
16.29 	 0.0613307 	 -0.00417059
16.305 	 0.0612743 	 -0.00415012
16.32 	 0.0612181 	 -0.00412975
16.335 	 0.0611619 	 -0.00410948
16.35 	 0.0611058 	 -0.00408931
16.365 	 0.0610499 	 -0.00406924
16.38 	 0.060994 	 -0.00404926
16.395 	 0.0609383 	 -0.00402938
16.41 	 0.0608826 	 -0.00400959
16.425 	 0.0608271 	 -0.0039899
16.44 	 0.0607716 	 -0.00397031
16.455 	 0.0607163 	 -0.00395081
16.47 	 0.0606611 	 -0.00393141
16.485 	 0.0606059 	 -0.00391209
16.5 	 0.0605509 	 -0.00389288
16.515 	 0.0604959 	 -0.00387375
16.53 	 0.0604411 	 -0.00385472
16.545 	 0.0603863 	 -0.00383578
16.56 	 0.0603317 	 -0.00381693
16.575 	 0.0602771 	 -0.00379818
16.59 	 0.0602227 	 -0.00377951
16.605 	 0.0601683 	 -0.00376093
16.62 	 0.0601141 	 -0.00374245
16.635 	 0.0600599 	 -0.00372405
16.65 	 0.0600059 	 -0.00370574
16.665 	 0.0599519 	 -0.00368753
16.68 	 0.059898 	 -0.0036694
16.695 	 0.0598443 	 -0.00365135
16.71 	 0.0597906 	 -0.0036334
16.725 	 0.059737 	 -0.00361553
16.74 	 0.0596836 	 -0.00359775
16.755 	 0.0596302 	 -0.00358006
16.77 	 0.0595769 	 -0.00356245
16.785 	 0.0595237 	 -0.00354492
16.8 	 0.0594706 	 -0.00352749
16.815 	 0.0594176 	 -0.00351013
16.83 	 0.0593647 	 -0.00349286
16.845 	 0.0593119 	 -0.00347568
16.86 	 0.0592592 	 -0.00345858
16.875 	 0.0592065 	 -0.00344156
16.89 	 0.059154 	 -0.00342462
16.905 	 0.0591016 	 -0.00340777
16.92 	 0.0590492 	 -0.00339099
16.935 	 0.058997 	 -0.0033743
16.95 	 0.0589448 	 -0.00335769
16.965 	 0.0588927 	 -0.00334116
16.98 	 0.0588407 	 -0.00332471
16.995 	 0.0587889 	 -0.00330835
17.01 	 0.0587371 	 -0.00329206
17.025 	 0.0586854 	 -0.00327585
17.04 	 0.0586337 	 -0.00325972
17.055 	 0.0585822 	 -0.00324366
17.07 	 0.0585308 	 -0.00322769
17.085 	 0.0584794 	 -0.00321179
17.1 	 0.0584282 	 -0.00319597
17.115 	 0.058377 	 -0.00318023
17.13 	 0.058326 	 -0.00316456
17.145 	 0.058275 	 -0.00314897
17.16 	 0.0582241 	 -0.00313346
17.175 	 0.0581733 	 -0.00311802
17.19 	 0.0581226 	 -0.00310266
17.205 	 0.0580719 	 -0.00308737
17.22 	 0.0580214 	 -0.00307215
17.235 	 0.0579709 	 -0.00305701
17.25 	 0.0579206 	 -0.00304195
17.265 	 0.0578703 	 -0.00302696
17.28 	 0.0578201 	 -0.00301204
17.295 	 0.05777 	 -0.00299719
17.31 	 0.05772 	 -0.00298241
17.325 	 0.0576701 	 -0.00296771
17.34 	 0.0576202 	 -0.00295308
17.355 	 0.0575705 	 -0.00293852
17.37 	 0.0575208 	 -0.00292403
17.385 	 0.0574712 	 -0.00290961
17.4 	 0.0574217 	 -0.00289527
17.415 	 0.0573723 	 -0.00288099
17.43 	 0.057323 	 -0.00286678
17.445 	 0.0572737 	 -0.00285264
17.46 	 0.0572245 	 -0.00283857
17.475 	 0.0571755 	 -0.00282457
17.49 	 0.0571265 	 -0.00281064
17.505 	 0.0570776 	 -0.00279677
17.52 	 0.0570287 	 -0.00278297
17.535 	 0.05698 	 -0.00276924
17.55 	 0.0569313 	 -0.00275558
17.565 	 0.0568828 	 -0.00274198
17.58 	 0.0568343 	 -0.00272845
17.595 	 0.0567859 	 -0.00271499
17.61 	 0.0567375 	 -0.00270159
17.625 	 0.0566893 	 -0.00268826
17.64 	 0.0566411 	 -0.00267499
17.655 	 0.056593 	 -0.00267499
17.67 	 0.056545 	 -0.00264865
17.685 	 0.0564971 	 -0.00263558
17.7 	 0.0564493 	 -0.00262257
17.715 	 0.0564015 	 -0.00260962
17.73 	 0.0563539 	 -0.00259674
17.745 	 0.0563063 	 -0.00258392
17.76 	 0.0562587 	 -0.00257116
17.775 	 0.0562113 	 -0.00255846
17.79 	 0.056164 	 -0.00254583
17.805 	 0.0561167 	 -0.00253326
17.82 	 0.0560695 	 -0.00252075
17.835 	 0.0560224 	 -0.0025083
17.85 	 0.0559753 	 -0.00249591
17.865 	 0.0559284 	 -0.00248358
17.88 	 0.0558815 	 -0.00247132
17.895 	 0.0558347 	 -0.00245911
17.91 	 0.055788 	 -0.00244696
17.925 	 0.0557413 	 -0.00243487
17.94 	 0.0556947 	 -0.00242285
17.955 	 0.0556483 	 -0.00241088
17.97 	 0.0556018 	 -0.00239896
17.985 	 0.0555555 	 -0.00238711
18 	 0.0555093 	 -0.00237532
18.015 	 0.0554631 	 -0.00236358
18.03 	 0.055417 	 -0.00236358
18.045 	 0.0553709 	 -0.00234028
18.06 	 0.055325 	 -0.00232871
18.075 	 0.0552791 	 -0.0023172
18.09 	 0.0552333 	 -0.00230575
18.105 	 0.0551876 	 -0.00229435
18.12 	 0.055142 	 -0.00228301
18.135 	 0.0550964 	 -0.00227173
18.15 	 0.0550509 	 -0.0022605
18.165 	 0.0550055 	 -0.00224932
18.18 	 0.0549601 	 -0.0022382
18.195 	 0.0549148 	 -0.00222714
18.21 	 0.0548696 	 -0.00221612
18.225 	 0.0548245 	 -0.00220517
18.24 	 0.0547795 	 -0.00219426
18.255 	 0.0547345 	 -0.00218341
18.27 	 0.0546896 	 -0.00217262
18.285 	 0.0546448 	 -0.00216187
18.3 	 0.0546 	 -0.00215118
18.315 	 0.0545553 	 -0.00214054
18.33 	 0.0545107 	 -0.00212995
18.345 	 0.0544662 	 -0.00211942
18.36 	 0.0544217 	 -0.00210894
18.375 	 0.0543773 	 -0.00209851
18.39 	 0.054333 	 -0.00208812
18.405 	 0.0542888 	 -0.00208812
18.42 	 0.0542446 	 -0.00206752
18.435 	 0.0542005 	 -0.00205729
18.45 	 0.0541565 	 -0.00204711
18.465 	 0.0541125 	 -0.00203698
18.48 	 0.0540686 	 -0.0020269
18.495 	 0.0540248 	 -0.00201687
18.51 	 0.0539811 	 -0.00200689
18.525 	 0.0539374 	 -0.00199696
18.54 	 0.0538938 	 -0.00198708
18.555 	 0.0538503 	 -0.00197725
18.57 	 0.0538068 	 -0.00196746
18.585 	 0.0537634 	 -0.00195772
18.6 	 0.0537201 	 -0.00194803
18.615 	 0.0536768 	 -0.00193839
18.63 	 0.0536337 	 -0.0019288
18.645 	 0.0535905 	 -0.00191925
18.66 	 0.0535475 	 -0.00190975
18.675 	 0.0535045 	 -0.0019003
18.69 	 0.0534616 	 -0.00189089
18.705 	 0.0534188 	 -0.00188153
18.72 	 0.053376 	 -0.00187221
18.735 	 0.0533333 	 -0.00186294
18.75 	 0.0532907 	 -0.00185372
18.765 	 0.0532481 	 -0.00184454
18.78 	 0.0532056 	 -0.00184454
18.795 	 0.0531632 	 -0.00182632
18.81 	 0.0531208 	 -0.00181728
18.825 	 0.0530785 	 -0.00180828
18.84 	 0.0530363 	 -0.00179932
18.855 	 0.0529941 	 -0.00179041
18.87 	 0.0529521 	 -0.00178154
18.885 	 0.05291 	 -0.00177272
18.9 	 0.0528681 	 -0.00176394
18.915 	 0.0528262 	 -0.0017552
18.93 	 0.0527844 	 -0.00174651
18.945 	 0.0527426 	 -0.00173786
18.96 	 0.0527009 	 -0.00172925
18.975 	 0.0526593 	 -0.00172068
18.99 	 0.0526177 	 -0.00171216
19.005 	 0.0525762 	 -0.00170368
19.02 	 0.0525348 	 -0.00169524
19.035 	 0.0524934 	 -0.00168684
19.05 	 0.0524521 	 -0.00167848
19.065 	 0.0524109 	 -0.00167016
19.08 	 0.0523697 	 -0.00166189
19.095 	 0.0523286 	 -0.00165365
19.11 	 0.0522876 	 -0.00164546
19.125 	 0.0522466 	 -0.00163731
19.14 	 0.0522057 	 -0.00162919
19.155 	 0.0521648 	 -0.00162919
19.17 	 0.052124 	 -0.00161308
19.185 	 0.0520833 	 -0.00160509
19.2 	 0.0520427 	 -0.00159713
19.215 	 0.0520021 	 -0.00158922
19.23 	 0.0519615 	 -0.00158134
19.245 	 0.0519211 	 -0.0015735
19.26 	 0.0518807 	 -0.0015657
19.275 	 0.0518403 	 -0.00155794
19.29 	 0.0518 	 -0.00155022
19.305 	 0.0517598 	 -0.00154254
19.32 	 0.0517197 	 -0.00153489
19.335 	 0.0516796 	 -0.00152728
19.35 	 0.0516395 	 -0.00151971
19.365 	 0.0515996 	 -0.00151217
19.38 	 0.0515597 	 -0.00150468
19.395 	 0.0515198 	 -0.00149722
19.41 	 0.05148 	 -0.00148979
19.425 	 0.0514403 	 -0.00148241
19.44 	 0.0514006 	 -0.00147506
19.455 	 0.051361 	 -0.00146774
19.47 	 0.0513215 	 -0.00146046
19.485 	 0.051282 	 -0.00145322
19.5 	 0.0512426 	 -0.00144601
19.515 	 0.0512033 	 -0.00143884
19.53 	 0.051164 	 -0.00143171
19.545 	 0.0511247 	 -0.00142461
19.56 	 0.0510855 	 -0.00141754
19.575 	 0.0510464 	 -0.00141051
19.59 	 0.0510074 	 -0.00140351
19.605 	 0.0509684 	 -0.00139655
19.62 	 0.0509294 	 -0.00138963
19.635 	 0.0508906 	 -0.00138273
19.65 	 0.0508517 	 -0.00137587
19.665 	 0.050813 	 -0.00136905
19.68 	 0.0507743 	 -0.00136226
19.695 	 0.0507356 	 -0.0013555
19.71 	 0.0506971 	 -0.00134877
19.725 	 0.0506585 	 -0.00134208
19.74 	 0.0506201 	 -0.00133542
19.755 	 0.0505817 	 -0.0013288
19.77 	 0.0505433 	 -0.00132221
19.785 	 0.050505 	 -0.00131565
19.8 	 0.0504668 	 -0.00130912
19.815 	 0.0504286 	 -0.00130262
19.83 	 0.0503905 	 -0.00129616
19.845 	 0.0503524 	 -0.00128973
19.86 	 0.0503144 	 -0.00128333
19.875 	 0.0502765 	 -0.00127696
19.89 	 0.0502386 	 -0.00127062
19.905 	 0.0502008 	 -0.00126432
19.92 	 0.050163 	 -0.00125804
19.935 	 0.0501253 	 -0.0012518
19.95 	 0.0500876 	 -0.00124559
19.965 	 0.05005 	 -0.0012394
19.98 	 0.0500125 	 -0.00123325
