0 	 2.49233 	 -0.15889
0.015 	 2.49233 	 -0.158892
0.03 	 2.49232 	 -0.158894
0.045 	 2.49231 	 -0.158897
0.06 	 2.49229 	 -0.158901
0.075 	 2.49228 	 -0.158906
0.09 	 2.49226 	 -0.158912
0.105 	 2.49225 	 -0.158919
0.12 	 2.49223 	 -0.158927
0.135 	 2.49221 	 -0.158936
0.15 	 2.49218 	 -0.158946
0.165 	 2.49217 	 -0.158946
0.18 	 2.49213 	 -0.158968
0.195 	 2.4921 	 -0.15898
0.21 	 2.49207 	 -0.158994
0.225 	 2.49206 	 -0.158994
0.24 	 2.49201 	 -0.159023
0.255 	 2.49197 	 -0.159039
0.27 	 2.49194 	 -0.159056
0.285 	 2.4919 	 -0.159074
0.3 	 2.49186 	 -0.159093
0.315 	 2.49182 	 -0.159113
0.33 	 2.49179 	 -0.159113
0.345 	 2.49173 	 -0.159156
0.36 	 2.49168 	 -0.159178
0.375 	 2.49163 	 -0.159202
0.39 	 2.49158 	 -0.159226
0.405 	 2.49153 	 -0.159252
0.42 	 2.49147 	 -0.159278
0.435 	 2.49142 	 -0.159305
0.45 	 2.49138 	 -0.159305
0.465 	 2.4913 	 -0.159362
0.48 	 2.49124 	 -0.159392
0.495 	 2.49117 	 -0.159423
0.51 	 2.49111 	 -0.159455
0.525 	 2.49104 	 -0.159488
0.54 	 2.49097 	 -0.159522
0.555 	 2.4909 	 -0.159556
0.57 	 2.49083 	 -0.159592
0.585 	 2.49076 	 -0.159628
0.6 	 2.49068 	 -0.159666
0.615 	 2.4906 	 -0.159704
0.63 	 2.49053 	 -0.159743
0.645 	 2.49044 	 -0.159783
0.66 	 2.49038 	 -0.159783
0.675 	 2.49028 	 -0.159866
0.69 	 2.49019 	 -0.159909
0.705 	 2.4901 	 -0.159953
0.72 	 2.49001 	 -0.159998
0.735 	 2.48992 	 -0.160044
0.75 	 2.48983 	 -0.16009
0.765 	 2.48973 	 -0.160138
0.78 	 2.48963 	 -0.160186
0.795 	 2.48954 	 -0.160235
0.81 	 2.48943 	 -0.160286
0.825 	 2.48933 	 -0.160337
0.84 	 2.48923 	 -0.160389
0.855 	 2.48912 	 -0.160442
0.87 	 2.48901 	 -0.160496
0.885 	 2.4889 	 -0.160551
0.9 	 2.48881 	 -0.160551
0.915 	 2.48868 	 -0.160663
0.93 	 2.48856 	 -0.160721
0.945 	 2.48844 	 -0.16078
0.96 	 2.48832 	 -0.160839
0.975 	 2.4882 	 -0.1609
0.99 	 2.48808 	 -0.160961
1.005 	 2.48795 	 -0.161023
1.02 	 2.48783 	 -0.161086
1.035 	 2.4877 	 -0.16115
1.05 	 2.48757 	 -0.161215
1.065 	 2.48743 	 -0.161281
1.08 	 2.4873 	 -0.161348
1.095 	 2.48716 	 -0.161416
1.11 	 2.48702 	 -0.161484
1.125 	 2.48688 	 -0.161554
1.14 	 2.48674 	 -0.161624
1.155 	 2.4866 	 -0.161695
1.17 	 2.48645 	 -0.161768
1.185 	 2.4863 	 -0.161841
1.2 	 2.48615 	 -0.161915
1.215 	 2.486 	 -0.16199
1.23 	 2.48585 	 -0.162066
1.245 	 2.48569 	 -0.162143
1.26 	 2.48553 	 -0.16222
1.275 	 2.48537 	 -0.162299
1.29 	 2.48521 	 -0.162378
1.305 	 2.48505 	 -0.162459
1.32 	 2.4849 	 -0.162459
1.335 	 2.48471 	 -0.162622
1.35 	 2.48454 	 -0.162705
1.365 	 2.48437 	 -0.162789
1.38 	 2.4842 	 -0.162874
1.395 	 2.48402 	 -0.16296
1.41 	 2.48384 	 -0.163046
1.425 	 2.48366 	 -0.163134
1.44 	 2.48348 	 -0.163222
1.455 	 2.48329 	 -0.163311
1.47 	 2.48311 	 -0.163401
1.485 	 2.48292 	 -0.163493
1.5 	 2.48273 	 -0.163584
1.515 	 2.48254 	 -0.163677
1.53 	 2.48234 	 -0.163771
1.545 	 2.48214 	 -0.163865
1.56 	 2.48194 	 -0.163961
1.575 	 2.48174 	 -0.164057
1.59 	 2.48154 	 -0.164154
1.605 	 2.48133 	 -0.164252
1.62 	 2.48113 	 -0.164351
1.635 	 2.48092 	 -0.164451
1.65 	 2.4807 	 -0.164551
1.665 	 2.48049 	 -0.164652
1.68 	 2.48027 	 -0.164755
1.695 	 2.48006 	 -0.164858
1.71 	 2.47983 	 -0.164962
1.725 	 2.47961 	 -0.165066
1.74 	 2.47939 	 -0.165172
1.755 	 2.47916 	 -0.165278
1.77 	 2.47893 	 -0.165386
1.785 	 2.4787 	 -0.165494
1.8 	 2.47849 	 -0.165494
1.815 	 2.47823 	 -0.165712
1.83 	 2.47799 	 -0.165823
1.845 	 2.47775 	 -0.165934
1.86 	 2.4775 	 -0.166046
1.875 	 2.47726 	 -0.166159
1.89 	 2.47701 	 -0.166273
1.905 	 2.47676 	 -0.166388
1.92 	 2.47651 	 -0.166503
1.935 	 2.47625 	 -0.166619
1.95 	 2.47599 	 -0.166736
1.965 	 2.47574 	 -0.166854
1.98 	 2.47547 	 -0.166973
1.995 	 2.47521 	 -0.167092
2.01 	 2.47494 	 -0.167212
2.025 	 2.47467 	 -0.167333
2.04 	 2.4744 	 -0.167454
2.055 	 2.47413 	 -0.167577
2.07 	 2.47385 	 -0.1677
2.085 	 2.47357 	 -0.167824
2.1 	 2.47329 	 -0.167948
2.115 	 2.47301 	 -0.168074
2.13 	 2.47272 	 -0.1682
2.145 	 2.47243 	 -0.168327
2.16 	 2.47214 	 -0.168454
2.175 	 2.47185 	 -0.168582
2.19 	 2.47155 	 -0.168711
2.205 	 2.47125 	 -0.168841
2.22 	 2.47095 	 -0.168972
2.235 	 2.47065 	 -0.169103
2.25 	 2.47034 	 -0.169234
2.265 	 2.47003 	 -0.169367
2.28 	 2.46972 	 -0.1695
2.295 	 2.46941 	 -0.169634
2.31 	 2.46909 	 -0.169769
2.325 	 2.46877 	 -0.169904
2.34 	 2.46845 	 -0.17004
2.355 	 2.46812 	 -0.170176
2.37 	 2.4678 	 -0.170314
2.385 	 2.46747 	 -0.170451
2.4 	 2.46713 	 -0.17059
2.415 	 2.4668 	 -0.170729
2.43 	 2.46646 	 -0.170869
2.445 	 2.46612 	 -0.171009
2.46 	 2.46578 	 -0.17115
2.475 	 2.46543 	 -0.171292
2.49 	 2.46508 	 -0.171434
2.505 	 2.46473 	 -0.171577
2.52 	 2.46437 	 -0.17172
2.535 	 2.46402 	 -0.171864
2.55 	 2.46366 	 -0.172009
2.565 	 2.46329 	 -0.172154
2.58 	 2.46293 	 -0.1723
2.595 	 2.46256 	 -0.172446
2.61 	 2.46219 	 -0.172593
2.625 	 2.46181 	 -0.172741
2.64 	 2.46146 	 -0.172741
2.655 	 2.46106 	 -0.173037
2.67 	 2.46067 	 -0.173186
2.685 	 2.46029 	 -0.173336
2.7 	 2.4599 	 -0.173486
2.715 	 2.45951 	 -0.173636
2.73 	 2.45911 	 -0.173788
2.745 	 2.45871 	 -0.173939
2.76 	 2.45831 	 -0.174091
2.775 	 2.45791 	 -0.174244
2.79 	 2.4575 	 -0.174397
2.805 	 2.45709 	 -0.17455
2.82 	 2.45668 	 -0.174704
2.835 	 2.45627 	 -0.174859
2.85 	 2.45585 	 -0.175014
2.865 	 2.45542 	 -0.175169
2.88 	 2.455 	 -0.175325
2.895 	 2.45457 	 -0.175481
2.91 	 2.45414 	 -0.175638
2.925 	 2.45371 	 -0.175795
2.94 	 2.45327 	 -0.175952
2.955 	 2.45283 	 -0.17611
2.97 	 2.45238 	 -0.176268
2.985 	 2.45194 	 -0.176427
3 	 2.45149 	 -0.176586
3.015 	 2.45103 	 -0.176745
3.03 	 2.45057 	 -0.176904
3.045 	 2.45011 	 -0.177064
3.06 	 2.44965 	 -0.177225
3.075 	 2.44918 	 -0.177386
3.09 	 2.44871 	 -0.177547
3.105 	 2.44824 	 -0.177708
3.12 	 2.44776 	 -0.177869
3.135 	 2.44728 	 -0.178031
3.15 	 2.4468 	 -0.178194
3.165 	 2.44631 	 -0.178356
3.18 	 2.44582 	 -0.178519
3.195 	 2.44533 	 -0.178682
3.21 	 2.44483 	 -0.178845
3.225 	 2.44433 	 -0.179009
3.24 	 2.44383 	 -0.179173
3.255 	 2.44332 	 -0.179337
3.27 	 2.44281 	 -0.179501
3.285 	 2.4423 	 -0.179666
3.3 	 2.44178 	 -0.17983
3.315 	 2.44126 	 -0.179995
3.33 	 2.44073 	 -0.18016
3.345 	 2.4402 	 -0.180326
3.36 	 2.43967 	 -0.180491
3.375 	 2.43913 	 -0.180657
3.39 	 2.4386 	 -0.180823
3.405 	 2.43805 	 -0.180989
3.42 	 2.43751 	 -0.181155
3.435 	 2.43696 	 -0.181321
3.45 	 2.4364 	 -0.181487
3.465 	 2.43584 	 -0.181654
3.48 	 2.43528 	 -0.181821
3.495 	 2.43472 	 -0.181987
3.51 	 2.43415 	 -0.182154
3.525 	 2.43358 	 -0.182321
3.54 	 2.433 	 -0.182488
3.555 	 2.43242 	 -0.182655
3.57 	 2.43183 	 -0.182822
3.585 	 2.43125 	 -0.182989
3.6 	 2.43069 	 -0.182989
3.615 	 2.43006 	 -0.183324
3.63 	 2.42946 	 -0.183491
3.645 	 2.42886 	 -0.183658
3.66 	 2.42825 	 -0.183826
3.675 	 2.42764 	 -0.183993
3.69 	 2.42702 	 -0.18416
3.705 	 2.4264 	 -0.184328
3.72 	 2.42578 	 -0.184495
3.735 	 2.42515 	 -0.184662
3.75 	 2.42452 	 -0.184829
3.765 	 2.42389 	 -0.184996
3.78 	 2.42325 	 -0.185163
3.795 	 2.42261 	 -0.18533
3.81 	 2.42196 	 -0.185497
3.825 	 2.42131 	 -0.185664
3.84 	 2.42065 	 -0.185831
3.855 	 2.41999 	 -0.185998
3.87 	 2.41933 	 -0.186164
3.885 	 2.41866 	 -0.18633
3.9 	 2.41799 	 -0.186497
3.915 	 2.41731 	 -0.186663
3.93 	 2.41663 	 -0.186829
3.945 	 2.41595 	 -0.186995
3.96 	 2.41526 	 -0.18716
3.975 	 2.41457 	 -0.187326
3.99 	 2.41387 	 -0.187491
4.005 	 2.41317 	 -0.187656
4.02 	 2.41246 	 -0.187821
4.035 	 2.41175 	 -0.187986
4.05 	 2.41104 	 -0.18815
4.065 	 2.41032 	 -0.188315
4.08 	 2.40959 	 -0.188479
4.095 	 2.40887 	 -0.188642
4.11 	 2.40813 	 -0.188806
4.125 	 2.4074 	 -0.188969
4.14 	 2.40666 	 -0.189132
4.155 	 2.40591 	 -0.189295
4.17 	 2.40516 	 -0.189457
4.185 	 2.40441 	 -0.189619
4.2 	 2.40365 	 -0.189781
4.215 	 2.40288 	 -0.189943
4.23 	 2.40212 	 -0.190104
4.245 	 2.40134 	 -0.190265
4.26 	 2.40057 	 -0.190425
4.275 	 2.39978 	 -0.190585
4.29 	 2.399 	 -0.190745
4.305 	 2.39821 	 -0.190905
4.32 	 2.39741 	 -0.191064
4.335 	 2.39661 	 -0.191222
4.35 	 2.39581 	 -0.191381
4.365 	 2.395 	 -0.191538
4.38 	 2.39418 	 -0.191696
4.395 	 2.39336 	 -0.191853
4.41 	 2.39254 	 -0.19201
4.425 	 2.39171 	 -0.192166
4.44 	 2.39088 	 -0.192321
4.455 	 2.39004 	 -0.192477
4.47 	 2.3892 	 -0.192631
4.485 	 2.38835 	 -0.192786
4.5 	 2.3875 	 -0.19294
4.515 	 2.38664 	 -0.193093
4.53 	 2.38578 	 -0.193246
4.545 	 2.38491 	 -0.193398
4.56 	 2.38404 	 -0.19355
4.575 	 2.38317 	 -0.193701
4.59 	 2.38229 	 -0.193852
4.605 	 2.3814 	 -0.194002
4.62 	 2.38051 	 -0.194152
4.635 	 2.37961 	 -0.194301
4.65 	 2.37871 	 -0.19445
4.665 	 2.3778 	 -0.194598
4.68 	 2.37689 	 -0.194745
4.695 	 2.37602 	 -0.194745
4.71 	 2.37506 	 -0.195038
4.725 	 2.37413 	 -0.195183
4.74 	 2.3732 	 -0.195328
4.755 	 2.37226 	 -0.195473
4.77 	 2.37132 	 -0.195616
4.785 	 2.37038 	 -0.195759
4.8 	 2.36942 	 -0.195902
4.815 	 2.36847 	 -0.196043
4.83 	 2.36751 	 -0.196184
4.845 	 2.36654 	 -0.196325
4.86 	 2.36557 	 -0.196464
4.875 	 2.36459 	 -0.196603
4.89 	 2.36361 	 -0.196742
4.905 	 2.36262 	 -0.196879
4.92 	 2.36163 	 -0.197016
4.935 	 2.36063 	 -0.197152
4.95 	 2.35963 	 -0.197287
4.965 	 2.35862 	 -0.197422
4.98 	 2.3576 	 -0.197556
4.995 	 2.35659 	 -0.197689
5.01 	 2.35556 	 -0.197821
5.025 	 2.35453 	 -0.197952
5.04 	 2.3535 	 -0.198083
5.055 	 2.35246 	 -0.198213
5.07 	 2.35141 	 -0.198342
5.085 	 2.35036 	 -0.19847
5.1 	 2.3493 	 -0.198597
5.115 	 2.34824 	 -0.198724
5.13 	 2.34718 	 -0.19885
5.145 	 2.3461 	 -0.198974
5.16 	 2.34503 	 -0.199098
5.175 	 2.34394 	 -0.199221
5.19 	 2.34285 	 -0.199344
5.205 	 2.34176 	 -0.199465
5.22 	 2.34066 	 -0.199585
5.235 	 2.33956 	 -0.199705
5.25 	 2.33845 	 -0.199823
5.265 	 2.33733 	 -0.199941
5.28 	 2.33626 	 -0.199941
5.295 	 2.33508 	 -0.200174
5.31 	 2.33395 	 -0.200288
5.325 	 2.33281 	 -0.200402
5.34 	 2.33167 	 -0.200515
5.355 	 2.33052 	 -0.200627
5.37 	 2.32937 	 -0.200738
5.385 	 2.32821 	 -0.200848
5.4 	 2.32704 	 -0.200957
5.415 	 2.32587 	 -0.201065
5.43 	 2.3247 	 -0.201172
5.445 	 2.32351 	 -0.201278
5.46 	 2.32233 	 -0.201382
5.475 	 2.32113 	 -0.201486
5.49 	 2.31994 	 -0.201589
5.505 	 2.31873 	 -0.201691
5.52 	 2.31752 	 -0.201791
5.535 	 2.31631 	 -0.201891
5.55 	 2.31509 	 -0.201989
5.565 	 2.31386 	 -0.202086
5.58 	 2.31263 	 -0.202183
5.595 	 2.31139 	 -0.202278
5.61 	 2.31015 	 -0.202372
5.625 	 2.3089 	 -0.202464
5.64 	 2.30764 	 -0.202556
5.655 	 2.30643 	 -0.202556
5.67 	 2.30512 	 -0.202736
5.685 	 2.30384 	 -0.202824
5.7 	 2.30257 	 -0.202911
5.715 	 2.30128 	 -0.202997
5.73 	 2.29999 	 -0.203082
5.745 	 2.2987 	 -0.203165
5.76 	 2.2974 	 -0.203248
5.775 	 2.29609 	 -0.203329
5.79 	 2.29478 	 -0.203408
5.805 	 2.29347 	 -0.203487
5.82 	 2.29214 	 -0.203564
5.835 	 2.29081 	 -0.20364
5.85 	 2.28948 	 -0.203715
5.865 	 2.28814 	 -0.203789
5.88 	 2.28679 	 -0.203861
5.895 	 2.28544 	 -0.203932
5.91 	 2.28409 	 -0.204002
5.925 	 2.28272 	 -0.20407
5.94 	 2.28136 	 -0.204137
5.955 	 2.27998 	 -0.204203
5.97 	 2.2786 	 -0.204267
5.985 	 2.27722 	 -0.204331
6 	 2.27582 	 -0.204392
6.015 	 2.27443 	 -0.204453
6.03 	 2.27303 	 -0.204512
6.045 	 2.27162 	 -0.20457
6.06 	 2.2702 	 -0.204626
6.075 	 2.26878 	 -0.204681
6.09 	 2.26736 	 -0.204734
6.105 	 2.26593 	 -0.204786
6.12 	 2.26449 	 -0.204837
6.135 	 2.26305 	 -0.204886
6.15 	 2.2616 	 -0.204934
6.165 	 2.26015 	 -0.204981
6.18 	 2.25869 	 -0.205026
6.195 	 2.25722 	 -0.205069
6.21 	 2.25575 	 -0.205111
6.225 	 2.25427 	 -0.205152
6.24 	 2.25279 	 -0.205191
6.255 	 2.2513 	 -0.205229
6.27 	 2.24981 	 -0.205265
6.285 	 2.24831 	 -0.2053
6.3 	 2.2468 	 -0.205333
6.315 	 2.24529 	 -0.205365
6.33 	 2.24378 	 -0.205395
6.345 	 2.24226 	 -0.205424
6.36 	 2.24073 	 -0.205451
6.375 	 2.2392 	 -0.205476
6.39 	 2.23766 	 -0.2055
6.405 	 2.23611 	 -0.205523
6.42 	 2.23456 	 -0.205543
6.435 	 2.23301 	 -0.205563
6.45 	 2.23145 	 -0.205581
6.465 	 2.22988 	 -0.205597
6.48 	 2.22831 	 -0.205611
6.495 	 2.22673 	 -0.205624
6.51 	 2.22515 	 -0.205635
6.525 	 2.22356 	 -0.205645
6.54 	 2.22196 	 -0.205653
6.555 	 2.22036 	 -0.20566
6.57 	 2.21876 	 -0.205664
6.585 	 2.21715 	 -0.205668
6.6 	 2.21553 	 -0.205669
6.615 	 2.21395 	 -0.205669
6.63 	 2.21228 	 -0.205667
6.645 	 2.21065 	 -0.205663
6.66 	 2.20901 	 -0.205658
6.675 	 2.20737 	 -0.205651
6.69 	 2.20572 	 -0.205643
6.705 	 2.20406 	 -0.205632
6.72 	 2.2024 	 -0.20562
6.735 	 2.20074 	 -0.205607
6.75 	 2.19907 	 -0.205591
6.765 	 2.19739 	 -0.205574
6.78 	 2.19571 	 -0.205555
6.795 	 2.19402 	 -0.205534
6.81 	 2.19233 	 -0.205512
6.825 	 2.19064 	 -0.205488
6.84 	 2.18893 	 -0.205462
6.855 	 2.18723 	 -0.205434
6.87 	 2.18551 	 -0.205404
6.885 	 2.18379 	 -0.205373
6.9 	 2.18207 	 -0.20534
6.915 	 2.18034 	 -0.205305
6.93 	 2.17861 	 -0.205268
6.945 	 2.17687 	 -0.20523
6.96 	 2.17513 	 -0.205189
6.975 	 2.17338 	 -0.205147
6.99 	 2.17162 	 -0.205103
7.005 	 2.16986 	 -0.205057
7.02 	 2.1681 	 -0.205009
7.035 	 2.16633 	 -0.20496
7.05 	 2.16455 	 -0.204908
7.065 	 2.16277 	 -0.204855
7.08 	 2.16099 	 -0.2048
7.095 	 2.1592 	 -0.204743
7.11 	 2.15741 	 -0.204684
7.125 	 2.15561 	 -0.204623
7.14 	 2.1538 	 -0.204561
7.155 	 2.15199 	 -0.204496
7.17 	 2.15018 	 -0.20443
7.185 	 2.14836 	 -0.204361
7.2 	 2.14657 	 -0.204361
7.215 	 2.14471 	 -0.204219
7.23 	 2.14287 	 -0.204145
7.245 	 2.14103 	 -0.204068
7.26 	 2.13919 	 -0.20399
7.275 	 2.13734 	 -0.203911
7.29 	 2.13549 	 -0.203829
7.305 	 2.13363 	 -0.203745
7.32 	 2.13177 	 -0.203659
7.335 	 2.12991 	 -0.203571
7.35 	 2.12804 	 -0.203482
7.365 	 2.12616 	 -0.20339
7.38 	 2.12428 	 -0.203296
7.395 	 2.1224 	 -0.203201
7.41 	 2.12051 	 -0.203103
7.425 	 2.11861 	 -0.203004
7.44 	 2.11672 	 -0.202902
7.455 	 2.11481 	 -0.202799
7.47 	 2.11291 	 -0.202693
7.485 	 2.111 	 -0.202586
7.5 	 2.10908 	 -0.202476
7.515 	 2.10716 	 -0.202365
7.53 	 2.10524 	 -0.202251
7.545 	 2.10331 	 -0.202136
7.56 	 2.10138 	 -0.202018
7.575 	 2.09947 	 -0.202018
7.59 	 2.0975 	 -0.201777
7.605 	 2.09555 	 -0.201653
7.62 	 2.0936 	 -0.201528
7.635 	 2.09165 	 -0.2014
7.65 	 2.08969 	 -0.20127
7.665 	 2.08773 	 -0.201139
7.68 	 2.08577 	 -0.201005
7.695 	 2.0838 	 -0.200869
7.71 	 2.08183 	 -0.200731
7.725 	 2.07985 	 -0.200591
7.74 	 2.07787 	 -0.200449
7.755 	 2.07588 	 -0.200305
7.77 	 2.0739 	 -0.200159
7.785 	 2.0719 	 -0.200011
7.8 	 2.06991 	 -0.199861
7.815 	 2.06791 	 -0.199709
7.83 	 2.0659 	 -0.199555
7.845 	 2.0639 	 -0.199398
7.86 	 2.06189 	 -0.19924
7.875 	 2.05987 	 -0.199079
7.89 	 2.05786 	 -0.198917
7.905 	 2.05583 	 -0.198752
7.92 	 2.05381 	 -0.198586
7.935 	 2.05178 	 -0.198417
7.95 	 2.04975 	 -0.198246
7.965 	 2.04772 	 -0.198073
7.98 	 2.04568 	 -0.197899
7.995 	 2.04364 	 -0.197722
8.01 	 2.04159 	 -0.197543
8.025 	 2.03954 	 -0.197362
8.04 	 2.03749 	 -0.197178
8.055 	 2.03544 	 -0.196993
8.07 	 2.03338 	 -0.196806
8.085 	 2.03132 	 -0.196616
8.1 	 2.02926 	 -0.196425
8.115 	 2.02719 	 -0.196232
8.13 	 2.02512 	 -0.196036
8.145 	 2.02305 	 -0.195838
8.16 	 2.02097 	 -0.195639
8.175 	 2.01889 	 -0.195437
8.19 	 2.01681 	 -0.195233
8.205 	 2.01473 	 -0.195027
8.22 	 2.01264 	 -0.194819
8.235 	 2.01055 	 -0.194609
8.25 	 2.00846 	 -0.194397
8.265 	 2.00636 	 -0.194183
8.28 	 2.00427 	 -0.193967
8.295 	 2.00217 	 -0.193749
8.31 	 2.00006 	 -0.193529
8.325 	 1.99796 	 -0.193307
8.34 	 1.99585 	 -0.193082
8.355 	 1.99374 	 -0.192856
8.37 	 1.99163 	 -0.192628
8.385 	 1.98951 	 -0.192397
8.4 	 1.9874 	 -0.192165
8.415 	 1.98528 	 -0.19193
8.43 	 1.98316 	 -0.191694
8.445 	 1.98103 	 -0.191455
8.46 	 1.97891 	 -0.191215
8.475 	 1.97678 	 -0.190972
8.49 	 1.97465 	 -0.190728
8.505 	 1.97251 	 -0.190481
8.52 	 1.97038 	 -0.190233
8.535 	 1.96824 	 -0.189982
8.55 	 1.96611 	 -0.18973
8.565 	 1.96397 	 -0.189475
8.58 	 1.96182 	 -0.189219
8.595 	 1.95968 	 -0.18896
8.61 	 1.95753 	 -0.1887
8.625 	 1.95539 	 -0.188437
8.64 	 1.95324 	 -0.188173
8.655 	 1.95109 	 -0.187907
8.67 	 1.94894 	 -0.187638
8.685 	 1.94678 	 -0.187368
8.7 	 1.94463 	 -0.187096
8.715 	 1.94247 	 -0.186822
8.73 	 1.94031 	 -0.186546
8.745 	 1.93815 	 -0.186268
8.76 	 1.93599 	 -0.185988
8.775 	 1.93383 	 -0.185706
8.79 	 1.93166 	 -0.185423
8.805 	 1.9295 	 -0.185137
8.82 	 1.92733 	 -0.18485
8.835 	 1.92516 	 -0.184561
8.85 	 1.92299 	 -0.184269
8.865 	 1.92082 	 -0.183976
8.88 	 1.91865 	 -0.183681
8.895 	 1.91648 	 -0.183385
8.91 	 1.91431 	 -0.183086
8.925 	 1.91213 	 -0.182785
8.94 	 1.90996 	 -0.182483
8.955 	 1.90778 	 -0.182179
8.97 	 1.90561 	 -0.181873
8.985 	 1.90343 	 -0.181565
9 	 1.90125 	 -0.181256
9.015 	 1.89907 	 -0.181256
9.03 	 1.89689 	 -0.180632
9.045 	 1.89471 	 -0.180317
9.06 	 1.89253 	 -0.18
9.075 	 1.89035 	 -0.179682
9.09 	 1.88817 	 -0.179362
9.105 	 1.88599 	 -0.17904
9.12 	 1.8838 	 -0.178716
9.135 	 1.88162 	 -0.178391
9.15 	 1.87944 	 -0.178064
9.165 	 1.87725 	 -0.177735
9.18 	 1.87507 	 -0.177405
9.195 	 1.87288 	 -0.177073
9.21 	 1.8707 	 -0.176739
9.225 	 1.86851 	 -0.176404
9.24 	 1.86633 	 -0.176067
9.255 	 1.86414 	 -0.175728
9.27 	 1.86196 	 -0.175388
9.285 	 1.85977 	 -0.175046
9.3 	 1.85759 	 -0.174703
9.315 	 1.8554 	 -0.174358
9.33 	 1.85322 	 -0.174011
9.345 	 1.85103 	 -0.173663
9.36 	 1.84885 	 -0.173313
9.375 	 1.84666 	 -0.172962
9.39 	 1.84447 	 -0.172962
9.405 	 1.84229 	 -0.172255
9.42 	 1.84011 	 -0.171899
9.435 	 1.83792 	 -0.171542
9.45 	 1.83574 	 -0.171183
9.465 	 1.83356 	 -0.170823
9.48 	 1.83137 	 -0.170461
9.495 	 1.82919 	 -0.170098
9.51 	 1.82701 	 -0.169734
9.525 	 1.82483 	 -0.169368
9.54 	 1.82265 	 -0.169001
9.555 	 1.82047 	 -0.168632
9.57 	 1.81829 	 -0.168262
9.585 	 1.81611 	 -0.16789
9.6 	 1.81393 	 -0.167517
9.615 	 1.81175 	 -0.167143
9.63 	 1.80958 	 -0.166768
9.645 	 1.8074 	 -0.166391
9.66 	 1.80523 	 -0.166013
9.675 	 1.80305 	 -0.165634
9.69 	 1.80088 	 -0.165253
9.705 	 1.79871 	 -0.164871
9.72 	 1.79654 	 -0.164488
9.735 	 1.79436 	 -0.164104
9.75 	 1.7922 	 -0.163719
9.765 	 1.79003 	 -0.163332
9.78 	 1.78786 	 -0.162944
9.795 	 1.78569 	 -0.162555
9.81 	 1.78353 	 -0.162165
9.825 	 1.78137 	 -0.161774
9.84 	 1.7792 	 -0.161382
9.855 	 1.77704 	 -0.160988
9.87 	 1.77488 	 -0.160594
9.885 	 1.77272 	 -0.160198
9.9 	 1.77057 	 -0.159802
9.915 	 1.76841 	 -0.159404
9.93 	 1.76626 	 -0.159005
9.945 	 1.7641 	 -0.158606
9.96 	 1.76195 	 -0.158205
9.975 	 1.7598 	 -0.157804
9.99 	 1.75765 	 -0.157401
10.005 	 1.75551 	 -0.156998
10.02 	 1.75336 	 -0.156594
10.035 	 1.75122 	 -0.156188
10.05 	 1.74908 	 -0.155782
10.065 	 1.74694 	 -0.155375
10.08 	 1.7448 	 -0.154968
10.095 	 1.74266 	 -0.154559
10.11 	 1.74052 	 -0.15415
10.125 	 1.73839 	 -0.153739
10.14 	 1.73626 	 -0.153329
10.155 	 1.73413 	 -0.152917
10.17 	 1.732 	 -0.152504
10.185 	 1.72987 	 -0.152091
10.2 	 1.72775 	 -0.151677
10.215 	 1.72563 	 -0.151263
10.23 	 1.72351 	 -0.150848
10.245 	 1.72139 	 -0.150432
10.26 	 1.71927 	 -0.150016
10.275 	 1.71716 	 -0.149599
10.29 	 1.71505 	 -0.149181
10.305 	 1.71294 	 -0.148763
10.32 	 1.71083 	 -0.148344
10.335 	 1.70872 	 -0.147925
10.35 	 1.70662 	 -0.147505
10.365 	 1.70452 	 -0.147085
10.38 	 1.70242 	 -0.146664
10.395 	 1.70032 	 -0.146243
10.41 	 1.69822 	 -0.145822
10.425 	 1.69613 	 -0.1454
10.44 	 1.69404 	 -0.144978
10.455 	 1.69195 	 -0.144555
10.47 	 1.68987 	 -0.144132
10.485 	 1.68778 	 -0.143709
10.5 	 1.6857 	 -0.143285
10.515 	 1.68362 	 -0.142861
10.53 	 1.68155 	 -0.142437
10.545 	 1.67947 	 -0.142012
10.56 	 1.67739 	 -0.142012
10.575 	 1.67533 	 -0.141163
10.59 	 1.67326 	 -0.140738
10.605 	 1.6712 	 -0.140313
10.62 	 1.66914 	 -0.139887
10.635 	 1.66708 	 -0.139462
10.65 	 1.66502 	 -0.139036
10.665 	 1.66297 	 -0.13861
10.68 	 1.66092 	 -0.138185
10.695 	 1.65887 	 -0.137759
10.71 	 1.65682 	 -0.137333
10.725 	 1.65478 	 -0.136907
10.74 	 1.65274 	 -0.136481
10.755 	 1.6507 	 -0.136055
10.77 	 1.64866 	 -0.135629
10.785 	 1.64663 	 -0.135203
10.8 	 1.6446 	 -0.134778
10.815 	 1.64257 	 -0.134352
10.83 	 1.64055 	 -0.133926
10.845 	 1.63853 	 -0.133501
10.86 	 1.63651 	 -0.133075
10.875 	 1.63449 	 -0.13265
10.89 	 1.63248 	 -0.132225
10.905 	 1.63047 	 -0.1318
10.92 	 1.62846 	 -0.131375
10.935 	 1.62644 	 -0.131375
10.95 	 1.62445 	 -0.130526
10.965 	 1.62246 	 -0.130102
10.98 	 1.62046 	 -0.129678
10.995 	 1.61847 	 -0.129254
11.01 	 1.61648 	 -0.128831
11.025 	 1.61449 	 -0.128408
11.04 	 1.6125 	 -0.127985
11.055 	 1.61052 	 -0.127562
11.07 	 1.60854 	 -0.12714
11.085 	 1.60657 	 -0.126718
11.1 	 1.6046 	 -0.126296
11.115 	 1.60263 	 -0.125875
11.13 	 1.60066 	 -0.125454
11.145 	 1.5987 	 -0.125033
11.16 	 1.59674 	 -0.124613
11.175 	 1.59478 	 -0.124193
11.19 	 1.59282 	 -0.123774
11.205 	 1.59087 	 -0.123355
11.22 	 1.58892 	 -0.122936
11.235 	 1.58698 	 -0.122518
11.25 	 1.58504 	 -0.1221
11.265 	 1.5831 	 -0.121683
11.28 	 1.58116 	 -0.121266
11.295 	 1.57923 	 -0.12085
11.31 	 1.57729 	 -0.12085
11.325 	 1.57537 	 -0.120019
11.34 	 1.57345 	 -0.119604
11.355 	 1.57153 	 -0.11919
11.37 	 1.56961 	 -0.118776
11.385 	 1.5677 	 -0.118363
11.4 	 1.56579 	 -0.11795
11.415 	 1.56388 	 -0.117538
11.43 	 1.56198 	 -0.117126
11.445 	 1.56008 	 -0.116715
11.46 	 1.55818 	 -0.116305
11.475 	 1.55629 	 -0.115895
11.49 	 1.55439 	 -0.115486
11.505 	 1.55251 	 -0.115077
11.52 	 1.55062 	 -0.114669
11.535 	 1.54874 	 -0.114261
11.55 	 1.54686 	 -0.113855
11.565 	 1.54499 	 -0.113448
11.58 	 1.54311 	 -0.113043
11.595 	 1.54125 	 -0.112638
11.61 	 1.53938 	 -0.112234
11.625 	 1.53752 	 -0.11183
11.64 	 1.53566 	 -0.111427
11.655 	 1.5338 	 -0.111025
11.67 	 1.53195 	 -0.110624
11.685 	 1.5301 	 -0.110223
11.7 	 1.52826 	 -0.109823
11.715 	 1.52641 	 -0.109423
11.73 	 1.52458 	 -0.109025
11.745 	 1.52274 	 -0.108627
11.76 	 1.52091 	 -0.108229
11.775 	 1.51908 	 -0.107833
11.79 	 1.51725 	 -0.107437
11.805 	 1.51543 	 -0.107042
11.82 	 1.51361 	 -0.106647
11.835 	 1.51179 	 -0.106254
11.85 	 1.50998 	 -0.105861
11.865 	 1.50817 	 -0.105469
11.88 	 1.50637 	 -0.105078
11.895 	 1.50456 	 -0.104687
11.91 	 1.50276 	 -0.104298
11.925 	 1.50097 	 -0.103909
11.94 	 1.49918 	 -0.10352
11.955 	 1.49739 	 -0.103133
11.97 	 1.4956 	 -0.102747
11.985 	 1.49382 	 -0.102361
12 	 1.49204 	 -0.101976
12.015 	 1.49026 	 -0.101592
12.03 	 1.48849 	 -0.101209
12.045 	 1.48672 	 -0.100826
12.06 	 1.48495 	 -0.100444
12.075 	 1.48319 	 -0.100064
12.09 	 1.48143 	 -0.0996836
12.105 	 1.47968 	 -0.0993045
12.12 	 1.47792 	 -0.0989262
12.135 	 1.47617 	 -0.0985487
12.15 	 1.47443 	 -0.0981721
12.165 	 1.47269 	 -0.0977964
12.18 	 1.47095 	 -0.0974215
12.195 	 1.46921 	 -0.0970475
12.21 	 1.46748 	 -0.0966743
12.225 	 1.46575 	 -0.0963021
12.24 	 1.46402 	 -0.0959306
12.255 	 1.4623 	 -0.0955601
12.27 	 1.46058 	 -0.0951905
12.285 	 1.45886 	 -0.0948217
12.3 	 1.45715 	 -0.0944538
12.315 	 1.45544 	 -0.0940868
12.33 	 1.45374 	 -0.0937207
12.345 	 1.45203 	 -0.0933555
12.36 	 1.45033 	 -0.0929911
12.375 	 1.44864 	 -0.0926277
12.39 	 1.44694 	 -0.0922652
12.405 	 1.44525 	 -0.0919036
12.42 	 1.44357 	 -0.0915428
12.435 	 1.44189 	 -0.091183
12.45 	 1.44021 	 -0.0908241
12.465 	 1.43853 	 -0.0904661
12.48 	 1.43686 	 -0.0901091
12.495 	 1.43519 	 -0.0897529
12.51 	 1.43352 	 -0.0893977
12.525 	 1.43186 	 -0.0890434
12.54 	 1.4302 	 -0.08869
12.555 	 1.42854 	 -0.0883375
12.57 	 1.42689 	 -0.087986
12.585 	 1.42524 	 -0.0876354
12.6 	 1.42359 	 -0.0872857
12.615 	 1.42195 	 -0.0869369
12.63 	 1.42031 	 -0.0865891
12.645 	 1.41867 	 -0.0862422
12.66 	 1.41703 	 -0.0858963
12.675 	 1.4154 	 -0.0855512
12.69 	 1.41378 	 -0.0852072
12.705 	 1.41215 	 -0.084864
12.72 	 1.41053 	 -0.0845218
12.735 	 1.40891 	 -0.0841806
12.75 	 1.4073 	 -0.0838403
12.765 	 1.40569 	 -0.0835009
12.78 	 1.40408 	 -0.0831625
12.795 	 1.40248 	 -0.082825
12.81 	 1.40087 	 -0.0824885
12.825 	 1.39928 	 -0.0821529
12.84 	 1.39768 	 -0.0818182
12.855 	 1.39608 	 -0.0818182
12.87 	 1.3945 	 -0.0811518
12.885 	 1.39291 	 -0.08082
12.9 	 1.39133 	 -0.0804892
12.915 	 1.38975 	 -0.0801593
12.93 	 1.38818 	 -0.0798303
12.945 	 1.3866 	 -0.0795023
12.96 	 1.38503 	 -0.0791753
12.975 	 1.38347 	 -0.0788492
12.99 	 1.38191 	 -0.0785241
13.005 	 1.38034 	 -0.0781999
13.02 	 1.37879 	 -0.0778767
13.035 	 1.37723 	 -0.0775544
13.05 	 1.37568 	 -0.0772331
13.065 	 1.37414 	 -0.0769127
13.08 	 1.37259 	 -0.0765933
13.095 	 1.37105 	 -0.0762749
13.11 	 1.36951 	 -0.0759574
13.125 	 1.36798 	 -0.0756408
13.14 	 1.36644 	 -0.0753252
13.155 	 1.36492 	 -0.0750106
13.17 	 1.36339 	 -0.0746969
13.185 	 1.36187 	 -0.0743842
13.2 	 1.36035 	 -0.0740724
13.215 	 1.35883 	 -0.0737616
13.23 	 1.35731 	 -0.0737616
13.245 	 1.35581 	 -0.0731428
13.26 	 1.3543 	 -0.0728349
13.275 	 1.3528 	 -0.0725279
13.29 	 1.35129 	 -0.0722218
13.305 	 1.3498 	 -0.0719167
13.32 	 1.3483 	 -0.0716125
13.335 	 1.34681 	 -0.0713093
13.35 	 1.34532 	 -0.0710071
13.365 	 1.34383 	 -0.0707058
13.38 	 1.34235 	 -0.0704054
13.395 	 1.34087 	 -0.070106
13.41 	 1.33939 	 -0.0698075
13.425 	 1.33792 	 -0.06951
13.44 	 1.33645 	 -0.0692135
13.455 	 1.33498 	 -0.0689178
13.47 	 1.33351 	 -0.0686232
13.485 	 1.33205 	 -0.0683294
13.5 	 1.33059 	 -0.0680367
13.515 	 1.32914 	 -0.0677448
13.53 	 1.32768 	 -0.0674539
13.545 	 1.32623 	 -0.0671639
13.56 	 1.32479 	 -0.0668749
13.575 	 1.32334 	 -0.0665868
13.59 	 1.3219 	 -0.0662997
13.605 	 1.32046 	 -0.0660135
13.62 	 1.31903 	 -0.0657282
13.635 	 1.31759 	 -0.0654439
13.65 	 1.31616 	 -0.0651605
13.665 	 1.31474 	 -0.064878
13.68 	 1.31331 	 -0.0645965
13.695 	 1.31189 	 -0.0643159
13.71 	 1.31047 	 -0.0640362
13.725 	 1.30906 	 -0.0637575
13.74 	 1.30765 	 -0.0634796
13.755 	 1.30624 	 -0.0632027
13.77 	 1.30483 	 -0.0629268
13.785 	 1.30342 	 -0.0626517
13.8 	 1.30202 	 -0.0623776
13.815 	 1.30063 	 -0.0621044
13.83 	 1.29923 	 -0.0618322
13.845 	 1.29784 	 -0.0615608
13.86 	 1.29645 	 -0.0612904
13.875 	 1.29506 	 -0.0610208
13.89 	 1.29368 	 -0.0607522
13.905 	 1.29229 	 -0.0604845
13.92 	 1.29092 	 -0.0602178
13.935 	 1.28954 	 -0.0599519
13.95 	 1.28817 	 -0.0596869
13.965 	 1.2868 	 -0.0594229
13.98 	 1.28543 	 -0.0591597
13.995 	 1.28406 	 -0.0588975
14.01 	 1.2827 	 -0.0586362
14.025 	 1.28134 	 -0.0583757
14.04 	 1.27999 	 -0.0581162
14.055 	 1.27863 	 -0.0578576
14.07 	 1.27728 	 -0.0575998
14.085 	 1.27593 	 -0.057343
14.1 	 1.27459 	 -0.0570871
14.115 	 1.27324 	 -0.056832
14.13 	 1.2719 	 -0.0565779
14.145 	 1.27057 	 -0.0563246
14.16 	 1.26923 	 -0.0560722
14.175 	 1.2679 	 -0.0558208
14.19 	 1.26657 	 -0.0555702
14.205 	 1.26524 	 -0.0553204
14.22 	 1.26392 	 -0.0550716
14.235 	 1.2626 	 -0.0548236
14.25 	 1.26128 	 -0.0545766
14.265 	 1.25996 	 -0.0543304
14.28 	 1.25865 	 -0.054085
14.295 	 1.25734 	 -0.0538406
14.31 	 1.25603 	 -0.053597
14.325 	 1.25472 	 -0.0533543
14.34 	 1.25342 	 -0.0531125
14.355 	 1.25212 	 -0.0528715
14.37 	 1.25082 	 -0.0526314
14.385 	 1.24953 	 -0.0523922
14.4 	 1.24823 	 -0.0523922
14.415 	 1.24694 	 -0.0519163
14.43 	 1.24566 	 -0.0516796
14.445 	 1.24437 	 -0.0514438
14.46 	 1.24309 	 -0.0512089
14.475 	 1.24181 	 -0.0509748
14.49 	 1.24053 	 -0.0507415
14.505 	 1.23926 	 -0.0505091
14.52 	 1.23798 	 -0.0502776
14.535 	 1.23671 	 -0.0500468
14.55 	 1.23545 	 -0.049817
14.565 	 1.23418 	 -0.049588
14.58 	 1.23292 	 -0.0493598
14.595 	 1.23166 	 -0.0491324
14.61 	 1.2304 	 -0.0489059
14.625 	 1.22915 	 -0.0486803
14.64 	 1.2279 	 -0.0484554
14.655 	 1.22665 	 -0.0482314
14.67 	 1.2254 	 -0.0480082
14.685 	 1.22415 	 -0.0477859
14.7 	 1.22291 	 -0.0475643
14.715 	 1.22167 	 -0.0473436
14.73 	 1.22043 	 -0.0471237
14.745 	 1.2192 	 -0.0469047
14.76 	 1.21797 	 -0.0466864
14.775 	 1.21673 	 -0.0466864
14.79 	 1.21551 	 -0.0462523
14.805 	 1.21428 	 -0.0460365
14.82 	 1.21306 	 -0.0458215
14.835 	 1.21184 	 -0.0456073
14.85 	 1.21062 	 -0.0453939
14.865 	 1.2094 	 -0.0451813
14.88 	 1.20819 	 -0.0449695
14.895 	 1.20698 	 -0.0447585
14.91 	 1.20577 	 -0.0445483
14.925 	 1.20456 	 -0.0443389
14.94 	 1.20336 	 -0.0441303
14.955 	 1.20216 	 -0.0439225
14.97 	 1.20096 	 -0.0437154
14.985 	 1.19976 	 -0.0435092
15 	 1.19857 	 -0.0433037
15.015 	 1.19738 	 -0.0430991
15.03 	 1.19619 	 -0.0428951
15.045 	 1.195 	 -0.042692
15.06 	 1.19381 	 -0.0424897
15.075 	 1.19263 	 -0.0422881
15.09 	 1.19145 	 -0.0420873
15.105 	 1.19027 	 -0.0418873
15.12 	 1.18909 	 -0.041688
15.135 	 1.18792 	 -0.0414895
15.15 	 1.18675 	 -0.0414895
15.165 	 1.18558 	 -0.0410948
15.18 	 1.18441 	 -0.0408985
15.195 	 1.18325 	 -0.0407031
15.21 	 1.18208 	 -0.0405084
15.225 	 1.18092 	 -0.0403144
15.24 	 1.17976 	 -0.0401212
15.255 	 1.17861 	 -0.0399287
15.27 	 1.17746 	 -0.039737
15.285 	 1.1763 	 -0.0395461
15.3 	 1.17515 	 -0.0393558
15.315 	 1.17401 	 -0.0391663
15.33 	 1.17286 	 -0.0389776
15.345 	 1.17172 	 -0.0387896
15.36 	 1.17058 	 -0.0386023
15.375 	 1.16944 	 -0.0384157
15.39 	 1.1683 	 -0.0382299
15.405 	 1.16717 	 -0.0380448
15.42 	 1.16604 	 -0.0378604
15.435 	 1.16491 	 -0.0376768
15.45 	 1.16378 	 -0.0374938
15.465 	 1.16266 	 -0.0373116
15.48 	 1.16153 	 -0.0371301
15.495 	 1.16041 	 -0.0369493
15.51 	 1.15929 	 -0.0367692
15.525 	 1.15818 	 -0.0365899
15.54 	 1.15706 	 -0.0364112
15.555 	 1.15595 	 -0.0362332
15.57 	 1.15484 	 -0.036056
15.585 	 1.15373 	 -0.0358794
15.6 	 1.15262 	 -0.0357036
15.615 	 1.15152 	 -0.0355284
15.63 	 1.15042 	 -0.0353539
15.645 	 1.14932 	 -0.0351801
15.66 	 1.14822 	 -0.035007
15.675 	 1.14712 	 -0.0348346
15.69 	 1.14603 	 -0.0346629
15.705 	 1.14494 	 -0.0344918
15.72 	 1.14385 	 -0.0343215
15.735 	 1.14276 	 -0.0341518
15.75 	 1.14167 	 -0.0339827
15.765 	 1.14059 	 -0.0338144
15.78 	 1.13951 	 -0.0336467
15.795 	 1.13843 	 -0.0334797
15.81 	 1.13735 	 -0.0333134
15.825 	 1.13628 	 -0.0331477
15.84 	 1.1352 	 -0.0329827
15.855 	 1.13413 	 -0.0328183
15.87 	 1.13306 	 -0.0326546
15.885 	 1.13199 	 -0.0324915
15.9 	 1.13093 	 -0.0323291
15.915 	 1.12987 	 -0.0321674
15.93 	 1.1288 	 -0.0320063
15.945 	 1.12774 	 -0.0318458
15.96 	 1.12669 	 -0.031686
15.975 	 1.12563 	 -0.0315268
15.99 	 1.12458 	 -0.0313683
16.005 	 1.12353 	 -0.0312104
16.02 	 1.12248 	 -0.0310531
16.035 	 1.12143 	 -0.0308964
16.05 	 1.12038 	 -0.0307404
16.065 	 1.11934 	 -0.030585
16.08 	 1.1183 	 -0.0304302
16.095 	 1.11726 	 -0.0302761
16.11 	 1.11622 	 -0.0301226
16.125 	 1.11518 	 -0.0299696
16.14 	 1.11415 	 -0.0298173
16.155 	 1.11312 	 -0.0296657
16.17 	 1.11208 	 -0.0295146
16.185 	 1.11106 	 -0.0293641
16.2 	 1.11003 	 -0.0292142
16.215 	 1.109 	 -0.029065
16.23 	 1.10798 	 -0.0289163
16.245 	 1.10696 	 -0.0287682
16.26 	 1.10594 	 -0.0286207
16.275 	 1.10492 	 -0.0284739
16.29 	 1.10391 	 -0.0283276
16.305 	 1.10289 	 -0.0281818
16.32 	 1.10188 	 -0.0280367
16.335 	 1.10087 	 -0.0278922
16.35 	 1.09986 	 -0.0277482
16.365 	 1.09886 	 -0.0276048
16.38 	 1.09785 	 -0.027462
16.395 	 1.09685 	 -0.0273198
16.41 	 1.09585 	 -0.0271781
16.425 	 1.09485 	 -0.027037
16.44 	 1.09385 	 -0.0268965
16.455 	 1.09286 	 -0.0267565
16.47 	 1.09186 	 -0.0266171
16.485 	 1.09087 	 -0.0264783
16.5 	 1.08988 	 -0.02634
16.515 	 1.08889 	 -0.0262023
16.53 	 1.08791 	 -0.0260651
16.545 	 1.08692 	 -0.0259284
16.56 	 1.08594 	 -0.0257923
16.575 	 1.08496 	 -0.0256568
16.59 	 1.08398 	 -0.0255218
16.605 	 1.083 	 -0.0253873
16.62 	 1.08202 	 -0.0252534
16.635 	 1.08105 	 -0.02512
16.65 	 1.08008 	 -0.0249871
16.665 	 1.07911 	 -0.0248548
16.68 	 1.07814 	 -0.024723
16.695 	 1.07717 	 -0.0245917
16.71 	 1.07621 	 -0.0244609
16.725 	 1.07524 	 -0.0243307
16.74 	 1.07428 	 -0.024201
16.755 	 1.07332 	 -0.0240718
16.77 	 1.07236 	 -0.0239431
16.785 	 1.0714 	 -0.0238149
16.8 	 1.07045 	 -0.0236872
16.815 	 1.06949 	 -0.02356
16.83 	 1.06854 	 -0.0234333
16.845 	 1.06759 	 -0.0233071
16.86 	 1.06664 	 -0.0231815
16.875 	 1.0657 	 -0.0230563
16.89 	 1.06475 	 -0.0229316
16.905 	 1.06381 	 -0.0228074
16.92 	 1.06287 	 -0.0226836
16.935 	 1.06193 	 -0.0225604
16.95 	 1.06099 	 -0.0224376
16.965 	 1.06005 	 -0.0223154
16.98 	 1.05912 	 -0.0221936
16.995 	 1.05818 	 -0.0220722
17.01 	 1.05725 	 -0.0219514
17.025 	 1.05632 	 -0.021831
17.04 	 1.05539 	 -0.0217111
17.055 	 1.05446 	 -0.0215916
17.07 	 1.05354 	 -0.0214727
17.085 	 1.05262 	 -0.0213541
17.1 	 1.05169 	 -0.021236
17.115 	 1.05077 	 -0.0211184
17.13 	 1.04985 	 -0.0210013
17.145 	 1.04894 	 -0.0208845
17.16 	 1.04802 	 -0.0207683
17.175 	 1.04711 	 -0.0206524
17.19 	 1.04619 	 -0.020537
17.205 	 1.04528 	 -0.0204221
17.22 	 1.04437 	 -0.0203076
17.235 	 1.04346 	 -0.0201935
17.25 	 1.04256 	 -0.0200798
17.265 	 1.04165 	 -0.0199666
17.28 	 1.04075 	 -0.0198538
17.295 	 1.03985 	 -0.0197414
17.31 	 1.03895 	 -0.0196295
17.325 	 1.03805 	 -0.0195179
17.34 	 1.03715 	 -0.0194068
17.355 	 1.03626 	 -0.0192961
17.37 	 1.03536 	 -0.0191858
17.385 	 1.03447 	 -0.0190759
17.4 	 1.03358 	 -0.0189664
17.415 	 1.03269 	 -0.0188573
17.43 	 1.0318 	 -0.0187486
17.445 	 1.03092 	 -0.0186403
17.46 	 1.03003 	 -0.0185324
17.475 	 1.02915 	 -0.0184249
17.49 	 1.02827 	 -0.0183178
17.505 	 1.02739 	 -0.0182111
17.52 	 1.02651 	 -0.0181047
17.535 	 1.02563 	 -0.0179988
17.55 	 1.02476 	 -0.0178932
17.565 	 1.02388 	 -0.017788
17.58 	 1.02301 	 -0.0176831
17.595 	 1.02214 	 -0.0175787
17.61 	 1.02127 	 -0.0174746
17.625 	 1.0204 	 -0.0173708
17.64 	 1.01953 	 -0.0172674
17.655 	 1.01867 	 -0.0172674
17.67 	 1.0178 	 -0.0170618
17.685 	 1.01694 	 -0.0169594
17.7 	 1.01608 	 -0.0168575
17.715 	 1.01522 	 -0.0167559
17.73 	 1.01436 	 -0.0166546
17.745 	 1.01351 	 -0.0165537
17.76 	 1.01265 	 -0.0164531
17.775 	 1.0118 	 -0.0163529
17.79 	 1.01095 	 -0.016253
17.805 	 1.0101 	 -0.0161534
17.82 	 1.00925 	 -0.0160541
17.835 	 1.0084 	 -0.0159552
17.85 	 1.00755 	 -0.0158566
17.865 	 1.00671 	 -0.0157583
17.88 	 1.00586 	 -0.0156604
17.895 	 1.00502 	 -0.0155627
17.91 	 1.00418 	 -0.0154654
17.925 	 1.00334 	 -0.0153684
17.94 	 1.0025 	 -0.0152716
17.955 	 1.00167 	 -0.0151752
17.97 	 1.00083 	 -0.0150791
17.985 	 0.999996 	 -0.0149833
18 	 0.999163 	 -0.0148878
18.015 	 0.998332 	 -0.0147925
18.03 	 0.997502 	 -0.0147925
18.045 	 0.996674 	 -0.0146029
18.06 	 0.995847 	 -0.0145086
18.075 	 0.995021 	 -0.0144145
18.09 	 0.994197 	 -0.0143207
18.105 	 0.993374 	 -0.0142271
18.12 	 0.992552 	 -0.0141339
18.135 	 0.991732 	 -0.0140409
18.15 	 0.990913 	 -0.0139482
18.165 	 0.990096 	 -0.0138557
18.18 	 0.98928 	 -0.0137635
18.195 	 0.988465 	 -0.0136715
18.21 	 0.987651 	 -0.0135798
18.225 	 0.986839 	 -0.0134884
18.24 	 0.986028 	 -0.0133972
18.255 	 0.985219 	 -0.0133063
18.27 	 0.984411 	 -0.0132156
18.285 	 0.983604 	 -0.0131251
18.3 	 0.982799 	 -0.0130349
18.315 	 0.981994 	 -0.0129449
18.33 	 0.981191 	 -0.0128551
18.345 	 0.98039 	 -0.0127656
18.36 	 0.97959 	 -0.0126763
18.375 	 0.978791 	 -0.0125872
18.39 	 0.977993 	 -0.0124984
18.405 	 0.977197 	 -0.0124984
18.42 	 0.976402 	 -0.0123213
18.435 	 0.975608 	 -0.0122331
18.45 	 0.974815 	 -0.0121451
18.465 	 0.974024 	 -0.0120572
18.48 	 0.973234 	 -0.0119696
18.495 	 0.972446 	 -0.0118822
18.51 	 0.971658 	 -0.011795
18.525 	 0.970872 	 -0.011708
18.54 	 0.970087 	 -0.0116212
18.555 	 0.969304 	 -0.0115345
18.57 	 0.968521 	 -0.0114481
18.585 	 0.96774 	 -0.0113618
18.6 	 0.966961 	 -0.0112757
18.615 	 0.966182 	 -0.0111898
18.63 	 0.965405 	 -0.0111041
18.645 	 0.964629 	 -0.0110185
18.66 	 0.963854 	 -0.0109331
18.675 	 0.963081 	 -0.0108479
18.69 	 0.962308 	 -0.0107628
18.705 	 0.961537 	 -0.0106779
18.72 	 0.960767 	 -0.0105931
18.735 	 0.959999 	 -0.0105085
18.75 	 0.959232 	 -0.0104241
18.765 	 0.958465 	 -0.0103398
18.78 	 0.9577 	 -0.0103398
18.795 	 0.956937 	 -0.0101716
18.81 	 0.956174 	 -0.0100878
18.825 	 0.955413 	 -0.010004
18.84 	 0.954653 	 -0.00992047
18.855 	 0.953894 	 -0.00983702
18.87 	 0.953137 	 -0.00975371
18.885 	 0.95238 	 -0.00967054
18.9 	 0.951625 	 -0.00958749
18.915 	 0.950871 	 -0.00950458
18.93 	 0.950118 	 -0.00942179
18.945 	 0.949366 	 -0.00933913
18.96 	 0.948616 	 -0.0092566
18.975 	 0.947867 	 -0.00917419
18.99 	 0.947118 	 -0.0090919
19.005 	 0.946372 	 -0.00900974
19.02 	 0.945626 	 -0.0089277
19.035 	 0.944881 	 -0.00884578
19.05 	 0.944138 	 -0.00876398
19.065 	 0.943396 	 -0.00868231
19.08 	 0.942655 	 -0.00860075
19.095 	 0.941915 	 -0.00851932
19.11 	 0.941176 	 -0.00843802
19.125 	 0.940438 	 -0.00835684
19.14 	 0.939702 	 -0.00827578
19.155 	 0.938967 	 -0.00827578
19.17 	 0.938233 	 -0.00811406
19.185 	 0.9375 	 -0.0080334
19.2 	 0.936768 	 -0.00795288
19.215 	 0.936037 	 -0.0078725
19.23 	 0.935307 	 -0.00779226
19.245 	 0.934579 	 -0.00771218
19.26 	 0.933852 	 -0.00763225
19.275 	 0.933126 	 -0.00755248
19.29 	 0.932401 	 -0.00747289
19.305 	 0.931677 	 -0.00739347
19.32 	 0.930954 	 -0.00731424
19.335 	 0.930232 	 -0.00723521
19.35 	 0.929512 	 -0.00715639
19.365 	 0.928792 	 -0.00707778
19.38 	 0.928074 	 -0.00699941
19.395 	 0.927357 	 -0.00692129
19.41 	 0.926641 	 -0.00684343
19.425 	 0.925926 	 -0.00676585
19.44 	 0.925212 	 -0.00668858
19.455 	 0.924499 	 -0.00661162
19.47 	 0.923787 	 -0.00653501
19.485 	 0.923077 	 -0.00645877
19.5 	 0.922367 	 -0.00638293
19.515 	 0.921659 	 -0.00630751
19.53 	 0.920951 	 -0.00623255
19.545 	 0.920245 	 -0.00615809
19.56 	 0.91954 	 -0.00608415
19.575 	 0.918836 	 -0.00601079
19.59 	 0.918133 	 -0.00593804
19.605 	 0.917431 	 -0.00586596
19.62 	 0.91673 	 -0.00579459
19.635 	 0.91603 	 -0.005724
19.65 	 0.915332 	 -0.00565423
19.665 	 0.914634 	 -0.00558536
19.68 	 0.913937 	 -0.00551746
19.695 	 0.913242 	 -0.00545059
19.71 	 0.912547 	 -0.00538484
19.725 	 0.911854 	 -0.00532029
19.74 	 0.911162 	 -0.00525703
19.755 	 0.91047 	 -0.00519515
19.77 	 0.90978 	 -0.00513477
19.785 	 0.909091 	 -0.00507597
19.8 	 0.908403 	 -0.00501887
19.815 	 0.907715 	 -0.00496359
19.83 	 0.907029 	 -0.00491024
19.845 	 0.906344 	 -0.00485895
19.86 	 0.90566 	 -0.00480984
19.875 	 0.904977 	 -0.00476306
19.89 	 0.904295 	 -0.00471871
19.905 	 0.903614 	 -0.00467694
19.92 	 0.902934 	 -0.00463788
19.935 	 0.902256 	 -0.00460165
19.95 	 0.901578 	 -0.00456838
19.965 	 0.900901 	 -0.00453819
19.98 	 0.900225 	 -0.00451118
