0 	 -1.34057
0.015 	 -1.34057
0.03 	 -1.34057
0.045 	 -1.34056
0.06 	 -1.34056
0.075 	 -1.34054
0.09 	 -1.34053
0.105 	 -1.34051
0.12 	 -1.34049
0.135 	 -1.34047
0.15 	 -1.34044
0.165 	 -1.34041
0.18 	 -1.34038
0.195 	 -1.34034
0.21 	 -1.3403
0.225 	 -1.34026
0.24 	 -1.34022
0.255 	 -1.34017
0.27 	 -1.34012
0.285 	 -1.34007
0.3 	 -1.34001
0.315 	 -1.33995
0.33 	 -1.33988
0.345 	 -1.33982
0.36 	 -1.33975
0.375 	 -1.33968
0.39 	 -1.33961
0.405 	 -1.33953
0.42 	 -1.33945
0.435 	 -1.33936
0.45 	 -1.33927
0.465 	 -1.33919
0.48 	 -1.33909
0.495 	 -1.339
0.51 	 -1.3389
0.525 	 -1.3388
0.54 	 -1.33869
0.555 	 -1.33858
0.57 	 -1.33847
0.585 	 -1.33836
0.6 	 -1.33824
0.615 	 -1.33812
0.63 	 -1.338
0.645 	 -1.33787
0.66 	 -1.33774
0.675 	 -1.33761
0.69 	 -1.33748
0.705 	 -1.33734
0.72 	 -1.3372
0.735 	 -1.33706
0.75 	 -1.33691
0.765 	 -1.33676
0.78 	 -1.33661
0.795 	 -1.33645
0.81 	 -1.33629
0.825 	 -1.33613
0.84 	 -1.33596
0.855 	 -1.3358
0.87 	 -1.33563
0.885 	 -1.33545
0.9 	 -1.33527
0.915 	 -1.33509
0.93 	 -1.33491
0.945 	 -1.33473
0.96 	 -1.33454
0.975 	 -1.33434
0.99 	 -1.33415
1.005 	 -1.33395
1.02 	 -1.33375
1.035 	 -1.33355
1.05 	 -1.33334
1.065 	 -1.33313
1.08 	 -1.33292
1.095 	 -1.3327
1.11 	 -1.33248
1.125 	 -1.33226
1.14 	 -1.33203
1.155 	 -1.33181
1.17 	 -1.33157
1.185 	 -1.33134
1.2 	 -1.3311
1.215 	 -1.33086
1.23 	 -1.33062
1.245 	 -1.33037
1.26 	 -1.33012
1.275 	 -1.32987
1.29 	 -1.32962
1.305 	 -1.32936
1.32 	 -1.32909
1.335 	 -1.32883
1.35 	 -1.32857
1.365 	 -1.3283
1.38 	 -1.32802
1.395 	 -1.32775
1.41 	 -1.32747
1.425 	 -1.32718
1.44 	 -1.3269
1.455 	 -1.32661
1.47 	 -1.32632
1.485 	 -1.32602
1.5 	 -1.32573
1.515 	 -1.32543
1.53 	 -1.32512
1.545 	 -1.32482
1.56 	 -1.32451
1.575 	 -1.3242
1.59 	 -1.32388
1.605 	 -1.32356
1.62 	 -1.32324
1.635 	 -1.32292
1.65 	 -1.32259
1.665 	 -1.32226
1.68 	 -1.32192
1.695 	 -1.32159
1.71 	 -1.32125
1.725 	 -1.32091
1.74 	 -1.32056
1.755 	 -1.32021
1.77 	 -1.31986
1.785 	 -1.31951
1.8 	 -1.31914
1.815 	 -1.31879
1.83 	 -1.31842
1.845 	 -1.31806
1.86 	 -1.31769
1.875 	 -1.31732
1.89 	 -1.31694
1.905 	 -1.31656
1.92 	 -1.31618
1.935 	 -1.31579
1.95 	 -1.31541
1.965 	 -1.31502
1.98 	 -1.31462
1.995 	 -1.31423
2.01 	 -1.31383
2.025 	 -1.31342
2.04 	 -1.31302
2.055 	 -1.31261
2.07 	 -1.3122
2.085 	 -1.31178
2.1 	 -1.31137
2.115 	 -1.31094
2.13 	 -1.31052
2.145 	 -1.31009
2.16 	 -1.30966
2.175 	 -1.30923
2.19 	 -1.3088
2.205 	 -1.30836
2.22 	 -1.30791
2.235 	 -1.30747
2.25 	 -1.30702
2.265 	 -1.30657
2.28 	 -1.30612
2.295 	 -1.30566
2.31 	 -1.3052
2.325 	 -1.30474
2.34 	 -1.30427
2.355 	 -1.3038
2.37 	 -1.30333
2.385 	 -1.30286
2.4 	 -1.30238
2.415 	 -1.3019
2.43 	 -1.30141
2.445 	 -1.30093
2.46 	 -1.30044
2.475 	 -1.29994
2.49 	 -1.29945
2.505 	 -1.29895
2.52 	 -1.29845
2.535 	 -1.29794
2.55 	 -1.29743
2.565 	 -1.29692
2.58 	 -1.29641
2.595 	 -1.29589
2.61 	 -1.29537
2.625 	 -1.29485
2.64 	 -1.29432
2.655 	 -1.29379
2.67 	 -1.29326
2.685 	 -1.29273
2.7 	 -1.29219
2.715 	 -1.29165
2.73 	 -1.2911
2.745 	 -1.29056
2.76 	 -1.29001
2.775 	 -1.28945
2.79 	 -1.2889
2.805 	 -1.28834
2.82 	 -1.28778
2.835 	 -1.28721
2.85 	 -1.28664
2.865 	 -1.28607
2.88 	 -1.2855
2.895 	 -1.28492
2.91 	 -1.28434
2.925 	 -1.28376
2.94 	 -1.28317
2.955 	 -1.28258
2.97 	 -1.28199
2.985 	 -1.28139
3 	 -1.28079
3.015 	 -1.28019
3.03 	 -1.27959
3.045 	 -1.27898
3.06 	 -1.27837
3.075 	 -1.27776
3.09 	 -1.27714
3.105 	 -1.27652
3.12 	 -1.2759
3.135 	 -1.27528
3.15 	 -1.27465
3.165 	 -1.27402
3.18 	 -1.27338
3.195 	 -1.27274
3.21 	 -1.2721
3.225 	 -1.27146
3.24 	 -1.27081
3.255 	 -1.27016
3.27 	 -1.26951
3.285 	 -1.26886
3.3 	 -1.2682
3.315 	 -1.26754
3.33 	 -1.26687
3.345 	 -1.2662
3.36 	 -1.26553
3.375 	 -1.26486
3.39 	 -1.26418
3.405 	 -1.2635
3.42 	 -1.26282
3.435 	 -1.26214
3.45 	 -1.26145
3.465 	 -1.26076
3.48 	 -1.26006
3.495 	 -1.25936
3.51 	 -1.25866
3.525 	 -1.25796
3.54 	 -1.25725
3.555 	 -1.25654
3.57 	 -1.25583
3.585 	 -1.25512
3.6 	 -1.25439
3.615 	 -1.25368
3.63 	 -1.25295
3.645 	 -1.25222
3.66 	 -1.25149
3.675 	 -1.25076
3.69 	 -1.25002
3.705 	 -1.24928
3.72 	 -1.24854
3.735 	 -1.24779
3.75 	 -1.24705
3.765 	 -1.24629
3.78 	 -1.24554
3.795 	 -1.24478
3.81 	 -1.24402
3.825 	 -1.24326
3.84 	 -1.24249
3.855 	 -1.24172
3.87 	 -1.24095
3.885 	 -1.24017
3.9 	 -1.23939
3.915 	 -1.23861
3.93 	 -1.23783
3.945 	 -1.23704
3.96 	 -1.23625
3.975 	 -1.23545
3.99 	 -1.23466
4.005 	 -1.23386
4.02 	 -1.23305
4.035 	 -1.23225
4.05 	 -1.23144
4.065 	 -1.23063
4.08 	 -1.22981
4.095 	 -1.22899
4.11 	 -1.22817
4.125 	 -1.22735
4.14 	 -1.22652
4.155 	 -1.22569
4.17 	 -1.22486
4.185 	 -1.22402
4.2 	 -1.22318
4.215 	 -1.22234
4.23 	 -1.2215
4.245 	 -1.22065
4.26 	 -1.2198
4.275 	 -1.21894
4.29 	 -1.21809
4.305 	 -1.21723
4.32 	 -1.21636
4.335 	 -1.2155
4.35 	 -1.21463
4.365 	 -1.21376
4.38 	 -1.21288
4.395 	 -1.212
4.41 	 -1.21112
4.425 	 -1.21024
4.44 	 -1.20935
4.455 	 -1.20846
4.47 	 -1.20757
4.485 	 -1.20667
4.5 	 -1.20577
4.515 	 -1.20487
4.53 	 -1.20397
4.545 	 -1.20306
4.56 	 -1.20215
4.575 	 -1.20123
4.59 	 -1.20031
4.605 	 -1.19939
4.62 	 -1.19847
4.635 	 -1.19754
4.65 	 -1.19662
4.665 	 -1.19568
4.68 	 -1.19475
4.695 	 -1.1938
4.71 	 -1.19287
4.725 	 -1.19192
4.74 	 -1.19098
4.755 	 -1.19003
4.77 	 -1.18907
4.785 	 -1.18812
4.8 	 -1.18716
4.815 	 -1.1862
4.83 	 -1.18523
4.845 	 -1.18426
4.86 	 -1.18329
4.875 	 -1.18232
4.89 	 -1.18134
4.905 	 -1.18036
4.92 	 -1.17937
4.935 	 -1.17839
4.95 	 -1.1774
4.965 	 -1.17641
4.98 	 -1.17541
4.995 	 -1.17441
5.01 	 -1.17341
5.025 	 -1.17241
5.04 	 -1.1714
5.055 	 -1.17039
5.07 	 -1.16937
5.085 	 -1.16836
5.1 	 -1.16734
5.115 	 -1.16632
5.13 	 -1.16529
5.145 	 -1.16426
5.16 	 -1.16323
5.175 	 -1.1622
5.19 	 -1.16116
5.205 	 -1.16012
5.22 	 -1.15907
5.235 	 -1.15803
5.25 	 -1.15698
5.265 	 -1.15593
5.28 	 -1.15486
5.295 	 -1.15381
5.31 	 -1.15275
5.325 	 -1.15168
5.34 	 -1.15062
5.355 	 -1.14955
5.37 	 -1.14847
5.385 	 -1.1474
5.4 	 -1.14632
5.415 	 -1.14523
5.43 	 -1.14415
5.445 	 -1.14306
5.46 	 -1.14197
5.475 	 -1.14087
5.49 	 -1.13977
5.505 	 -1.13867
5.52 	 -1.13757
5.535 	 -1.13646
5.55 	 -1.13535
5.565 	 -1.13424
5.58 	 -1.13313
5.595 	 -1.13201
5.61 	 -1.13088
5.625 	 -1.12976
5.64 	 -1.12863
5.655 	 -1.1275
5.67 	 -1.12637
5.685 	 -1.12523
5.7 	 -1.12409
5.715 	 -1.12295
5.73 	 -1.1218
5.745 	 -1.12065
5.76 	 -1.1195
5.775 	 -1.11835
5.79 	 -1.11719
5.805 	 -1.11603
5.82 	 -1.11486
5.835 	 -1.1137
5.85 	 -1.11253
5.865 	 -1.11135
5.88 	 -1.11018
5.895 	 -1.109
5.91 	 -1.10782
5.925 	 -1.10663
5.94 	 -1.10544
5.955 	 -1.10425
5.97 	 -1.10306
5.985 	 -1.10186
6 	 -1.10066
6.015 	 -1.09946
6.03 	 -1.09825
6.045 	 -1.09704
6.06 	 -1.09583
6.075 	 -1.09462
6.09 	 -1.0934
6.105 	 -1.09218
6.12 	 -1.09095
6.135 	 -1.08972
6.15 	 -1.08849
6.165 	 -1.08726
6.18 	 -1.08603
6.195 	 -1.08479
6.21 	 -1.08354
6.225 	 -1.0823
6.24 	 -1.08105
6.255 	 -1.0798
6.27 	 -1.07854
6.285 	 -1.07729
6.3 	 -1.07603
6.315 	 -1.07476
6.33 	 -1.0735
6.345 	 -1.07223
6.36 	 -1.07096
6.375 	 -1.06968
6.39 	 -1.0684
6.405 	 -1.06712
6.42 	 -1.06584
6.435 	 -1.06455
6.45 	 -1.06326
6.465 	 -1.06197
6.48 	 -1.06067
6.495 	 -1.05937
6.51 	 -1.05807
6.525 	 -1.05676
6.54 	 -1.05545
6.555 	 -1.05414
6.57 	 -1.05283
6.585 	 -1.05151
6.6 	 -1.05019
6.615 	 -1.04886
6.63 	 -1.04754
6.645 	 -1.04621
6.66 	 -1.04488
6.675 	 -1.04354
6.69 	 -1.0422
6.705 	 -1.04086
6.72 	 -1.03952
6.735 	 -1.03817
6.75 	 -1.03682
6.765 	 -1.03547
6.78 	 -1.03411
6.795 	 -1.03275
6.81 	 -1.03139
6.825 	 -1.03002
6.84 	 -1.02865
6.855 	 -1.02728
6.87 	 -1.02591
6.885 	 -1.02453
6.9 	 -1.02315
6.915 	 -1.02177
6.93 	 -1.02038
6.945 	 -1.01899
6.96 	 -1.0176
6.975 	 -1.0162
6.99 	 -1.0148
7.005 	 -1.0134
7.02 	 -1.012
7.035 	 -1.01059
7.05 	 -1.00918
7.065 	 -1.00777
7.08 	 -1.00635
7.095 	 -1.00493
7.11 	 -1.00351
7.125 	 -1.00208
7.14 	 -1.00065
7.155 	 -0.99922
7.17 	 -0.997785
7.185 	 -0.996347
7.2 	 -0.994901
7.215 	 -0.993462
7.23 	 -0.992016
7.245 	 -0.990566
7.26 	 -0.989113
7.275 	 -0.987657
7.29 	 -0.986198
7.305 	 -0.984737
7.32 	 -0.983272
7.335 	 -0.981804
7.35 	 -0.980333
7.365 	 -0.978859
7.38 	 -0.977382
7.395 	 -0.975902
7.41 	 -0.974419
7.425 	 -0.972933
7.44 	 -0.971444
7.455 	 -0.969953
7.47 	 -0.968458
7.485 	 -0.96696
7.5 	 -0.965459
7.515 	 -0.963955
7.53 	 -0.962448
7.545 	 -0.960938
7.56 	 -0.959425
7.575 	 -0.957903
7.59 	 -0.95639
7.605 	 -0.954868
7.62 	 -0.953343
7.635 	 -0.951815
7.65 	 -0.950284
7.665 	 -0.948749
7.68 	 -0.947212
7.695 	 -0.945672
7.71 	 -0.944129
7.725 	 -0.942583
7.74 	 -0.941034
7.755 	 -0.939482
7.77 	 -0.937927
7.785 	 -0.936369
7.8 	 -0.934807
7.815 	 -0.933243
7.83 	 -0.931676
7.845 	 -0.930106
7.86 	 -0.928533
7.875 	 -0.926957
7.89 	 -0.925377
7.905 	 -0.923795
7.92 	 -0.92221
7.935 	 -0.920622
7.95 	 -0.919031
7.965 	 -0.917436
7.98 	 -0.915839
7.995 	 -0.914239
8.01 	 -0.912636
8.025 	 -0.911029
8.04 	 -0.90942
8.055 	 -0.907808
8.07 	 -0.906192
8.085 	 -0.904574
8.1 	 -0.902953
8.115 	 -0.901328
8.13 	 -0.899701
8.145 	 -0.898071
8.16 	 -0.896437
8.175 	 -0.894801
8.19 	 -0.893162
8.205 	 -0.891519
8.22 	 -0.889874
8.235 	 -0.888225
8.25 	 -0.886574
8.265 	 -0.88492
8.28 	 -0.883262
8.295 	 -0.881602
8.31 	 -0.879938
8.325 	 -0.878272
8.34 	 -0.876602
8.355 	 -0.87493
8.37 	 -0.873254
8.385 	 -0.871576
8.4 	 -0.869894
8.415 	 -0.86821
8.43 	 -0.866522
8.445 	 -0.864832
8.46 	 -0.863138
8.475 	 -0.861442
8.49 	 -0.859742
8.505 	 -0.85804
8.52 	 -0.856334
8.535 	 -0.854625
8.55 	 -0.852914
8.565 	 -0.851199
8.58 	 -0.849482
8.595 	 -0.847761
8.61 	 -0.846037
8.625 	 -0.844311
8.64 	 -0.842581
8.655 	 -0.840848
8.67 	 -0.839113
8.685 	 -0.837374
8.7 	 -0.835632
8.715 	 -0.833888
8.73 	 -0.83214
8.745 	 -0.830389
8.76 	 -0.828635
8.775 	 -0.826879
8.79 	 -0.825119
8.805 	 -0.823356
8.82 	 -0.821591
8.835 	 -0.819822
8.85 	 -0.81805
8.865 	 -0.816275
8.88 	 -0.814497
8.895 	 -0.812717
8.91 	 -0.810933
8.925 	 -0.809146
8.94 	 -0.807356
8.955 	 -0.805563
8.97 	 -0.803767
8.985 	 -0.801969
9 	 -0.800167
9.015 	 -0.798357
9.03 	 -0.796554
9.045 	 -0.794743
9.06 	 -0.792929
9.075 	 -0.791112
9.09 	 -0.789292
9.105 	 -0.787469
9.12 	 -0.785644
9.135 	 -0.783815
9.15 	 -0.781983
9.165 	 -0.780148
9.18 	 -0.77831
9.195 	 -0.776469
9.21 	 -0.774625
9.225 	 -0.772778
9.24 	 -0.770928
9.255 	 -0.769075
9.27 	 -0.767219
9.285 	 -0.76536
9.3 	 -0.763498
9.315 	 -0.761633
9.33 	 -0.759764
9.345 	 -0.757893
9.36 	 -0.756019
9.375 	 -0.754142
9.39 	 -0.752257
9.405 	 -0.750379
9.42 	 -0.748493
9.435 	 -0.746604
9.45 	 -0.744712
9.465 	 -0.742816
9.48 	 -0.740918
9.495 	 -0.739017
9.51 	 -0.737113
9.525 	 -0.735206
9.54 	 -0.733296
9.555 	 -0.731382
9.57 	 -0.729466
9.585 	 -0.727547
9.6 	 -0.725625
9.615 	 -0.7237
9.63 	 -0.721771
9.645 	 -0.71984
9.66 	 -0.717906
9.675 	 -0.715969
9.69 	 -0.714028
9.705 	 -0.712085
9.72 	 -0.710139
9.735 	 -0.708189
9.75 	 -0.706237
9.765 	 -0.704282
9.78 	 -0.702323
9.795 	 -0.700362
9.81 	 -0.698398
9.825 	 -0.69643
9.84 	 -0.69446
9.855 	 -0.692487
9.87 	 -0.69051
9.885 	 -0.688531
9.9 	 -0.686548
9.915 	 -0.684563
9.93 	 -0.682575
9.945 	 -0.680583
9.96 	 -0.678589
9.975 	 -0.676591
9.99 	 -0.674591
10.005 	 -0.672587
10.02 	 -0.670581
10.035 	 -0.668571
10.05 	 -0.666559
10.065 	 -0.664543
10.08 	 -0.662525
10.095 	 -0.660503
10.11 	 -0.658479
10.125 	 -0.656451
10.14 	 -0.654421
10.155 	 -0.652387
10.17 	 -0.650351
10.185 	 -0.648311
10.2 	 -0.646268
10.215 	 -0.644223
10.23 	 -0.642174
10.245 	 -0.640123
10.26 	 -0.638068
10.275 	 -0.63601
10.29 	 -0.63395
10.305 	 -0.631886
10.32 	 -0.629819
10.335 	 -0.62775
10.35 	 -0.625677
10.365 	 -0.623601
10.38 	 -0.621523
10.395 	 -0.619441
10.41 	 -0.617356
10.425 	 -0.615269
10.44 	 -0.613178
10.455 	 -0.611084
10.47 	 -0.608987
10.485 	 -0.606888
10.5 	 -0.604792
10.515 	 -0.602703
10.53 	 -0.600622
10.545 	 -0.598548
10.56 	 -0.596477
10.575 	 -0.594423
10.59 	 -0.592372
10.605 	 -0.590328
10.62 	 -0.588291
10.635 	 -0.586261
10.65 	 -0.584239
10.665 	 -0.582224
10.68 	 -0.580216
10.695 	 -0.578215
10.71 	 -0.576221
10.725 	 -0.574235
10.74 	 -0.572255
10.755 	 -0.570283
10.77 	 -0.568317
10.785 	 -0.566359
10.8 	 -0.564407
10.815 	 -0.562463
10.83 	 -0.560525
10.845 	 -0.558594
10.86 	 -0.556671
10.875 	 -0.554753
10.89 	 -0.552843
10.905 	 -0.55094
10.92 	 -0.549043
10.935 	 -0.547148
10.95 	 -0.54527
10.965 	 -0.543393
10.98 	 -0.541523
10.995 	 -0.53966
11.01 	 -0.537803
11.025 	 -0.535953
11.04 	 -0.534109
11.055 	 -0.532272
11.07 	 -0.530441
11.085 	 -0.528617
11.1 	 -0.5268
11.115 	 -0.524988
11.13 	 -0.523184
11.145 	 -0.521385
11.16 	 -0.519593
11.175 	 -0.517807
11.19 	 -0.516028
11.205 	 -0.514255
11.22 	 -0.512488
11.235 	 -0.510727
11.25 	 -0.508973
11.265 	 -0.507225
11.28 	 -0.505482
11.295 	 -0.503747
11.31 	 -0.502011
11.325 	 -0.500293
11.34 	 -0.498575
11.355 	 -0.496864
11.37 	 -0.495158
11.385 	 -0.493459
11.4 	 -0.491765
11.415 	 -0.490078
11.43 	 -0.488396
11.445 	 -0.486721
11.46 	 -0.485051
11.475 	 -0.483387
11.49 	 -0.481729
11.505 	 -0.480077
11.52 	 -0.478431
11.535 	 -0.47679
11.55 	 -0.475156
11.565 	 -0.473527
11.58 	 -0.471904
11.595 	 -0.470286
11.61 	 -0.468674
11.625 	 -0.467068
11.64 	 -0.465468
11.655 	 -0.463873
11.67 	 -0.462284
11.685 	 -0.4607
11.7 	 -0.459122
11.715 	 -0.45755
11.73 	 -0.455983
11.745 	 -0.454422
11.76 	 -0.452866
11.775 	 -0.451316
11.79 	 -0.449771
11.805 	 -0.448231
11.82 	 -0.446697
11.835 	 -0.445169
11.85 	 -0.443645
11.865 	 -0.442128
11.88 	 -0.440615
11.895 	 -0.439108
11.91 	 -0.437606
11.925 	 -0.43611
11.94 	 -0.434618
11.955 	 -0.433133
11.97 	 -0.431652
11.985 	 -0.430176
12 	 -0.428706
12.015 	 -0.427241
12.03 	 -0.425781
12.045 	 -0.424326
12.06 	 -0.422877
12.075 	 -0.421432
12.09 	 -0.419993
12.105 	 -0.418559
12.12 	 -0.417129
12.135 	 -0.415705
12.15 	 -0.414286
12.165 	 -0.412872
12.18 	 -0.411463
12.195 	 -0.410059
12.21 	 -0.40866
12.225 	 -0.407266
12.24 	 -0.405876
12.255 	 -0.404492
12.27 	 -0.403113
12.285 	 -0.401738
12.3 	 -0.400369
12.315 	 -0.399004
12.33 	 -0.397644
12.345 	 -0.396289
12.36 	 -0.394939
12.375 	 -0.393593
12.39 	 -0.392252
12.405 	 -0.390917
12.42 	 -0.389585
12.435 	 -0.388259
12.45 	 -0.386937
12.465 	 -0.38562
12.48 	 -0.384308
12.495 	 -0.383
12.51 	 -0.381697
12.525 	 -0.380399
12.54 	 -0.379105
12.555 	 -0.377816
12.57 	 -0.376531
12.585 	 -0.375251
12.6 	 -0.373976
12.615 	 -0.372705
12.63 	 -0.371439
12.645 	 -0.370177
12.66 	 -0.36892
12.675 	 -0.367667
12.69 	 -0.366419
12.705 	 -0.365175
12.72 	 -0.363936
12.735 	 -0.362701
12.75 	 -0.361471
12.765 	 -0.360245
12.78 	 -0.359023
12.795 	 -0.357806
12.81 	 -0.356593
12.825 	 -0.355384
12.84 	 -0.35418
12.855 	 -0.352975
12.87 	 -0.351785
12.885 	 -0.350594
12.9 	 -0.349407
12.915 	 -0.348224
12.93 	 -0.347046
12.945 	 -0.345872
12.96 	 -0.344702
12.975 	 -0.343536
12.99 	 -0.342375
13.005 	 -0.341218
13.02 	 -0.340065
13.035 	 -0.338916
13.05 	 -0.337771
13.065 	 -0.33663
13.08 	 -0.335494
13.095 	 -0.334362
13.11 	 -0.333234
13.125 	 -0.33211
13.14 	 -0.33099
13.155 	 -0.329874
13.17 	 -0.328762
13.185 	 -0.327654
13.2 	 -0.32655
13.215 	 -0.325451
13.23 	 -0.32435
13.245 	 -0.323263
13.26 	 -0.322175
13.275 	 -0.321092
13.29 	 -0.320012
13.305 	 -0.318936
13.32 	 -0.317864
13.335 	 -0.316796
13.35 	 -0.315732
13.365 	 -0.314672
13.38 	 -0.313616
13.395 	 -0.312564
13.41 	 -0.311516
13.425 	 -0.310471
13.44 	 -0.30943
13.455 	 -0.308393
13.47 	 -0.30736
13.485 	 -0.306331
13.5 	 -0.305306
13.515 	 -0.304284
13.53 	 -0.303266
13.545 	 -0.302252
13.56 	 -0.301242
13.575 	 -0.300236
13.59 	 -0.299233
13.605 	 -0.298234
13.62 	 -0.297239
13.635 	 -0.296247
13.65 	 -0.295259
13.665 	 -0.294275
13.68 	 -0.293294
13.695 	 -0.292318
13.71 	 -0.291344
13.725 	 -0.290375
13.74 	 -0.289409
13.755 	 -0.288447
13.77 	 -0.287488
13.785 	 -0.286533
13.8 	 -0.285582
13.815 	 -0.284634
13.83 	 -0.283689
13.845 	 -0.282749
13.86 	 -0.281812
13.875 	 -0.280878
13.89 	 -0.279948
13.905 	 -0.279021
13.92 	 -0.278098
13.935 	 -0.277179
13.95 	 -0.276263
13.965 	 -0.27535
13.98 	 -0.274441
13.995 	 -0.273536
14.01 	 -0.272634
14.025 	 -0.271735
14.04 	 -0.27084
14.055 	 -0.269948
14.07 	 -0.26906
14.085 	 -0.268175
14.1 	 -0.267293
14.115 	 -0.266415
14.13 	 -0.265541
14.145 	 -0.264669
14.16 	 -0.263801
14.175 	 -0.262937
14.19 	 -0.262075
14.205 	 -0.261217
14.22 	 -0.260363
14.235 	 -0.259511
14.25 	 -0.258664
14.265 	 -0.257819
14.28 	 -0.256977
14.295 	 -0.256139
14.31 	 -0.255305
14.325 	 -0.254473
14.34 	 -0.253645
14.355 	 -0.25282
14.37 	 -0.251998
14.385 	 -0.25118
14.4 	 -0.250359
14.415 	 -0.249552
14.43 	 -0.248743
14.445 	 -0.247938
14.46 	 -0.247135
14.475 	 -0.246336
14.49 	 -0.24554
14.505 	 -0.244747
14.52 	 -0.243957
14.535 	 -0.24317
14.55 	 -0.242387
14.565 	 -0.241607
14.58 	 -0.240829
14.595 	 -0.240055
14.61 	 -0.239284
14.625 	 -0.238516
14.64 	 -0.237752
14.655 	 -0.23699
14.67 	 -0.236231
14.685 	 -0.235476
14.7 	 -0.234723
14.715 	 -0.233974
14.73 	 -0.233227
14.745 	 -0.232484
14.76 	 -0.231744
14.775 	 -0.231001
14.79 	 -0.230272
14.805 	 -0.229541
14.82 	 -0.228813
14.835 	 -0.228087
14.85 	 -0.227365
14.865 	 -0.226646
14.88 	 -0.22593
14.895 	 -0.225216
14.91 	 -0.224506
14.925 	 -0.223798
14.94 	 -0.223094
14.955 	 -0.222392
14.97 	 -0.221694
14.985 	 -0.220998
15 	 -0.220305
15.015 	 -0.219615
15.03 	 -0.218928
15.045 	 -0.218244
15.06 	 -0.217563
15.075 	 -0.216885
15.09 	 -0.216209
15.105 	 -0.215537
15.12 	 -0.214867
15.135 	 -0.2142
15.15 	 -0.213531
15.165 	 -0.212875
15.18 	 -0.212216
15.195 	 -0.211561
15.21 	 -0.210908
15.225 	 -0.210258
15.24 	 -0.209611
15.255 	 -0.208967
15.27 	 -0.208325
15.285 	 -0.207686
15.3 	 -0.20705
15.315 	 -0.206417
15.33 	 -0.205787
15.345 	 -0.205159
15.36 	 -0.204534
15.375 	 -0.203912
15.39 	 -0.203292
15.405 	 -0.202676
15.42 	 -0.202062
15.435 	 -0.20145
15.45 	 -0.200842
15.465 	 -0.200236
15.48 	 -0.199632
15.495 	 -0.199032
15.51 	 -0.198434
15.525 	 -0.197839
15.54 	 -0.197246
15.555 	 -0.196657
15.57 	 -0.196069
15.585 	 -0.195485
15.6 	 -0.194903
15.615 	 -0.194324
15.63 	 -0.193747
15.645 	 -0.193173
15.66 	 -0.192602
15.675 	 -0.192033
15.69 	 -0.191467
15.705 	 -0.190904
15.72 	 -0.190343
15.735 	 -0.189784
15.75 	 -0.189229
15.765 	 -0.188676
15.78 	 -0.188125
15.795 	 -0.187577
15.81 	 -0.187031
15.825 	 -0.186489
15.84 	 -0.185948
15.855 	 -0.18541
15.87 	 -0.184875
15.885 	 -0.184342
15.9 	 -0.183812
15.915 	 -0.183285
15.93 	 -0.182759
15.945 	 -0.182237
15.96 	 -0.181717
15.975 	 -0.181199
15.99 	 -0.180684
16.005 	 -0.180171
16.02 	 -0.179661
16.035 	 -0.179153
16.05 	 -0.178648
16.065 	 -0.178145
16.08 	 -0.177645
16.095 	 -0.177147
16.11 	 -0.176652
16.125 	 -0.176159
16.14 	 -0.175668
16.155 	 -0.17518
16.17 	 -0.174694
16.185 	 -0.174211
16.2 	 -0.17373
16.215 	 -0.173252
16.23 	 -0.172776
16.245 	 -0.172302
16.26 	 -0.171831
16.275 	 -0.171362
16.29 	 -0.170896
16.305 	 -0.170432
16.32 	 -0.16997
16.335 	 -0.169511
16.35 	 -0.169054
16.365 	 -0.168599
16.38 	 -0.168147
16.395 	 -0.167697
16.41 	 -0.16725
16.425 	 -0.166805
16.44 	 -0.166362
16.455 	 -0.165921
16.47 	 -0.165483
16.485 	 -0.165047
16.5 	 -0.164613
16.515 	 -0.164182
16.53 	 -0.163753
16.545 	 -0.163327
16.56 	 -0.162902
16.575 	 -0.16248
16.59 	 -0.16206
16.605 	 -0.161643
16.62 	 -0.161228
16.635 	 -0.160815
16.65 	 -0.160404
16.665 	 -0.159996
16.68 	 -0.159589
16.695 	 -0.159185
16.71 	 -0.158784
16.725 	 -0.158384
16.74 	 -0.157987
16.755 	 -0.157592
16.77 	 -0.1572
16.785 	 -0.156809
16.8 	 -0.156421
16.815 	 -0.156035
16.83 	 -0.155651
16.845 	 -0.155269
16.86 	 -0.15489
16.875 	 -0.154512
16.89 	 -0.154137
16.905 	 -0.153764
16.92 	 -0.153394
16.935 	 -0.153025
16.95 	 -0.152659
16.965 	 -0.152295
16.98 	 -0.151933
16.995 	 -0.151573
17.01 	 -0.151215
17.025 	 -0.15086
17.04 	 -0.150506
17.055 	 -0.150155
17.07 	 -0.149806
17.085 	 -0.149459
17.1 	 -0.149114
17.115 	 -0.148771
17.13 	 -0.148431
17.145 	 -0.148092
17.16 	 -0.147756
17.175 	 -0.147422
17.19 	 -0.14709
17.205 	 -0.14676
17.22 	 -0.146432
17.235 	 -0.146106
17.25 	 -0.145782
17.265 	 -0.14546
17.28 	 -0.145141
17.295 	 -0.144823
17.31 	 -0.144508
17.325 	 -0.144194
17.34 	 -0.143883
17.355 	 -0.143574
17.37 	 -0.143267
17.385 	 -0.142962
17.4 	 -0.142658
17.415 	 -0.142357
17.43 	 -0.142058
17.445 	 -0.141761
17.46 	 -0.141466
17.475 	 -0.141174
17.49 	 -0.140883
17.505 	 -0.140594
17.52 	 -0.140307
17.535 	 -0.140022
17.55 	 -0.139739
17.565 	 -0.139458
17.58 	 -0.13918
17.595 	 -0.138903
17.61 	 -0.138628
17.625 	 -0.138355
17.64 	 -0.138084
17.655 	 -0.13781
17.67 	 -0.137548
17.685 	 -0.137284
17.7 	 -0.137021
17.715 	 -0.13676
17.73 	 -0.136501
17.745 	 -0.136243
17.76 	 -0.135988
17.775 	 -0.135735
17.79 	 -0.135484
17.805 	 -0.135235
17.82 	 -0.134987
17.835 	 -0.134742
17.85 	 -0.134499
17.865 	 -0.134257
17.88 	 -0.134018
17.895 	 -0.13378
17.91 	 -0.133544
17.925 	 -0.13331
17.94 	 -0.133078
17.955 	 -0.132848
17.97 	 -0.13262
17.985 	 -0.132394
18 	 -0.13217
18.015 	 -0.131947
18.03 	 -0.131722
18.045 	 -0.131508
18.06 	 -0.131292
18.075 	 -0.131077
18.09 	 -0.130864
18.105 	 -0.130653
18.12 	 -0.130443
18.135 	 -0.130236
18.15 	 -0.130031
18.165 	 -0.129827
18.18 	 -0.129625
18.195 	 -0.129425
18.21 	 -0.129227
18.225 	 -0.129031
18.24 	 -0.128837
18.255 	 -0.128644
18.27 	 -0.128453
18.285 	 -0.128264
18.3 	 -0.128077
18.315 	 -0.127892
18.33 	 -0.127709
18.345 	 -0.127527
18.36 	 -0.127348
18.375 	 -0.12717
18.39 	 -0.126993
18.405 	 -0.126814
18.42 	 -0.126647
18.435 	 -0.126476
18.45 	 -0.126307
18.465 	 -0.12614
18.48 	 -0.125975
18.495 	 -0.125811
18.51 	 -0.125649
18.525 	 -0.12549
18.54 	 -0.125331
18.555 	 -0.125175
18.57 	 -0.12502
18.585 	 -0.124868
18.6 	 -0.124716
18.615 	 -0.124567
18.63 	 -0.12442
18.645 	 -0.124274
18.66 	 -0.12413
18.675 	 -0.123988
18.69 	 -0.123847
18.705 	 -0.123708
18.72 	 -0.123571
18.735 	 -0.123436
18.75 	 -0.123302
18.765 	 -0.123171
18.78 	 -0.123035
18.795 	 -0.122912
18.81 	 -0.122785
18.825 	 -0.122661
18.84 	 -0.122537
18.855 	 -0.122416
18.87 	 -0.122296
18.885 	 -0.122178
18.9 	 -0.122062
18.915 	 -0.121947
18.93 	 -0.121834
18.945 	 -0.121723
18.96 	 -0.121614
18.975 	 -0.121506
18.99 	 -0.1214
19.005 	 -0.121295
19.02 	 -0.121192
19.035 	 -0.121091
19.05 	 -0.120992
19.065 	 -0.120894
19.08 	 -0.120798
19.095 	 -0.120704
19.11 	 -0.120611
19.125 	 -0.12052
19.14 	 -0.120431
19.155 	 -0.120338
19.17 	 -0.120257
19.185 	 -0.120173
19.2 	 -0.12009
19.215 	 -0.120009
19.23 	 -0.119929
19.245 	 -0.119852
19.26 	 -0.119775
19.275 	 -0.119701
19.29 	 -0.119628
19.305 	 -0.119557
19.32 	 -0.119487
19.335 	 -0.119419
19.35 	 -0.119353
19.365 	 -0.119288
19.38 	 -0.119225
19.395 	 -0.119164
19.41 	 -0.119104
19.425 	 -0.119046
19.44 	 -0.118989
19.455 	 -0.118934
19.47 	 -0.11888
19.485 	 -0.118829
19.5 	 -0.118778
19.515 	 -0.11873
19.53 	 -0.118683
19.545 	 -0.118637
19.56 	 -0.118594
19.575 	 -0.118551
19.59 	 -0.118511
19.605 	 -0.118472
19.62 	 -0.118434
19.635 	 -0.118398
19.65 	 -0.118364
19.665 	 -0.118331
19.68 	 -0.1183
19.695 	 -0.11827
19.71 	 -0.118242
19.725 	 -0.118216
19.74 	 -0.118191
19.755 	 -0.118168
19.77 	 -0.118146
19.785 	 -0.118125
19.8 	 -0.118107
19.815 	 -0.11809
19.83 	 -0.118074
19.845 	 -0.11806
19.86 	 -0.118047
19.875 	 -0.118036
19.89 	 -0.118027
19.905 	 -0.118019
19.92 	 -0.118013
19.935 	 -0.118008
19.95 	 -0.118005
19.965 	 -0.118003
19.98 	 -0.118003
