0 	 -0.220998
0.015 	 -0.221002
0.03 	 -0.221019
0.045 	 -0.22105
0.06 	 -0.22107
0.075 	 -0.221093
0.09 	 -0.221118
0.105 	 -0.221144
0.12 	 -0.221171
0.135 	 -0.2212
0.15 	 -0.22123
0.165 	 -0.221227
0.18 	 -0.221292
0.195 	 -0.221325
0.21 	 -0.221358
0.225 	 -0.221364
0.24 	 -0.221428
0.255 	 -0.221464
0.27 	 -0.221501
0.285 	 -0.221539
0.3 	 -0.221577
0.315 	 -0.221616
0.33 	 -0.221639
0.345 	 -0.221697
0.36 	 -0.221739
0.375 	 -0.221781
0.39 	 -0.221824
0.405 	 -0.221868
0.42 	 -0.221912
0.435 	 -0.221958
0.45 	 -0.222001
0.465 	 -0.22205
0.48 	 -0.222097
0.495 	 -0.222145
0.51 	 -0.222193
0.525 	 -0.222242
0.54 	 -0.222292
0.555 	 -0.222342
0.57 	 -0.222393
0.585 	 -0.222444
0.6 	 -0.222496
0.615 	 -0.222549
0.63 	 -0.222602
0.645 	 -0.222655
0.66 	 -0.222733
0.675 	 -0.222763
0.69 	 -0.222818
0.705 	 -0.222874
0.72 	 -0.222929
0.735 	 -0.222985
0.75 	 -0.223042
0.765 	 -0.223099
0.78 	 -0.223156
0.795 	 -0.223214
0.81 	 -0.223272
0.825 	 -0.22333
0.84 	 -0.223388
0.855 	 -0.223447
0.87 	 -0.223506
0.885 	 -0.223565
0.9 	 -0.22368
0.915 	 -0.223685
0.93 	 -0.223744
0.945 	 -0.223804
0.96 	 -0.223865
0.975 	 -0.223925
0.99 	 -0.223985
1.005 	 -0.224045
1.02 	 -0.224106
1.035 	 -0.224166
1.05 	 -0.224227
1.065 	 -0.224287
1.08 	 -0.224348
1.095 	 -0.224408
1.11 	 -0.224469
1.125 	 -0.224529
1.14 	 -0.224589
1.155 	 -0.224649
1.17 	 -0.224709
1.185 	 -0.224768
1.2 	 -0.224828
1.215 	 -0.224887
1.23 	 -0.224946
1.245 	 -0.225004
1.26 	 -0.225062
1.275 	 -0.22512
1.29 	 -0.225178
1.305 	 -0.225235
1.32 	 -0.225404
1.335 	 -0.225348
1.35 	 -0.225404
1.365 	 -0.22546
1.38 	 -0.225515
1.395 	 -0.225569
1.41 	 -0.225623
1.425 	 -0.225676
1.44 	 -0.225729
1.455 	 -0.225781
1.47 	 -0.225832
1.485 	 -0.225883
1.5 	 -0.225933
1.515 	 -0.225982
1.53 	 -0.226031
1.545 	 -0.226079
1.56 	 -0.226125
1.575 	 -0.226172
1.59 	 -0.226217
1.605 	 -0.226261
1.62 	 -0.226304
1.635 	 -0.226347
1.65 	 -0.226388
1.665 	 -0.226429
1.68 	 -0.226468
1.695 	 -0.226506
1.71 	 -0.226544
1.725 	 -0.22658
1.74 	 -0.226615
1.755 	 -0.226648
1.77 	 -0.226681
1.785 	 -0.226712
1.8 	 -0.226919
1.815 	 -0.226771
1.83 	 -0.226799
1.845 	 -0.226825
1.86 	 -0.22685
1.875 	 -0.226873
1.89 	 -0.226895
1.905 	 -0.226916
1.92 	 -0.226935
1.935 	 -0.226952
1.95 	 -0.226968
1.965 	 -0.226982
1.98 	 -0.226995
1.995 	 -0.227006
2.01 	 -0.227016
2.025 	 -0.227024
2.04 	 -0.22703
2.055 	 -0.227034
2.07 	 -0.227037
2.085 	 -0.227037
2.1 	 -0.227036
2.115 	 -0.227033
2.13 	 -0.227029
2.145 	 -0.227022
2.16 	 -0.227013
2.175 	 -0.227003
2.19 	 -0.22699
2.205 	 -0.226975
2.22 	 -0.226958
2.235 	 -0.22694
2.25 	 -0.226919
2.265 	 -0.226895
2.28 	 -0.22687
2.295 	 -0.226842
2.31 	 -0.226813
2.325 	 -0.226781
2.34 	 -0.226746
2.355 	 -0.22671
2.37 	 -0.226671
2.385 	 -0.226629
2.4 	 -0.226585
2.415 	 -0.226539
2.43 	 -0.22649
2.445 	 -0.226439
2.46 	 -0.226385
2.475 	 -0.226329
2.49 	 -0.22627
2.505 	 -0.226209
2.52 	 -0.226145
2.535 	 -0.226078
2.55 	 -0.226008
2.565 	 -0.225936
2.58 	 -0.225861
2.595 	 -0.225783
2.61 	 -0.225703
2.625 	 -0.225619
2.64 	 -0.225814
2.655 	 -0.225444
2.67 	 -0.225352
2.685 	 -0.225257
2.7 	 -0.225159
2.715 	 -0.225057
2.73 	 -0.224953
2.745 	 -0.224846
2.76 	 -0.224736
2.775 	 -0.224623
2.79 	 -0.224506
2.805 	 -0.224387
2.82 	 -0.224264
2.835 	 -0.224138
2.85 	 -0.224009
2.865 	 -0.223876
2.88 	 -0.22374
2.895 	 -0.223601
2.91 	 -0.223459
2.925 	 -0.223313
2.94 	 -0.223164
2.955 	 -0.223011
2.97 	 -0.222855
2.985 	 -0.222695
3 	 -0.222532
3.015 	 -0.222366
3.03 	 -0.222195
3.045 	 -0.222022
3.06 	 -0.221844
3.075 	 -0.221663
3.09 	 -0.221479
3.105 	 -0.22129
3.12 	 -0.221098
3.135 	 -0.220903
3.15 	 -0.220703
3.165 	 -0.2205
3.18 	 -0.220293
3.195 	 -0.220082
3.21 	 -0.219868
3.225 	 -0.219649
3.24 	 -0.219427
3.255 	 -0.2192
3.27 	 -0.21897
3.285 	 -0.218736
3.3 	 -0.218498
3.315 	 -0.218255
3.33 	 -0.218009
3.345 	 -0.217759
3.36 	 -0.217505
3.375 	 -0.217246
3.39 	 -0.216984
3.405 	 -0.216717
3.42 	 -0.216447
3.435 	 -0.216172
3.45 	 -0.215892
3.465 	 -0.215609
3.48 	 -0.215322
3.495 	 -0.21503
3.51 	 -0.214734
3.525 	 -0.214433
3.54 	 -0.214129
3.555 	 -0.21382
3.57 	 -0.213506
3.585 	 -0.213189
3.6 	 -0.213239
3.615 	 -0.21254
3.63 	 -0.212209
3.645 	 -0.211874
3.66 	 -0.211534
3.675 	 -0.211189
3.69 	 -0.21084
3.705 	 -0.210487
3.72 	 -0.210129
3.735 	 -0.209767
3.75 	 -0.2094
3.765 	 -0.209028
3.78 	 -0.208652
3.795 	 -0.208271
3.81 	 -0.207886
3.825 	 -0.207496
3.84 	 -0.207101
3.855 	 -0.206701
3.87 	 -0.206297
3.885 	 -0.205888
3.9 	 -0.205475
3.915 	 -0.205057
3.93 	 -0.204633
3.945 	 -0.204206
3.96 	 -0.203773
3.975 	 -0.203336
3.99 	 -0.202893
4.005 	 -0.202446
4.02 	 -0.201994
4.035 	 -0.201537
4.05 	 -0.201076
4.065 	 -0.200609
4.08 	 -0.200138
4.095 	 -0.199661
4.11 	 -0.19918
4.125 	 -0.198694
4.14 	 -0.198203
4.155 	 -0.197707
4.17 	 -0.197206
4.185 	 -0.1967
4.2 	 -0.196189
4.215 	 -0.195673
4.23 	 -0.195152
4.245 	 -0.194626
4.26 	 -0.194095
4.275 	 -0.193559
4.29 	 -0.193017
4.305 	 -0.192471
4.32 	 -0.19192
4.335 	 -0.191364
4.35 	 -0.190802
4.365 	 -0.190236
4.38 	 -0.189664
4.395 	 -0.189087
4.41 	 -0.188505
4.425 	 -0.187918
4.44 	 -0.187326
4.455 	 -0.186729
4.47 	 -0.186127
4.485 	 -0.185519
4.5 	 -0.184907
4.515 	 -0.184289
4.53 	 -0.183666
4.545 	 -0.183038
4.56 	 -0.182404
4.575 	 -0.181766
4.59 	 -0.181122
4.605 	 -0.180473
4.62 	 -0.179819
4.635 	 -0.17916
4.65 	 -0.178495
4.665 	 -0.177826
4.68 	 -0.177151
4.695 	 -0.176897
4.71 	 -0.175785
4.725 	 -0.175095
4.74 	 -0.174399
4.755 	 -0.173698
4.77 	 -0.172992
4.785 	 -0.17228
4.8 	 -0.171564
4.815 	 -0.170842
4.83 	 -0.170115
4.845 	 -0.169383
4.86 	 -0.168645
4.875 	 -0.167902
4.89 	 -0.167154
4.905 	 -0.166401
4.92 	 -0.165643
4.935 	 -0.164879
4.95 	 -0.164111
4.965 	 -0.163337
4.98 	 -0.162557
4.995 	 -0.161773
5.01 	 -0.160983
5.025 	 -0.160189
5.04 	 -0.159389
5.055 	 -0.158589
5.07 	 -0.157794
5.085 	 -0.157005
5.1 	 -0.156221
5.115 	 -0.155442
5.13 	 -0.154669
5.145 	 -0.1539
5.16 	 -0.153136
5.175 	 -0.152377
5.19 	 -0.151623
5.205 	 -0.150874
5.22 	 -0.150129
5.235 	 -0.149389
5.25 	 -0.148654
5.265 	 -0.147924
5.28 	 -0.147627
5.295 	 -0.146476
5.31 	 -0.145759
5.325 	 -0.145047
5.34 	 -0.144338
5.355 	 -0.143635
5.37 	 -0.142935
5.385 	 -0.142239
5.4 	 -0.141548
5.415 	 -0.140861
5.43 	 -0.140178
5.445 	 -0.139499
5.46 	 -0.138824
5.475 	 -0.138153
5.49 	 -0.137486
5.505 	 -0.136823
5.52 	 -0.136164
5.535 	 -0.135509
5.55 	 -0.134857
5.565 	 -0.134209
5.58 	 -0.133565
5.595 	 -0.132925
5.61 	 -0.132288
5.625 	 -0.131655
5.64 	 -0.131025
5.655 	 -0.130819
5.67 	 -0.129776
5.685 	 -0.129157
5.7 	 -0.128541
5.715 	 -0.127929
5.73 	 -0.12732
5.745 	 -0.126714
5.76 	 -0.126112
5.775 	 -0.125513
5.79 	 -0.124917
5.805 	 -0.124325
5.82 	 -0.123736
5.835 	 -0.123149
5.85 	 -0.122566
5.865 	 -0.121986
5.88 	 -0.12141
5.895 	 -0.120836
5.91 	 -0.120265
5.925 	 -0.119697
5.94 	 -0.119133
5.955 	 -0.118571
5.97 	 -0.118012
5.985 	 -0.117456
6 	 -0.116903
6.015 	 -0.116353
6.03 	 -0.115805
6.045 	 -0.11526
6.06 	 -0.114719
6.075 	 -0.11418
6.09 	 -0.113643
6.105 	 -0.11311
6.12 	 -0.112579
6.135 	 -0.112051
6.15 	 -0.111525
6.165 	 -0.111002
6.18 	 -0.110482
6.195 	 -0.109964
6.21 	 -0.109449
6.225 	 -0.108936
6.24 	 -0.108426
6.255 	 -0.107919
6.27 	 -0.107414
6.285 	 -0.106911
6.3 	 -0.106411
6.315 	 -0.105913
6.33 	 -0.105418
6.345 	 -0.104925
6.36 	 -0.104435
6.375 	 -0.103947
6.39 	 -0.103461
6.405 	 -0.102978
6.42 	 -0.102497
6.435 	 -0.102018
6.45 	 -0.101542
6.465 	 -0.101068
6.48 	 -0.100596
6.495 	 -0.100127
6.51 	 -0.0996593
6.525 	 -0.0991942
6.54 	 -0.0987313
6.555 	 -0.0982706
6.57 	 -0.097812
6.585 	 -0.0973557
6.6 	 -0.0969015
6.615 	 -0.096823
6.63 	 -0.0959994
6.645 	 -0.0955516
6.66 	 -0.0951058
6.675 	 -0.0946622
6.69 	 -0.0942206
6.705 	 -0.0937811
6.72 	 -0.0933436
6.735 	 -0.0929081
6.75 	 -0.0924747
6.765 	 -0.0920433
6.78 	 -0.0916139
6.795 	 -0.0911865
6.81 	 -0.090761
6.825 	 -0.0903375
6.84 	 -0.089916
6.855 	 -0.0894964
6.87 	 -0.0890788
6.885 	 -0.0886631
6.9 	 -0.0882492
6.915 	 -0.0878373
6.93 	 -0.0874273
6.945 	 -0.0870191
6.96 	 -0.0866128
6.975 	 -0.0862084
6.99 	 -0.0858058
7.005 	 -0.085405
7.02 	 -0.0850061
7.035 	 -0.084609
7.05 	 -0.0842137
7.065 	 -0.0838202
7.08 	 -0.0834285
7.095 	 -0.0830386
7.11 	 -0.0826504
7.125 	 -0.082264
7.14 	 -0.0818793
7.155 	 -0.0814964
7.17 	 -0.0811153
7.185 	 -0.0807358
7.2 	 -0.0806927
7.215 	 -0.079982
7.23 	 -0.0796077
7.245 	 -0.079235
7.26 	 -0.0788641
7.275 	 -0.0784948
7.29 	 -0.0781271
7.305 	 -0.0777612
7.32 	 -0.0773968
7.335 	 -0.0770341
7.35 	 -0.0766731
7.365 	 -0.0763136
7.38 	 -0.0759558
7.395 	 -0.0755996
7.41 	 -0.075245
7.425 	 -0.074892
7.44 	 -0.0745405
7.455 	 -0.0741907
7.47 	 -0.0738424
7.485 	 -0.0734956
7.5 	 -0.0731504
7.515 	 -0.0728068
7.53 	 -0.0724647
7.545 	 -0.0721242
7.56 	 -0.0717851
7.575 	 -0.0717557
7.59 	 -0.0711116
7.605 	 -0.0707771
7.62 	 -0.0704441
7.635 	 -0.0701125
7.65 	 -0.0697825
7.665 	 -0.0694539
7.68 	 -0.0691268
7.695 	 -0.0688012
7.71 	 -0.068477
7.725 	 -0.0681543
7.74 	 -0.067833
7.755 	 -0.0675131
7.77 	 -0.0671947
7.785 	 -0.0668777
7.8 	 -0.0665621
7.815 	 -0.0662479
7.83 	 -0.0659351
7.845 	 -0.0656238
7.86 	 -0.0653138
7.875 	 -0.0650052
7.89 	 -0.0646979
7.905 	 -0.0643921
7.92 	 -0.0640876
7.935 	 -0.0637845
7.95 	 -0.0634827
7.965 	 -0.0631823
7.98 	 -0.0628832
7.995 	 -0.0625854
8.01 	 -0.062289
8.025 	 -0.0619939
8.04 	 -0.0617001
8.055 	 -0.0614077
8.07 	 -0.0611165
8.085 	 -0.0608266
8.1 	 -0.0605381
8.115 	 -0.0602508
8.13 	 -0.0599648
8.145 	 -0.0596801
8.16 	 -0.0593967
8.175 	 -0.0591145
8.19 	 -0.0588336
8.205 	 -0.0585539
8.22 	 -0.0582755
8.235 	 -0.0579984
8.25 	 -0.0577225
8.265 	 -0.0574478
8.28 	 -0.0571743
8.295 	 -0.0569021
8.31 	 -0.0566311
8.325 	 -0.0563613
8.34 	 -0.0560927
8.355 	 -0.0558253
8.37 	 -0.0555591
8.385 	 -0.0552941
8.4 	 -0.0550303
8.415 	 -0.0547677
8.43 	 -0.0545063
8.445 	 -0.054246
8.46 	 -0.0539869
8.475 	 -0.053729
8.49 	 -0.0534722
8.505 	 -0.0532165
8.52 	 -0.0529621
8.535 	 -0.0527087
8.55 	 -0.0524565
8.565 	 -0.0522055
8.58 	 -0.0519555
8.595 	 -0.0517067
8.61 	 -0.051459
8.625 	 -0.0512124
8.64 	 -0.050967
8.655 	 -0.0507226
8.67 	 -0.0504793
8.685 	 -0.0502372
8.7 	 -0.0499961
8.715 	 -0.0497561
8.73 	 -0.0495172
8.745 	 -0.0492794
8.76 	 -0.0490426
8.775 	 -0.0488069
8.79 	 -0.0485723
8.805 	 -0.0483387
8.82 	 -0.0481062
8.835 	 -0.0478748
8.85 	 -0.0476444
8.865 	 -0.047415
8.88 	 -0.0471867
8.895 	 -0.0469594
8.91 	 -0.0467331
8.925 	 -0.0465079
8.94 	 -0.0462836
8.955 	 -0.0460604
8.97 	 -0.0458382
8.985 	 -0.0456171
9 	 -0.0453969
9.015 	 -0.0453898
9.03 	 -0.0449595
9.045 	 -0.0447423
9.06 	 -0.0445261
9.075 	 -0.0443109
9.09 	 -0.0440966
9.105 	 -0.0438833
9.12 	 -0.043671
9.135 	 -0.0434597
9.15 	 -0.0432493
9.165 	 -0.0430399
9.18 	 -0.0428314
9.195 	 -0.0426239
9.21 	 -0.0424174
9.225 	 -0.0422118
9.24 	 -0.0420071
9.255 	 -0.0418033
9.27 	 -0.0416005
9.285 	 -0.0413986
9.3 	 -0.0411976
9.315 	 -0.0409976
9.33 	 -0.0407985
9.345 	 -0.0406002
9.36 	 -0.0404029
9.375 	 -0.0402065
9.39 	 -0.0402016
9.405 	 -0.0398164
9.42 	 -0.0396227
9.435 	 -0.0394299
9.45 	 -0.0392379
9.465 	 -0.0390469
9.48 	 -0.0388567
9.495 	 -0.0386674
9.51 	 -0.0384789
9.525 	 -0.0382913
9.54 	 -0.0381046
9.555 	 -0.0379188
9.57 	 -0.0377338
9.585 	 -0.0375497
9.6 	 -0.0373664
9.615 	 -0.0371839
9.63 	 -0.0370023
9.645 	 -0.0368216
9.66 	 -0.0366416
9.675 	 -0.0364625
9.69 	 -0.0362843
9.705 	 -0.0361068
9.72 	 -0.0359302
9.735 	 -0.0357544
9.75 	 -0.0355794
9.765 	 -0.0354052
9.78 	 -0.0352319
9.795 	 -0.0350593
9.81 	 -0.0348875
9.825 	 -0.0347166
9.84 	 -0.0345464
9.855 	 -0.034377
9.87 	 -0.0342084
9.885 	 -0.0340406
9.9 	 -0.0338736
9.915 	 -0.0337073
9.93 	 -0.0335418
9.945 	 -0.0333771
9.96 	 -0.0332132
9.975 	 -0.03305
9.99 	 -0.0328876
10.005 	 -0.0327259
10.02 	 -0.032565
10.035 	 -0.0324049
10.05 	 -0.0322455
10.065 	 -0.0320868
10.08 	 -0.0319289
10.095 	 -0.0317717
10.11 	 -0.0316153
10.125 	 -0.0314596
10.14 	 -0.0313046
10.155 	 -0.0311504
10.17 	 -0.0309968
10.185 	 -0.030844
10.2 	 -0.0306919
10.215 	 -0.0305406
10.23 	 -0.0303899
10.245 	 -0.03024
10.26 	 -0.0300907
10.275 	 -0.0299422
10.29 	 -0.0297943
10.305 	 -0.0296472
10.32 	 -0.0295007
10.335 	 -0.0293549
10.35 	 -0.0292099
10.365 	 -0.0290655
10.38 	 -0.0289218
10.395 	 -0.0287787
10.41 	 -0.0286364
10.425 	 -0.0284947
10.44 	 -0.0283537
10.455 	 -0.0282133
10.47 	 -0.0280736
10.485 	 -0.0279346
10.5 	 -0.0277962
10.515 	 -0.0276585
10.53 	 -0.0275215
10.545 	 -0.0273851
10.56 	 -0.0273832
10.575 	 -0.0271142
10.59 	 -0.0269797
10.605 	 -0.0268459
10.62 	 -0.0267127
10.635 	 -0.0265801
10.65 	 -0.0264482
10.665 	 -0.0263169
10.68 	 -0.0261862
10.695 	 -0.0260562
10.71 	 -0.0259267
10.725 	 -0.0257979
10.74 	 -0.0256697
10.755 	 -0.0255421
10.77 	 -0.0254151
10.785 	 -0.0252888
10.8 	 -0.025163
10.815 	 -0.0250378
10.83 	 -0.0249132
10.845 	 -0.0247893
10.86 	 -0.0246659
10.875 	 -0.0245431
10.89 	 -0.0244209
10.905 	 -0.0242993
10.92 	 -0.0241782
10.935 	 -0.0241768
10.95 	 -0.0239379
10.965 	 -0.0238186
10.98 	 -0.0236999
10.995 	 -0.0235817
11.01 	 -0.0234641
11.025 	 -0.0233471
11.04 	 -0.0232306
11.055 	 -0.0231147
11.07 	 -0.0229994
11.085 	 -0.0228846
11.1 	 -0.0227704
11.115 	 -0.0226567
11.13 	 -0.0225435
11.145 	 -0.0224309
11.16 	 -0.0223189
11.175 	 -0.0222074
11.19 	 -0.0220964
11.205 	 -0.021986
11.22 	 -0.0218761
11.235 	 -0.0217667
11.25 	 -0.0216579
11.265 	 -0.0215496
11.28 	 -0.0214418
11.295 	 -0.0213345
11.31 	 -0.0213334
11.325 	 -0.0211215
11.34 	 -0.0210158
11.355 	 -0.0209106
11.37 	 -0.0208059
11.385 	 -0.0207018
11.4 	 -0.0205981
11.415 	 -0.0204949
11.43 	 -0.0203922
11.445 	 -0.0202901
11.46 	 -0.0201884
11.475 	 -0.0200872
11.49 	 -0.0199865
11.505 	 -0.0198863
11.52 	 -0.0197866
11.535 	 -0.0196874
11.55 	 -0.0195886
11.565 	 -0.0194904
11.58 	 -0.0193926
11.595 	 -0.0192953
11.61 	 -0.0191985
11.625 	 -0.0191021
11.64 	 -0.0190062
11.655 	 -0.0189108
11.67 	 -0.0188159
11.685 	 -0.0187214
11.7 	 -0.0186273
11.715 	 -0.0185338
11.73 	 -0.0184407
11.745 	 -0.018348
11.76 	 -0.0182558
11.775 	 -0.0181641
11.79 	 -0.0180728
11.805 	 -0.0179819
11.82 	 -0.0178915
11.835 	 -0.0178016
11.85 	 -0.0177121
11.865 	 -0.017623
11.88 	 -0.0175343
11.895 	 -0.0174461
11.91 	 -0.0173584
11.925 	 -0.017271
11.94 	 -0.0171841
11.955 	 -0.0170976
11.97 	 -0.0170116
11.985 	 -0.0169259
12 	 -0.0168407
12.015 	 -0.0167559
12.03 	 -0.0166715
12.045 	 -0.0165876
12.06 	 -0.016504
12.075 	 -0.0164209
12.09 	 -0.0163382
12.105 	 -0.0162558
12.12 	 -0.0161739
12.135 	 -0.0160924
12.15 	 -0.0160113
12.165 	 -0.0159306
12.18 	 -0.0158503
12.195 	 -0.0157704
12.21 	 -0.0156909
12.225 	 -0.0156118
12.24 	 -0.015533
12.255 	 -0.0154547
12.27 	 -0.0153768
12.285 	 -0.0152992
12.3 	 -0.015222
12.315 	 -0.0151452
12.33 	 -0.0150688
12.345 	 -0.0149928
12.36 	 -0.0149171
12.375 	 -0.0148418
12.39 	 -0.0147669
12.405 	 -0.0146923
12.42 	 -0.0146182
12.435 	 -0.0145444
12.45 	 -0.0144709
12.465 	 -0.0143979
12.48 	 -0.0143251
12.495 	 -0.0142528
12.51 	 -0.0141808
12.525 	 -0.0141092
12.54 	 -0.0140379
12.555 	 -0.013967
12.57 	 -0.0138964
12.585 	 -0.0138262
12.6 	 -0.0137563
12.615 	 -0.0136868
12.63 	 -0.0136176
12.645 	 -0.0135488
12.66 	 -0.0134803
12.675 	 -0.0134122
12.69 	 -0.0133444
12.705 	 -0.0132769
12.72 	 -0.0132098
12.735 	 -0.013143
12.75 	 -0.0130765
12.765 	 -0.0130104
12.78 	 -0.0129446
12.795 	 -0.0128791
12.81 	 -0.012814
12.825 	 -0.0127491
12.84 	 -0.0126847
12.855 	 -0.0126841
12.87 	 -0.0125566
12.885 	 -0.0124931
12.9 	 -0.0124299
12.915 	 -0.012367
12.93 	 -0.0123044
12.945 	 -0.0122421
12.96 	 -0.0121802
12.975 	 -0.0121185
12.99 	 -0.0120572
13.005 	 -0.0119961
13.02 	 -0.0119354
13.035 	 -0.011875
13.05 	 -0.0118149
13.065 	 -0.011755
13.08 	 -0.0116955
13.095 	 -0.0116363
13.11 	 -0.0115774
13.125 	 -0.0115188
13.14 	 -0.0114604
13.155 	 -0.0114024
13.17 	 -0.0113446
13.185 	 -0.0112872
13.2 	 -0.01123
13.215 	 -0.0111731
13.23 	 -0.0111727
13.245 	 -0.0110602
13.26 	 -0.0110042
13.275 	 -0.0109484
13.29 	 -0.0108929
13.305 	 -0.0108377
13.32 	 -0.0107828
13.335 	 -0.0107282
13.35 	 -0.0106738
13.365 	 -0.0106197
13.38 	 -0.0105659
13.395 	 -0.0105124
13.41 	 -0.0104591
13.425 	 -0.0104061
13.44 	 -0.0103534
13.455 	 -0.0103009
13.47 	 -0.0102487
13.485 	 -0.0101967
13.5 	 -0.010145
13.515 	 -0.0100936
13.53 	 -0.0100424
13.545 	 -0.00999152
13.56 	 -0.00994087
13.575 	 -0.00989047
13.59 	 -0.00984032
13.605 	 -0.00979043
13.62 	 -0.00974079
13.635 	 -0.0096914
13.65 	 -0.00964226
13.665 	 -0.00959337
13.68 	 -0.00954472
13.695 	 -0.00949632
13.71 	 -0.00944817
13.725 	 -0.00940026
13.74 	 -0.00935259
13.755 	 -0.00930516
13.77 	 -0.00925796
13.785 	 -0.00921101
13.8 	 -0.0091643
13.815 	 -0.00911782
13.83 	 -0.00907157
13.845 	 -0.00902556
13.86 	 -0.00897979
13.875 	 -0.00893424
13.89 	 -0.00888892
13.905 	 -0.00884383
13.92 	 -0.00879897
13.935 	 -0.00875434
13.95 	 -0.00870994
13.965 	 -0.00866575
13.98 	 -0.00862179
13.995 	 -0.00857806
14.01 	 -0.00853454
14.025 	 -0.00849125
14.04 	 -0.00844817
14.055 	 -0.00840531
14.07 	 -0.00836267
14.085 	 -0.00832025
14.1 	 -0.00827803
14.115 	 -0.00823604
14.13 	 -0.00819425
14.145 	 -0.00815268
14.16 	 -0.00811132
14.175 	 -0.00807016
14.19 	 -0.00802922
14.205 	 -0.00798848
14.22 	 -0.00794795
14.235 	 -0.00790763
14.25 	 -0.00786751
14.265 	 -0.00782759
14.28 	 -0.00778787
14.295 	 -0.00774836
14.31 	 -0.00770904
14.325 	 -0.00766993
14.34 	 -0.00763101
14.355 	 -0.00759229
14.37 	 -0.00755377
14.385 	 -0.00751544
14.4 	 -0.00751512
14.415 	 -0.00743936
14.43 	 -0.00740162
14.445 	 -0.00736406
14.46 	 -0.00732669
14.475 	 -0.00728951
14.49 	 -0.00725253
14.505 	 -0.00721573
14.52 	 -0.00717911
14.535 	 -0.00714268
14.55 	 -0.00710644
14.565 	 -0.00707038
14.58 	 -0.0070345
14.595 	 -0.00699881
14.61 	 -0.00696329
14.625 	 -0.00692796
14.64 	 -0.0068928
14.655 	 -0.00685782
14.67 	 -0.00682303
14.685 	 -0.0067884
14.7 	 -0.00675396
14.715 	 -0.00671968
14.73 	 -0.00668559
14.745 	 -0.00665166
14.76 	 -0.00661791
14.775 	 -0.00661762
14.79 	 -0.00655091
14.805 	 -0.00651767
14.82 	 -0.0064846
14.835 	 -0.00645169
14.85 	 -0.00641895
14.865 	 -0.00638638
14.88 	 -0.00635397
14.895 	 -0.00632173
14.91 	 -0.00628965
14.925 	 -0.00625773
14.94 	 -0.00622598
14.955 	 -0.00619438
14.97 	 -0.00616295
14.985 	 -0.00613168
15 	 -0.00610056
15.015 	 -0.0060696
15.03 	 -0.0060388
15.045 	 -0.00600816
15.06 	 -0.00597767
15.075 	 -0.00594734
15.09 	 -0.00591716
15.105 	 -0.00588713
15.12 	 -0.00585726
15.135 	 -0.00582753
15.15 	 -0.00582727
15.165 	 -0.00576854
15.18 	 -0.00573927
15.195 	 -0.00571014
15.21 	 -0.00568116
15.225 	 -0.00565233
15.24 	 -0.00562365
15.255 	 -0.00559511
15.27 	 -0.00556672
15.285 	 -0.00553847
15.3 	 -0.00551036
15.315 	 -0.0054824
15.33 	 -0.00545458
15.345 	 -0.00542689
15.36 	 -0.00539935
15.375 	 -0.00537195
15.39 	 -0.00534469
15.405 	 -0.00531757
15.42 	 -0.00529058
15.435 	 -0.00526373
15.45 	 -0.00523701
15.465 	 -0.00521044
15.48 	 -0.00518399
15.495 	 -0.00515768
15.51 	 -0.00513151
15.525 	 -0.00510546
15.54 	 -0.00507955
15.555 	 -0.00505377
15.57 	 -0.00502812
15.585 	 -0.0050026
15.6 	 -0.00497721
15.615 	 -0.00495194
15.63 	 -0.00492681
15.645 	 -0.0049018
15.66 	 -0.00487692
15.675 	 -0.00485216
15.69 	 -0.00482753
15.705 	 -0.00480303
15.72 	 -0.00477865
15.735 	 -0.00475439
15.75 	 -0.00473025
15.765 	 -0.00470624
15.78 	 -0.00468235
15.795 	 -0.00465858
15.81 	 -0.00463493
15.825 	 -0.00461139
15.84 	 -0.00458798
15.855 	 -0.00456469
15.87 	 -0.00454151
15.885 	 -0.00451845
15.9 	 -0.00449551
15.915 	 -0.00447268
15.93 	 -0.00444997
15.945 	 -0.00442737
15.96 	 -0.00440489
15.975 	 -0.00438252
15.99 	 -0.00436026
16.005 	 -0.00433812
16.02 	 -0.00431608
16.035 	 -0.00429416
16.05 	 -0.00427235
16.065 	 -0.00425065
16.08 	 -0.00422906
16.095 	 -0.00420757
16.11 	 -0.0041862
16.125 	 -0.00416493
16.14 	 -0.00414377
16.155 	 -0.00412272
16.17 	 -0.00410177
16.185 	 -0.00408093
16.2 	 -0.00406019
16.215 	 -0.00403956
16.23 	 -0.00401903
16.245 	 -0.0039986
16.26 	 -0.00397828
16.275 	 -0.00395806
16.29 	 -0.00393794
16.305 	 -0.00391792
16.32 	 -0.003898
16.335 	 -0.00387819
16.35 	 -0.00385847
16.365 	 -0.00383885
16.38 	 -0.00381933
16.395 	 -0.00379991
16.41 	 -0.00378058
16.425 	 -0.00376135
16.44 	 -0.00374222
16.455 	 -0.00372318
16.47 	 -0.00370424
16.485 	 -0.0036854
16.5 	 -0.00366665
16.515 	 -0.00364799
16.53 	 -0.00362943
16.545 	 -0.00361096
16.56 	 -0.00359258
16.575 	 -0.00357429
16.59 	 -0.00355609
16.605 	 -0.00353799
16.62 	 -0.00351998
16.635 	 -0.00350205
16.65 	 -0.00348422
16.665 	 -0.00346647
16.68 	 -0.00344882
16.695 	 -0.00343125
16.71 	 -0.00341377
16.725 	 -0.00339637
16.74 	 -0.00337907
16.755 	 -0.00336184
16.77 	 -0.00334471
16.785 	 -0.00332766
16.8 	 -0.00331069
16.815 	 -0.00329381
16.83 	 -0.00327702
16.845 	 -0.0032603
16.86 	 -0.00324367
16.875 	 -0.00322713
16.89 	 -0.00321066
16.905 	 -0.00319428
16.92 	 -0.00317798
16.935 	 -0.00316176
16.95 	 -0.00314561
16.965 	 -0.00312955
16.98 	 -0.00311357
16.995 	 -0.00309767
17.01 	 -0.00308185
17.025 	 -0.0030661
17.04 	 -0.00305044
17.055 	 -0.00303485
17.07 	 -0.00301933
17.085 	 -0.0030039
17.1 	 -0.00298854
17.115 	 -0.00297325
17.13 	 -0.00295805
17.145 	 -0.00294291
17.16 	 -0.00292785
17.175 	 -0.00291287
17.19 	 -0.00289796
17.205 	 -0.00288312
17.22 	 -0.00286836
17.235 	 -0.00285367
17.25 	 -0.00283905
17.265 	 -0.0028245
17.28 	 -0.00281002
17.295 	 -0.00279562
17.31 	 -0.00278128
17.325 	 -0.00276702
17.34 	 -0.00275282
17.355 	 -0.0027387
17.37 	 -0.00272464
17.385 	 -0.00271066
17.4 	 -0.00269674
17.415 	 -0.00268289
17.43 	 -0.00266911
17.445 	 -0.00265539
17.46 	 -0.00264174
17.475 	 -0.00262816
17.49 	 -0.00261465
17.505 	 -0.0026012
17.52 	 -0.00258781
17.535 	 -0.0025745
17.55 	 -0.00256124
17.565 	 -0.00254805
17.58 	 -0.00253493
17.595 	 -0.00252187
17.61 	 -0.00250887
17.625 	 -0.00249593
17.64 	 -0.00248306
17.655 	 -0.0024829
17.67 	 -0.0024575
17.685 	 -0.00244482
17.7 	 -0.00243219
17.715 	 -0.00241963
17.73 	 -0.00240713
17.745 	 -0.00239469
17.76 	 -0.0023823
17.775 	 -0.00236998
17.79 	 -0.00235772
17.805 	 -0.00234552
17.82 	 -0.00233337
17.835 	 -0.00232128
17.85 	 -0.00230926
17.865 	 -0.00229729
17.88 	 -0.00228537
17.895 	 -0.00227352
17.91 	 -0.00226172
17.925 	 -0.00224998
17.94 	 -0.00223829
17.955 	 -0.00222666
17.97 	 -0.00221509
17.985 	 -0.00220357
18 	 -0.00219211
18.015 	 -0.0021807
18.03 	 -0.00218055
18.045 	 -0.00215805
18.06 	 -0.00214681
18.075 	 -0.00213562
18.09 	 -0.00212448
18.105 	 -0.00211339
18.12 	 -0.00210236
18.135 	 -0.00209139
18.15 	 -0.00208046
18.165 	 -0.00206959
18.18 	 -0.00205876
18.195 	 -0.00204799
18.21 	 -0.00203727
18.225 	 -0.00202661
18.24 	 -0.00201599
18.255 	 -0.00200542
18.27 	 -0.00199491
18.285 	 -0.00198444
18.3 	 -0.00197402
18.315 	 -0.00196366
18.33 	 -0.00195334
18.345 	 -0.00194307
18.36 	 -0.00193285
18.375 	 -0.00192268
18.39 	 -0.00191256
18.405 	 -0.00191241
18.42 	 -0.00189246
18.435 	 -0.00188248
18.45 	 -0.00187255
18.465 	 -0.00186267
18.48 	 -0.00185283
18.495 	 -0.00184304
18.51 	 -0.0018333
18.525 	 -0.0018236
18.54 	 -0.00181395
18.555 	 -0.00180435
18.57 	 -0.00179479
18.585 	 -0.00178528
18.6 	 -0.00177581
18.615 	 -0.00176639
18.63 	 -0.00175701
18.645 	 -0.00174768
18.66 	 -0.00173839
18.675 	 -0.00172915
18.69 	 -0.00171996
18.705 	 -0.0017108
18.72 	 -0.00170169
18.735 	 -0.00169263
18.75 	 -0.00168361
18.765 	 -0.00167463
18.78 	 -0.00167449
18.795 	 -0.00165681
18.81 	 -0.00164796
18.825 	 -0.00163916
18.84 	 -0.0016304
18.855 	 -0.00162168
18.87 	 -0.001613
18.885 	 -0.00160437
18.9 	 -0.00159578
18.915 	 -0.00158723
18.93 	 -0.00157873
18.945 	 -0.00157027
18.96 	 -0.00156185
18.975 	 -0.00155347
18.99 	 -0.00154513
19.005 	 -0.00153684
19.02 	 -0.00152859
19.035 	 -0.00152038
19.05 	 -0.00151221
19.065 	 -0.00150409
19.08 	 -0.001496
19.095 	 -0.00148796
19.11 	 -0.00147996
19.125 	 -0.001472
19.14 	 -0.00146409
19.155 	 -0.00146396
19.17 	 -0.00144838
19.185 	 -0.00144059
19.2 	 -0.00143284
19.215 	 -0.00142513
19.23 	 -0.00141747
19.245 	 -0.00140984
19.26 	 -0.00140226
19.275 	 -0.00139472
19.29 	 -0.00138723
19.305 	 -0.00137977
19.32 	 -0.00137236
19.335 	 -0.00136499
19.35 	 -0.00135766
19.365 	 -0.00135038
19.38 	 -0.00134314
19.395 	 -0.00133594
19.41 	 -0.00132879
19.425 	 -0.00132167
19.44 	 -0.00131461
19.455 	 -0.00130758
19.47 	 -0.0013006
19.485 	 -0.00129367
19.5 	 -0.00128678
19.515 	 -0.00127993
19.53 	 -0.00127313
19.545 	 -0.00126638
19.56 	 -0.00125967
19.575 	 -0.001253
19.59 	 -0.00124638
19.605 	 -0.00123981
19.62 	 -0.00123329
19.635 	 -0.00122681
19.65 	 -0.00122038
19.665 	 -0.001214
19.68 	 -0.00120767
19.695 	 -0.00120139
19.71 	 -0.00119515
19.725 	 -0.00118897
19.74 	 -0.00118283
19.755 	 -0.00117675
19.77 	 -0.00117072
19.785 	 -0.00116474
19.8 	 -0.00115881
19.815 	 -0.00115294
19.83 	 -0.00114712
19.845 	 -0.00114135
19.86 	 -0.00113564
19.875 	 -0.00112998
19.89 	 -0.00112438
19.905 	 -0.00111884
19.92 	 -0.00111335
19.935 	 -0.00110793
19.95 	 -0.00110256
19.965 	 -0.00109725
19.98 	 -0.001092
