0 	 -0.28382
0.015 	 -0.283818
0.03 	 -0.283819
0.045 	 -0.283824
0.06 	 -0.283823
0.075 	 -0.283822
0.09 	 -0.28382
0.105 	 -0.283817
0.12 	 -0.283814
0.135 	 -0.28381
0.15 	 -0.283804
0.165 	 -0.283781
0.18 	 -0.28379
0.195 	 -0.283782
0.21 	 -0.283772
0.225 	 -0.283744
0.24 	 -0.28375
0.255 	 -0.283737
0.27 	 -0.283723
0.285 	 -0.283708
0.3 	 -0.283692
0.315 	 -0.283674
0.33 	 -0.283639
0.345 	 -0.283637
0.36 	 -0.283616
0.375 	 -0.283595
0.39 	 -0.283572
0.405 	 -0.283548
0.42 	 -0.283523
0.435 	 -0.283497
0.45 	 -0.283452
0.465 	 -0.283441
0.48 	 -0.283412
0.495 	 -0.283381
0.51 	 -0.283349
0.525 	 -0.283317
0.54 	 -0.283283
0.555 	 -0.283247
0.57 	 -0.283211
0.585 	 -0.283174
0.6 	 -0.283135
0.615 	 -0.283095
0.63 	 -0.283054
0.645 	 -0.283012
0.66 	 -0.282953
0.675 	 -0.282925
0.69 	 -0.282879
0.705 	 -0.282832
0.72 	 -0.282784
0.735 	 -0.282735
0.75 	 -0.282685
0.765 	 -0.282633
0.78 	 -0.282581
0.795 	 -0.282527
0.81 	 -0.282472
0.825 	 -0.282416
0.84 	 -0.282358
0.855 	 -0.2823
0.87 	 -0.28224
0.885 	 -0.282179
0.9 	 -0.282103
0.915 	 -0.282053
0.93 	 -0.281988
0.945 	 -0.281923
0.96 	 -0.281855
0.975 	 -0.281787
0.99 	 -0.281717
1.005 	 -0.281647
1.02 	 -0.281575
1.035 	 -0.281501
1.05 	 -0.281427
1.065 	 -0.281351
1.08 	 -0.281274
1.095 	 -0.281195
1.11 	 -0.281116
1.125 	 -0.281035
1.14 	 -0.280953
1.155 	 -0.280869
1.17 	 -0.280784
1.185 	 -0.280698
1.2 	 -0.280611
1.215 	 -0.280522
1.23 	 -0.280432
1.245 	 -0.280341
1.26 	 -0.280249
1.275 	 -0.280155
1.29 	 -0.28006
1.305 	 -0.279963
1.32 	 -0.279857
1.335 	 -0.279766
1.35 	 -0.279665
1.365 	 -0.279563
1.38 	 -0.27946
1.395 	 -0.279356
1.41 	 -0.27925
1.425 	 -0.279142
1.44 	 -0.279033
1.455 	 -0.278923
1.47 	 -0.278812
1.485 	 -0.278699
1.5 	 -0.278584
1.515 	 -0.278469
1.53 	 -0.278351
1.545 	 -0.278233
1.56 	 -0.278113
1.575 	 -0.277991
1.59 	 -0.277869
1.605 	 -0.277744
1.62 	 -0.277618
1.635 	 -0.277491
1.65 	 -0.277362
1.665 	 -0.277232
1.68 	 -0.2771
1.695 	 -0.276967
1.71 	 -0.276832
1.725 	 -0.276696
1.74 	 -0.276558
1.755 	 -0.276419
1.77 	 -0.276278
1.785 	 -0.276136
1.8 	 -0.275995
1.815 	 -0.275847
1.83 	 -0.2757
1.845 	 -0.275551
1.86 	 -0.275401
1.875 	 -0.275249
1.89 	 -0.275096
1.905 	 -0.274941
1.92 	 -0.274784
1.935 	 -0.274626
1.95 	 -0.274466
1.965 	 -0.274305
1.98 	 -0.274142
1.995 	 -0.273977
2.01 	 -0.27381
2.025 	 -0.273642
2.04 	 -0.273472
2.055 	 -0.273301
2.07 	 -0.273127
2.085 	 -0.272952
2.1 	 -0.272776
2.115 	 -0.272597
2.13 	 -0.272417
2.145 	 -0.272235
2.16 	 -0.272051
2.175 	 -0.271866
2.19 	 -0.271678
2.205 	 -0.271489
2.22 	 -0.271298
2.235 	 -0.271105
2.25 	 -0.270911
2.265 	 -0.270714
2.28 	 -0.270516
2.295 	 -0.270315
2.31 	 -0.270113
2.325 	 -0.269909
2.34 	 -0.269703
2.355 	 -0.269495
2.37 	 -0.269285
2.385 	 -0.269073
2.4 	 -0.268859
2.415 	 -0.268643
2.43 	 -0.268426
2.445 	 -0.268206
2.46 	 -0.267984
2.475 	 -0.26776
2.49 	 -0.267534
2.505 	 -0.267306
2.52 	 -0.267076
2.535 	 -0.266844
2.55 	 -0.266609
2.565 	 -0.266373
2.58 	 -0.266134
2.595 	 -0.265893
2.61 	 -0.26565
2.625 	 -0.265405
2.64 	 -0.265196
2.655 	 -0.264908
2.67 	 -0.264656
2.685 	 -0.264402
2.7 	 -0.264146
2.715 	 -0.263887
2.73 	 -0.263627
2.745 	 -0.263363
2.76 	 -0.263098
2.775 	 -0.26283
2.79 	 -0.26256
2.805 	 -0.262287
2.82 	 -0.262012
2.835 	 -0.261734
2.85 	 -0.261454
2.865 	 -0.261172
2.88 	 -0.260887
2.895 	 -0.2606
2.91 	 -0.26031
2.925 	 -0.260017
2.94 	 -0.259722
2.955 	 -0.259425
2.97 	 -0.259125
2.985 	 -0.258822
3 	 -0.258516
3.015 	 -0.258208
3.03 	 -0.257898
3.045 	 -0.257584
3.06 	 -0.257268
3.075 	 -0.256949
3.09 	 -0.256628
3.105 	 -0.256304
3.12 	 -0.255976
3.135 	 -0.255647
3.15 	 -0.255314
3.165 	 -0.254978
3.18 	 -0.25464
3.195 	 -0.254298
3.21 	 -0.253954
3.225 	 -0.253607
3.24 	 -0.253257
3.255 	 -0.252903
3.27 	 -0.252547
3.285 	 -0.252188
3.3 	 -0.251826
3.315 	 -0.251461
3.33 	 -0.251092
3.345 	 -0.250721
3.36 	 -0.250346
3.375 	 -0.249968
3.39 	 -0.249587
3.405 	 -0.249203
3.42 	 -0.248816
3.435 	 -0.248425
3.45 	 -0.248031
3.465 	 -0.247634
3.48 	 -0.247233
3.495 	 -0.24683
3.51 	 -0.246422
3.525 	 -0.246012
3.54 	 -0.245598
3.555 	 -0.24518
3.57 	 -0.244759
3.585 	 -0.244335
3.6 	 -0.244024
3.615 	 -0.243475
3.63 	 -0.24304
3.645 	 -0.242602
3.66 	 -0.24216
3.675 	 -0.241714
3.69 	 -0.241265
3.705 	 -0.240811
3.72 	 -0.240355
3.735 	 -0.239894
3.75 	 -0.23943
3.765 	 -0.238962
3.78 	 -0.23849
3.795 	 -0.238014
3.81 	 -0.237535
3.825 	 -0.237051
3.84 	 -0.236564
3.855 	 -0.236073
3.87 	 -0.235578
3.885 	 -0.235079
3.9 	 -0.234576
3.915 	 -0.234069
3.93 	 -0.233558
3.945 	 -0.233043
3.96 	 -0.232523
3.975 	 -0.232
3.99 	 -0.231473
4.005 	 -0.230941
4.02 	 -0.230405
4.035 	 -0.229866
4.05 	 -0.229321
4.065 	 -0.228773
4.08 	 -0.22822
4.095 	 -0.227664
4.11 	 -0.227102
4.125 	 -0.226537
4.14 	 -0.225967
4.155 	 -0.225393
4.17 	 -0.224814
4.185 	 -0.224231
4.2 	 -0.223644
4.215 	 -0.223052
4.23 	 -0.222455
4.245 	 -0.221855
4.26 	 -0.221249
4.275 	 -0.220639
4.29 	 -0.220025
4.305 	 -0.219406
4.32 	 -0.218782
4.335 	 -0.218154
4.35 	 -0.217521
4.365 	 -0.216883
4.38 	 -0.216241
4.395 	 -0.215594
4.41 	 -0.214943
4.425 	 -0.214286
4.44 	 -0.213625
4.455 	 -0.21296
4.47 	 -0.212289
4.485 	 -0.211614
4.5 	 -0.210933
4.515 	 -0.210248
4.53 	 -0.209559
4.545 	 -0.208864
4.56 	 -0.208164
4.575 	 -0.20746
4.59 	 -0.206751
4.605 	 -0.206036
4.62 	 -0.205317
4.635 	 -0.204593
4.65 	 -0.203864
4.665 	 -0.20313
4.68 	 -0.202391
4.695 	 -0.201905
4.71 	 -0.200898
4.725 	 -0.200144
4.74 	 -0.199385
4.755 	 -0.198621
4.77 	 -0.197852
4.785 	 -0.197078
4.8 	 -0.196299
4.815 	 -0.195514
4.83 	 -0.194725
4.845 	 -0.193931
4.86 	 -0.193131
4.875 	 -0.192327
4.89 	 -0.191517
4.905 	 -0.190702
4.92 	 -0.189882
4.935 	 -0.189057
4.95 	 -0.188227
4.965 	 -0.187391
4.98 	 -0.186551
4.995 	 -0.185705
5.01 	 -0.184854
5.025 	 -0.183998
5.04 	 -0.183137
5.055 	 -0.182276
5.07 	 -0.18142
5.085 	 -0.18057
5.1 	 -0.179725
5.115 	 -0.178885
5.13 	 -0.17805
5.145 	 -0.17722
5.16 	 -0.176395
5.175 	 -0.175575
5.19 	 -0.17476
5.205 	 -0.173949
5.22 	 -0.173143
5.235 	 -0.172342
5.25 	 -0.171546
5.265 	 -0.170754
5.28 	 -0.170294
5.295 	 -0.169183
5.31 	 -0.168405
5.325 	 -0.167631
5.34 	 -0.166861
5.355 	 -0.166095
5.37 	 -0.165334
5.385 	 -0.164576
5.4 	 -0.163823
5.415 	 -0.163074
5.43 	 -0.162329
5.445 	 -0.161588
5.46 	 -0.160851
5.475 	 -0.160118
5.49 	 -0.159388
5.505 	 -0.158663
5.52 	 -0.157941
5.535 	 -0.157224
5.55 	 -0.156509
5.565 	 -0.155799
5.58 	 -0.155092
5.595 	 -0.154389
5.61 	 -0.153689
5.625 	 -0.152993
5.64 	 -0.152301
5.655 	 -0.151971
5.67 	 -0.150926
5.685 	 -0.150244
5.7 	 -0.149566
5.715 	 -0.14889
5.73 	 -0.148218
5.745 	 -0.147549
5.76 	 -0.146884
5.775 	 -0.146222
5.79 	 -0.145563
5.805 	 -0.144907
5.82 	 -0.144255
5.835 	 -0.143605
5.85 	 -0.142959
5.865 	 -0.142316
5.88 	 -0.141676
5.895 	 -0.141039
5.91 	 -0.140404
5.925 	 -0.139773
5.94 	 -0.139145
5.955 	 -0.13852
5.97 	 -0.137898
5.985 	 -0.137279
6 	 -0.136663
6.015 	 -0.136049
6.03 	 -0.135439
6.045 	 -0.134831
6.06 	 -0.134226
6.075 	 -0.133624
6.09 	 -0.133024
6.105 	 -0.132428
6.12 	 -0.131834
6.135 	 -0.131243
6.15 	 -0.130655
6.165 	 -0.130069
6.18 	 -0.129486
6.195 	 -0.128905
6.21 	 -0.128328
6.225 	 -0.127753
6.24 	 -0.12718
6.255 	 -0.12661
6.27 	 -0.126043
6.285 	 -0.125478
6.3 	 -0.124916
6.315 	 -0.124356
6.33 	 -0.123799
6.345 	 -0.123245
6.36 	 -0.122692
6.375 	 -0.122143
6.39 	 -0.121596
6.405 	 -0.121051
6.42 	 -0.120509
6.435 	 -0.119969
6.45 	 -0.119431
6.465 	 -0.118896
6.48 	 -0.118364
6.495 	 -0.117833
6.51 	 -0.117305
6.525 	 -0.11678
6.54 	 -0.116257
6.555 	 -0.115736
6.57 	 -0.115217
6.585 	 -0.114701
6.6 	 -0.114187
6.615 	 -0.114052
6.63 	 -0.113166
6.645 	 -0.112659
6.66 	 -0.112154
6.675 	 -0.111651
6.69 	 -0.111151
6.705 	 -0.110653
6.72 	 -0.110157
6.735 	 -0.109663
6.75 	 -0.109171
6.765 	 -0.108682
6.78 	 -0.108195
6.795 	 -0.107709
6.81 	 -0.107226
6.825 	 -0.106746
6.84 	 -0.106267
6.855 	 -0.10579
6.87 	 -0.105316
6.885 	 -0.104844
6.9 	 -0.104373
6.915 	 -0.103905
6.93 	 -0.103439
6.945 	 -0.102975
6.96 	 -0.102513
6.975 	 -0.102053
6.99 	 -0.101595
7.005 	 -0.101139
7.02 	 -0.100685
7.035 	 -0.100233
7.05 	 -0.0997834
7.065 	 -0.0993355
7.08 	 -0.0988895
7.095 	 -0.0984456
7.11 	 -0.0980036
7.125 	 -0.0975636
7.14 	 -0.0971255
7.155 	 -0.0966893
7.17 	 -0.0962551
7.185 	 -0.0958228
7.2 	 -0.0957457
7.215 	 -0.0949639
7.23 	 -0.0945374
7.245 	 -0.0941126
7.26 	 -0.0936898
7.275 	 -0.0932689
7.29 	 -0.0928498
7.305 	 -0.0924325
7.32 	 -0.0920172
7.335 	 -0.0916036
7.35 	 -0.0911919
7.365 	 -0.090782
7.38 	 -0.0903739
7.395 	 -0.0899676
7.41 	 -0.0895631
7.425 	 -0.0891604
7.44 	 -0.0887595
7.455 	 -0.0883604
7.47 	 -0.087963
7.485 	 -0.0875674
7.5 	 -0.0871736
7.515 	 -0.0867815
7.53 	 -0.0863911
7.545 	 -0.0860024
7.56 	 -0.0856155
7.575 	 -0.085562
7.59 	 -0.0848468
7.605 	 -0.084465
7.62 	 -0.0840849
7.635 	 -0.0837064
7.65 	 -0.0833297
7.665 	 -0.0829546
7.68 	 -0.0825812
7.695 	 -0.0822094
7.71 	 -0.0818393
7.725 	 -0.0814708
7.74 	 -0.0811039
7.755 	 -0.0807387
7.77 	 -0.0803751
7.785 	 -0.0800131
7.8 	 -0.0796527
7.815 	 -0.0792939
7.83 	 -0.0789367
7.845 	 -0.0785811
7.86 	 -0.078227
7.875 	 -0.0778745
7.89 	 -0.0775236
7.905 	 -0.0771742
7.92 	 -0.0768264
7.935 	 -0.0764802
7.95 	 -0.0761354
7.965 	 -0.0757922
7.98 	 -0.0754505
7.995 	 -0.0751103
8.01 	 -0.0747716
8.025 	 -0.0744344
8.04 	 -0.0740988
8.055 	 -0.0737646
8.07 	 -0.0734318
8.085 	 -0.0731006
8.1 	 -0.0727708
8.115 	 -0.0724425
8.13 	 -0.0721156
8.145 	 -0.0717902
8.16 	 -0.0714662
8.175 	 -0.0711437
8.19 	 -0.0708226
8.205 	 -0.0705029
8.22 	 -0.0701846
8.235 	 -0.0698677
8.25 	 -0.0695523
8.265 	 -0.0692382
8.28 	 -0.0689255
8.295 	 -0.0686142
8.31 	 -0.0683043
8.325 	 -0.0679957
8.34 	 -0.0676886
8.355 	 -0.0673827
8.37 	 -0.0670783
8.385 	 -0.0667751
8.4 	 -0.0664733
8.415 	 -0.0661729
8.43 	 -0.0658738
8.445 	 -0.065576
8.46 	 -0.0652795
8.475 	 -0.0649843
8.49 	 -0.0646904
8.505 	 -0.0643979
8.52 	 -0.0641066
8.535 	 -0.0638166
8.55 	 -0.0635279
8.565 	 -0.0632404
8.58 	 -0.0629543
8.595 	 -0.0626694
8.61 	 -0.0623857
8.625 	 -0.0621034
8.64 	 -0.0618222
8.655 	 -0.0615423
8.67 	 -0.0612636
8.685 	 -0.0609862
8.7 	 -0.06071
8.715 	 -0.060435
8.73 	 -0.0601612
8.745 	 -0.0598887
8.76 	 -0.0596173
8.775 	 -0.0593471
8.79 	 -0.0590782
8.805 	 -0.0588104
8.82 	 -0.0585438
8.835 	 -0.0582783
8.85 	 -0.0580141
8.865 	 -0.057751
8.88 	 -0.0574891
8.895 	 -0.0572283
8.91 	 -0.0569687
8.925 	 -0.0567102
8.94 	 -0.0564528
8.955 	 -0.0561966
8.97 	 -0.0559416
8.985 	 -0.0556876
9 	 -0.0554348
9.015 	 -0.0554215
9.03 	 -0.0549324
9.045 	 -0.0546829
9.06 	 -0.0544345
9.075 	 -0.0541872
9.09 	 -0.053941
9.105 	 -0.0536959
9.12 	 -0.0534518
9.135 	 -0.0532088
9.15 	 -0.0529669
9.165 	 -0.0527261
9.18 	 -0.0524863
9.195 	 -0.0522476
9.21 	 -0.0520099
9.225 	 -0.0517733
9.24 	 -0.0515377
9.255 	 -0.0513032
9.27 	 -0.0510697
9.285 	 -0.0508372
9.3 	 -0.0506057
9.315 	 -0.0503753
9.33 	 -0.0501458
9.345 	 -0.0499174
9.36 	 -0.04969
9.375 	 -0.0494636
9.39 	 -0.0494543
9.405 	 -0.0490138
9.42 	 -0.0487904
9.435 	 -0.0485679
9.45 	 -0.0483465
9.465 	 -0.048126
9.48 	 -0.0479065
9.495 	 -0.0476879
9.51 	 -0.0474703
9.525 	 -0.0472537
9.54 	 -0.047038
9.555 	 -0.0468233
9.57 	 -0.0466095
9.585 	 -0.0463967
9.6 	 -0.0461848
9.615 	 -0.0459738
9.63 	 -0.0457637
9.645 	 -0.0455546
9.66 	 -0.0453464
9.675 	 -0.0451392
9.69 	 -0.0449328
9.705 	 -0.0447273
9.72 	 -0.0445228
9.735 	 -0.0443192
9.75 	 -0.0441164
9.765 	 -0.0439145
9.78 	 -0.0437136
9.795 	 -0.0435135
9.81 	 -0.0433143
9.825 	 -0.043116
9.84 	 -0.0429185
9.855 	 -0.0427219
9.87 	 -0.0425262
9.885 	 -0.0423314
9.9 	 -0.0421374
9.915 	 -0.0419443
9.93 	 -0.041752
9.945 	 -0.0415605
9.96 	 -0.0413699
9.975 	 -0.0411802
9.99 	 -0.0409913
10.005 	 -0.0408032
10.02 	 -0.0406159
10.035 	 -0.0404295
10.05 	 -0.0402439
10.065 	 -0.0400591
10.08 	 -0.0398751
10.095 	 -0.039692
10.11 	 -0.0395096
10.125 	 -0.0393281
10.14 	 -0.0391473
10.155 	 -0.0389674
10.17 	 -0.0387882
10.185 	 -0.0386099
10.2 	 -0.0384323
10.215 	 -0.0382555
10.23 	 -0.0380795
10.245 	 -0.0379043
10.26 	 -0.0377298
10.275 	 -0.0375561
10.29 	 -0.0373832
10.305 	 -0.0372111
10.32 	 -0.0370397
10.335 	 -0.036869
10.35 	 -0.0366991
10.365 	 -0.03653
10.38 	 -0.0363616
10.395 	 -0.036194
10.41 	 -0.0360271
10.425 	 -0.0358609
10.44 	 -0.0356955
10.455 	 -0.0355308
10.47 	 -0.0353669
10.485 	 -0.0352036
10.5 	 -0.0350411
10.515 	 -0.0348793
10.53 	 -0.0347182
10.545 	 -0.0345579
10.56 	 -0.0345546
10.575 	 -0.0342393
10.59 	 -0.034081
10.605 	 -0.0339235
10.62 	 -0.0337666
10.635 	 -0.0336105
10.65 	 -0.033455
10.665 	 -0.0333003
10.68 	 -0.0331462
10.695 	 -0.0329928
10.71 	 -0.0328401
10.725 	 -0.032688
10.74 	 -0.0325367
10.755 	 -0.032386
10.77 	 -0.032236
10.785 	 -0.0320866
10.8 	 -0.0319379
10.815 	 -0.0317899
10.83 	 -0.0316425
10.845 	 -0.0314958
10.86 	 -0.0313497
10.875 	 -0.0312043
10.89 	 -0.0310596
10.905 	 -0.0309154
10.92 	 -0.0307719
10.935 	 -0.0307695
10.95 	 -0.0304869
10.965 	 -0.0303453
10.98 	 -0.0302044
10.995 	 -0.030064
11.01 	 -0.0299244
11.025 	 -0.0297853
11.04 	 -0.0296468
11.055 	 -0.029509
11.07 	 -0.0293718
11.085 	 -0.0292352
11.1 	 -0.0290992
11.115 	 -0.0289638
11.13 	 -0.028829
11.145 	 -0.0286948
11.16 	 -0.0285612
11.175 	 -0.0284282
11.19 	 -0.0282958
11.205 	 -0.028164
11.22 	 -0.0280328
11.235 	 -0.0279022
11.25 	 -0.0277721
11.265 	 -0.0276427
11.28 	 -0.0275138
11.295 	 -0.0273855
11.31 	 -0.0273837
11.325 	 -0.0271306
11.34 	 -0.027004
11.355 	 -0.026878
11.37 	 -0.0267525
11.385 	 -0.0266276
11.4 	 -0.0265033
11.415 	 -0.0263795
11.43 	 -0.0262562
11.445 	 -0.0261336
11.46 	 -0.0260114
11.475 	 -0.0258899
11.49 	 -0.0257688
11.505 	 -0.0256483
11.52 	 -0.0255284
11.535 	 -0.025409
11.55 	 -0.0252901
11.565 	 -0.0251718
11.58 	 -0.025054
11.595 	 -0.0249367
11.61 	 -0.0248199
11.625 	 -0.0247037
11.64 	 -0.024588
11.655 	 -0.0244728
11.67 	 -0.0243582
11.685 	 -0.024244
11.7 	 -0.0241304
11.715 	 -0.0240173
11.73 	 -0.0239047
11.745 	 -0.0237926
11.76 	 -0.023681
11.775 	 -0.0235699
11.79 	 -0.0234593
11.805 	 -0.0233492
11.82 	 -0.0232396
11.835 	 -0.0231305
11.85 	 -0.0230219
11.865 	 -0.0229137
11.88 	 -0.0228061
11.895 	 -0.022699
11.91 	 -0.0225923
11.925 	 -0.0224861
11.94 	 -0.0223804
11.955 	 -0.0222752
11.97 	 -0.0221705
11.985 	 -0.0220662
12 	 -0.0219624
12.015 	 -0.0218591
12.03 	 -0.0217562
12.045 	 -0.0216538
12.06 	 -0.0215519
12.075 	 -0.0214504
12.09 	 -0.0213494
12.105 	 -0.0212488
12.12 	 -0.0211487
12.135 	 -0.0210491
12.15 	 -0.0209499
12.165 	 -0.0208512
12.18 	 -0.0207529
12.195 	 -0.020655
12.21 	 -0.0205576
12.225 	 -0.0204607
12.24 	 -0.0203642
12.255 	 -0.0202681
12.27 	 -0.0201725
12.285 	 -0.0200773
12.3 	 -0.0199825
12.315 	 -0.0198882
12.33 	 -0.0197942
12.345 	 -0.0197008
12.36 	 -0.0196077
12.375 	 -0.0195151
12.39 	 -0.0194229
12.405 	 -0.0193311
12.42 	 -0.0192397
12.435 	 -0.0191488
12.45 	 -0.0190582
12.465 	 -0.0189681
12.48 	 -0.0188784
12.495 	 -0.0187891
12.51 	 -0.0187002
12.525 	 -0.0186117
12.54 	 -0.0185236
12.555 	 -0.0184359
12.57 	 -0.0183486
12.585 	 -0.0182618
12.6 	 -0.0181753
12.615 	 -0.0180892
12.63 	 -0.0180035
12.645 	 -0.0179182
12.66 	 -0.0178333
12.675 	 -0.0177488
12.69 	 -0.0176646
12.705 	 -0.0175809
12.72 	 -0.0174975
12.735 	 -0.0174145
12.75 	 -0.0173319
12.765 	 -0.0172497
12.78 	 -0.0171679
12.795 	 -0.0170864
12.81 	 -0.0170053
12.825 	 -0.0169246
12.84 	 -0.0168442
12.855 	 -0.0168436
12.87 	 -0.0166846
12.885 	 -0.0166054
12.9 	 -0.0165265
12.915 	 -0.016448
12.93 	 -0.0163698
12.945 	 -0.016292
12.96 	 -0.0162146
12.975 	 -0.0161375
12.99 	 -0.0160608
13.005 	 -0.0159844
13.02 	 -0.0159084
13.035 	 -0.0158327
13.05 	 -0.0157574
13.065 	 -0.0156824
13.08 	 -0.0156078
13.095 	 -0.0155335
13.11 	 -0.0154596
13.125 	 -0.015386
13.14 	 -0.0153127
13.155 	 -0.0152398
13.17 	 -0.0151672
13.185 	 -0.0150949
13.2 	 -0.015023
13.215 	 -0.0149514
13.23 	 -0.0149509
13.245 	 -0.0148093
13.26 	 -0.0147387
13.275 	 -0.0146684
13.29 	 -0.0145985
13.305 	 -0.0145289
13.32 	 -0.0144596
13.335 	 -0.0143906
13.35 	 -0.0143219
13.365 	 -0.0142536
13.38 	 -0.0141856
13.395 	 -0.0141179
13.41 	 -0.0140505
13.425 	 -0.0139834
13.44 	 -0.0139167
13.455 	 -0.0138502
13.47 	 -0.0137841
13.485 	 -0.0137182
13.5 	 -0.0136527
13.515 	 -0.0135875
13.53 	 -0.0135225
13.545 	 -0.0134579
13.56 	 -0.0133936
13.575 	 -0.0133296
13.59 	 -0.0132659
13.605 	 -0.0132024
13.62 	 -0.0131393
13.635 	 -0.0130765
13.65 	 -0.0130139
13.665 	 -0.0129517
13.68 	 -0.0128897
13.695 	 -0.012828
13.71 	 -0.0127667
13.725 	 -0.0127056
13.74 	 -0.0126447
13.755 	 -0.0125842
13.77 	 -0.012524
13.785 	 -0.012464
13.8 	 -0.0124043
13.815 	 -0.0123449
13.83 	 -0.0122858
13.845 	 -0.0122269
13.86 	 -0.0121684
13.875 	 -0.0121101
13.89 	 -0.012052
13.905 	 -0.0119943
13.92 	 -0.0119368
13.935 	 -0.0118796
13.95 	 -0.0118226
13.965 	 -0.0117659
13.98 	 -0.0117095
13.995 	 -0.0116533
14.01 	 -0.0115975
14.025 	 -0.0115418
14.04 	 -0.0114865
14.055 	 -0.0114314
14.07 	 -0.0113765
14.085 	 -0.0113219
14.1 	 -0.0112676
14.115 	 -0.0112135
14.13 	 -0.0111597
14.145 	 -0.0111061
14.16 	 -0.0110528
14.175 	 -0.0109997
14.19 	 -0.0109469
14.205 	 -0.0108943
14.22 	 -0.010842
14.235 	 -0.0107899
14.25 	 -0.010738
14.265 	 -0.0106865
14.28 	 -0.0106351
14.295 	 -0.010584
14.31 	 -0.0105331
14.325 	 -0.0104825
14.34 	 -0.0104321
14.355 	 -0.010382
14.37 	 -0.010332
14.385 	 -0.0102824
14.4 	 -0.010282
14.415 	 -0.0101837
14.43 	 -0.0101347
14.445 	 -0.010086
14.46 	 -0.0100374
14.475 	 -0.00998916
14.49 	 -0.00994109
14.505 	 -0.00989326
14.52 	 -0.00984564
14.535 	 -0.00979826
14.55 	 -0.0097511
14.565 	 -0.00970416
14.58 	 -0.00965744
14.595 	 -0.00961094
14.61 	 -0.00956467
14.625 	 -0.00951861
14.64 	 -0.00947277
14.655 	 -0.00942715
14.67 	 -0.00938174
14.685 	 -0.00933655
14.7 	 -0.00929157
14.715 	 -0.0092468
14.73 	 -0.00920225
14.745 	 -0.00915791
14.76 	 -0.00911378
14.775 	 -0.00911346
14.79 	 -0.00902614
14.805 	 -0.00898263
14.82 	 -0.00893933
14.835 	 -0.00889623
14.85 	 -0.00885334
14.865 	 -0.00881065
14.88 	 -0.00876817
14.895 	 -0.00872588
14.91 	 -0.0086838
14.925 	 -0.00864191
14.94 	 -0.00860023
14.955 	 -0.00855874
14.97 	 -0.00851745
14.985 	 -0.00847636
15 	 -0.00843546
15.015 	 -0.00839476
15.03 	 -0.00835425
15.045 	 -0.00831393
15.06 	 -0.0082738
15.075 	 -0.00823387
15.09 	 -0.00819412
15.105 	 -0.00815457
15.12 	 -0.0081152
15.135 	 -0.00807602
15.15 	 -0.00807574
15.165 	 -0.00799822
15.18 	 -0.00795959
15.195 	 -0.00792115
15.21 	 -0.0078829
15.225 	 -0.00784482
15.24 	 -0.00780693
15.255 	 -0.00776922
15.27 	 -0.00773169
15.285 	 -0.00769433
15.3 	 -0.00765716
15.315 	 -0.00762016
15.33 	 -0.00758334
15.345 	 -0.00754669
15.36 	 -0.00751022
15.375 	 -0.00747393
15.39 	 -0.0074378
15.405 	 -0.00740185
15.42 	 -0.00736607
15.435 	 -0.00733046
15.45 	 -0.00729503
15.465 	 -0.00725976
15.48 	 -0.00722466
15.495 	 -0.00718973
15.51 	 -0.00715496
15.525 	 -0.00712036
15.54 	 -0.00708593
15.555 	 -0.00705166
15.57 	 -0.00701755
15.585 	 -0.00698361
15.6 	 -0.00694983
15.615 	 -0.00691621
15.63 	 -0.00688276
15.645 	 -0.00684946
15.66 	 -0.00681632
15.675 	 -0.00678334
15.69 	 -0.00675052
15.705 	 -0.00671786
15.72 	 -0.00668535
15.735 	 -0.006653
15.75 	 -0.0066208
15.765 	 -0.00658876
15.78 	 -0.00655687
15.795 	 -0.00652514
15.81 	 -0.00649356
15.825 	 -0.00646212
15.84 	 -0.00643084
15.855 	 -0.00639971
15.87 	 -0.00636873
15.885 	 -0.0063379
15.9 	 -0.00630721
15.915 	 -0.00627667
15.93 	 -0.00624628
15.945 	 -0.00621604
15.96 	 -0.00618594
15.975 	 -0.00615598
15.99 	 -0.00612617
16.005 	 -0.0060965
16.02 	 -0.00606698
16.035 	 -0.0060376
16.05 	 -0.00600835
16.065 	 -0.00597925
16.08 	 -0.00595029
16.095 	 -0.00592147
16.11 	 -0.00589278
16.125 	 -0.00586424
16.14 	 -0.00583583
16.155 	 -0.00580756
16.17 	 -0.00577942
16.185 	 -0.00575142
16.2 	 -0.00572356
16.215 	 -0.00569582
16.23 	 -0.00566823
16.245 	 -0.00564076
16.26 	 -0.00561343
16.275 	 -0.00558623
16.29 	 -0.00555916
16.305 	 -0.00553222
16.32 	 -0.00550541
16.335 	 -0.00547873
16.35 	 -0.00545217
16.365 	 -0.00542575
16.38 	 -0.00539945
16.395 	 -0.00537328
16.41 	 -0.00534724
16.425 	 -0.00532132
16.44 	 -0.00529553
16.455 	 -0.00526986
16.47 	 -0.00524431
16.485 	 -0.00521889
16.5 	 -0.00519359
16.515 	 -0.00516842
16.53 	 -0.00514336
16.545 	 -0.00511843
16.56 	 -0.00509361
16.575 	 -0.00506892
16.59 	 -0.00504434
16.605 	 -0.00501989
16.62 	 -0.00499555
16.635 	 -0.00497133
16.65 	 -0.00494722
16.665 	 -0.00492324
16.68 	 -0.00489937
16.695 	 -0.00487561
16.71 	 -0.00485197
16.725 	 -0.00482844
16.74 	 -0.00480503
16.755 	 -0.00478173
16.77 	 -0.00475854
16.785 	 -0.00473547
16.8 	 -0.00471251
16.815 	 -0.00468965
16.83 	 -0.00466691
16.845 	 -0.00464428
16.86 	 -0.00462176
16.875 	 -0.00459934
16.89 	 -0.00457704
16.905 	 -0.00455484
16.92 	 -0.00453275
16.935 	 -0.00451077
16.95 	 -0.0044889
16.965 	 -0.00446713
16.98 	 -0.00444546
16.995 	 -0.0044239
17.01 	 -0.00440245
17.025 	 -0.0043811
17.04 	 -0.00435985
17.055 	 -0.0043387
17.07 	 -0.00431766
17.085 	 -0.00429672
17.1 	 -0.00427588
17.115 	 -0.00425515
17.13 	 -0.00423451
17.145 	 -0.00421397
17.16 	 -0.00419353
17.175 	 -0.0041732
17.19 	 -0.00415296
17.205 	 -0.00413282
17.22 	 -0.00411277
17.235 	 -0.00409282
17.25 	 -0.00407298
17.265 	 -0.00405322
17.28 	 -0.00403356
17.295 	 -0.004014
17.31 	 -0.00399453
17.325 	 -0.00397516
17.34 	 -0.00395588
17.355 	 -0.0039367
17.37 	 -0.00391761
17.385 	 -0.00389861
17.4 	 -0.0038797
17.415 	 -0.00386089
17.43 	 -0.00384216
17.445 	 -0.00382353
17.46 	 -0.00380499
17.475 	 -0.00378653
17.49 	 -0.00376817
17.505 	 -0.0037499
17.52 	 -0.00373171
17.535 	 -0.00371362
17.55 	 -0.00369561
17.565 	 -0.00367769
17.58 	 -0.00365986
17.595 	 -0.00364211
17.61 	 -0.00362445
17.625 	 -0.00360687
17.64 	 -0.00358939
17.655 	 -0.00358922
17.67 	 -0.00355466
17.685 	 -0.00353743
17.7 	 -0.00352028
17.715 	 -0.00350321
17.73 	 -0.00348622
17.745 	 -0.00346932
17.76 	 -0.0034525
17.775 	 -0.00343576
17.79 	 -0.00341911
17.805 	 -0.00340253
17.82 	 -0.00338604
17.835 	 -0.00336962
17.85 	 -0.00335329
17.865 	 -0.00333703
17.88 	 -0.00332086
17.895 	 -0.00330476
17.91 	 -0.00328874
17.925 	 -0.0032728
17.94 	 -0.00325694
17.955 	 -0.00324115
17.97 	 -0.00322544
17.985 	 -0.00320981
18 	 -0.00319425
18.015 	 -0.00317877
18.03 	 -0.00317862
18.045 	 -0.00314804
18.06 	 -0.00313278
18.075 	 -0.0031176
18.09 	 -0.0031025
18.105 	 -0.00308746
18.12 	 -0.0030725
18.135 	 -0.00305762
18.15 	 -0.0030428
18.165 	 -0.00302806
18.18 	 -0.00301339
18.195 	 -0.00299879
18.21 	 -0.00298426
18.225 	 -0.00296981
18.24 	 -0.00295542
18.255 	 -0.0029411
18.27 	 -0.00292686
18.285 	 -0.00291268
18.3 	 -0.00289857
18.315 	 -0.00288454
18.33 	 -0.00287057
18.345 	 -0.00285666
18.36 	 -0.00284283
18.375 	 -0.00282906
18.39 	 -0.00281536
18.405 	 -0.00281522
18.42 	 -0.00278817
18.435 	 -0.00277467
18.45 	 -0.00276123
18.465 	 -0.00274786
18.48 	 -0.00273456
18.495 	 -0.00272132
18.51 	 -0.00270815
18.525 	 -0.00269504
18.54 	 -0.002682
18.555 	 -0.00266901
18.57 	 -0.0026561
18.585 	 -0.00264324
18.6 	 -0.00263045
18.615 	 -0.00261772
18.63 	 -0.00260505
18.645 	 -0.00259245
18.66 	 -0.0025799
18.675 	 -0.00256742
18.69 	 -0.002555
18.705 	 -0.00254264
18.72 	 -0.00253034
18.735 	 -0.0025181
18.75 	 -0.00250592
18.765 	 -0.00249379
18.78 	 -0.00249366
18.795 	 -0.00246973
18.81 	 -0.00245779
18.825 	 -0.0024459
18.84 	 -0.00243407
18.855 	 -0.0024223
18.87 	 -0.00241059
18.885 	 -0.00239894
18.9 	 -0.00238734
18.915 	 -0.0023758
18.93 	 -0.00236431
18.945 	 -0.00235288
18.96 	 -0.00234151
18.975 	 -0.00233019
18.99 	 -0.00231893
19.005 	 -0.00230772
19.02 	 -0.00229657
19.035 	 -0.00228547
19.05 	 -0.00227443
19.065 	 -0.00226344
19.08 	 -0.00225251
19.095 	 -0.00224162
19.11 	 -0.0022308
19.125 	 -0.00222002
19.14 	 -0.0022093
19.155 	 -0.00220917
19.17 	 -0.00218801
19.185 	 -0.00217744
19.2 	 -0.00216693
19.215 	 -0.00215646
19.23 	 -0.00214605
19.245 	 -0.00213569
19.26 	 -0.00212538
19.275 	 -0.00211512
19.29 	 -0.00210491
19.305 	 -0.00209475
19.32 	 -0.00208464
19.335 	 -0.00207458
19.35 	 -0.00206457
19.365 	 -0.00205461
19.38 	 -0.0020447
19.395 	 -0.00203483
19.41 	 -0.00202501
19.425 	 -0.00201525
19.44 	 -0.00200553
19.455 	 -0.00199585
19.47 	 -0.00198623
19.485 	 -0.00197665
19.5 	 -0.00196712
19.515 	 -0.00195763
19.53 	 -0.00194819
19.545 	 -0.0019388
19.56 	 -0.00192946
19.575 	 -0.00192015
19.59 	 -0.0019109
19.605 	 -0.00190169
19.62 	 -0.00189253
19.635 	 -0.00188341
19.65 	 -0.00187433
19.665 	 -0.0018653
19.68 	 -0.00185632
19.695 	 -0.00184737
19.71 	 -0.00183847
19.725 	 -0.00182962
19.74 	 -0.00182081
19.755 	 -0.00181204
19.77 	 -0.00180332
19.785 	 -0.00179463
19.8 	 -0.00178599
19.815 	 -0.0017774
19.83 	 -0.00176884
19.845 	 -0.00176033
19.86 	 -0.00175185
19.875 	 -0.00174342
19.89 	 -0.00173504
19.905 	 -0.00172669
19.92 	 -0.00171838
19.935 	 -0.00171011
19.95 	 -0.00170189
19.965 	 -0.0016937
19.98 	 -0.00168556
