0 	 -1.5 	 1.36639 	 -0.182255
0.015 	 -1.5 	 1.36638 	 -0.182254
0.03 	 -1.49999 	 1.36637 	 -0.182254
0.045 	 -1.49998 	 1.36634 	 -0.182254
0.06 	 -1.49997 	 1.36632 	 -0.182254
0.075 	 -1.49996 	 1.3663 	 -0.182253
0.09 	 -1.49994 	 1.36627 	 -0.182253
0.105 	 -1.49991 	 1.36624 	 -0.182253
0.12 	 -1.49989 	 1.36621 	 -0.182252
0.135 	 -1.49986 	 1.36617 	 -0.182252
0.15 	 -1.49982 	 1.36613 	 -0.182252
0.165 	 -1.49979 	 1.36611 	 -0.182252
0.18 	 -1.49975 	 1.36604 	 -0.182251
0.195 	 -1.4997 	 1.36599 	 -0.182251
0.21 	 -1.49966 	 1.36594 	 -0.18225
0.225 	 -1.4996 	 1.36591 	 -0.18225
0.24 	 -1.49955 	 1.36582 	 -0.18225
0.255 	 -1.49949 	 1.36576 	 -0.182249
0.27 	 -1.49943 	 1.36569 	 -0.182249
0.285 	 -1.49937 	 1.36563 	 -0.182249
0.3 	 -1.4993 	 1.36555 	 -0.182248
0.315 	 -1.49922 	 1.36548 	 -0.182248
0.33 	 -1.49915 	 1.36543 	 -0.182248
0.345 	 -1.49907 	 1.36532 	 -0.182247
0.36 	 -1.49899 	 1.36524 	 -0.182247
0.375 	 -1.4989 	 1.36515 	 -0.182247
0.39 	 -1.49881 	 1.36506 	 -0.182246
0.405 	 -1.49872 	 1.36497 	 -0.182246
0.42 	 -1.49862 	 1.36487 	 -0.182245
0.435 	 -1.49852 	 1.36477 	 -0.182245
0.45 	 -1.49842 	 1.3647 	 -0.182245
0.465 	 -1.49831 	 1.36457 	 -0.182244
0.48 	 -1.4982 	 1.36446 	 -0.182244
0.495 	 -1.49809 	 1.36435 	 -0.182243
0.51 	 -1.49797 	 1.36423 	 -0.182243
0.525 	 -1.49785 	 1.36412 	 -0.182242
0.54 	 -1.49772 	 1.364 	 -0.182242
0.555 	 -1.49759 	 1.36387 	 -0.182241
0.57 	 -1.49746 	 1.36375 	 -0.182241
0.585 	 -1.49733 	 1.36362 	 -0.182241
0.6 	 -1.49719 	 1.36348 	 -0.18224
0.615 	 -1.49705 	 1.36335 	 -0.18224
0.63 	 -1.4969 	 1.36321 	 -0.182239
0.645 	 -1.49675 	 1.36307 	 -0.182239
0.66 	 -1.4966 	 1.36296 	 -0.182239
0.675 	 -1.49644 	 1.36278 	 -0.182238
0.69 	 -1.49628 	 1.36263 	 -0.182237
0.705 	 -1.49612 	 1.36247 	 -0.182237
0.72 	 -1.49595 	 1.36232 	 -0.182236
0.735 	 -1.49578 	 1.36216 	 -0.182235
0.75 	 -1.49561 	 1.36199 	 -0.182235
0.765 	 -1.49543 	 1.36183 	 -0.182234
0.78 	 -1.49525 	 1.36166 	 -0.182234
0.795 	 -1.49506 	 1.36149 	 -0.182233
0.81 	 -1.49487 	 1.36131 	 -0.182233
0.825 	 -1.49468 	 1.36113 	 -0.182232
0.84 	 -1.49449 	 1.36095 	 -0.182231
0.855 	 -1.49429 	 1.36077 	 -0.182231
0.87 	 -1.49409 	 1.36058 	 -0.18223
0.885 	 -1.49388 	 1.36039 	 -0.182229
0.9 	 -1.49367 	 1.36023 	 -0.182229
0.915 	 -1.49346 	 1.36 	 -0.182228
0.93 	 -1.49324 	 1.3598 	 -0.182227
0.945 	 -1.49302 	 1.3596 	 -0.182227
0.96 	 -1.4928 	 1.35939 	 -0.182226
0.975 	 -1.49257 	 1.35919 	 -0.182225
0.99 	 -1.49234 	 1.35897 	 -0.182225
1.005 	 -1.49211 	 1.35876 	 -0.182224
1.02 	 -1.49187 	 1.35854 	 -0.182223
1.035 	 -1.49163 	 1.35832 	 -0.182223
1.05 	 -1.49139 	 1.3581 	 -0.182222
1.065 	 -1.49114 	 1.35787 	 -0.182221
1.08 	 -1.49089 	 1.35764 	 -0.18222
1.095 	 -1.49063 	 1.35741 	 -0.182219
1.11 	 -1.49037 	 1.35717 	 -0.182219
1.125 	 -1.49011 	 1.35693 	 -0.182218
1.14 	 -1.48985 	 1.35669 	 -0.182217
1.155 	 -1.48958 	 1.35645 	 -0.182216
1.17 	 -1.48931 	 1.3562 	 -0.182215
1.185 	 -1.48903 	 1.35595 	 -0.182214
1.2 	 -1.48875 	 1.35569 	 -0.182214
1.215 	 -1.48847 	 1.35544 	 -0.182213
1.23 	 -1.48818 	 1.35518 	 -0.182212
1.245 	 -1.48789 	 1.35491 	 -0.182211
1.26 	 -1.4876 	 1.35465 	 -0.18221
1.275 	 -1.4873 	 1.35438 	 -0.182209
1.29 	 -1.487 	 1.35411 	 -0.182208
1.305 	 -1.4867 	 1.35383 	 -0.182207
1.32 	 -1.48639 	 1.35358 	 -0.182207
1.335 	 -1.48608 	 1.35327 	 -0.182205
1.35 	 -1.48576 	 1.35299 	 -0.182204
1.365 	 -1.48544 	 1.3527 	 -0.182203
1.38 	 -1.48512 	 1.35241 	 -0.182202
1.395 	 -1.4848 	 1.35211 	 -0.182201
1.41 	 -1.48447 	 1.35182 	 -0.1822
1.425 	 -1.48414 	 1.35152 	 -0.182199
1.44 	 -1.4838 	 1.35121 	 -0.182198
1.455 	 -1.48346 	 1.35091 	 -0.182197
1.47 	 -1.48312 	 1.3506 	 -0.182195
1.485 	 -1.48277 	 1.35029 	 -0.182194
1.5 	 -1.48242 	 1.34997 	 -0.182193
1.515 	 -1.48207 	 1.34966 	 -0.182192
1.53 	 -1.48171 	 1.34933 	 -0.182191
1.545 	 -1.48135 	 1.34901 	 -0.182189
1.56 	 -1.48099 	 1.34868 	 -0.182188
1.575 	 -1.48062 	 1.34835 	 -0.182187
1.59 	 -1.48025 	 1.34802 	 -0.182186
1.605 	 -1.47987 	 1.34768 	 -0.182184
1.62 	 -1.4795 	 1.34734 	 -0.182183
1.635 	 -1.47912 	 1.347 	 -0.182182
1.65 	 -1.47873 	 1.34666 	 -0.18218
1.665 	 -1.47834 	 1.34631 	 -0.182179
1.68 	 -1.47795 	 1.34596 	 -0.182177
1.695 	 -1.47755 	 1.3456 	 -0.182176
1.71 	 -1.47716 	 1.34525 	 -0.182175
1.725 	 -1.47675 	 1.34489 	 -0.182173
1.74 	 -1.47635 	 1.34452 	 -0.182172
1.755 	 -1.47594 	 1.34416 	 -0.18217
1.77 	 -1.47552 	 1.34379 	 -0.182168
1.785 	 -1.47511 	 1.34341 	 -0.182167
1.8 	 -1.47469 	 1.34307 	 -0.182167
1.815 	 -1.47426 	 1.34266 	 -0.182164
1.83 	 -1.47384 	 1.34228 	 -0.182162
1.845 	 -1.47341 	 1.34189 	 -0.18216
1.86 	 -1.47297 	 1.34151 	 -0.182159
1.875 	 -1.47253 	 1.34111 	 -0.182157
1.89 	 -1.47209 	 1.34072 	 -0.182155
1.905 	 -1.47165 	 1.34032 	 -0.182153
1.92 	 -1.4712 	 1.33992 	 -0.182152
1.935 	 -1.47075 	 1.33952 	 -0.18215
1.95 	 -1.47029 	 1.33911 	 -0.182148
1.965 	 -1.46983 	 1.33871 	 -0.182146
1.98 	 -1.46937 	 1.33829 	 -0.182144
1.995 	 -1.46891 	 1.33788 	 -0.182142
2.01 	 -1.46844 	 1.33746 	 -0.18214
2.025 	 -1.46796 	 1.33704 	 -0.182138
2.04 	 -1.46749 	 1.33662 	 -0.182136
2.055 	 -1.46701 	 1.33619 	 -0.182134
2.07 	 -1.46652 	 1.33576 	 -0.182132
2.085 	 -1.46604 	 1.33532 	 -0.18213
2.1 	 -1.46555 	 1.33489 	 -0.182128
2.115 	 -1.46505 	 1.33445 	 -0.182126
2.13 	 -1.46456 	 1.33401 	 -0.182124
2.145 	 -1.46405 	 1.33356 	 -0.182121
2.16 	 -1.46355 	 1.33311 	 -0.182119
2.175 	 -1.46304 	 1.33266 	 -0.182117
2.19 	 -1.46253 	 1.33221 	 -0.182114
2.205 	 -1.46202 	 1.33175 	 -0.182112
2.22 	 -1.4615 	 1.33129 	 -0.18211
2.235 	 -1.46097 	 1.33083 	 -0.182107
2.25 	 -1.46045 	 1.33036 	 -0.182105
2.265 	 -1.45992 	 1.32989 	 -0.182102
2.28 	 -1.45939 	 1.32942 	 -0.1821
2.295 	 -1.45885 	 1.32894 	 -0.182097
2.31 	 -1.45831 	 1.32846 	 -0.182094
2.325 	 -1.45777 	 1.32798 	 -0.182092
2.34 	 -1.45722 	 1.3275 	 -0.182089
2.355 	 -1.45667 	 1.32701 	 -0.182086
2.37 	 -1.45612 	 1.32652 	 -0.182083
2.385 	 -1.45556 	 1.32602 	 -0.18208
2.4 	 -1.455 	 1.32553 	 -0.182078
2.415 	 -1.45444 	 1.32503 	 -0.182075
2.43 	 -1.45387 	 1.32452 	 -0.182072
2.445 	 -1.4533 	 1.32402 	 -0.182069
2.46 	 -1.45272 	 1.32351 	 -0.182066
2.475 	 -1.45214 	 1.323 	 -0.182062
2.49 	 -1.45156 	 1.32248 	 -0.182059
2.505 	 -1.45098 	 1.32197 	 -0.182056
2.52 	 -1.45039 	 1.32144 	 -0.182053
2.535 	 -1.4498 	 1.32092 	 -0.182049
2.55 	 -1.4492 	 1.32039 	 -0.182046
2.565 	 -1.4486 	 1.31986 	 -0.182043
2.58 	 -1.448 	 1.31933 	 -0.182039
2.595 	 -1.44739 	 1.31879 	 -0.182036
2.61 	 -1.44678 	 1.31825 	 -0.182032
2.625 	 -1.44617 	 1.31771 	 -0.182029
2.64 	 -1.44555 	 1.3172 	 -0.182029
2.655 	 -1.44493 	 1.31662 	 -0.182021
2.67 	 -1.44431 	 1.31607 	 -0.182017
2.685 	 -1.44368 	 1.31551 	 -0.182013
2.7 	 -1.44305 	 1.31496 	 -0.18201
2.715 	 -1.44241 	 1.3144 	 -0.182006
2.73 	 -1.44177 	 1.31383 	 -0.182002
2.745 	 -1.44113 	 1.31327 	 -0.181998
2.76 	 -1.44049 	 1.3127 	 -0.181993
2.775 	 -1.43984 	 1.31213 	 -0.181989
2.79 	 -1.43919 	 1.31155 	 -0.181985
2.805 	 -1.43853 	 1.31097 	 -0.181981
2.82 	 -1.43787 	 1.31039 	 -0.181976
2.835 	 -1.43721 	 1.30981 	 -0.181972
2.85 	 -1.43654 	 1.30922 	 -0.181967
2.865 	 -1.43587 	 1.30863 	 -0.181963
2.88 	 -1.4352 	 1.30804 	 -0.181958
2.895 	 -1.43452 	 1.30744 	 -0.181953
2.91 	 -1.43384 	 1.30684 	 -0.181948
2.925 	 -1.43316 	 1.30624 	 -0.181944
2.94 	 -1.43247 	 1.30563 	 -0.181939
2.955 	 -1.43178 	 1.30502 	 -0.181934
2.97 	 -1.43109 	 1.30441 	 -0.181929
2.985 	 -1.43039 	 1.3038 	 -0.181923
3 	 -1.42969 	 1.30318 	 -0.181918
3.015 	 -1.42898 	 1.30256 	 -0.181913
3.03 	 -1.42827 	 1.30194 	 -0.181907
3.045 	 -1.42756 	 1.30131 	 -0.181902
3.06 	 -1.42685 	 1.30068 	 -0.181896
3.075 	 -1.42613 	 1.30005 	 -0.181891
3.09 	 -1.42541 	 1.29941 	 -0.181885
3.105 	 -1.42468 	 1.29878 	 -0.181879
3.12 	 -1.42395 	 1.29813 	 -0.181873
3.135 	 -1.42322 	 1.29749 	 -0.181867
3.15 	 -1.42248 	 1.29684 	 -0.181861
3.165 	 -1.42174 	 1.29619 	 -0.181855
3.18 	 -1.421 	 1.29554 	 -0.181849
3.195 	 -1.42025 	 1.29488 	 -0.181842
3.21 	 -1.4195 	 1.29422 	 -0.181836
3.225 	 -1.41875 	 1.29356 	 -0.181829
3.24 	 -1.41799 	 1.2929 	 -0.181823
3.255 	 -1.41723 	 1.29223 	 -0.181816
3.27 	 -1.41646 	 1.29156 	 -0.181809
3.285 	 -1.41569 	 1.29088 	 -0.181802
3.3 	 -1.41492 	 1.2902 	 -0.181795
3.315 	 -1.41415 	 1.28952 	 -0.181788
3.33 	 -1.41337 	 1.28884 	 -0.18178
3.345 	 -1.41259 	 1.28815 	 -0.181773
3.36 	 -1.4118 	 1.28747 	 -0.181766
3.375 	 -1.41101 	 1.28677 	 -0.181758
3.39 	 -1.41022 	 1.28608 	 -0.18175
3.405 	 -1.40942 	 1.28538 	 -0.181742
3.42 	 -1.40862 	 1.28468 	 -0.181734
3.435 	 -1.40782 	 1.28397 	 -0.181726
3.45 	 -1.40701 	 1.28327 	 -0.181718
3.465 	 -1.4062 	 1.28256 	 -0.18171
3.48 	 -1.40539 	 1.28184 	 -0.181701
3.495 	 -1.40457 	 1.28113 	 -0.181693
3.51 	 -1.40375 	 1.28041 	 -0.181684
3.525 	 -1.40292 	 1.27969 	 -0.181675
3.54 	 -1.4021 	 1.27896 	 -0.181666
3.555 	 -1.40127 	 1.27824 	 -0.181657
3.57 	 -1.40043 	 1.2775 	 -0.181648
3.585 	 -1.39959 	 1.27677 	 -0.181639
3.6 	 -1.39875 	 1.27606 	 -0.181639
3.615 	 -1.3979 	 1.27529 	 -0.181619
3.63 	 -1.39706 	 1.27455 	 -0.18161
3.645 	 -1.3962 	 1.27381 	 -0.1816
3.66 	 -1.39535 	 1.27306 	 -0.18159
3.675 	 -1.39449 	 1.27231 	 -0.181579
3.69 	 -1.39362 	 1.27155 	 -0.181569
3.705 	 -1.39276 	 1.27079 	 -0.181559
3.72 	 -1.39189 	 1.27003 	 -0.181548
3.735 	 -1.39101 	 1.26927 	 -0.181537
3.75 	 -1.39014 	 1.2685 	 -0.181526
3.765 	 -1.38926 	 1.26773 	 -0.181515
3.78 	 -1.38837 	 1.26696 	 -0.181503
3.795 	 -1.38748 	 1.26619 	 -0.181492
3.81 	 -1.38659 	 1.26541 	 -0.18148
3.825 	 -1.3857 	 1.26463 	 -0.181468
3.84 	 -1.3848 	 1.26384 	 -0.181456
3.855 	 -1.3839 	 1.26306 	 -0.181444
3.87 	 -1.38299 	 1.26227 	 -0.181432
3.885 	 -1.38208 	 1.26147 	 -0.181419
3.9 	 -1.38117 	 1.26068 	 -0.181406
3.915 	 -1.38026 	 1.25988 	 -0.181394
3.93 	 -1.37934 	 1.25908 	 -0.18138
3.945 	 -1.37841 	 1.25827 	 -0.181367
3.96 	 -1.37749 	 1.25747 	 -0.181354
3.975 	 -1.37656 	 1.25666 	 -0.18134
3.99 	 -1.37562 	 1.25584 	 -0.181326
4.005 	 -1.37469 	 1.25503 	 -0.181312
4.02 	 -1.37375 	 1.25421 	 -0.181297
4.035 	 -1.3728 	 1.25339 	 -0.181283
4.05 	 -1.37186 	 1.25256 	 -0.181268
4.065 	 -1.3709 	 1.25173 	 -0.181253
4.08 	 -1.36995 	 1.2509 	 -0.181238
4.095 	 -1.36899 	 1.25007 	 -0.181222
4.11 	 -1.36803 	 1.24923 	 -0.181207
4.125 	 -1.36707 	 1.24839 	 -0.181191
4.14 	 -1.3661 	 1.24755 	 -0.181175
4.155 	 -1.36512 	 1.24671 	 -0.181158
4.17 	 -1.36415 	 1.24586 	 -0.181142
4.185 	 -1.36317 	 1.24501 	 -0.181125
4.2 	 -1.36219 	 1.24415 	 -0.181108
4.215 	 -1.3612 	 1.2433 	 -0.181091
4.23 	 -1.36021 	 1.24244 	 -0.181073
4.245 	 -1.35922 	 1.24157 	 -0.181055
4.26 	 -1.35822 	 1.24071 	 -0.181037
4.275 	 -1.35722 	 1.23984 	 -0.181019
4.29 	 -1.35622 	 1.23897 	 -0.181
4.305 	 -1.35521 	 1.23809 	 -0.180981
4.32 	 -1.3542 	 1.23722 	 -0.180962
4.335 	 -1.35319 	 1.23634 	 -0.180942
4.35 	 -1.35217 	 1.23545 	 -0.180923
4.365 	 -1.35115 	 1.23457 	 -0.180902
4.38 	 -1.35012 	 1.23368 	 -0.180882
4.395 	 -1.34909 	 1.23279 	 -0.180861
4.41 	 -1.34806 	 1.2319 	 -0.180841
4.425 	 -1.34703 	 1.231 	 -0.180819
4.44 	 -1.34599 	 1.2301 	 -0.180798
4.455 	 -1.34495 	 1.2292 	 -0.180776
4.47 	 -1.3439 	 1.22829 	 -0.180754
4.485 	 -1.34285 	 1.22738 	 -0.180731
4.5 	 -1.3418 	 1.22647 	 -0.180708
4.515 	 -1.34074 	 1.22556 	 -0.180685
4.53 	 -1.33968 	 1.22464 	 -0.180662
4.545 	 -1.33862 	 1.22372 	 -0.180638
4.56 	 -1.33755 	 1.2228 	 -0.180613
4.575 	 -1.33648 	 1.22187 	 -0.180589
4.59 	 -1.33541 	 1.22095 	 -0.180564
4.605 	 -1.33433 	 1.22001 	 -0.180539
4.62 	 -1.33325 	 1.21908 	 -0.180513
4.635 	 -1.33216 	 1.21814 	 -0.180487
4.65 	 -1.33107 	 1.2172 	 -0.180461
4.665 	 -1.32998 	 1.21626 	 -0.180434
4.68 	 -1.32889 	 1.21532 	 -0.180407
4.695 	 -1.32779 	 1.2144 	 -0.180407
4.71 	 -1.32669 	 1.21342 	 -0.180351
4.725 	 -1.32558 	 1.21247 	 -0.180323
4.74 	 -1.32447 	 1.21151 	 -0.180294
4.755 	 -1.32336 	 1.21055 	 -0.180265
4.77 	 -1.32224 	 1.20959 	 -0.180235
4.785 	 -1.32112 	 1.20863 	 -0.180205
4.8 	 -1.32 	 1.20766 	 -0.180175
4.815 	 -1.31887 	 1.20669 	 -0.180144
4.83 	 -1.31774 	 1.20572 	 -0.180113
4.845 	 -1.31661 	 1.20474 	 -0.180081
4.86 	 -1.31547 	 1.20376 	 -0.180049
4.875 	 -1.31433 	 1.20278 	 -0.180016
4.89 	 -1.31319 	 1.2018 	 -0.179983
4.905 	 -1.31204 	 1.20081 	 -0.179949
4.92 	 -1.31089 	 1.19982 	 -0.179915
4.935 	 -1.30973 	 1.19883 	 -0.179881
4.95 	 -1.30857 	 1.19784 	 -0.179846
4.965 	 -1.30741 	 1.19684 	 -0.17981
4.98 	 -1.30625 	 1.19584 	 -0.179774
4.995 	 -1.30508 	 1.19484 	 -0.179737
5.01 	 -1.30391 	 1.19383 	 -0.1797
5.025 	 -1.30273 	 1.19283 	 -0.179663
5.04 	 -1.30155 	 1.19181 	 -0.179624
5.055 	 -1.30037 	 1.1908 	 -0.179586
5.07 	 -1.29918 	 1.18979 	 -0.179546
5.085 	 -1.29799 	 1.18877 	 -0.179507
5.1 	 -1.2968 	 1.18775 	 -0.179466
5.115 	 -1.2956 	 1.18672 	 -0.179425
5.13 	 -1.2944 	 1.1857 	 -0.179384
5.145 	 -1.2932 	 1.18467 	 -0.179342
5.16 	 -1.29199 	 1.18364 	 -0.179299
5.175 	 -1.29078 	 1.1826 	 -0.179256
5.19 	 -1.28956 	 1.18156 	 -0.179212
5.205 	 -1.28834 	 1.18052 	 -0.179167
5.22 	 -1.28712 	 1.17948 	 -0.179122
5.235 	 -1.2859 	 1.17844 	 -0.179076
5.25 	 -1.28467 	 1.17739 	 -0.17903
5.265 	 -1.28344 	 1.17634 	 -0.178983
5.28 	 -1.2822 	 1.17531 	 -0.178983
5.295 	 -1.28096 	 1.17423 	 -0.178887
5.31 	 -1.27972 	 1.17317 	 -0.178838
5.325 	 -1.27847 	 1.17211 	 -0.178788
5.34 	 -1.27722 	 1.17105 	 -0.178738
5.355 	 -1.27597 	 1.16999 	 -0.178687
5.37 	 -1.27471 	 1.16892 	 -0.178635
5.385 	 -1.27345 	 1.16785 	 -0.178582
5.4 	 -1.27219 	 1.16677 	 -0.178529
5.415 	 -1.27092 	 1.1657 	 -0.178475
5.43 	 -1.26965 	 1.16462 	 -0.17842
5.445 	 -1.26837 	 1.16354 	 -0.178365
5.46 	 -1.2671 	 1.16246 	 -0.178309
5.475 	 -1.26582 	 1.16137 	 -0.178252
5.49 	 -1.26453 	 1.16028 	 -0.178194
5.505 	 -1.26324 	 1.15919 	 -0.178135
5.52 	 -1.26195 	 1.1581 	 -0.178076
5.535 	 -1.26065 	 1.15701 	 -0.178016
5.55 	 -1.25936 	 1.15591 	 -0.177955
5.565 	 -1.25805 	 1.15481 	 -0.177893
5.58 	 -1.25675 	 1.1537 	 -0.17783
5.595 	 -1.25544 	 1.1526 	 -0.177767
5.61 	 -1.25412 	 1.15149 	 -0.177703
5.625 	 -1.25281 	 1.15038 	 -0.177637
5.64 	 -1.25149 	 1.14927 	 -0.177571
5.655 	 -1.25016 	 1.14818 	 -0.177571
5.67 	 -1.24884 	 1.14704 	 -0.177436
5.685 	 -1.24751 	 1.14592 	 -0.177368
5.7 	 -1.24617 	 1.1448 	 -0.177298
5.715 	 -1.24483 	 1.14367 	 -0.177227
5.73 	 -1.24349 	 1.14255 	 -0.177156
5.745 	 -1.24215 	 1.14142 	 -0.177083
5.76 	 -1.2408 	 1.14029 	 -0.17701
5.775 	 -1.23945 	 1.13915 	 -0.176935
5.79 	 -1.23809 	 1.13802 	 -0.17686
5.805 	 -1.23673 	 1.13688 	 -0.176784
5.82 	 -1.23537 	 1.13574 	 -0.176706
5.835 	 -1.23401 	 1.1346 	 -0.176628
5.85 	 -1.23264 	 1.13345 	 -0.176548
5.865 	 -1.23126 	 1.1323 	 -0.176468
5.88 	 -1.22989 	 1.13116 	 -0.176386
5.895 	 -1.22851 	 1.13 	 -0.176304
5.91 	 -1.22712 	 1.12885 	 -0.17622
5.925 	 -1.22574 	 1.12769 	 -0.176135
5.94 	 -1.22435 	 1.12654 	 -0.176049
5.955 	 -1.22295 	 1.12538 	 -0.175962
5.97 	 -1.22156 	 1.12421 	 -0.175874
5.985 	 -1.22015 	 1.12305 	 -0.175785
6 	 -1.21875 	 1.12188 	 -0.175695
6.015 	 -1.21734 	 1.12071 	 -0.175603
6.03 	 -1.21593 	 1.11954 	 -0.175511
6.045 	 -1.21452 	 1.11837 	 -0.175417
6.06 	 -1.2131 	 1.11719 	 -0.175322
6.075 	 -1.21167 	 1.11602 	 -0.175225
6.09 	 -1.21025 	 1.11484 	 -0.175128
6.105 	 -1.20882 	 1.11366 	 -0.175029
6.12 	 -1.20739 	 1.11247 	 -0.174929
6.135 	 -1.20595 	 1.11129 	 -0.174828
6.15 	 -1.20451 	 1.1101 	 -0.174726
6.165 	 -1.20307 	 1.10891 	 -0.174622
6.18 	 -1.20162 	 1.10772 	 -0.174517
6.195 	 -1.20017 	 1.10653 	 -0.174411
6.21 	 -1.19872 	 1.10533 	 -0.174303
6.225 	 -1.19726 	 1.10413 	 -0.174194
6.24 	 -1.1958 	 1.10293 	 -0.174084
6.255 	 -1.19434 	 1.10173 	 -0.173973
6.27 	 -1.19287 	 1.10053 	 -0.17386
6.285 	 -1.1914 	 1.09933 	 -0.173745
6.3 	 -1.18992 	 1.09812 	 -0.17363
6.315 	 -1.18844 	 1.09691 	 -0.173513
6.33 	 -1.18696 	 1.0957 	 -0.173394
6.345 	 -1.18548 	 1.09449 	 -0.173274
6.36 	 -1.18399 	 1.09327 	 -0.173153
6.375 	 -1.1825 	 1.09206 	 -0.17303
6.39 	 -1.181 	 1.09084 	 -0.172906
6.405 	 -1.1795 	 1.08962 	 -0.17278
6.42 	 -1.178 	 1.0884 	 -0.172653
6.435 	 -1.17649 	 1.08718 	 -0.172524
6.45 	 -1.17498 	 1.08595 	 -0.172394
6.465 	 -1.17347 	 1.08472 	 -0.172262
6.48 	 -1.17195 	 1.0835 	 -0.172129
6.495 	 -1.17043 	 1.08227 	 -0.171994
6.51 	 -1.16891 	 1.08104 	 -0.171858
6.525 	 -1.16738 	 1.0798 	 -0.17172
6.54 	 -1.16585 	 1.07857 	 -0.17158
6.555 	 -1.16431 	 1.07733 	 -0.171439
6.57 	 -1.16277 	 1.07609 	 -0.171296
6.585 	 -1.16123 	 1.07485 	 -0.171152
6.6 	 -1.15969 	 1.07361 	 -0.171006
6.615 	 -1.15814 	 1.07239 	 -0.171006
6.63 	 -1.15659 	 1.07113 	 -0.170709
6.645 	 -1.15503 	 1.06988 	 -0.170558
6.66 	 -1.15347 	 1.06863 	 -0.170406
6.675 	 -1.15191 	 1.06739 	 -0.170252
6.69 	 -1.15034 	 1.06614 	 -0.170096
6.705 	 -1.14877 	 1.06488 	 -0.169938
6.72 	 -1.1472 	 1.06363 	 -0.169779
6.735 	 -1.14562 	 1.06238 	 -0.169618
6.75 	 -1.14404 	 1.06112 	 -0.169455
6.765 	 -1.14246 	 1.05986 	 -0.16929
6.78 	 -1.14087 	 1.05861 	 -0.169124
6.795 	 -1.13928 	 1.05735 	 -0.168956
6.81 	 -1.13769 	 1.05609 	 -0.168786
6.825 	 -1.13609 	 1.05482 	 -0.168614
6.84 	 -1.13449 	 1.05356 	 -0.168441
6.855 	 -1.13288 	 1.0523 	 -0.168266
6.87 	 -1.13127 	 1.05103 	 -0.168089
6.885 	 -1.12966 	 1.04976 	 -0.16791
6.9 	 -1.12805 	 1.04849 	 -0.167729
6.915 	 -1.12643 	 1.04722 	 -0.167546
6.93 	 -1.12481 	 1.04595 	 -0.167362
6.945 	 -1.12318 	 1.04468 	 -0.167176
6.96 	 -1.12155 	 1.04341 	 -0.166987
6.975 	 -1.11992 	 1.04214 	 -0.166797
6.99 	 -1.11828 	 1.04086 	 -0.166605
7.005 	 -1.11664 	 1.03958 	 -0.166412
7.02 	 -1.115 	 1.03831 	 -0.166216
7.035 	 -1.11335 	 1.03703 	 -0.166018
7.05 	 -1.1117 	 1.03575 	 -0.165819
7.065 	 -1.11005 	 1.03447 	 -0.165617
7.08 	 -1.10839 	 1.03319 	 -0.165414
7.095 	 -1.10673 	 1.03191 	 -0.165209
7.11 	 -1.10506 	 1.03062 	 -0.165001
7.125 	 -1.10339 	 1.02934 	 -0.164792
7.14 	 -1.10172 	 1.02806 	 -0.164581
7.155 	 -1.10005 	 1.02677 	 -0.164368
7.17 	 -1.09837 	 1.02549 	 -0.164153
7.185 	 -1.09669 	 1.0242 	 -0.163936
7.2 	 -1.095 	 1.02292 	 -0.163936
7.215 	 -1.09331 	 1.02162 	 -0.163496
7.23 	 -1.09162 	 1.02033 	 -0.163273
7.245 	 -1.08992 	 1.01904 	 -0.163048
7.26 	 -1.08822 	 1.01775 	 -0.162821
7.275 	 -1.08652 	 1.01646 	 -0.162592
7.29 	 -1.08481 	 1.01517 	 -0.162361
7.305 	 -1.0831 	 1.01388 	 -0.162128
7.32 	 -1.08139 	 1.01258 	 -0.161893
7.335 	 -1.07967 	 1.01129 	 -0.161656
7.35 	 -1.07795 	 1.01 	 -0.161418
7.365 	 -1.07622 	 1.0087 	 -0.161177
7.38 	 -1.0745 	 1.00741 	 -0.160934
7.395 	 -1.07277 	 1.00611 	 -0.160689
7.41 	 -1.07103 	 1.00481 	 -0.160442
7.425 	 -1.06929 	 1.00352 	 -0.160193
7.44 	 -1.06755 	 1.00222 	 -0.159942
7.455 	 -1.0658 	 1.00092 	 -0.159689
7.47 	 -1.06406 	 0.999625 	 -0.159434
7.485 	 -1.0623 	 0.998327 	 -0.159177
7.5 	 -1.06055 	 0.997028 	 -0.158918
7.515 	 -1.05879 	 0.995729 	 -0.158658
7.53 	 -1.05702 	 0.99443 	 -0.158395
7.545 	 -1.05526 	 0.993131 	 -0.15813
7.56 	 -1.05349 	 0.991831 	 -0.157863
7.575 	 -1.05171 	 0.990535 	 -0.157863
7.59 	 -1.04994 	 0.989232 	 -0.157323
7.605 	 -1.04816 	 0.987931 	 -0.15705
7.62 	 -1.04637 	 0.986631 	 -0.156776
7.635 	 -1.04458 	 0.985331 	 -0.156499
7.65 	 -1.04279 	 0.98403 	 -0.15622
7.665 	 -1.041 	 0.982729 	 -0.155939
7.68 	 -1.0392 	 0.981429 	 -0.155657
7.695 	 -1.0374 	 0.980128 	 -0.155372
7.71 	 -1.03559 	 0.978827 	 -0.155086
7.725 	 -1.03378 	 0.977527 	 -0.154797
7.74 	 -1.03197 	 0.976226 	 -0.154507
7.755 	 -1.03016 	 0.974925 	 -0.154215
7.77 	 -1.02834 	 0.973625 	 -0.153921
7.785 	 -1.02651 	 0.972324 	 -0.153625
7.8 	 -1.02469 	 0.971024 	 -0.153327
7.815 	 -1.02286 	 0.969724 	 -0.153027
7.83 	 -1.02102 	 0.968424 	 -0.152725
7.845 	 -1.01919 	 0.967124 	 -0.152422
7.86 	 -1.01735 	 0.965824 	 -0.152117
7.875 	 -1.0155 	 0.964525 	 -0.151809
7.89 	 -1.01366 	 0.963225 	 -0.1515
7.905 	 -1.0118 	 0.961927 	 -0.15119
7.92 	 -1.00995 	 0.960628 	 -0.150877
7.935 	 -1.00809 	 0.95933 	 -0.150563
7.95 	 -1.00623 	 0.958032 	 -0.150246
7.965 	 -1.00437 	 0.956734 	 -0.149928
7.98 	 -1.0025 	 0.955437 	 -0.149609
7.995 	 -1.00062 	 0.95414 	 -0.149287
8.01 	 -0.998752 	 0.952844 	 -0.148964
8.025 	 -0.996885 	 0.951548 	 -0.148639
8.04 	 -0.995025 	 0.950253 	 -0.148313
8.055 	 -0.993172 	 0.948958 	 -0.147985
8.07 	 -0.991326 	 0.947664 	 -0.147655
8.085 	 -0.989487 	 0.94637 	 -0.147323
8.1 	 -0.987654 	 0.945076 	 -0.14699
8.115 	 -0.985829 	 0.943784 	 -0.146655
8.13 	 -0.98401 	 0.942492 	 -0.146319
8.145 	 -0.982198 	 0.9412 	 -0.145981
8.16 	 -0.980392 	 0.939909 	 -0.145642
8.175 	 -0.978593 	 0.938619 	 -0.1453
8.19 	 -0.976801 	 0.93733 	 -0.144958
8.205 	 -0.975015 	 0.936041 	 -0.144614
8.22 	 -0.973236 	 0.934753 	 -0.144268
8.235 	 -0.971463 	 0.933466 	 -0.143921
8.25 	 -0.969697 	 0.932179 	 -0.143573
8.265 	 -0.967937 	 0.930893 	 -0.143223
8.28 	 -0.966184 	 0.929608 	 -0.142871
8.295 	 -0.964436 	 0.928324 	 -0.142519
8.31 	 -0.962696 	 0.927041 	 -0.142164
8.325 	 -0.960961 	 0.925759 	 -0.141809
8.34 	 -0.959233 	 0.924477 	 -0.141452
8.355 	 -0.95751 	 0.923197 	 -0.141094
8.37 	 -0.955795 	 0.921917 	 -0.140734
8.385 	 -0.954085 	 0.920638 	 -0.140374
8.4 	 -0.952381 	 0.91936 	 -0.140012
8.415 	 -0.950683 	 0.918084 	 -0.139648
8.43 	 -0.948992 	 0.916808 	 -0.139284
8.445 	 -0.947306 	 0.915533 	 -0.138918
8.46 	 -0.945626 	 0.914259 	 -0.138551
8.475 	 -0.943953 	 0.912987 	 -0.138183
8.49 	 -0.942285 	 0.911715 	 -0.137814
8.505 	 -0.940623 	 0.910445 	 -0.137444
8.52 	 -0.938967 	 0.909175 	 -0.137072
8.535 	 -0.937317 	 0.907907 	 -0.1367
8.55 	 -0.935673 	 0.90664 	 -0.136327
8.565 	 -0.934034 	 0.905374 	 -0.135952
8.58 	 -0.932401 	 0.904109 	 -0.135577
8.595 	 -0.930774 	 0.902846 	 -0.1352
8.61 	 -0.929152 	 0.901584 	 -0.134823
8.625 	 -0.927536 	 0.900323 	 -0.134444
8.64 	 -0.925926 	 0.899063 	 -0.134065
8.655 	 -0.924321 	 0.897804 	 -0.133685
8.67 	 -0.922722 	 0.896547 	 -0.133304
8.685 	 -0.921128 	 0.895291 	 -0.132922
8.7 	 -0.91954 	 0.894036 	 -0.132539
8.715 	 -0.917958 	 0.892783 	 -0.132156
8.73 	 -0.91638 	 0.891531 	 -0.131771
8.745 	 -0.914808 	 0.890281 	 -0.131386
8.76 	 -0.913242 	 0.889032 	 -0.131001
8.775 	 -0.911681 	 0.887784 	 -0.130614
8.79 	 -0.910125 	 0.886537 	 -0.130227
8.805 	 -0.908575 	 0.885292 	 -0.129839
8.82 	 -0.907029 	 0.884049 	 -0.12945
8.835 	 -0.90549 	 0.882807 	 -0.129061
8.85 	 -0.903955 	 0.881566 	 -0.128672
8.865 	 -0.902425 	 0.880327 	 -0.128281
8.88 	 -0.900901 	 0.87909 	 -0.127891
8.895 	 -0.899382 	 0.877854 	 -0.127499
8.91 	 -0.897868 	 0.876619 	 -0.127107
8.925 	 -0.896359 	 0.875386 	 -0.126715
8.94 	 -0.894855 	 0.874155 	 -0.126322
8.955 	 -0.893356 	 0.872925 	 -0.125929
8.97 	 -0.891862 	 0.871697 	 -0.125535
8.985 	 -0.890373 	 0.870471 	 -0.125141
9 	 -0.888889 	 0.869246 	 -0.124747
9.015 	 -0.88741 	 0.868015 	 -0.124747
9.03 	 -0.885936 	 0.866801 	 -0.123957
9.045 	 -0.884467 	 0.865581 	 -0.123561
9.06 	 -0.883002 	 0.864362 	 -0.123165
9.075 	 -0.881543 	 0.863146 	 -0.122769
9.09 	 -0.880088 	 0.861931 	 -0.122373
9.105 	 -0.878638 	 0.860717 	 -0.121977
9.12 	 -0.877193 	 0.859506 	 -0.12158
9.135 	 -0.875753 	 0.858296 	 -0.121183
9.15 	 -0.874317 	 0.857088 	 -0.120786
9.165 	 -0.872886 	 0.855881 	 -0.120389
9.18 	 -0.87146 	 0.854677 	 -0.119992
9.195 	 -0.870038 	 0.853474 	 -0.119594
9.21 	 -0.868621 	 0.852273 	 -0.119197
9.225 	 -0.867209 	 0.851074 	 -0.118799
9.24 	 -0.865801 	 0.849876 	 -0.118402
9.255 	 -0.864398 	 0.848681 	 -0.118004
9.27 	 -0.862999 	 0.847487 	 -0.117606
9.285 	 -0.861605 	 0.846295 	 -0.117209
9.3 	 -0.860215 	 0.845105 	 -0.116811
9.315 	 -0.85883 	 0.843917 	 -0.116414
9.33 	 -0.857449 	 0.842731 	 -0.116016
9.345 	 -0.856073 	 0.841546 	 -0.115619
9.36 	 -0.854701 	 0.840364 	 -0.115222
9.375 	 -0.853333 	 0.839183 	 -0.114825
9.39 	 -0.85197 	 0.837997 	 -0.114825
9.405 	 -0.850611 	 0.836827 	 -0.114031
9.42 	 -0.849257 	 0.835652 	 -0.113635
9.435 	 -0.847907 	 0.834479 	 -0.113238
9.45 	 -0.846561 	 0.833308 	 -0.112842
9.465 	 -0.845219 	 0.832139 	 -0.112446
9.48 	 -0.843882 	 0.830972 	 -0.112051
9.495 	 -0.842549 	 0.829807 	 -0.111655
9.51 	 -0.84122 	 0.828644 	 -0.11126
9.525 	 -0.839895 	 0.827483 	 -0.110865
9.54 	 -0.838574 	 0.826323 	 -0.110471
9.555 	 -0.837258 	 0.825166 	 -0.110077
9.57 	 -0.835946 	 0.824011 	 -0.109683
9.585 	 -0.834637 	 0.822858 	 -0.109289
9.6 	 -0.833333 	 0.821706 	 -0.108896
9.615 	 -0.832033 	 0.820557 	 -0.108504
9.63 	 -0.830737 	 0.81941 	 -0.108111
9.645 	 -0.829445 	 0.818265 	 -0.10772
9.66 	 -0.828157 	 0.817122 	 -0.107328
9.675 	 -0.826873 	 0.815981 	 -0.106937
9.69 	 -0.825593 	 0.814842 	 -0.106547
9.705 	 -0.824317 	 0.813705 	 -0.106157
9.72 	 -0.823045 	 0.81257 	 -0.105767
9.735 	 -0.821777 	 0.811437 	 -0.105379
9.75 	 -0.820513 	 0.810307 	 -0.10499
9.765 	 -0.819252 	 0.809178 	 -0.104602
9.78 	 -0.817996 	 0.808051 	 -0.104215
9.795 	 -0.816743 	 0.806927 	 -0.103828
9.81 	 -0.815494 	 0.805805 	 -0.103442
9.825 	 -0.814249 	 0.804684 	 -0.103056
9.84 	 -0.813008 	 0.803566 	 -0.102671
9.855 	 -0.811771 	 0.80245 	 -0.102287
9.87 	 -0.810537 	 0.801336 	 -0.101903
9.885 	 -0.809307 	 0.800224 	 -0.10152
9.9 	 -0.808081 	 0.799115 	 -0.101137
9.915 	 -0.806858 	 0.798007 	 -0.100756
9.93 	 -0.805639 	 0.796902 	 -0.100374
9.945 	 -0.804424 	 0.795798 	 -0.099994
9.96 	 -0.803213 	 0.794697 	 -0.0996142
9.975 	 -0.802005 	 0.793598 	 -0.0992351
9.99 	 -0.800801 	 0.792501 	 -0.0988567
10.005 	 -0.7996 	 0.791407 	 -0.098479
10.02 	 -0.798403 	 0.790314 	 -0.0981021
10.035 	 -0.79721 	 0.789224 	 -0.0977259
10.05 	 -0.79602 	 0.788135 	 -0.0973504
10.065 	 -0.794834 	 0.787049 	 -0.0969758
10.08 	 -0.793651 	 0.785965 	 -0.0966018
10.095 	 -0.792472 	 0.784884 	 -0.0962287
10.11 	 -0.791296 	 0.783804 	 -0.0958563
10.125 	 -0.790123 	 0.782727 	 -0.0954848
10.14 	 -0.788955 	 0.781651 	 -0.095114
10.155 	 -0.787789 	 0.780578 	 -0.094744
10.17 	 -0.786627 	 0.779507 	 -0.0943749
10.185 	 -0.785469 	 0.778438 	 -0.0940066
10.2 	 -0.784314 	 0.777372 	 -0.0936391
10.215 	 -0.783162 	 0.776307 	 -0.0932725
10.23 	 -0.782014 	 0.775245 	 -0.0929067
10.245 	 -0.780869 	 0.774185 	 -0.0925417
10.26 	 -0.779727 	 0.773127 	 -0.0921776
10.275 	 -0.778589 	 0.772071 	 -0.0918144
10.29 	 -0.777454 	 0.771018 	 -0.0914521
10.305 	 -0.776322 	 0.769967 	 -0.0910906
10.32 	 -0.775194 	 0.768917 	 -0.09073
10.335 	 -0.774069 	 0.76787 	 -0.0903704
10.35 	 -0.772947 	 0.766826 	 -0.0900116
10.365 	 -0.771828 	 0.765783 	 -0.0896537
10.38 	 -0.770713 	 0.764743 	 -0.0892968
10.395 	 -0.769601 	 0.763704 	 -0.0889407
10.41 	 -0.768492 	 0.762668 	 -0.0885856
10.425 	 -0.767386 	 0.761634 	 -0.0882314
10.44 	 -0.766284 	 0.760603 	 -0.0878781
10.455 	 -0.765184 	 0.759573 	 -0.0875258
10.47 	 -0.764088 	 0.758546 	 -0.0871744
10.485 	 -0.762995 	 0.757521 	 -0.0868239
10.5 	 -0.761905 	 0.756498 	 -0.0864744
10.515 	 -0.760818 	 0.755477 	 -0.0861259
10.53 	 -0.759734 	 0.754458 	 -0.0857783
10.545 	 -0.758653 	 0.753442 	 -0.0854317
10.56 	 -0.757576 	 0.752424 	 -0.0854317
10.575 	 -0.756501 	 0.751416 	 -0.0847413
10.59 	 -0.75543 	 0.750406 	 -0.0843976
10.605 	 -0.754361 	 0.749398 	 -0.0840549
10.62 	 -0.753296 	 0.748393 	 -0.0837131
10.635 	 -0.752233 	 0.747389 	 -0.0833724
10.65 	 -0.751174 	 0.746388 	 -0.0830326
10.665 	 -0.750117 	 0.745389 	 -0.0826938
10.68 	 -0.749064 	 0.744392 	 -0.082356
10.695 	 -0.748013 	 0.743398 	 -0.0820192
10.71 	 -0.746965 	 0.742405 	 -0.0816834
10.725 	 -0.745921 	 0.741415 	 -0.0813485
10.74 	 -0.744879 	 0.740427 	 -0.0810147
10.755 	 -0.74384 	 0.739441 	 -0.0806819
10.77 	 -0.742804 	 0.738457 	 -0.0803502
10.785 	 -0.741771 	 0.737475 	 -0.0800194
10.8 	 -0.740741 	 0.736496 	 -0.0796896
10.815 	 -0.739713 	 0.735518 	 -0.0793609
10.83 	 -0.738689 	 0.734543 	 -0.0790331
10.845 	 -0.737667 	 0.73357 	 -0.0787064
10.86 	 -0.736648 	 0.732599 	 -0.0783807
10.875 	 -0.735632 	 0.73163 	 -0.078056
10.89 	 -0.734619 	 0.730664 	 -0.0777324
10.905 	 -0.733608 	 0.729699 	 -0.0774098
10.92 	 -0.732601 	 0.728737 	 -0.0770881
10.935 	 -0.731596 	 0.727774 	 -0.0770881
10.95 	 -0.730594 	 0.726819 	 -0.076448
10.965 	 -0.729594 	 0.725863 	 -0.0761295
10.98 	 -0.728597 	 0.724909 	 -0.075812
10.995 	 -0.727603 	 0.723957 	 -0.0754955
11.01 	 -0.726612 	 0.723008 	 -0.0751801
11.025 	 -0.725624 	 0.72206 	 -0.0748657
11.04 	 -0.724638 	 0.721115 	 -0.0745523
11.055 	 -0.723654 	 0.720172 	 -0.07424
11.07 	 -0.722674 	 0.719231 	 -0.0739287
11.085 	 -0.721696 	 0.718292 	 -0.0736184
11.1 	 -0.720721 	 0.717355 	 -0.0733092
11.115 	 -0.719748 	 0.71642 	 -0.073001
11.13 	 -0.718778 	 0.715487 	 -0.0726938
11.145 	 -0.717811 	 0.714557 	 -0.0723877
11.16 	 -0.716846 	 0.713628 	 -0.0720826
11.175 	 -0.715884 	 0.712702 	 -0.0717785
11.19 	 -0.714924 	 0.711778 	 -0.0714755
11.205 	 -0.713967 	 0.710855 	 -0.0711735
11.22 	 -0.713012 	 0.709935 	 -0.0708725
11.235 	 -0.712061 	 0.709017 	 -0.0705726
11.25 	 -0.711111 	 0.708101 	 -0.0702737
11.265 	 -0.710164 	 0.707187 	 -0.0699758
11.28 	 -0.70922 	 0.706275 	 -0.069679
11.295 	 -0.708278 	 0.705365 	 -0.0693832
11.31 	 -0.707339 	 0.704455 	 -0.0693832
11.325 	 -0.706402 	 0.703552 	 -0.0687947
11.34 	 -0.705467 	 0.702648 	 -0.068502
11.355 	 -0.704535 	 0.701747 	 -0.0682103
11.37 	 -0.703606 	 0.700847 	 -0.0679196
11.385 	 -0.702679 	 0.69995 	 -0.06763
11.4 	 -0.701754 	 0.699054 	 -0.0673414
11.415 	 -0.700832 	 0.698161 	 -0.0670538
11.43 	 -0.699913 	 0.697269 	 -0.0667673
11.445 	 -0.698995 	 0.69638 	 -0.0664817
11.46 	 -0.69808 	 0.695492 	 -0.0661972
11.475 	 -0.697168 	 0.694607 	 -0.0659137
11.49 	 -0.696258 	 0.693724 	 -0.0656313
11.505 	 -0.69535 	 0.692842 	 -0.0653498
11.52 	 -0.694444 	 0.691963 	 -0.0650694
11.535 	 -0.693541 	 0.691085 	 -0.06479
11.55 	 -0.692641 	 0.69021 	 -0.0645115
11.565 	 -0.691742 	 0.689337 	 -0.0642342
11.58 	 -0.690846 	 0.688465 	 -0.0639578
11.595 	 -0.689953 	 0.687596 	 -0.0636824
11.61 	 -0.689061 	 0.686728 	 -0.063408
11.625 	 -0.688172 	 0.685863 	 -0.0631347
11.64 	 -0.687285 	 0.684999 	 -0.0628623
11.655 	 -0.686401 	 0.684138 	 -0.062591
11.67 	 -0.685518 	 0.683278 	 -0.0623206
11.685 	 -0.684638 	 0.682421 	 -0.0620513
11.7 	 -0.683761 	 0.681565 	 -0.0617829
11.715 	 -0.682885 	 0.680711 	 -0.0615156
11.73 	 -0.682012 	 0.67986 	 -0.0612492
11.745 	 -0.681141 	 0.67901 	 -0.0609839
11.76 	 -0.680272 	 0.678162 	 -0.0607195
11.775 	 -0.679406 	 0.677316 	 -0.0604561
11.79 	 -0.678541 	 0.676472 	 -0.0601937
11.805 	 -0.677679 	 0.67563 	 -0.0599323
11.82 	 -0.676819 	 0.67479 	 -0.0596719
11.835 	 -0.675961 	 0.673951 	 -0.0594124
11.85 	 -0.675105 	 0.673115 	 -0.059154
11.865 	 -0.674252 	 0.67228 	 -0.0588965
11.88 	 -0.673401 	 0.671448 	 -0.05864
11.895 	 -0.672551 	 0.670617 	 -0.0583844
11.91 	 -0.671704 	 0.669788 	 -0.0581299
11.925 	 -0.67086 	 0.668961 	 -0.0578763
11.94 	 -0.670017 	 0.668136 	 -0.0576236
11.955 	 -0.669176 	 0.667313 	 -0.057372
11.97 	 -0.668338 	 0.666492 	 -0.0571213
11.985 	 -0.667501 	 0.665673 	 -0.0568715
12 	 -0.666667 	 0.664855 	 -0.0566227
12.015 	 -0.665834 	 0.664039 	 -0.0563749
12.03 	 -0.665004 	 0.663225 	 -0.056128
12.045 	 -0.664176 	 0.662413 	 -0.0558821
12.06 	 -0.66335 	 0.661603 	 -0.0556371
12.075 	 -0.662526 	 0.660795 	 -0.0553931
12.09 	 -0.661704 	 0.659989 	 -0.05515
12.105 	 -0.660884 	 0.659184 	 -0.0549079
12.12 	 -0.660066 	 0.658381 	 -0.0546667
12.135 	 -0.65925 	 0.65758 	 -0.0544264
12.15 	 -0.658436 	 0.656781 	 -0.0541871
12.165 	 -0.657624 	 0.655984 	 -0.0539487
12.18 	 -0.656814 	 0.655188 	 -0.0537112
12.195 	 -0.656007 	 0.654394 	 -0.0534747
12.21 	 -0.655201 	 0.653602 	 -0.0532391
12.225 	 -0.654397 	 0.652812 	 -0.0530044
12.24 	 -0.653595 	 0.652024 	 -0.0527706
12.255 	 -0.652795 	 0.651237 	 -0.0525377
12.27 	 -0.651997 	 0.650452 	 -0.0523058
12.285 	 -0.651201 	 0.649669 	 -0.0520748
12.3 	 -0.650407 	 0.648888 	 -0.0518447
12.315 	 -0.649614 	 0.648109 	 -0.0516155
12.33 	 -0.648824 	 0.647331 	 -0.0513872
12.345 	 -0.648036 	 0.646555 	 -0.0511598
12.36 	 -0.647249 	 0.645781 	 -0.0509333
12.375 	 -0.646465 	 0.645008 	 -0.0507077
12.39 	 -0.645682 	 0.644237 	 -0.050483
12.405 	 -0.644901 	 0.643468 	 -0.0502592
12.42 	 -0.644122 	 0.642701 	 -0.0500363
12.435 	 -0.643345 	 0.641936 	 -0.0498142
12.45 	 -0.64257 	 0.641172 	 -0.0495931
12.465 	 -0.641797 	 0.64041 	 -0.0493728
12.48 	 -0.641026 	 0.639649 	 -0.0491535
12.495 	 -0.640256 	 0.638891 	 -0.0489349
12.51 	 -0.639488 	 0.638134 	 -0.0487173
12.525 	 -0.638723 	 0.637378 	 -0.0485006
12.54 	 -0.637959 	 0.636625 	 -0.0482847
12.555 	 -0.637196 	 0.635873 	 -0.0480697
12.57 	 -0.636436 	 0.635123 	 -0.0478555
12.585 	 -0.635677 	 0.634374 	 -0.0476422
12.6 	 -0.634921 	 0.633628 	 -0.0474298
12.615 	 -0.634166 	 0.632882 	 -0.0472182
12.63 	 -0.633413 	 0.632139 	 -0.0470075
12.645 	 -0.632661 	 0.631397 	 -0.0467976
12.66 	 -0.631912 	 0.630657 	 -0.0465886
12.675 	 -0.631164 	 0.629918 	 -0.0463804
12.69 	 -0.630418 	 0.629182 	 -0.0461731
12.705 	 -0.629673 	 0.628446 	 -0.0459666
12.72 	 -0.628931 	 0.627713 	 -0.0457609
12.735 	 -0.62819 	 0.626981 	 -0.0455561
12.75 	 -0.627451 	 0.62625 	 -0.0453521
12.765 	 -0.626714 	 0.625522 	 -0.045149
12.78 	 -0.625978 	 0.624795 	 -0.0449466
12.795 	 -0.625244 	 0.624069 	 -0.0447451
12.81 	 -0.624512 	 0.623345 	 -0.0445445
12.825 	 -0.623782 	 0.622623 	 -0.0443446
12.84 	 -0.623053 	 0.621903 	 -0.0441456
12.855 	 -0.622326 	 0.621183 	 -0.0441456
12.87 	 -0.621601 	 0.620466 	 -0.0437499
12.885 	 -0.620877 	 0.61975 	 -0.0435533
12.9 	 -0.620155 	 0.619036 	 -0.0433575
12.915 	 -0.619435 	 0.618323 	 -0.0431625
12.93 	 -0.618716 	 0.617612 	 -0.0429683
12.945 	 -0.617999 	 0.616903 	 -0.0427749
12.96 	 -0.617284 	 0.616195 	 -0.0425823
12.975 	 -0.61657 	 0.615489 	 -0.0423905
12.99 	 -0.615858 	 0.614784 	 -0.0421995
13.005 	 -0.615148 	 0.61408 	 -0.0420093
13.02 	 -0.614439 	 0.613379 	 -0.0418198
13.035 	 -0.613732 	 0.612679 	 -0.0416312
13.05 	 -0.613027 	 0.61198 	 -0.0414433
13.065 	 -0.612323 	 0.611283 	 -0.0412562
13.08 	 -0.611621 	 0.610587 	 -0.0410699
13.095 	 -0.61092 	 0.609893 	 -0.0408843
13.11 	 -0.610221 	 0.609201 	 -0.0406995
13.125 	 -0.609524 	 0.60851 	 -0.0405155
13.14 	 -0.608828 	 0.60782 	 -0.0403322
13.155 	 -0.608134 	 0.607132 	 -0.0401497
13.17 	 -0.607441 	 0.606446 	 -0.039968
13.185 	 -0.60675 	 0.605761 	 -0.039787
13.2 	 -0.606061 	 0.605078 	 -0.0396068
13.215 	 -0.605373 	 0.604396 	 -0.0394273
13.23 	 -0.604686 	 0.603715 	 -0.0394273
13.245 	 -0.604002 	 0.603036 	 -0.0390706
13.26 	 -0.603318 	 0.602359 	 -0.0388934
13.275 	 -0.602637 	 0.601683 	 -0.0387169
13.29 	 -0.601956 	 0.601008 	 -0.0385412
13.305 	 -0.601278 	 0.600335 	 -0.0383662
13.32 	 -0.600601 	 0.599663 	 -0.0381919
13.335 	 -0.599925 	 0.598993 	 -0.0380183
13.35 	 -0.599251 	 0.598325 	 -0.0378455
13.365 	 -0.598578 	 0.597657 	 -0.0376734
13.38 	 -0.597907 	 0.596991 	 -0.037502
13.395 	 -0.597238 	 0.596327 	 -0.0373314
13.41 	 -0.59657 	 0.595664 	 -0.0371614
13.425 	 -0.595903 	 0.595003 	 -0.0369922
13.44 	 -0.595238 	 0.594343 	 -0.0368237
13.455 	 -0.594575 	 0.593684 	 -0.0366559
13.47 	 -0.593912 	 0.593027 	 -0.0364888
13.485 	 -0.593252 	 0.592371 	 -0.0363224
13.5 	 -0.592593 	 0.591717 	 -0.0361567
13.515 	 -0.591935 	 0.591064 	 -0.0359917
13.53 	 -0.591279 	 0.590412 	 -0.0358275
13.545 	 -0.590624 	 0.589762 	 -0.0356639
13.56 	 -0.589971 	 0.589113 	 -0.035501
13.575 	 -0.589319 	 0.588466 	 -0.0353388
13.59 	 -0.588668 	 0.58782 	 -0.0351772
13.605 	 -0.588019 	 0.587175 	 -0.0350164
13.62 	 -0.587372 	 0.586532 	 -0.0348563
13.635 	 -0.586725 	 0.58589 	 -0.0346968
13.65 	 -0.586081 	 0.585249 	 -0.034538
13.665 	 -0.585437 	 0.58461 	 -0.0343799
13.68 	 -0.584795 	 0.583973 	 -0.0342224
13.695 	 -0.584155 	 0.583336 	 -0.0340657
13.71 	 -0.583516 	 0.582701 	 -0.0339095
13.725 	 -0.582878 	 0.582068 	 -0.0337541
13.74 	 -0.582242 	 0.581435 	 -0.0335993
13.755 	 -0.581607 	 0.580804 	 -0.0334452
13.77 	 -0.580973 	 0.580175 	 -0.0332917
13.785 	 -0.580341 	 0.579546 	 -0.0331389
13.8 	 -0.57971 	 0.578919 	 -0.0329868
13.815 	 -0.579081 	 0.578294 	 -0.0328353
13.83 	 -0.578453 	 0.577669 	 -0.0326844
13.845 	 -0.577826 	 0.577046 	 -0.0325342
13.86 	 -0.577201 	 0.576425 	 -0.0323847
13.875 	 -0.576577 	 0.575804 	 -0.0322357
13.89 	 -0.575954 	 0.575185 	 -0.0320875
13.905 	 -0.575333 	 0.574567 	 -0.0319398
13.92 	 -0.574713 	 0.573951 	 -0.0317928
13.935 	 -0.574094 	 0.573336 	 -0.0316464
13.95 	 -0.573477 	 0.572722 	 -0.0315007
13.965 	 -0.572861 	 0.572109 	 -0.0313556
13.98 	 -0.572246 	 0.571498 	 -0.0312111
13.995 	 -0.571633 	 0.570888 	 -0.0310672
14.01 	 -0.571021 	 0.570279 	 -0.0309239
14.025 	 -0.57041 	 0.569672 	 -0.0307813
14.04 	 -0.569801 	 0.569066 	 -0.0306393
14.055 	 -0.569192 	 0.568461 	 -0.0304978
14.07 	 -0.568586 	 0.567857 	 -0.030357
14.085 	 -0.56798 	 0.567255 	 -0.0302169
14.1 	 -0.567376 	 0.566654 	 -0.0300773
14.115 	 -0.566773 	 0.566054 	 -0.0299383
14.13 	 -0.566171 	 0.565455 	 -0.0297999
14.145 	 -0.565571 	 0.564858 	 -0.0296621
14.16 	 -0.564972 	 0.564262 	 -0.0295249
14.175 	 -0.564374 	 0.563667 	 -0.0293884
14.19 	 -0.563777 	 0.563073 	 -0.0292524
14.205 	 -0.563182 	 0.562481 	 -0.0291169
14.22 	 -0.562588 	 0.561889 	 -0.0289821
14.235 	 -0.561995 	 0.561299 	 -0.0288479
14.25 	 -0.561404 	 0.560711 	 -0.0287142
14.265 	 -0.560813 	 0.560123 	 -0.0285812
14.28 	 -0.560224 	 0.559537 	 -0.0284487
14.295 	 -0.559636 	 0.558952 	 -0.0283168
14.31 	 -0.55905 	 0.558368 	 -0.0281854
14.325 	 -0.558464 	 0.557785 	 -0.0280547
14.34 	 -0.55788 	 0.557204 	 -0.0279245
14.355 	 -0.557297 	 0.556623 	 -0.0277948
14.37 	 -0.556715 	 0.556044 	 -0.0276658
14.385 	 -0.556135 	 0.555466 	 -0.0275373
14.4 	 -0.555556 	 0.554889 	 -0.0275373
14.415 	 -0.554977 	 0.554314 	 -0.027282
14.43 	 -0.554401 	 0.55374 	 -0.0271551
14.445 	 -0.553825 	 0.553166 	 -0.0270289
14.46 	 -0.55325 	 0.552594 	 -0.0269032
14.475 	 -0.552677 	 0.552023 	 -0.026778
14.49 	 -0.552105 	 0.551454 	 -0.0266534
14.505 	 -0.551534 	 0.550885 	 -0.0265293
14.52 	 -0.550964 	 0.550318 	 -0.0264058
14.535 	 -0.550396 	 0.549751 	 -0.0262828
14.55 	 -0.549828 	 0.549186 	 -0.0261603
14.565 	 -0.549262 	 0.548622 	 -0.0260384
14.58 	 -0.548697 	 0.54806 	 -0.0259171
14.595 	 -0.548133 	 0.547498 	 -0.0257962
14.61 	 -0.54757 	 0.546937 	 -0.0256759
14.625 	 -0.547009 	 0.546378 	 -0.0255561
14.64 	 -0.546448 	 0.54582 	 -0.0254369
14.655 	 -0.545889 	 0.545263 	 -0.0253182
14.67 	 -0.545331 	 0.544707 	 -0.0252
14.685 	 -0.544774 	 0.544152 	 -0.0250823
14.7 	 -0.544218 	 0.543598 	 -0.0249651
14.715 	 -0.543663 	 0.543045 	 -0.0248485
14.73 	 -0.543109 	 0.542494 	 -0.0247324
14.745 	 -0.542557 	 0.541943 	 -0.0246167
14.76 	 -0.542005 	 0.541394 	 -0.0245016
14.775 	 -0.541455 	 0.540846 	 -0.0245016
14.79 	 -0.540906 	 0.540299 	 -0.0242729
14.805 	 -0.540358 	 0.539753 	 -0.0241594
14.82 	 -0.539811 	 0.539208 	 -0.0240463
14.835 	 -0.539265 	 0.538664 	 -0.0239337
14.85 	 -0.538721 	 0.538121 	 -0.0238216
14.865 	 -0.538177 	 0.53758 	 -0.02371
14.88 	 -0.537634 	 0.537039 	 -0.0235989
14.895 	 -0.537093 	 0.5365 	 -0.0234883
14.91 	 -0.536553 	 0.535961 	 -0.0233782
14.925 	 -0.536013 	 0.535424 	 -0.0232686
14.94 	 -0.535475 	 0.534887 	 -0.0231595
14.955 	 -0.534938 	 0.534352 	 -0.0230508
14.97 	 -0.534402 	 0.533818 	 -0.0229427
14.985 	 -0.533867 	 0.533285 	 -0.022835
15 	 -0.533333 	 0.532753 	 -0.0227278
15.015 	 -0.532801 	 0.532222 	 -0.022621
15.03 	 -0.532269 	 0.531692 	 -0.0225148
15.045 	 -0.531738 	 0.531163 	 -0.022409
15.06 	 -0.531208 	 0.530635 	 -0.0223037
15.075 	 -0.53068 	 0.530108 	 -0.0221989
15.09 	 -0.530152 	 0.529582 	 -0.0220945
15.105 	 -0.529626 	 0.529058 	 -0.0219906
15.12 	 -0.529101 	 0.528534 	 -0.0218872
15.135 	 -0.528576 	 0.528011 	 -0.0217842
15.15 	 -0.528053 	 0.52749 	 -0.0217842
15.165 	 -0.52753 	 0.526969 	 -0.0215796
15.18 	 -0.527009 	 0.526449 	 -0.021478
15.195 	 -0.526489 	 0.525931 	 -0.0213769
15.21 	 -0.52597 	 0.525413 	 -0.0212762
15.225 	 -0.525452 	 0.524897 	 -0.0211759
15.24 	 -0.524934 	 0.524381 	 -0.0210761
15.255 	 -0.524418 	 0.523866 	 -0.0209768
15.27 	 -0.523903 	 0.523353 	 -0.0208779
15.285 	 -0.523389 	 0.52284 	 -0.0207794
15.3 	 -0.522876 	 0.522329 	 -0.0206814
15.315 	 -0.522364 	 0.521818 	 -0.0205838
15.33 	 -0.521853 	 0.521309 	 -0.0204867
15.345 	 -0.521342 	 0.5208 	 -0.02039
15.36 	 -0.520833 	 0.520292 	 -0.0202937
15.375 	 -0.520325 	 0.519786 	 -0.0201979
15.39 	 -0.519818 	 0.51928 	 -0.0201025
15.405 	 -0.519312 	 0.518775 	 -0.0200075
15.42 	 -0.518807 	 0.518272 	 -0.019913
15.435 	 -0.518303 	 0.517769 	 -0.0198188
15.45 	 -0.517799 	 0.517267 	 -0.0197251
15.465 	 -0.517297 	 0.516766 	 -0.0196319
15.48 	 -0.516796 	 0.516267 	 -0.019539
15.495 	 -0.516296 	 0.515768 	 -0.0194466
15.51 	 -0.515796 	 0.51527 	 -0.0193546
15.525 	 -0.515298 	 0.514773 	 -0.019263
15.54 	 -0.514801 	 0.514277 	 -0.0191718
15.555 	 -0.514304 	 0.513782 	 -0.019081
15.57 	 -0.513809 	 0.513288 	 -0.0189906
15.585 	 -0.513314 	 0.512794 	 -0.0189007
15.6 	 -0.512821 	 0.512302 	 -0.0188111
15.615 	 -0.512328 	 0.511811 	 -0.018722
15.63 	 -0.511836 	 0.511321 	 -0.0186332
15.645 	 -0.511345 	 0.510831 	 -0.0185449
15.66 	 -0.510856 	 0.510343 	 -0.018457
15.675 	 -0.510367 	 0.509855 	 -0.0183694
15.69 	 -0.509879 	 0.509369 	 -0.0182823
15.705 	 -0.509392 	 0.508883 	 -0.0181955
15.72 	 -0.508906 	 0.508398 	 -0.0181092
15.735 	 -0.508421 	 0.507914 	 -0.0180232
15.75 	 -0.507937 	 0.507431 	 -0.0179376
15.765 	 -0.507453 	 0.506949 	 -0.0178525
15.78 	 -0.506971 	 0.506468 	 -0.0177677
15.795 	 -0.506489 	 0.505988 	 -0.0176833
15.81 	 -0.506009 	 0.505509 	 -0.0175992
15.825 	 -0.505529 	 0.50503 	 -0.0175156
15.84 	 -0.505051 	 0.504553 	 -0.0174323
15.855 	 -0.504573 	 0.504076 	 -0.0173494
15.87 	 -0.504096 	 0.5036 	 -0.0172669
15.885 	 -0.50362 	 0.503126 	 -0.0171848
15.9 	 -0.503145 	 0.502652 	 -0.017103
15.915 	 -0.50267 	 0.502179 	 -0.0170217
15.93 	 -0.502197 	 0.501707 	 -0.0169406
15.945 	 -0.501725 	 0.501235 	 -0.01686
15.96 	 -0.501253 	 0.500765 	 -0.0167797
15.975 	 -0.500782 	 0.500295 	 -0.0166998
15.99 	 -0.500313 	 0.499827 	 -0.0166203
16.005 	 -0.499844 	 0.499359 	 -0.0165411
16.02 	 -0.499376 	 0.498892 	 -0.0164623
16.035 	 -0.498909 	 0.498426 	 -0.0163838
16.05 	 -0.498442 	 0.497961 	 -0.0163057
16.065 	 -0.497977 	 0.497497 	 -0.016228
16.08 	 -0.497512 	 0.497033 	 -0.0161506
16.095 	 -0.497049 	 0.496571 	 -0.0160735
16.11 	 -0.496586 	 0.496109 	 -0.0159969
16.125 	 -0.496124 	 0.495648 	 -0.0159205
16.14 	 -0.495663 	 0.495188 	 -0.0158446
16.155 	 -0.495203 	 0.494729 	 -0.0157689
16.17 	 -0.494743 	 0.494271 	 -0.0156936
16.185 	 -0.494285 	 0.493813 	 -0.0156187
16.2 	 -0.493827 	 0.493357 	 -0.0155441
16.215 	 -0.49337 	 0.492901 	 -0.0154699
16.23 	 -0.492914 	 0.492446 	 -0.0153959
16.245 	 -0.492459 	 0.491992 	 -0.0153224
16.26 	 -0.492005 	 0.491539 	 -0.0152491
16.275 	 -0.491551 	 0.491086 	 -0.0151763
16.29 	 -0.491099 	 0.490635 	 -0.0151037
16.305 	 -0.490647 	 0.490184 	 -0.0150315
16.32 	 -0.490196 	 0.489734 	 -0.0149596
16.335 	 -0.489746 	 0.489285 	 -0.014888
16.35 	 -0.489297 	 0.488837 	 -0.0148168
16.365 	 -0.488848 	 0.488389 	 -0.0147459
16.38 	 -0.4884 	 0.487942 	 -0.0146753
16.395 	 -0.487954 	 0.487497 	 -0.014605
16.41 	 -0.487508 	 0.487052 	 -0.0145351
16.425 	 -0.487062 	 0.486607 	 -0.0144655
16.44 	 -0.486618 	 0.486164 	 -0.0143962
16.455 	 -0.486174 	 0.485721 	 -0.0143272
16.47 	 -0.485732 	 0.485279 	 -0.0142586
16.485 	 -0.48529 	 0.484838 	 -0.0141903
16.5 	 -0.484848 	 0.484398 	 -0.0141222
16.515 	 -0.484408 	 0.483959 	 -0.0140545
16.53 	 -0.483969 	 0.48352 	 -0.0139872
16.545 	 -0.48353 	 0.483082 	 -0.0139201
16.56 	 -0.483092 	 0.482645 	 -0.0138533
16.575 	 -0.482655 	 0.482209 	 -0.0137869
16.59 	 -0.482218 	 0.481774 	 -0.0137207
16.605 	 -0.481783 	 0.481339 	 -0.0136549
16.62 	 -0.481348 	 0.480905 	 -0.0135893
16.635 	 -0.480914 	 0.480472 	 -0.0135241
16.65 	 -0.48048 	 0.48004 	 -0.0134592
16.665 	 -0.480048 	 0.479608 	 -0.0133945
16.68 	 -0.479616 	 0.479177 	 -0.0133302
16.695 	 -0.479185 	 0.478747 	 -0.0132662
16.71 	 -0.478755 	 0.478318 	 -0.0132024
16.725 	 -0.478326 	 0.47789 	 -0.013139
16.74 	 -0.477897 	 0.477462 	 -0.0130758
16.755 	 -0.477469 	 0.477035 	 -0.013013
16.77 	 -0.477042 	 0.476609 	 -0.0129504
16.785 	 -0.476616 	 0.476183 	 -0.0128882
16.8 	 -0.47619 	 0.475759 	 -0.0128262
16.815 	 -0.475766 	 0.475335 	 -0.0127645
16.83 	 -0.475342 	 0.474912 	 -0.0127031
16.845 	 -0.474918 	 0.474489 	 -0.012642
16.86 	 -0.474496 	 0.474067 	 -0.0125811
16.875 	 -0.474074 	 0.473647 	 -0.0125206
16.89 	 -0.473653 	 0.473226 	 -0.0124603
16.905 	 -0.473233 	 0.472807 	 -0.0124003
16.92 	 -0.472813 	 0.472388 	 -0.0123406
16.935 	 -0.472394 	 0.47197 	 -0.0122812
16.95 	 -0.471976 	 0.471553 	 -0.012222
16.965 	 -0.471559 	 0.471137 	 -0.0121631
16.98 	 -0.471143 	 0.470721 	 -0.0121045
16.995 	 -0.470727 	 0.470306 	 -0.0120462
17.01 	 -0.470312 	 0.469892 	 -0.0119882
17.025 	 -0.469897 	 0.469478 	 -0.0119304
17.04 	 -0.469484 	 0.469065 	 -0.0118729
17.055 	 -0.469071 	 0.468653 	 -0.0118156
17.07 	 -0.468658 	 0.468242 	 -0.0117586
17.085 	 -0.468247 	 0.467831 	 -0.0117019
17.1 	 -0.467836 	 0.467421 	 -0.0116455
17.115 	 -0.467426 	 0.467012 	 -0.0115893
17.13 	 -0.467017 	 0.466603 	 -0.0115334
17.145 	 -0.466608 	 0.466196 	 -0.0114777
17.16 	 -0.4662 	 0.465789 	 -0.0114223
17.175 	 -0.465793 	 0.465382 	 -0.0113672
17.19 	 -0.465387 	 0.464977 	 -0.0113123
17.205 	 -0.464981 	 0.464572 	 -0.0112576
17.22 	 -0.464576 	 0.464167 	 -0.0112033
17.235 	 -0.464172 	 0.463764 	 -0.0111492
17.25 	 -0.463768 	 0.463361 	 -0.0110953
17.265 	 -0.463365 	 0.462959 	 -0.0110417
17.28 	 -0.462963 	 0.462557 	 -0.0109883
17.295 	 -0.462561 	 0.462157 	 -0.0109352
17.31 	 -0.462161 	 0.461756 	 -0.0108824
17.325 	 -0.46176 	 0.461357 	 -0.0108298
17.34 	 -0.461361 	 0.460958 	 -0.0107774
17.355 	 -0.460962 	 0.46056 	 -0.0107253
17.37 	 -0.460564 	 0.460163 	 -0.0106734
17.385 	 -0.460167 	 0.459766 	 -0.0106218
17.4 	 -0.45977 	 0.459371 	 -0.0105704
17.415 	 -0.459374 	 0.458975 	 -0.0105193
17.43 	 -0.458979 	 0.458581 	 -0.0104683
17.445 	 -0.458584 	 0.458187 	 -0.0104177
17.46 	 -0.45819 	 0.457794 	 -0.0103673
17.475 	 -0.457797 	 0.457401 	 -0.0103171
17.49 	 -0.457404 	 0.457009 	 -0.0102671
17.505 	 -0.457012 	 0.456618 	 -0.0102174
17.52 	 -0.456621 	 0.456227 	 -0.0101679
17.535 	 -0.45623 	 0.455837 	 -0.0101187
17.55 	 -0.45584 	 0.455448 	 -0.0100697
17.565 	 -0.455451 	 0.45506 	 -0.0100209
17.58 	 -0.455063 	 0.454672 	 -0.00997231
17.595 	 -0.454675 	 0.454284 	 -0.00992399
17.61 	 -0.454287 	 0.453898 	 -0.00987589
17.625 	 -0.453901 	 0.453512 	 -0.00982801
17.64 	 -0.453515 	 0.453127 	 -0.00978037
17.655 	 -0.453129 	 0.452742 	 -0.00978037
17.67 	 -0.452745 	 0.452358 	 -0.00968575
17.685 	 -0.452361 	 0.451975 	 -0.00963877
17.7 	 -0.451977 	 0.451592 	 -0.00959202
17.715 	 -0.451595 	 0.45121 	 -0.00954549
17.73 	 -0.451213 	 0.450829 	 -0.00949918
17.745 	 -0.450831 	 0.450448 	 -0.00945309
17.76 	 -0.45045 	 0.450068 	 -0.00940721
17.775 	 -0.45007 	 0.449689 	 -0.00936155
17.79 	 -0.449691 	 0.44931 	 -0.00931611
17.805 	 -0.449312 	 0.448932 	 -0.00927088
17.82 	 -0.448934 	 0.448554 	 -0.00922587
17.835 	 -0.448556 	 0.448177 	 -0.00918107
17.85 	 -0.448179 	 0.447801 	 -0.00913648
17.865 	 -0.447803 	 0.447425 	 -0.00909211
17.88 	 -0.447427 	 0.44705 	 -0.00904794
17.895 	 -0.447052 	 0.446676 	 -0.00900398
17.91 	 -0.446678 	 0.446302 	 -0.00896023
17.925 	 -0.446304 	 0.445929 	 -0.00891669
17.94 	 -0.445931 	 0.445556 	 -0.00887336
17.955 	 -0.445558 	 0.445185 	 -0.00883023
17.97 	 -0.445186 	 0.444813 	 -0.0087873
17.985 	 -0.444815 	 0.444443 	 -0.00874458
18 	 -0.444444 	 0.444073 	 -0.00870206
18.015 	 -0.444074 	 0.443703 	 -0.00865975
18.03 	 -0.443705 	 0.443334 	 -0.00865975
18.045 	 -0.443336 	 0.442966 	 -0.00857571
18.06 	 -0.442968 	 0.442599 	 -0.008534
18.075 	 -0.4426 	 0.442232 	 -0.00849248
18.09 	 -0.442233 	 0.441865 	 -0.00845116
18.105 	 -0.441867 	 0.4415 	 -0.00841003
18.12 	 -0.441501 	 0.441134 	 -0.0083691
18.135 	 -0.441136 	 0.44077 	 -0.00832837
18.15 	 -0.440771 	 0.440406 	 -0.00828783
18.165 	 -0.440407 	 0.440043 	 -0.00824748
18.18 	 -0.440044 	 0.43968 	 -0.00820732
18.195 	 -0.439681 	 0.439318 	 -0.00816736
18.21 	 -0.439319 	 0.438956 	 -0.00812758
18.225 	 -0.438957 	 0.438595 	 -0.008088
18.24 	 -0.438596 	 0.438235 	 -0.0080486
18.255 	 -0.438236 	 0.437875 	 -0.00800939
18.27 	 -0.437876 	 0.437516 	 -0.00797037
18.285 	 -0.437517 	 0.437157 	 -0.00793153
18.3 	 -0.437158 	 0.436799 	 -0.00789288
18.315 	 -0.4368 	 0.436442 	 -0.00785441
18.33 	 -0.436443 	 0.436085 	 -0.00781613
18.345 	 -0.436086 	 0.435729 	 -0.00777803
18.36 	 -0.43573 	 0.435373 	 -0.00774011
18.375 	 -0.435374 	 0.435018 	 -0.00770237
18.39 	 -0.435019 	 0.434663 	 -0.00766481
18.405 	 -0.434664 	 0.434309 	 -0.00766481
18.42 	 -0.434311 	 0.433956 	 -0.00759023
18.435 	 -0.433957 	 0.433603 	 -0.00755321
18.45 	 -0.433604 	 0.433251 	 -0.00751636
18.465 	 -0.433252 	 0.432899 	 -0.00747969
18.48 	 -0.4329 	 0.432548 	 -0.0074432
18.495 	 -0.432549 	 0.432198 	 -0.00740687
18.51 	 -0.432199 	 0.431848 	 -0.00737073
18.525 	 -0.431849 	 0.431499 	 -0.00733475
18.54 	 -0.431499 	 0.43115 	 -0.00729895
18.555 	 -0.431151 	 0.430802 	 -0.00726332
18.57 	 -0.430802 	 0.430454 	 -0.00722786
18.585 	 -0.430455 	 0.430107 	 -0.00719257
18.6 	 -0.430108 	 0.42976 	 -0.00715744
18.615 	 -0.429761 	 0.429414 	 -0.00712249
18.63 	 -0.429415 	 0.429069 	 -0.0070877
18.645 	 -0.429069 	 0.428724 	 -0.00705308
18.66 	 -0.428725 	 0.428379 	 -0.00701863
18.675 	 -0.42838 	 0.428036 	 -0.00698434
18.69 	 -0.428036 	 0.427692 	 -0.00695021
18.705 	 -0.427693 	 0.42735 	 -0.00691625
18.72 	 -0.42735 	 0.427008 	 -0.00688245
18.735 	 -0.427008 	 0.426666 	 -0.00684881
18.75 	 -0.426667 	 0.426325 	 -0.00681534
18.765 	 -0.426326 	 0.425984 	 -0.00678202
18.78 	 -0.425985 	 0.425644 	 -0.00678202
18.795 	 -0.425645 	 0.425305 	 -0.00671587
18.81 	 -0.425306 	 0.424966 	 -0.00668303
18.825 	 -0.424967 	 0.424628 	 -0.00665035
18.84 	 -0.424628 	 0.42429 	 -0.00661783
18.855 	 -0.424291 	 0.423953 	 -0.00658546
18.87 	 -0.423953 	 0.423616 	 -0.00655324
18.885 	 -0.423617 	 0.42328 	 -0.00652119
18.9 	 -0.42328 	 0.422944 	 -0.00648928
18.915 	 -0.422945 	 0.422609 	 -0.00645753
18.93 	 -0.42261 	 0.422274 	 -0.00642593
18.945 	 -0.422275 	 0.42194 	 -0.00639449
18.96 	 -0.421941 	 0.421607 	 -0.00636319
18.975 	 -0.421607 	 0.421274 	 -0.00633205
18.99 	 -0.421274 	 0.420941 	 -0.00630105
19.005 	 -0.420942 	 0.420609 	 -0.00627021
19.02 	 -0.42061 	 0.420278 	 -0.00623951
19.035 	 -0.420278 	 0.419947 	 -0.00620896
19.05 	 -0.419948 	 0.419617 	 -0.00617855
19.065 	 -0.419617 	 0.419287 	 -0.0061483
19.08 	 -0.419287 	 0.418957 	 -0.00611819
19.095 	 -0.418958 	 0.418629 	 -0.00608822
19.11 	 -0.418629 	 0.4183 	 -0.0060584
19.125 	 -0.418301 	 0.417972 	 -0.00602872
19.14 	 -0.417973 	 0.417645 	 -0.00599918
19.155 	 -0.417646 	 0.417318 	 -0.00599918
19.17 	 -0.417319 	 0.416992 	 -0.00594054
19.185 	 -0.416992 	 0.416666 	 -0.00591143
19.2 	 -0.416667 	 0.416341 	 -0.00588245
19.215 	 -0.416341 	 0.416016 	 -0.00585362
19.23 	 -0.416017 	 0.415692 	 -0.00582493
19.245 	 -0.415692 	 0.415368 	 -0.00579638
19.26 	 -0.415369 	 0.415045 	 -0.00576796
19.275 	 -0.415045 	 0.414722 	 -0.00573968
19.29 	 -0.414723 	 0.4144 	 -0.00571154
19.305 	 -0.4144 	 0.414078 	 -0.00568353
19.32 	 -0.414079 	 0.413757 	 -0.00565566
19.335 	 -0.413757 	 0.413436 	 -0.00562792
19.35 	 -0.413437 	 0.413116 	 -0.00560032
19.365 	 -0.413116 	 0.412796 	 -0.00557285
19.38 	 -0.412797 	 0.412477 	 -0.00554551
19.395 	 -0.412477 	 0.412158 	 -0.0055183
19.41 	 -0.412159 	 0.41184 	 -0.00549123
19.425 	 -0.41184 	 0.411522 	 -0.00546428
19.44 	 -0.411523 	 0.411205 	 -0.00543747
19.455 	 -0.411205 	 0.410888 	 -0.00541079
19.47 	 -0.410889 	 0.410572 	 -0.00538423
19.485 	 -0.410572 	 0.410256 	 -0.0053578
19.5 	 -0.410256 	 0.409941 	 -0.00533151
19.515 	 -0.409941 	 0.409626 	 -0.00530533
19.53 	 -0.409626 	 0.409312 	 -0.00527929
19.545 	 -0.409312 	 0.408998 	 -0.00525337
19.56 	 -0.408998 	 0.408684 	 -0.00522757
19.575 	 -0.408685 	 0.408371 	 -0.0052019
19.59 	 -0.408372 	 0.408059 	 -0.00517636
19.605 	 -0.408059 	 0.407747 	 -0.00515094
19.62 	 -0.407747 	 0.407435 	 -0.00512564
19.635 	 -0.407436 	 0.407124 	 -0.00510046
19.65 	 -0.407125 	 0.406814 	 -0.00507541
19.665 	 -0.406814 	 0.406504 	 -0.00505047
19.68 	 -0.406504 	 0.406194 	 -0.00502566
19.695 	 -0.406194 	 0.405885 	 -0.00500097
19.71 	 -0.405885 	 0.405576 	 -0.0049764
19.725 	 -0.405577 	 0.405268 	 -0.00495194
19.74 	 -0.405268 	 0.404961 	 -0.00492761
19.755 	 -0.404961 	 0.404653 	 -0.00490339
19.77 	 -0.404654 	 0.404347 	 -0.00487929
19.785 	 -0.404347 	 0.40404 	 -0.00485531
19.8 	 -0.40404 	 0.403734 	 -0.00483144
19.815 	 -0.403735 	 0.403429 	 -0.00480769
19.83 	 -0.403429 	 0.403124 	 -0.00478405
19.845 	 -0.403124 	 0.40282 	 -0.00476053
19.86 	 -0.40282 	 0.402516 	 -0.00473712
19.875 	 -0.402516 	 0.402212 	 -0.00471383
19.89 	 -0.402212 	 0.401909 	 -0.00469065
19.905 	 -0.401909 	 0.401606 	 -0.00466758
19.92 	 -0.401606 	 0.401304 	 -0.00464462
19.935 	 -0.401304 	 0.401002 	 -0.00462178
19.95 	 -0.401003 	 0.400701 	 -0.00459904
19.965 	 -0.400701 	 0.4004 	 -0.00457642
19.98 	 -0.4004 	 0.4001 	 -0.0045539
