0 	 -1.5 	 2.41142 	 -0.288865
0.0025 	 -1.5 	 2.41142 	 -0.288864
0.005 	 -1.5 	 2.41141 	 -0.288864
0.0075 	 -1.5 	 2.41141 	 -0.288864
0.01 	 -1.5 	 2.41141 	 -0.288864
0.0125 	 -1.5 	 2.41141 	 -0.288864
0.015 	 -1.5 	 2.4114 	 -0.288864
0.0175 	 -1.5 	 2.4114 	 -0.288864
0.02 	 -1.5 	 2.41139 	 -0.288864
0.0225 	 -1.5 	 2.41139 	 -0.288864
0.025 	 -1.5 	 2.41138 	 -0.288864
0.0275 	 -1.49999 	 2.41138 	 -0.288864
0.03 	 -1.49999 	 2.41137 	 -0.288864
0.0325 	 -1.49999 	 2.41136 	 -0.288864
0.035 	 -1.49999 	 2.41136 	 -0.288864
0.0375 	 -1.49999 	 2.41135 	 -0.288863
0.04 	 -1.49999 	 2.41134 	 -0.288863
0.0425 	 -1.49999 	 2.41133 	 -0.288863
0.045 	 -1.49998 	 2.41132 	 -0.288863
0.0475 	 -1.49998 	 2.41131 	 -0.288863
0.05 	 -1.49998 	 2.41131 	 -0.288863
0.0525 	 -1.49998 	 2.4113 	 -0.288863
0.055 	 -1.49998 	 2.41129 	 -0.288863
0.0575 	 -1.49997 	 2.41127 	 -0.288863
0.06 	 -1.49997 	 2.41126 	 -0.288863
0.0625 	 -1.49997 	 2.41125 	 -0.288863
0.065 	 -1.49997 	 2.41124 	 -0.288863
0.0675 	 -1.49996 	 2.41123 	 -0.288863
0.07 	 -1.49996 	 2.41121 	 -0.288862
0.0725 	 -1.49996 	 2.4112 	 -0.288862
0.075 	 -1.49996 	 2.41119 	 -0.288862
0.0775 	 -1.49995 	 2.41117 	 -0.288862
0.08 	 -1.49995 	 2.41116 	 -0.288862
0.0825 	 -1.49995 	 2.41114 	 -0.288862
0.085 	 -1.49994 	 2.41113 	 -0.288862
0.0875 	 -1.49994 	 2.41111 	 -0.288862
0.09 	 -1.49994 	 2.4111 	 -0.288862
0.0925 	 -1.49993 	 2.41108 	 -0.288862
0.095 	 -1.49993 	 2.41106 	 -0.288862
0.0975 	 -1.49993 	 2.41105 	 -0.288862
0.1 	 -1.49992 	 2.41103 	 -0.288862
0.1025 	 -1.49992 	 2.41101 	 -0.288861
0.105 	 -1.49991 	 2.41099 	 -0.288861
0.1075 	 -1.49991 	 2.41097 	 -0.288861
0.11 	 -1.49991 	 2.41095 	 -0.288861
0.1125 	 -1.4999 	 2.41093 	 -0.288861
0.115 	 -1.4999 	 2.41091 	 -0.288861
0.1175 	 -1.49989 	 2.41089 	 -0.288861
0.12 	 -1.49989 	 2.41087 	 -0.288861
0.1225 	 -1.49988 	 2.41085 	 -0.288861
0.125 	 -1.49988 	 2.41083 	 -0.288861
0.1275 	 -1.49987 	 2.41081 	 -0.288861
0.13 	 -1.49987 	 2.41078 	 -0.288861
0.1325 	 -1.49986 	 2.41076 	 -0.28886
0.135 	 -1.49986 	 2.41074 	 -0.28886
0.1375 	 -1.49985 	 2.41071 	 -0.28886
0.14 	 -1.49985 	 2.41069 	 -0.28886
0.1425 	 -1.49984 	 2.41066 	 -0.28886
0.145 	 -1.49984 	 2.41064 	 -0.28886
0.1475 	 -1.49983 	 2.41062 	 -0.28886
0.15 	 -1.49982 	 2.41059 	 -0.28886
0.1525 	 -1.49982 	 2.41056 	 -0.28886
0.155 	 -1.49981 	 2.41053 	 -0.28886
0.1575 	 -1.49981 	 2.41051 	 -0.28886
0.16 	 -1.4998 	 2.41048 	 -0.28886
0.1625 	 -1.49979 	 2.41045 	 -0.288859
0.165 	 -1.49979 	 2.41042 	 -0.288859
0.1675 	 -1.49978 	 2.41039 	 -0.288859
0.17 	 -1.49977 	 2.41036 	 -0.288859
0.1725 	 -1.49977 	 2.41033 	 -0.288859
0.175 	 -1.49976 	 2.4103 	 -0.288859
0.1775 	 -1.49975 	 2.41027 	 -0.288859
0.18 	 -1.49975 	 2.41024 	 -0.288859
0.1825 	 -1.49974 	 2.41021 	 -0.288859
0.185 	 -1.49973 	 2.41018 	 -0.288859
0.1875 	 -1.49973 	 2.41015 	 -0.288859
0.19 	 -1.49972 	 2.41012 	 -0.288859
0.1925 	 -1.49971 	 2.41008 	 -0.288858
0.195 	 -1.4997 	 2.41005 	 -0.288858
0.1975 	 -1.4997 	 2.41002 	 -0.288858
0.2 	 -1.49969 	 2.40998 	 -0.288858
0.2025 	 -1.49968 	 2.40995 	 -0.288858
0.205 	 -1.49967 	 2.40991 	 -0.288858
0.2075 	 -1.49966 	 2.40988 	 -0.288858
0.21 	 -1.49966 	 2.40984 	 -0.288858
0.2125 	 -1.49965 	 2.40981 	 -0.288858
0.215 	 -1.49964 	 2.40977 	 -0.288858
0.2175 	 -1.49963 	 2.40973 	 -0.288858
0.22 	 -1.49962 	 2.40969 	 -0.288857
0.2225 	 -1.49961 	 2.40966 	 -0.288857
0.225 	 -1.4996 	 2.40962 	 -0.288857
0.2275 	 -1.4996 	 2.40958 	 -0.288857
0.23 	 -1.49959 	 2.40954 	 -0.288857
0.2325 	 -1.49958 	 2.4095 	 -0.288857
0.235 	 -1.49957 	 2.40946 	 -0.288857
0.2375 	 -1.49956 	 2.40942 	 -0.288857
0.24 	 -1.49955 	 2.40938 	 -0.288857
0.2425 	 -1.49954 	 2.40934 	 -0.288857
0.245 	 -1.49953 	 2.4093 	 -0.288857
0.2475 	 -1.49952 	 2.40926 	 -0.288857
0.25 	 -1.49951 	 2.40921 	 -0.288856
0.2525 	 -1.4995 	 2.40917 	 -0.288856
0.255 	 -1.49949 	 2.40913 	 -0.288856
0.2575 	 -1.49948 	 2.40908 	 -0.288856
0.26 	 -1.49947 	 2.40904 	 -0.288856
0.2625 	 -1.49946 	 2.409 	 -0.288856
0.265 	 -1.49945 	 2.40895 	 -0.288856
0.2675 	 -1.49944 	 2.40891 	 -0.288856
0.27 	 -1.49943 	 2.40886 	 -0.288856
0.2725 	 -1.49942 	 2.40882 	 -0.288856
0.275 	 -1.49941 	 2.40877 	 -0.288855
0.2775 	 -1.4994 	 2.40872 	 -0.288855
0.28 	 -1.49939 	 2.40868 	 -0.288855
0.2825 	 -1.49938 	 2.40863 	 -0.288855
0.285 	 -1.49937 	 2.40858 	 -0.288855
0.2875 	 -1.49935 	 2.40853 	 -0.288855
0.29 	 -1.49934 	 2.40849 	 -0.288855
0.2925 	 -1.49933 	 2.40844 	 -0.288855
0.295 	 -1.49932 	 2.40839 	 -0.288855
0.2975 	 -1.49931 	 2.40834 	 -0.288855
0.3 	 -1.4993 	 2.40828 	 -0.288855
0.3025 	 -1.49929 	 2.40823 	 -0.288854
0.305 	 -1.49927 	 2.40818 	 -0.288854
0.3075 	 -1.49926 	 2.40813 	 -0.288854
0.31 	 -1.49925 	 2.40808 	 -0.288854
0.3125 	 -1.49924 	 2.40802 	 -0.288854
0.315 	 -1.49922 	 2.40797 	 -0.288854
0.3175 	 -1.49921 	 2.40792 	 -0.288854
0.32 	 -1.4992 	 2.40786 	 -0.288854
0.3225 	 -1.49919 	 2.40781 	 -0.288854
0.325 	 -1.49917 	 2.40776 	 -0.288854
0.3275 	 -1.49916 	 2.4077 	 -0.288853
0.33 	 -1.49915 	 2.40765 	 -0.288853
0.3325 	 -1.49914 	 2.40759 	 -0.288853
0.335 	 -1.49912 	 2.40753 	 -0.288853
0.3375 	 -1.49911 	 2.40748 	 -0.288853
0.34 	 -1.4991 	 2.40742 	 -0.288853
0.3425 	 -1.49908 	 2.40736 	 -0.288853
0.345 	 -1.49907 	 2.40731 	 -0.288853
0.3475 	 -1.49906 	 2.40725 	 -0.288853
0.35 	 -1.49904 	 2.40719 	 -0.288853
0.3525 	 -1.49903 	 2.40713 	 -0.288852
0.355 	 -1.49902 	 2.40707 	 -0.288852
0.3575 	 -1.499 	 2.40701 	 -0.288852
0.36 	 -1.49899 	 2.40695 	 -0.288852
0.3625 	 -1.49897 	 2.40689 	 -0.288852
0.365 	 -1.49896 	 2.40683 	 -0.288852
0.3675 	 -1.49894 	 2.40677 	 -0.288852
0.37 	 -1.49893 	 2.4067 	 -0.288852
0.3725 	 -1.49892 	 2.40664 	 -0.288852
0.375 	 -1.4989 	 2.40658 	 -0.288852
0.3775 	 -1.49889 	 2.40652 	 -0.288851
0.38 	 -1.49887 	 2.40645 	 -0.288851
0.3825 	 -1.49886 	 2.40639 	 -0.288851
0.385 	 -1.49884 	 2.40632 	 -0.288851
0.3875 	 -1.49883 	 2.40626 	 -0.288851
0.39 	 -1.49881 	 2.40619 	 -0.288851
0.3925 	 -1.4988 	 2.40613 	 -0.288851
0.395 	 -1.49878 	 2.40606 	 -0.288851
0.3975 	 -1.49877 	 2.406 	 -0.288851
0.4 	 -1.49875 	 2.40593 	 -0.28885
0.4025 	 -1.49873 	 2.40586 	 -0.28885
0.405 	 -1.49872 	 2.4058 	 -0.28885
0.4075 	 -1.4987 	 2.40573 	 -0.28885
0.41 	 -1.49869 	 2.40566 	 -0.28885
0.4125 	 -1.49867 	 2.40559 	 -0.28885
0.415 	 -1.49865 	 2.40552 	 -0.28885
0.4175 	 -1.49864 	 2.40545 	 -0.28885
0.42 	 -1.49862 	 2.40538 	 -0.28885
0.4225 	 -1.49861 	 2.40531 	 -0.288849
0.425 	 -1.49859 	 2.40524 	 -0.288849
0.4275 	 -1.49857 	 2.40517 	 -0.288849
0.43 	 -1.49856 	 2.4051 	 -0.288849
0.4325 	 -1.49854 	 2.40502 	 -0.288849
0.435 	 -1.49852 	 2.40495 	 -0.288849
0.4375 	 -1.4985 	 2.40488 	 -0.288849
0.44 	 -1.49849 	 2.40481 	 -0.288849
0.4425 	 -1.49847 	 2.40473 	 -0.288849
0.445 	 -1.49845 	 2.40466 	 -0.288848
0.4475 	 -1.49844 	 2.40458 	 -0.288848
0.45 	 -1.49842 	 2.40451 	 -0.288848
0.4525 	 -1.4984 	 2.40443 	 -0.288848
0.455 	 -1.49838 	 2.40436 	 -0.288848
0.4575 	 -1.49836 	 2.40428 	 -0.288848
0.46 	 -1.49835 	 2.40421 	 -0.288848
0.4625 	 -1.49833 	 2.40413 	 -0.288848
0.465 	 -1.49831 	 2.40405 	 -0.288848
0.4675 	 -1.49829 	 2.40397 	 -0.288847
0.47 	 -1.49827 	 2.40389 	 -0.288847
0.4725 	 -1.49826 	 2.40382 	 -0.288847
0.475 	 -1.49824 	 2.40374 	 -0.288847
0.4775 	 -1.49822 	 2.40366 	 -0.288847
0.48 	 -1.4982 	 2.40358 	 -0.288847
0.4825 	 -1.49818 	 2.4035 	 -0.288847
0.485 	 -1.49816 	 2.40342 	 -0.288847
0.4875 	 -1.49814 	 2.40334 	 -0.288847
0.49 	 -1.49812 	 2.40325 	 -0.288846
0.4925 	 -1.49811 	 2.40317 	 -0.288846
0.495 	 -1.49809 	 2.40309 	 -0.288846
0.4975 	 -1.49807 	 2.40301 	 -0.288846
0.5 	 -1.49805 	 2.40292 	 -0.288846
0.5025 	 -1.49803 	 2.40284 	 -0.288846
0.505 	 -1.49801 	 2.40276 	 -0.288846
0.5075 	 -1.49799 	 2.40267 	 -0.288846
0.51 	 -1.49797 	 2.40259 	 -0.288845
0.5125 	 -1.49795 	 2.40251 	 -0.288845
0.515 	 -1.49793 	 2.40242 	 -0.288845
0.5175 	 -1.49791 	 2.40234 	 -0.288845
0.52 	 -1.49789 	 2.40224 	 -0.288845
0.5225 	 -1.49787 	 2.40216 	 -0.288845
0.525 	 -1.49785 	 2.40207 	 -0.288845
0.5275 	 -1.49783 	 2.40199 	 -0.288845
0.53 	 -1.49781 	 2.40189 	 -0.288845
0.5325 	 -1.49778 	 2.40181 	 -0.288845
0.535 	 -1.49776 	 2.40172 	 -0.288844
0.5375 	 -1.49774 	 2.40163 	 -0.288844
0.54 	 -1.49772 	 2.40154 	 -0.288844
0.5425 	 -1.4977 	 2.40145 	 -0.288844
0.545 	 -1.49768 	 2.40136 	 -0.288844
0.5475 	 -1.49766 	 2.40127 	 -0.288844
0.55 	 -1.49764 	 2.40118 	 -0.288844
0.5525 	 -1.49762 	 2.40108 	 -0.288843
0.555 	 -1.49759 	 2.40099 	 -0.288843
0.5575 	 -1.49757 	 2.4009 	 -0.288843
0.56 	 -1.49755 	 2.40081 	 -0.288843
0.5625 	 -1.49753 	 2.40071 	 -0.288843
0.565 	 -1.49751 	 2.40062 	 -0.288843
0.5675 	 -1.49748 	 2.40053 	 -0.288843
0.57 	 -1.49746 	 2.40043 	 -0.288843
0.5725 	 -1.49744 	 2.40034 	 -0.288842
0.575 	 -1.49742 	 2.40024 	 -0.288842
0.5775 	 -1.49739 	 2.40015 	 -0.288842
0.58 	 -1.49737 	 2.40005 	 -0.288842
0.5825 	 -1.49735 	 2.39995 	 -0.288842
0.585 	 -1.49733 	 2.39986 	 -0.288842
0.5875 	 -1.4973 	 2.39976 	 -0.288842
0.59 	 -1.49728 	 2.39966 	 -0.288842
0.5925 	 -1.49726 	 2.39956 	 -0.288841
0.595 	 -1.49723 	 2.39947 	 -0.288841
0.5975 	 -1.49721 	 2.39936 	 -0.288841
0.6 	 -1.49719 	 2.39926 	 -0.288841
0.6025 	 -1.49716 	 2.39916 	 -0.288841
0.605 	 -1.49714 	 2.39906 	 -0.288841
0.6075 	 -1.49712 	 2.39896 	 -0.288841
0.61 	 -1.49709 	 2.39886 	 -0.28884
0.6125 	 -1.49707 	 2.39876 	 -0.28884
0.615 	 -1.49705 	 2.39866 	 -0.28884
0.6175 	 -1.49702 	 2.39856 	 -0.28884
0.62 	 -1.497 	 2.39845 	 -0.28884
0.6225 	 -1.49697 	 2.39835 	 -0.28884
0.625 	 -1.49695 	 2.39825 	 -0.28884
0.6275 	 -1.49692 	 2.39814 	 -0.28884
0.63 	 -1.4969 	 2.39804 	 -0.288839
0.6325 	 -1.49687 	 2.39793 	 -0.288839
0.635 	 -1.49685 	 2.39783 	 -0.288839
0.6375 	 -1.49682 	 2.39772 	 -0.288839
0.64 	 -1.4968 	 2.39762 	 -0.288839
0.6425 	 -1.49677 	 2.39751 	 -0.288839
0.645 	 -1.49675 	 2.3974 	 -0.288839
0.6475 	 -1.49672 	 2.3973 	 -0.288838
0.65 	 -1.4967 	 2.39719 	 -0.288838
0.6525 	 -1.49667 	 2.39708 	 -0.288838
0.655 	 -1.49665 	 2.39697 	 -0.288838
0.6575 	 -1.49662 	 2.39686 	 -0.288838
0.66 	 -1.4966 	 2.39676 	 -0.288838
0.6625 	 -1.49657 	 2.39665 	 -0.288838
0.665 	 -1.49655 	 2.39654 	 -0.288837
0.6675 	 -1.49652 	 2.39643 	 -0.288837
0.67 	 -1.49649 	 2.39631 	 -0.288837
0.6725 	 -1.49647 	 2.3962 	 -0.288837
0.675 	 -1.49644 	 2.39609 	 -0.288837
0.6775 	 -1.49641 	 2.39598 	 -0.288837
0.68 	 -1.49639 	 2.39587 	 -0.288837
0.6825 	 -1.49636 	 2.39575 	 -0.288837
0.685 	 -1.49633 	 2.39564 	 -0.288836
0.6875 	 -1.49631 	 2.39553 	 -0.288836
0.69 	 -1.49628 	 2.39541 	 -0.288836
0.6925 	 -1.49625 	 2.3953 	 -0.288836
0.695 	 -1.49623 	 2.39518 	 -0.288836
0.6975 	 -1.4962 	 2.39507 	 -0.288836
0.7 	 -1.49617 	 2.39495 	 -0.288836
0.7025 	 -1.49614 	 2.39484 	 -0.288835
0.705 	 -1.49612 	 2.39472 	 -0.288835
0.7075 	 -1.49609 	 2.3946 	 -0.288835
0.71 	 -1.49606 	 2.39448 	 -0.288835
0.7125 	 -1.49603 	 2.39437 	 -0.288835
0.715 	 -1.49601 	 2.39425 	 -0.288835
0.7175 	 -1.49598 	 2.39413 	 -0.288834
0.72 	 -1.49595 	 2.39401 	 -0.288834
0.7225 	 -1.49592 	 2.39389 	 -0.288834
0.725 	 -1.49589 	 2.39377 	 -0.288834
0.7275 	 -1.49587 	 2.39365 	 -0.288834
0.73 	 -1.49584 	 2.39353 	 -0.288834
0.7325 	 -1.49581 	 2.39341 	 -0.288834
0.735 	 -1.49578 	 2.39329 	 -0.288833
0.7375 	 -1.49575 	 2.39317 	 -0.288833
0.74 	 -1.49572 	 2.39304 	 -0.288833
0.7425 	 -1.49569 	 2.39292 	 -0.288833
0.745 	 -1.49566 	 2.3928 	 -0.288833
0.7475 	 -1.49563 	 2.39267 	 -0.288833
0.75 	 -1.49561 	 2.39255 	 -0.288833
0.7525 	 -1.49558 	 2.39243 	 -0.288832
0.755 	 -1.49555 	 2.3923 	 -0.288832
0.7575 	 -1.49552 	 2.39218 	 -0.288832
0.76 	 -1.49549 	 2.39205 	 -0.288832
0.7625 	 -1.49546 	 2.39192 	 -0.288832
0.765 	 -1.49543 	 2.3918 	 -0.288832
0.7675 	 -1.4954 	 2.39167 	 -0.288831
0.77 	 -1.49537 	 2.39154 	 -0.288831
0.7725 	 -1.49534 	 2.39142 	 -0.288831
0.775 	 -1.49531 	 2.39129 	 -0.288831
0.7775 	 -1.49528 	 2.39116 	 -0.288831
0.78 	 -1.49525 	 2.39103 	 -0.288831
0.7825 	 -1.49522 	 2.3909 	 -0.288831
0.785 	 -1.49519 	 2.39077 	 -0.28883
0.7875 	 -1.49516 	 2.39064 	 -0.28883
0.79 	 -1.49512 	 2.39051 	 -0.28883
0.7925 	 -1.49509 	 2.39038 	 -0.28883
0.795 	 -1.49506 	 2.39025 	 -0.28883
0.7975 	 -1.49503 	 2.39012 	 -0.28883
0.8 	 -1.495 	 2.38999 	 -0.288829
0.8025 	 -1.49497 	 2.38985 	 -0.288829
0.805 	 -1.49494 	 2.38972 	 -0.288829
0.8075 	 -1.49491 	 2.38959 	 -0.288829
0.81 	 -1.49487 	 2.38945 	 -0.288829
0.8125 	 -1.49484 	 2.38932 	 -0.288829
0.815 	 -1.49481 	 2.38918 	 -0.288828
0.8175 	 -1.49478 	 2.38905 	 -0.288828
0.82 	 -1.49475 	 2.38891 	 -0.288828
0.8225 	 -1.49471 	 2.38878 	 -0.288828
0.825 	 -1.49468 	 2.38864 	 -0.288828
0.8275 	 -1.49465 	 2.38851 	 -0.288828
0.83 	 -1.49462 	 2.38837 	 -0.288827
0.8325 	 -1.49459 	 2.38823 	 -0.288827
0.835 	 -1.49455 	 2.38809 	 -0.288827
0.8375 	 -1.49452 	 2.38796 	 -0.288827
0.84 	 -1.49449 	 2.38782 	 -0.288827
0.8425 	 -1.49445 	 2.38768 	 -0.288827
0.845 	 -1.49442 	 2.38754 	 -0.288826
0.8475 	 -1.49439 	 2.3874 	 -0.288826
0.85 	 -1.49436 	 2.38726 	 -0.288826
0.8525 	 -1.49432 	 2.38712 	 -0.288826
0.855 	 -1.49429 	 2.38698 	 -0.288826
0.8575 	 -1.49426 	 2.38683 	 -0.288826
0.86 	 -1.49422 	 2.38669 	 -0.288825
0.8625 	 -1.49419 	 2.38655 	 -0.288825
0.865 	 -1.49415 	 2.38641 	 -0.288825
0.8675 	 -1.49412 	 2.38626 	 -0.288825
0.87 	 -1.49409 	 2.38612 	 -0.288825
0.8725 	 -1.49405 	 2.38598 	 -0.288825
0.875 	 -1.49402 	 2.38583 	 -0.288824
0.8775 	 -1.49398 	 2.38569 	 -0.288824
0.88 	 -1.49395 	 2.38554 	 -0.288824
0.8825 	 -1.49392 	 2.3854 	 -0.288824
0.885 	 -1.49388 	 2.38525 	 -0.288824
0.8875 	 -1.49385 	 2.3851 	 -0.288824
0.89 	 -1.49381 	 2.38496 	 -0.288823
0.8925 	 -1.49378 	 2.38481 	 -0.288823
0.895 	 -1.49374 	 2.38466 	 -0.288823
0.8975 	 -1.49371 	 2.38452 	 -0.288823
0.9 	 -1.49367 	 2.38437 	 -0.288823
0.9025 	 -1.49364 	 2.38422 	 -0.288823
0.905 	 -1.4936 	 2.38407 	 -0.288822
0.9075 	 -1.49357 	 2.38392 	 -0.288822
0.91 	 -1.49353 	 2.38377 	 -0.288822
0.9125 	 -1.49349 	 2.38362 	 -0.288822
0.915 	 -1.49346 	 2.38347 	 -0.288822
0.9175 	 -1.49342 	 2.38332 	 -0.288821
0.92 	 -1.49339 	 2.38316 	 -0.288821
0.9225 	 -1.49335 	 2.38301 	 -0.288821
0.925 	 -1.49332 	 2.38286 	 -0.288821
0.9275 	 -1.49328 	 2.38271 	 -0.288821
0.93 	 -1.49324 	 2.38255 	 -0.288821
0.9325 	 -1.49321 	 2.3824 	 -0.28882
0.935 	 -1.49317 	 2.38225 	 -0.28882
0.9375 	 -1.49313 	 2.38209 	 -0.28882
0.94 	 -1.4931 	 2.38194 	 -0.28882
0.9425 	 -1.49306 	 2.38178 	 -0.28882
0.945 	 -1.49302 	 2.38162 	 -0.288819
0.9475 	 -1.49299 	 2.38147 	 -0.288819
0.95 	 -1.49295 	 2.38131 	 -0.288819
0.9525 	 -1.49291 	 2.38116 	 -0.288819
0.955 	 -1.49287 	 2.381 	 -0.288819
0.9575 	 -1.49284 	 2.38084 	 -0.288819
0.96 	 -1.4928 	 2.38068 	 -0.288818
0.9625 	 -1.49276 	 2.38052 	 -0.288818
0.965 	 -1.49272 	 2.38036 	 -0.288818
0.9675 	 -1.49269 	 2.3802 	 -0.288818
0.97 	 -1.49265 	 2.38004 	 -0.288818
0.9725 	 -1.49261 	 2.37988 	 -0.288817
0.975 	 -1.49257 	 2.37972 	 -0.288817
0.9775 	 -1.49254 	 2.37956 	 -0.288817
0.98 	 -1.4925 	 2.3794 	 -0.288817
0.9825 	 -1.49246 	 2.37924 	 -0.288817
0.985 	 -1.49242 	 2.37908 	 -0.288816
0.9875 	 -1.49238 	 2.37891 	 -0.288816
0.99 	 -1.49234 	 2.37875 	 -0.288816
0.9925 	 -1.4923 	 2.37859 	 -0.288816
0.995 	 -1.49227 	 2.37842 	 -0.288816
0.9975 	 -1.49223 	 2.37826 	 -0.288816
1 	 -1.49219 	 2.37809 	 -0.288815
1.0025 	 -1.49215 	 2.37793 	 -0.288815
1.005 	 -1.49211 	 2.37776 	 -0.288815
1.0075 	 -1.49207 	 2.3776 	 -0.288815
1.01 	 -1.49203 	 2.37743 	 -0.288815
1.0125 	 -1.49199 	 2.37726 	 -0.288814
1.015 	 -1.49195 	 2.3771 	 -0.288814
1.0175 	 -1.49191 	 2.37693 	 -0.288814
1.02 	 -1.49187 	 2.37676 	 -0.288814
1.0225 	 -1.49183 	 2.37659 	 -0.288814
1.025 	 -1.49179 	 2.37643 	 -0.288814
1.0275 	 -1.49175 	 2.37626 	 -0.288813
1.03 	 -1.49171 	 2.37609 	 -0.288813
1.0325 	 -1.49167 	 2.37592 	 -0.288813
1.035 	 -1.49163 	 2.37575 	 -0.288813
1.0375 	 -1.49159 	 2.37557 	 -0.288812
1.04 	 -1.49155 	 2.3754 	 -0.288812
1.0425 	 -1.49151 	 2.37523 	 -0.288812
1.045 	 -1.49147 	 2.37506 	 -0.288812
1.0475 	 -1.49143 	 2.37489 	 -0.288812
1.05 	 -1.49139 	 2.37471 	 -0.288811
1.0525 	 -1.49135 	 2.37454 	 -0.288811
1.055 	 -1.4913 	 2.37437 	 -0.288811
1.0575 	 -1.49126 	 2.37419 	 -0.288811
1.06 	 -1.49122 	 2.37402 	 -0.288811
1.0625 	 -1.49118 	 2.37384 	 -0.28881
1.065 	 -1.49114 	 2.37367 	 -0.28881
1.0675 	 -1.4911 	 2.37349 	 -0.28881
1.07 	 -1.49106 	 2.37332 	 -0.28881
1.0725 	 -1.49101 	 2.37314 	 -0.288809
1.075 	 -1.49097 	 2.37296 	 -0.288809
1.0775 	 -1.49093 	 2.37278 	 -0.288809
1.08 	 -1.49089 	 2.37261 	 -0.288809
1.0825 	 -1.49085 	 2.37243 	 -0.288809
1.085 	 -1.4908 	 2.37225 	 -0.288808
1.0875 	 -1.49076 	 2.37207 	 -0.288808
1.09 	 -1.49072 	 2.37189 	 -0.288808
1.0925 	 -1.49068 	 2.37171 	 -0.288808
1.095 	 -1.49063 	 2.37153 	 -0.288808
1.0975 	 -1.49059 	 2.37135 	 -0.288808
1.1 	 -1.49055 	 2.37117 	 -0.288807
1.1025 	 -1.4905 	 2.37099 	 -0.288807
1.105 	 -1.49046 	 2.37081 	 -0.288807
1.1075 	 -1.49042 	 2.37063 	 -0.288807
1.11 	 -1.49037 	 2.37044 	 -0.288806
1.1125 	 -1.49033 	 2.37026 	 -0.288806
1.115 	 -1.49029 	 2.37007 	 -0.288806
1.1175 	 -1.49024 	 2.36989 	 -0.288806
1.12 	 -1.4902 	 2.36971 	 -0.288805
1.1225 	 -1.49016 	 2.36952 	 -0.288805
1.125 	 -1.49011 	 2.36934 	 -0.288805
1.1275 	 -1.49007 	 2.36915 	 -0.288805
1.13 	 -1.49002 	 2.36896 	 -0.288805
1.1325 	 -1.48998 	 2.36878 	 -0.288804
1.135 	 -1.48994 	 2.36859 	 -0.288804
1.1375 	 -1.48989 	 2.3684 	 -0.288804
1.14 	 -1.48985 	 2.36822 	 -0.288804
1.1425 	 -1.4898 	 2.36803 	 -0.288803
1.145 	 -1.48976 	 2.36784 	 -0.288803
1.1475 	 -1.48971 	 2.36765 	 -0.288803
1.15 	 -1.48967 	 2.36746 	 -0.288803
1.1525 	 -1.48962 	 2.36727 	 -0.288802
1.155 	 -1.48958 	 2.36708 	 -0.288802
1.1575 	 -1.48953 	 2.36689 	 -0.288802
1.16 	 -1.48949 	 2.3667 	 -0.288802
1.1625 	 -1.48944 	 2.36651 	 -0.288802
1.165 	 -1.4894 	 2.36632 	 -0.288801
1.1675 	 -1.48935 	 2.36613 	 -0.288801
1.17 	 -1.48931 	 2.36594 	 -0.288801
1.1725 	 -1.48926 	 2.36574 	 -0.288801
1.175 	 -1.48921 	 2.36555 	 -0.2888
1.1775 	 -1.48917 	 2.36535 	 -0.2888
1.18 	 -1.48912 	 2.36516 	 -0.2888
1.1825 	 -1.48908 	 2.36496 	 -0.2888
1.185 	 -1.48903 	 2.36477 	 -0.2888
1.1875 	 -1.48898 	 2.36457 	 -0.288799
1.19 	 -1.48894 	 2.36438 	 -0.288799
1.1925 	 -1.48889 	 2.36418 	 -0.288799
1.195 	 -1.48884 	 2.36399 	 -0.288799
1.1975 	 -1.4888 	 2.36379 	 -0.288798
1.2 	 -1.48875 	 2.36359 	 -0.288798
1.2025 	 -1.4887 	 2.36339 	 -0.288798
1.205 	 -1.48866 	 2.3632 	 -0.288798
1.2075 	 -1.48861 	 2.363 	 -0.288797
1.21 	 -1.48856 	 2.3628 	 -0.288797
1.2125 	 -1.48851 	 2.3626 	 -0.288797
1.215 	 -1.48847 	 2.3624 	 -0.288797
1.2175 	 -1.48842 	 2.3622 	 -0.288796
1.22 	 -1.48837 	 2.362 	 -0.288796
1.2225 	 -1.48832 	 2.3618 	 -0.288796
1.225 	 -1.48828 	 2.36159 	 -0.288796
1.2275 	 -1.48823 	 2.36139 	 -0.288795
1.23 	 -1.48818 	 2.36119 	 -0.288795
1.2325 	 -1.48813 	 2.36099 	 -0.288795
1.235 	 -1.48808 	 2.36078 	 -0.288795
1.2375 	 -1.48804 	 2.36058 	 -0.288794
1.24 	 -1.48799 	 2.36038 	 -0.288794
1.2425 	 -1.48794 	 2.36018 	 -0.288794
1.245 	 -1.48789 	 2.35997 	 -0.288794
1.2475 	 -1.48784 	 2.35976 	 -0.288793
1.25 	 -1.48779 	 2.35956 	 -0.288793
1.2525 	 -1.48774 	 2.35936 	 -0.288793
1.255 	 -1.4877 	 2.35915 	 -0.288793
1.2575 	 -1.48765 	 2.35894 	 -0.288792
1.26 	 -1.4876 	 2.35873 	 -0.288792
1.2625 	 -1.48755 	 2.35852 	 -0.288792
1.265 	 -1.4875 	 2.35832 	 -0.288792
1.2675 	 -1.48745 	 2.35811 	 -0.288791
1.27 	 -1.4874 	 2.3579 	 -0.288791
1.2725 	 -1.48735 	 2.35769 	 -0.288791
1.275 	 -1.4873 	 2.35748 	 -0.288791
1.2775 	 -1.48725 	 2.35727 	 -0.28879
1.28 	 -1.4872 	 2.35706 	 -0.28879
1.2825 	 -1.48715 	 2.35685 	 -0.28879
1.285 	 -1.4871 	 2.35664 	 -0.28879
1.2875 	 -1.48705 	 2.35642 	 -0.288789
1.29 	 -1.487 	 2.35621 	 -0.288789
1.2925 	 -1.48695 	 2.356 	 -0.288789
1.295 	 -1.4869 	 2.35579 	 -0.288789
1.2975 	 -1.48685 	 2.35557 	 -0.288788
1.3 	 -1.4868 	 2.35536 	 -0.288788
1.3025 	 -1.48675 	 2.35515 	 -0.288788
1.305 	 -1.4867 	 2.35493 	 -0.288788
1.3075 	 -1.48664 	 2.35472 	 -0.288787
1.31 	 -1.48659 	 2.3545 	 -0.288787
1.3125 	 -1.48654 	 2.35429 	 -0.288787
1.315 	 -1.48649 	 2.35407 	 -0.288787
1.3175 	 -1.48644 	 2.35385 	 -0.288786
1.32 	 -1.48639 	 2.35364 	 -0.288786
1.3225 	 -1.48634 	 2.35342 	 -0.288786
1.325 	 -1.48628 	 2.3532 	 -0.288785
1.3275 	 -1.48623 	 2.35298 	 -0.288785
1.33 	 -1.48618 	 2.35276 	 -0.288785
1.3325 	 -1.48613 	 2.35254 	 -0.288785
1.335 	 -1.48608 	 2.35233 	 -0.288784
1.3375 	 -1.48602 	 2.35211 	 -0.288784
1.34 	 -1.48597 	 2.35189 	 -0.288784
1.3425 	 -1.48592 	 2.35166 	 -0.288784
1.345 	 -1.48587 	 2.35144 	 -0.288783
1.3475 	 -1.48581 	 2.35122 	 -0.288783
1.35 	 -1.48576 	 2.351 	 -0.288783
1.3525 	 -1.48571 	 2.35078 	 -0.288782
1.355 	 -1.48566 	 2.35056 	 -0.288782
1.3575 	 -1.4856 	 2.35033 	 -0.288782
1.36 	 -1.48555 	 2.35011 	 -0.288782
1.3625 	 -1.4855 	 2.34988 	 -0.288781
1.365 	 -1.48544 	 2.34966 	 -0.288781
1.3675 	 -1.48539 	 2.34944 	 -0.288781
1.37 	 -1.48534 	 2.34921 	 -0.28878
1.3725 	 -1.48528 	 2.34899 	 -0.28878
1.375 	 -1.48523 	 2.34876 	 -0.28878
1.3775 	 -1.48518 	 2.34853 	 -0.28878
1.38 	 -1.48512 	 2.34831 	 -0.288779
1.3825 	 -1.48507 	 2.34808 	 -0.288779
1.385 	 -1.48501 	 2.34785 	 -0.288779
1.3875 	 -1.48496 	 2.34762 	 -0.288778
1.39 	 -1.48491 	 2.34739 	 -0.288778
1.3925 	 -1.48485 	 2.34717 	 -0.288778
1.395 	 -1.4848 	 2.34694 	 -0.288778
1.3975 	 -1.48474 	 2.34671 	 -0.288777
1.4 	 -1.48469 	 2.34648 	 -0.288777
1.4025 	 -1.48463 	 2.34625 	 -0.288777
1.405 	 -1.48458 	 2.34602 	 -0.288776
1.4075 	 -1.48452 	 2.34578 	 -0.288776
1.41 	 -1.48447 	 2.34555 	 -0.288776
1.4125 	 -1.48441 	 2.34532 	 -0.288776
1.415 	 -1.48436 	 2.34509 	 -0.288775
1.4175 	 -1.4843 	 2.34486 	 -0.288775
1.42 	 -1.48425 	 2.34462 	 -0.288775
1.4225 	 -1.48419 	 2.34439 	 -0.288774
1.425 	 -1.48414 	 2.34415 	 -0.288774
1.4275 	 -1.48408 	 2.34392 	 -0.288774
1.43 	 -1.48402 	 2.34368 	 -0.288774
1.4325 	 -1.48397 	 2.34345 	 -0.288773
1.435 	 -1.48391 	 2.34321 	 -0.288773
1.4375 	 -1.48386 	 2.34298 	 -0.288773
1.44 	 -1.4838 	 2.34274 	 -0.288772
1.4425 	 -1.48374 	 2.3425 	 -0.288772
1.445 	 -1.48369 	 2.34227 	 -0.288772
1.4475 	 -1.48363 	 2.34203 	 -0.288771
1.45 	 -1.48357 	 2.34179 	 -0.288771
1.4525 	 -1.48352 	 2.34155 	 -0.288771
1.455 	 -1.48346 	 2.34131 	 -0.28877
1.4575 	 -1.4834 	 2.34107 	 -0.28877
1.46 	 -1.48335 	 2.34083 	 -0.28877
1.4625 	 -1.48329 	 2.34059 	 -0.28877
1.465 	 -1.48323 	 2.34035 	 -0.288769
1.4675 	 -1.48318 	 2.34011 	 -0.288769
1.47 	 -1.48312 	 2.33987 	 -0.288769
1.4725 	 -1.48306 	 2.33963 	 -0.288768
1.475 	 -1.483 	 2.33939 	 -0.288768
1.4775 	 -1.48295 	 2.33914 	 -0.288768
1.48 	 -1.48289 	 2.3389 	 -0.288767
1.4825 	 -1.48283 	 2.33866 	 -0.288767
1.485 	 -1.48277 	 2.33841 	 -0.288767
1.4875 	 -1.48271 	 2.33817 	 -0.288766
1.49 	 -1.48266 	 2.33792 	 -0.288766
1.4925 	 -1.4826 	 2.33768 	 -0.288766
1.495 	 -1.48254 	 2.33743 	 -0.288765
1.4975 	 -1.48248 	 2.33719 	 -0.288765
1.5 	 -1.48242 	 2.33694 	 -0.288765
1.5025 	 -1.48236 	 2.33669 	 -0.288765
1.505 	 -1.4823 	 2.33645 	 -0.288764
1.5075 	 -1.48225 	 2.3362 	 -0.288764
1.51 	 -1.48219 	 2.33595 	 -0.288764
1.5125 	 -1.48213 	 2.3357 	 -0.288763
1.515 	 -1.48207 	 2.33545 	 -0.288763
1.5175 	 -1.48201 	 2.33521 	 -0.288763
1.52 	 -1.48195 	 2.33496 	 -0.288762
1.5225 	 -1.48189 	 2.33471 	 -0.288762
1.525 	 -1.48183 	 2.33446 	 -0.288762
1.5275 	 -1.48177 	 2.3342 	 -0.288761
1.53 	 -1.48171 	 2.33395 	 -0.288761
1.5325 	 -1.48165 	 2.3337 	 -0.288761
1.535 	 -1.48159 	 2.33345 	 -0.28876
1.5375 	 -1.48153 	 2.3332 	 -0.28876
1.54 	 -1.48147 	 2.33294 	 -0.28876
1.5425 	 -1.48141 	 2.33269 	 -0.288759
1.545 	 -1.48135 	 2.33244 	 -0.288759
1.5475 	 -1.48129 	 2.33218 	 -0.288759
1.55 	 -1.48123 	 2.33193 	 -0.288758
1.5525 	 -1.48117 	 2.33167 	 -0.288758
1.555 	 -1.48111 	 2.33142 	 -0.288758
1.5575 	 -1.48105 	 2.33116 	 -0.288757
1.56 	 -1.48099 	 2.33091 	 -0.288757
1.5625 	 -1.48093 	 2.33065 	 -0.288757
1.565 	 -1.48087 	 2.33039 	 -0.288756
1.5675 	 -1.4808 	 2.33014 	 -0.288756
1.57 	 -1.48074 	 2.32988 	 -0.288756
1.5725 	 -1.48068 	 2.32962 	 -0.288755
1.575 	 -1.48062 	 2.32936 	 -0.288755
1.5775 	 -1.48056 	 2.3291 	 -0.288755
1.58 	 -1.4805 	 2.32884 	 -0.288754
1.5825 	 -1.48044 	 2.32858 	 -0.288754
1.585 	 -1.48037 	 2.32832 	 -0.288753
1.5875 	 -1.48031 	 2.32806 	 -0.288753
1.59 	 -1.48025 	 2.3278 	 -0.288753
1.5925 	 -1.48019 	 2.32754 	 -0.288752
1.595 	 -1.48012 	 2.32728 	 -0.288752
1.5975 	 -1.48006 	 2.32702 	 -0.288752
1.6 	 -1.48 	 2.32675 	 -0.288751
1.6025 	 -1.47994 	 2.32649 	 -0.288751
1.605 	 -1.47987 	 2.32623 	 -0.288751
1.6075 	 -1.47981 	 2.32596 	 -0.28875
1.61 	 -1.47975 	 2.3257 	 -0.28875
1.6125 	 -1.47969 	 2.32543 	 -0.28875
1.615 	 -1.47962 	 2.32517 	 -0.288749
1.6175 	 -1.47956 	 2.3249 	 -0.288749
1.62 	 -1.4795 	 2.32464 	 -0.288748
1.6225 	 -1.47943 	 2.32437 	 -0.288748
1.625 	 -1.47937 	 2.3241 	 -0.288748
1.6275 	 -1.47931 	 2.32384 	 -0.288747
1.63 	 -1.47924 	 2.32357 	 -0.288747
1.6325 	 -1.47918 	 2.3233 	 -0.288747
1.635 	 -1.47912 	 2.32303 	 -0.288746
1.6375 	 -1.47905 	 2.32276 	 -0.288746
1.64 	 -1.47899 	 2.3225 	 -0.288746
1.6425 	 -1.47892 	 2.32223 	 -0.288745
1.645 	 -1.47886 	 2.32196 	 -0.288745
1.6475 	 -1.47879 	 2.32169 	 -0.288744
1.65 	 -1.47873 	 2.32141 	 -0.288744
1.6525 	 -1.47867 	 2.32114 	 -0.288744
1.655 	 -1.4786 	 2.32087 	 -0.288743
1.6575 	 -1.47854 	 2.3206 	 -0.288743
1.66 	 -1.47847 	 2.32033 	 -0.288743
1.6625 	 -1.47841 	 2.32005 	 -0.288742
1.665 	 -1.47834 	 2.31978 	 -0.288742
1.6675 	 -1.47828 	 2.31951 	 -0.288741
1.67 	 -1.47821 	 2.31923 	 -0.288741
1.6725 	 -1.47815 	 2.31896 	 -0.288741
1.675 	 -1.47808 	 2.31868 	 -0.28874
1.6775 	 -1.47802 	 2.31841 	 -0.28874
1.68 	 -1.47795 	 2.31813 	 -0.28874
1.6825 	 -1.47788 	 2.31786 	 -0.288739
1.685 	 -1.47782 	 2.31758 	 -0.288739
1.6875 	 -1.47775 	 2.3173 	 -0.288738
1.69 	 -1.47769 	 2.31703 	 -0.288738
1.6925 	 -1.47762 	 2.31675 	 -0.288738
1.695 	 -1.47755 	 2.31647 	 -0.288737
1.6975 	 -1.47749 	 2.31619 	 -0.288737
1.7 	 -1.47742 	 2.31591 	 -0.288736
1.7025 	 -1.47736 	 2.31563 	 -0.288736
1.705 	 -1.47729 	 2.31535 	 -0.288736
1.7075 	 -1.47722 	 2.31507 	 -0.288735
1.71 	 -1.47716 	 2.31479 	 -0.288735
1.7125 	 -1.47709 	 2.31451 	 -0.288734
1.715 	 -1.47702 	 2.31423 	 -0.288734
1.7175 	 -1.47695 	 2.31395 	 -0.288734
1.72 	 -1.47689 	 2.31367 	 -0.288733
1.7225 	 -1.47682 	 2.31338 	 -0.288733
1.725 	 -1.47675 	 2.3131 	 -0.288732
1.7275 	 -1.47669 	 2.31282 	 -0.288732
1.73 	 -1.47662 	 2.31253 	 -0.288732
1.7325 	 -1.47655 	 2.31225 	 -0.288731
1.735 	 -1.47648 	 2.31197 	 -0.288731
1.7375 	 -1.47641 	 2.31168 	 -0.28873
1.74 	 -1.47635 	 2.31139 	 -0.28873
1.7425 	 -1.47628 	 2.31111 	 -0.28873
1.745 	 -1.47621 	 2.31082 	 -0.288729
1.7475 	 -1.47614 	 2.31054 	 -0.288729
1.75 	 -1.47607 	 2.31025 	 -0.288728
1.7525 	 -1.47601 	 2.30996 	 -0.288728
1.755 	 -1.47594 	 2.30967 	 -0.288728
1.7575 	 -1.47587 	 2.30938 	 -0.288727
1.76 	 -1.4758 	 2.3091 	 -0.288727
1.7625 	 -1.47573 	 2.30881 	 -0.288726
1.765 	 -1.47566 	 2.30852 	 -0.288726
1.7675 	 -1.47559 	 2.30823 	 -0.288726
1.77 	 -1.47552 	 2.30794 	 -0.288725
1.7725 	 -1.47546 	 2.30765 	 -0.288725
1.775 	 -1.47539 	 2.30736 	 -0.288724
1.7775 	 -1.47532 	 2.30706 	 -0.288724
1.78 	 -1.47525 	 2.30677 	 -0.288723
1.7825 	 -1.47518 	 2.30648 	 -0.288723
1.785 	 -1.47511 	 2.30619 	 -0.288723
1.7875 	 -1.47504 	 2.30589 	 -0.288722
1.79 	 -1.47497 	 2.3056 	 -0.288722
1.7925 	 -1.4749 	 2.30531 	 -0.288721
1.795 	 -1.47483 	 2.30501 	 -0.288721
1.7975 	 -1.47476 	 2.30472 	 -0.28872
1.8 	 -1.47469 	 2.30442 	 -0.28872
1.8025 	 -1.47462 	 2.30413 	 -0.28872
1.805 	 -1.47455 	 2.30383 	 -0.288719
1.8075 	 -1.47448 	 2.30353 	 -0.288719
1.81 	 -1.47441 	 2.30324 	 -0.288718
1.8125 	 -1.47433 	 2.30294 	 -0.288718
1.815 	 -1.47426 	 2.30264 	 -0.288717
1.8175 	 -1.47419 	 2.30234 	 -0.288717
1.82 	 -1.47412 	 2.30204 	 -0.288716
1.8225 	 -1.47405 	 2.30175 	 -0.288716
1.825 	 -1.47398 	 2.30145 	 -0.288716
1.8275 	 -1.47391 	 2.30115 	 -0.288715
1.83 	 -1.47384 	 2.30085 	 -0.288715
1.8325 	 -1.47377 	 2.30055 	 -0.288714
1.835 	 -1.47369 	 2.30025 	 -0.288714
1.8375 	 -1.47362 	 2.29994 	 -0.288713
1.84 	 -1.47355 	 2.29964 	 -0.288713
1.8425 	 -1.47348 	 2.29934 	 -0.288712
1.845 	 -1.47341 	 2.29904 	 -0.288712
1.8475 	 -1.47333 	 2.29873 	 -0.288712
1.85 	 -1.47326 	 2.29843 	 -0.288711
1.8525 	 -1.47319 	 2.29813 	 -0.288711
1.855 	 -1.47312 	 2.29782 	 -0.28871
1.8575 	 -1.47304 	 2.29752 	 -0.28871
1.86 	 -1.47297 	 2.29721 	 -0.288709
1.8625 	 -1.4729 	 2.29691 	 -0.288709
1.865 	 -1.47283 	 2.2966 	 -0.288708
1.8675 	 -1.47275 	 2.2963 	 -0.288708
1.87 	 -1.47268 	 2.29599 	 -0.288707
1.8725 	 -1.47261 	 2.29568 	 -0.288707
1.875 	 -1.47253 	 2.29537 	 -0.288707
1.8775 	 -1.47246 	 2.29507 	 -0.288706
1.88 	 -1.47239 	 2.29476 	 -0.288706
1.8825 	 -1.47231 	 2.29445 	 -0.288705
1.885 	 -1.47224 	 2.29414 	 -0.288705
1.8875 	 -1.47217 	 2.29383 	 -0.288704
1.89 	 -1.47209 	 2.29352 	 -0.288704
1.8925 	 -1.47202 	 2.29321 	 -0.288703
1.895 	 -1.47195 	 2.2929 	 -0.288703
1.8975 	 -1.47187 	 2.29259 	 -0.288702
1.9 	 -1.4718 	 2.29228 	 -0.288702
1.9025 	 -1.47172 	 2.29197 	 -0.288701
1.905 	 -1.47165 	 2.29165 	 -0.288701
1.9075 	 -1.47157 	 2.29134 	 -0.2887
1.91 	 -1.4715 	 2.29103 	 -0.2887
1.9125 	 -1.47142 	 2.29071 	 -0.288699
1.915 	 -1.47135 	 2.2904 	 -0.288699
1.9175 	 -1.47127 	 2.29009 	 -0.288698
1.92 	 -1.4712 	 2.28977 	 -0.288698
1.9225 	 -1.47112 	 2.28946 	 -0.288697
1.925 	 -1.47105 	 2.28914 	 -0.288697
1.9275 	 -1.47097 	 2.28882 	 -0.288696
1.93 	 -1.4709 	 2.28851 	 -0.288696
1.9325 	 -1.47082 	 2.28819 	 -0.288695
1.935 	 -1.47075 	 2.28787 	 -0.288695
1.9375 	 -1.47067 	 2.28756 	 -0.288694
1.94 	 -1.4706 	 2.28724 	 -0.288694
1.9425 	 -1.47052 	 2.28692 	 -0.288693
1.945 	 -1.47045 	 2.2866 	 -0.288693
1.9475 	 -1.47037 	 2.28628 	 -0.288692
1.95 	 -1.47029 	 2.28596 	 -0.288692
1.9525 	 -1.47022 	 2.28564 	 -0.288691
1.955 	 -1.47014 	 2.28532 	 -0.288691
1.9575 	 -1.47006 	 2.285 	 -0.28869
1.96 	 -1.46999 	 2.28468 	 -0.28869
1.9625 	 -1.46991 	 2.28436 	 -0.288689
1.965 	 -1.46983 	 2.28404 	 -0.288689
1.9675 	 -1.46976 	 2.28371 	 -0.288688
1.97 	 -1.46968 	 2.28339 	 -0.288688
1.9725 	 -1.4696 	 2.28307 	 -0.288687
1.975 	 -1.46953 	 2.28274 	 -0.288687
1.9775 	 -1.46945 	 2.28242 	 -0.288686
1.98 	 -1.46937 	 2.28209 	 -0.288686
1.9825 	 -1.46929 	 2.28177 	 -0.288685
1.985 	 -1.46922 	 2.28144 	 -0.288685
1.9875 	 -1.46914 	 2.28112 	 -0.288684
1.99 	 -1.46906 	 2.28079 	 -0.288684
1.9925 	 -1.46898 	 2.28047 	 -0.288683
1.995 	 -1.46891 	 2.28014 	 -0.288683
1.9975 	 -1.46883 	 2.27981 	 -0.288682
2 	 -1.46875 	 2.27948 	 -0.288682
2.0025 	 -1.46867 	 2.27915 	 -0.288681
2.005 	 -1.46859 	 2.27883 	 -0.288681
2.0075 	 -1.46852 	 2.2785 	 -0.288681
2.01 	 -1.46844 	 2.27817 	 -0.28868
2.0125 	 -1.46836 	 2.27784 	 -0.288679
2.015 	 -1.46828 	 2.27751 	 -0.288678
2.0175 	 -1.4682 	 2.27718 	 -0.288678
2.02 	 -1.46812 	 2.27685 	 -0.288677
2.0225 	 -1.46804 	 2.27651 	 -0.288677
2.025 	 -1.46796 	 2.27618 	 -0.288676
2.0275 	 -1.46788 	 2.27585 	 -0.288676
2.03 	 -1.46781 	 2.27552 	 -0.288675
2.0325 	 -1.46773 	 2.27518 	 -0.288675
2.035 	 -1.46765 	 2.27485 	 -0.288674
2.0375 	 -1.46757 	 2.27452 	 -0.288674
2.04 	 -1.46749 	 2.27418 	 -0.288673
2.0425 	 -1.46741 	 2.27385 	 -0.288673
2.045 	 -1.46733 	 2.27351 	 -0.288672
2.0475 	 -1.46725 	 2.27318 	 -0.288672
2.05 	 -1.46717 	 2.27285 	 -0.288671
2.0525 	 -1.46709 	 2.27251 	 -0.28867
2.055 	 -1.46701 	 2.27217 	 -0.28867
2.0575 	 -1.46693 	 2.27183 	 -0.288669
2.06 	 -1.46685 	 2.27149 	 -0.288669
2.0625 	 -1.46677 	 2.27116 	 -0.288668
2.065 	 -1.46669 	 2.27082 	 -0.288668
2.0675 	 -1.46661 	 2.27048 	 -0.288668
2.07 	 -1.46652 	 2.27014 	 -0.288667
2.0725 	 -1.46644 	 2.2698 	 -0.288666
2.075 	 -1.46636 	 2.26946 	 -0.288665
2.0775 	 -1.46628 	 2.26912 	 -0.288665
2.08 	 -1.4662 	 2.26878 	 -0.288664
2.0825 	 -1.46612 	 2.26844 	 -0.288664
2.085 	 -1.46604 	 2.2681 	 -0.288663
2.0875 	 -1.46596 	 2.26775 	 -0.288662
2.09 	 -1.46587 	 2.26742 	 -0.288662
2.0925 	 -1.46579 	 2.26707 	 -0.288661
2.095 	 -1.46571 	 2.26672 	 -0.288661
2.0975 	 -1.46563 	 2.26638 	 -0.28866
2.1 	 -1.46555 	 2.26604 	 -0.288659
2.1025 	 -1.46546 	 2.26569 	 -0.288659
2.105 	 -1.46538 	 2.26535 	 -0.288658
2.1075 	 -1.4653 	 2.265 	 -0.288658
2.11 	 -1.46522 	 2.26466 	 -0.288658
2.1125 	 -1.46514 	 2.26431 	 -0.288657
2.115 	 -1.46505 	 2.26396 	 -0.288656
2.1175 	 -1.46497 	 2.26362 	 -0.288655
2.12 	 -1.46489 	 2.26327 	 -0.288655
2.1225 	 -1.4648 	 2.26292 	 -0.288654
2.125 	 -1.46472 	 2.26257 	 -0.288654
2.1275 	 -1.46464 	 2.26223 	 -0.288653
2.13 	 -1.46456 	 2.26188 	 -0.288653
2.1325 	 -1.46447 	 2.26153 	 -0.288652
2.135 	 -1.46439 	 2.26118 	 -0.288651
2.1375 	 -1.46431 	 2.26083 	 -0.288651
2.14 	 -1.46422 	 2.26048 	 -0.28865
2.1425 	 -1.46414 	 2.26013 	 -0.288649
2.145 	 -1.46405 	 2.25977 	 -0.288649
2.1475 	 -1.46397 	 2.25942 	 -0.288648
2.15 	 -1.46389 	 2.25907 	 -0.288648
2.1525 	 -1.4638 	 2.25872 	 -0.288648
2.155 	 -1.46372 	 2.25836 	 -0.288646
2.1575 	 -1.46363 	 2.25801 	 -0.288646
2.16 	 -1.46355 	 2.25766 	 -0.288645
2.1625 	 -1.46347 	 2.2573 	 -0.288644
2.165 	 -1.46338 	 2.25695 	 -0.288644
2.1675 	 -1.4633 	 2.25659 	 -0.288643
2.17 	 -1.46321 	 2.25624 	 -0.288643
2.1725 	 -1.46313 	 2.25589 	 -0.288643
2.175 	 -1.46304 	 2.25553 	 -0.288641
2.1775 	 -1.46296 	 2.25517 	 -0.288641
2.18 	 -1.46287 	 2.25481 	 -0.28864
2.1825 	 -1.46279 	 2.25445 	 -0.288639
2.185 	 -1.4627 	 2.2541 	 -0.288639
2.1875 	 -1.46262 	 2.25374 	 -0.288638
2.19 	 -1.46253 	 2.25338 	 -0.288638
2.1925 	 -1.46244 	 2.25302 	 -0.288638
2.195 	 -1.46236 	 2.25267 	 -0.288637
2.1975 	 -1.46227 	 2.2523 	 -0.288636
2.2 	 -1.46219 	 2.25194 	 -0.288635
2.2025 	 -1.4621 	 2.25158 	 -0.288634
2.205 	 -1.46202 	 2.25122 	 -0.288634
2.2075 	 -1.46193 	 2.25086 	 -0.288633
2.21 	 -1.46184 	 2.2505 	 -0.288632
2.2125 	 -1.46176 	 2.25013 	 -0.288632
2.215 	 -1.46167 	 2.24977 	 -0.288632
2.2175 	 -1.46158 	 2.24941 	 -0.28863
2.22 	 -1.4615 	 2.24904 	 -0.28863
2.2225 	 -1.46141 	 2.24868 	 -0.288629
2.225 	 -1.46132 	 2.24831 	 -0.288628
2.2275 	 -1.46124 	 2.24795 	 -0.288628
2.23 	 -1.46115 	 2.24758 	 -0.288627
2.2325 	 -1.46106 	 2.24722 	 -0.288626
2.235 	 -1.46097 	 2.24686 	 -0.288626
2.2375 	 -1.46089 	 2.24649 	 -0.288625
2.24 	 -1.4608 	 2.24612 	 -0.288624
2.2425 	 -1.46071 	 2.24575 	 -0.288624
2.245 	 -1.46062 	 2.24539 	 -0.288623
2.2475 	 -1.46054 	 2.24502 	 -0.288622
2.25 	 -1.46045 	 2.24465 	 -0.288622
2.2525 	 -1.46036 	 2.24428 	 -0.288621
2.255 	 -1.46027 	 2.24391 	 -0.288621
2.2575 	 -1.46019 	 2.24355 	 -0.28862
2.26 	 -1.4601 	 2.24317 	 -0.288619
2.2625 	 -1.46001 	 2.2428 	 -0.288618
2.265 	 -1.45992 	 2.24243 	 -0.288618
2.2675 	 -1.45983 	 2.24206 	 -0.288617
2.27 	 -1.45974 	 2.24169 	 -0.288616
2.2725 	 -1.45965 	 2.24131 	 -0.288616
2.275 	 -1.45957 	 2.24094 	 -0.288615
2.2775 	 -1.45948 	 2.24057 	 -0.288615
2.28 	 -1.45939 	 2.2402 	 -0.288613
2.2825 	 -1.4593 	 2.23982 	 -0.288613
2.285 	 -1.45921 	 2.23945 	 -0.288612
2.2875 	 -1.45912 	 2.23907 	 -0.288611
2.29 	 -1.45903 	 2.2387 	 -0.288611
2.2925 	 -1.45894 	 2.23832 	 -0.28861
2.295 	 -1.45885 	 2.23795 	 -0.288609
2.2975 	 -1.45876 	 2.23757 	 -0.288609
2.3 	 -1.45867 	 2.23719 	 -0.288608
2.3025 	 -1.45858 	 2.23682 	 -0.288607
2.305 	 -1.45849 	 2.23644 	 -0.288606
2.3075 	 -1.4584 	 2.23606 	 -0.288606
2.31 	 -1.45831 	 2.23568 	 -0.288605
2.3125 	 -1.45822 	 2.2353 	 -0.288604
2.315 	 -1.45813 	 2.23493 	 -0.288604
2.3175 	 -1.45804 	 2.23455 	 -0.288604
2.32 	 -1.45795 	 2.23417 	 -0.288603
2.3225 	 -1.45786 	 2.23379 	 -0.288601
2.325 	 -1.45777 	 2.23341 	 -0.288601
2.3275 	 -1.45768 	 2.23302 	 -0.2886
2.33 	 -1.45759 	 2.23264 	 -0.288599
2.3325 	 -1.4575 	 2.23226 	 -0.288598
2.335 	 -1.4574 	 2.23188 	 -0.288598
2.3375 	 -1.45731 	 2.2315 	 -0.288597
2.34 	 -1.45722 	 2.23112 	 -0.288597
2.3425 	 -1.45713 	 2.23073 	 -0.288595
2.345 	 -1.45704 	 2.23035 	 -0.288595
2.3475 	 -1.45695 	 2.22996 	 -0.288594
2.35 	 -1.45686 	 2.22958 	 -0.288593
2.3525 	 -1.45676 	 2.22919 	 -0.288592
2.355 	 -1.45667 	 2.22881 	 -0.288592
2.3575 	 -1.45658 	 2.22842 	 -0.288591
2.36 	 -1.45649 	 2.22804 	 -0.288591
2.3625 	 -1.4564 	 2.22765 	 -0.288589
2.365 	 -1.4563 	 2.22726 	 -0.288589
2.3675 	 -1.45621 	 2.22687 	 -0.288588
2.37 	 -1.45612 	 2.22648 	 -0.288587
2.3725 	 -1.45603 	 2.2261 	 -0.288586
2.375 	 -1.45593 	 2.22571 	 -0.288586
2.3775 	 -1.45584 	 2.22532 	 -0.288585
2.38 	 -1.45575 	 2.22493 	 -0.288585
2.3825 	 -1.45565 	 2.22454 	 -0.288584
2.385 	 -1.45556 	 2.22415 	 -0.288583
2.3875 	 -1.45547 	 2.22376 	 -0.288582
2.39 	 -1.45537 	 2.22337 	 -0.288581
2.3925 	 -1.45528 	 2.22297 	 -0.28858
2.395 	 -1.45519 	 2.22258 	 -0.288579
2.3975 	 -1.45509 	 2.22219 	 -0.288579
2.4 	 -1.455 	 2.2218 	 -0.288578
2.4025 	 -1.45491 	 2.22141 	 -0.288578
2.405 	 -1.45481 	 2.22101 	 -0.288576
2.4075 	 -1.45472 	 2.22062 	 -0.288576
2.41 	 -1.45462 	 2.22022 	 -0.288575
2.4125 	 -1.45453 	 2.21983 	 -0.288574
2.415 	 -1.45444 	 2.21943 	 -0.288573
2.4175 	 -1.45434 	 2.21904 	 -0.288572
2.42 	 -1.45425 	 2.21864 	 -0.288572
2.4225 	 -1.45415 	 2.21825 	 -0.288572
2.425 	 -1.45406 	 2.21785 	 -0.28857
2.4275 	 -1.45396 	 2.21745 	 -0.288569
2.43 	 -1.45387 	 2.21705 	 -0.288568
2.4325 	 -1.45377 	 2.21665 	 -0.288568
2.435 	 -1.45368 	 2.21626 	 -0.288567
2.4375 	 -1.45358 	 2.21586 	 -0.288566
2.44 	 -1.45349 	 2.21546 	 -0.288565
2.4425 	 -1.45339 	 2.21506 	 -0.288565
2.445 	 -1.4533 	 2.21466 	 -0.288564
2.4475 	 -1.4532 	 2.21426 	 -0.288563
2.45 	 -1.45311 	 2.21386 	 -0.288562
2.4525 	 -1.45301 	 2.21345 	 -0.288561
2.455 	 -1.45291 	 2.21305 	 -0.28856
2.4575 	 -1.45282 	 2.21265 	 -0.288559
2.46 	 -1.45272 	 2.21225 	 -0.288558
2.4625 	 -1.45263 	 2.21184 	 -0.288558
2.465 	 -1.45253 	 2.21145 	 -0.288558
2.4675 	 -1.45243 	 2.21104 	 -0.288556
2.47 	 -1.45234 	 2.21063 	 -0.288555
2.4725 	 -1.45224 	 2.21023 	 -0.288554
2.475 	 -1.45214 	 2.20982 	 -0.288553
2.4775 	 -1.45205 	 2.20942 	 -0.288553
2.48 	 -1.45195 	 2.20901 	 -0.288552
2.4825 	 -1.45185 	 2.20861 	 -0.288551
2.485 	 -1.45176 	 2.2082 	 -0.288551
2.4875 	 -1.45166 	 2.20779 	 -0.288549
2.49 	 -1.45156 	 2.20739 	 -0.288548
2.4925 	 -1.45146 	 2.20698 	 -0.288547
2.495 	 -1.45137 	 2.20657 	 -0.288547
2.4975 	 -1.45127 	 2.20616 	 -0.288546
2.5 	 -1.45117 	 2.20575 	 -0.288545
2.5025 	 -1.45107 	 2.20534 	 -0.288544
2.505 	 -1.45098 	 2.20494 	 -0.288544
2.5075 	 -1.45088 	 2.20453 	 -0.288543
2.51 	 -1.45078 	 2.20411 	 -0.288541
2.5125 	 -1.45068 	 2.2037 	 -0.28854
2.515 	 -1.45058 	 2.20329 	 -0.28854
2.5175 	 -1.45049 	 2.20288 	 -0.288539
2.52 	 -1.45039 	 2.20246 	 -0.288538
2.5225 	 -1.45029 	 2.20205 	 -0.288537
2.525 	 -1.45019 	 2.20164 	 -0.288536
2.5275 	 -1.45009 	 2.20123 	 -0.288536
2.53 	 -1.44999 	 2.20081 	 -0.288534
2.5325 	 -1.44989 	 2.2004 	 -0.288533
2.535 	 -1.4498 	 2.19998 	 -0.288532
2.5375 	 -1.4497 	 2.19957 	 -0.288532
2.54 	 -1.4496 	 2.19915 	 -0.288531
2.5425 	 -1.4495 	 2.19874 	 -0.28853
2.545 	 -1.4494 	 2.19832 	 -0.288529
2.5475 	 -1.4493 	 2.19791 	 -0.288529
2.55 	 -1.4492 	 2.19748 	 -0.288527
2.5525 	 -1.4491 	 2.19707 	 -0.288526
2.555 	 -1.449 	 2.19665 	 -0.288525
2.5575 	 -1.4489 	 2.19623 	 -0.288524
2.56 	 -1.4488 	 2.19581 	 -0.288523
2.5625 	 -1.4487 	 2.19539 	 -0.288522
2.565 	 -1.4486 	 2.19497 	 -0.288521
2.5675 	 -1.4485 	 2.19455 	 -0.288521
2.57 	 -1.4484 	 2.19413 	 -0.28852
2.5725 	 -1.4483 	 2.19371 	 -0.288519
2.575 	 -1.4482 	 2.19329 	 -0.288518
2.5775 	 -1.4481 	 2.19287 	 -0.288517
2.58 	 -1.448 	 2.19245 	 -0.288516
2.5825 	 -1.4479 	 2.19202 	 -0.288515
2.585 	 -1.4478 	 2.1916 	 -0.288514
2.5875 	 -1.44769 	 2.19118 	 -0.288513
2.59 	 -1.44759 	 2.19076 	 -0.288512
2.5925 	 -1.44749 	 2.19033 	 -0.288511
2.595 	 -1.44739 	 2.18991 	 -0.28851
2.5975 	 -1.44729 	 2.18948 	 -0.288509
2.6 	 -1.44719 	 2.18906 	 -0.288508
2.6025 	 -1.44709 	 2.18863 	 -0.288507
2.605 	 -1.44698 	 2.1882 	 -0.288506
2.6075 	 -1.44688 	 2.18778 	 -0.288505
2.61 	 -1.44678 	 2.18735 	 -0.288504
2.6125 	 -1.44668 	 2.18692 	 -0.288503
2.615 	 -1.44658 	 2.1865 	 -0.288502
2.6175 	 -1.44647 	 2.18607 	 -0.288502
2.62 	 -1.44637 	 2.18564 	 -0.288501
2.6225 	 -1.44627 	 2.18521 	 -0.2885
2.625 	 -1.44617 	 2.18478 	 -0.288499
2.6275 	 -1.44606 	 2.18435 	 -0.288498
2.63 	 -1.44596 	 2.18392 	 -0.288497
2.6325 	 -1.44586 	 2.18349 	 -0.288496
2.635 	 -1.44576 	 2.18306 	 -0.288495
2.6375 	 -1.44565 	 2.18263 	 -0.288494
2.64 	 -1.44555 	 2.1822 	 -0.288493
2.6425 	 -1.44545 	 2.18176 	 -0.288492
2.645 	 -1.44534 	 2.18133 	 -0.288491
2.6475 	 -1.44524 	 2.1809 	 -0.28849
2.65 	 -1.44514 	 2.18047 	 -0.288489
2.6525 	 -1.44503 	 2.18003 	 -0.288488
2.655 	 -1.44493 	 2.1796 	 -0.288487
2.6575 	 -1.44483 	 2.17916 	 -0.288486
2.66 	 -1.44472 	 2.17873 	 -0.288485
2.6625 	 -1.44462 	 2.17829 	 -0.288484
2.665 	 -1.44451 	 2.17786 	 -0.288483
2.6675 	 -1.44441 	 2.17742 	 -0.288481
2.67 	 -1.44431 	 2.17698 	 -0.28848
2.6725 	 -1.4442 	 2.17655 	 -0.288479
2.675 	 -1.4441 	 2.17611 	 -0.288478
2.6775 	 -1.44399 	 2.17567 	 -0.288477
2.68 	 -1.44389 	 2.17523 	 -0.288476
2.6825 	 -1.44378 	 2.17479 	 -0.288475
2.685 	 -1.44368 	 2.17436 	 -0.288474
2.6875 	 -1.44357 	 2.17392 	 -0.288473
2.69 	 -1.44347 	 2.17348 	 -0.288472
2.6925 	 -1.44336 	 2.17304 	 -0.288471
2.695 	 -1.44326 	 2.1726 	 -0.28847
2.6975 	 -1.44315 	 2.17215 	 -0.288469
2.7 	 -1.44305 	 2.17171 	 -0.288468
2.7025 	 -1.44294 	 2.17127 	 -0.288467
2.705 	 -1.44284 	 2.17083 	 -0.288466
2.7075 	 -1.44273 	 2.17039 	 -0.288465
2.71 	 -1.44262 	 2.16994 	 -0.288464
2.7125 	 -1.44252 	 2.1695 	 -0.288463
2.715 	 -1.44241 	 2.16906 	 -0.288462
2.7175 	 -1.44231 	 2.16861 	 -0.28846
2.72 	 -1.4422 	 2.16817 	 -0.288459
2.7225 	 -1.44209 	 2.16772 	 -0.288458
2.725 	 -1.44199 	 2.16728 	 -0.288457
2.7275 	 -1.44188 	 2.16683 	 -0.288456
2.73 	 -1.44177 	 2.16638 	 -0.288455
2.7325 	 -1.44167 	 2.16594 	 -0.288454
2.735 	 -1.44156 	 2.16549 	 -0.288453
2.7375 	 -1.44145 	 2.16504 	 -0.288452
2.74 	 -1.44135 	 2.16459 	 -0.288451
2.7425 	 -1.44124 	 2.16415 	 -0.28845
2.745 	 -1.44113 	 2.1637 	 -0.288448
2.7475 	 -1.44103 	 2.16325 	 -0.288447
2.75 	 -1.44092 	 2.1628 	 -0.288446
2.7525 	 -1.44081 	 2.16235 	 -0.288445
2.755 	 -1.4407 	 2.1619 	 -0.288444
2.7575 	 -1.4406 	 2.16145 	 -0.288443
2.76 	 -1.44049 	 2.161 	 -0.288442
2.7625 	 -1.44038 	 2.16054 	 -0.288441
2.765 	 -1.44027 	 2.16009 	 -0.288439
2.7675 	 -1.44016 	 2.15964 	 -0.288438
2.77 	 -1.44006 	 2.15919 	 -0.288437
2.7725 	 -1.43995 	 2.15873 	 -0.288436
2.775 	 -1.43984 	 2.15828 	 -0.288435
2.7775 	 -1.43973 	 2.15783 	 -0.288434
2.78 	 -1.43962 	 2.15737 	 -0.288433
2.7825 	 -1.43951 	 2.15692 	 -0.288431
2.785 	 -1.4394 	 2.15646 	 -0.28843
2.7875 	 -1.4393 	 2.15601 	 -0.288429
2.79 	 -1.43919 	 2.15555 	 -0.288428
2.7925 	 -1.43908 	 2.15509 	 -0.288427
2.795 	 -1.43897 	 2.15464 	 -0.288426
2.7975 	 -1.43886 	 2.15418 	 -0.288425
2.8 	 -1.43875 	 2.15372 	 -0.288423
2.8025 	 -1.43864 	 2.15326 	 -0.288422
2.805 	 -1.43853 	 2.15281 	 -0.288421
2.8075 	 -1.43842 	 2.15235 	 -0.28842
2.81 	 -1.43831 	 2.15189 	 -0.288419
2.8125 	 -1.4382 	 2.15143 	 -0.288417
2.815 	 -1.43809 	 2.15097 	 -0.288416
2.8175 	 -1.43798 	 2.15051 	 -0.288415
2.82 	 -1.43787 	 2.15005 	 -0.288414
2.8225 	 -1.43776 	 2.14959 	 -0.288413
2.825 	 -1.43765 	 2.14912 	 -0.288412
2.8275 	 -1.43754 	 2.14866 	 -0.28841
2.83 	 -1.43743 	 2.1482 	 -0.288409
2.8325 	 -1.43732 	 2.14774 	 -0.288408
2.835 	 -1.43721 	 2.14727 	 -0.288407
2.8375 	 -1.4371 	 2.14681 	 -0.288405
2.84 	 -1.43699 	 2.14634 	 -0.288404
2.8425 	 -1.43688 	 2.14588 	 -0.288403
2.845 	 -1.43677 	 2.14542 	 -0.288402
2.8475 	 -1.43665 	 2.14495 	 -0.288401
2.85 	 -1.43654 	 2.14448 	 -0.288399
2.8525 	 -1.43643 	 2.14402 	 -0.288398
2.855 	 -1.43632 	 2.14355 	 -0.288397
2.8575 	 -1.43621 	 2.14308 	 -0.288396
2.86 	 -1.4361 	 2.14262 	 -0.288394
2.8625 	 -1.43599 	 2.14215 	 -0.288393
2.865 	 -1.43587 	 2.14168 	 -0.288392
2.8675 	 -1.43576 	 2.14121 	 -0.288391
2.87 	 -1.43565 	 2.14074 	 -0.288389
2.8725 	 -1.43554 	 2.14027 	 -0.288388
2.875 	 -1.43542 	 2.1398 	 -0.288387
2.8775 	 -1.43531 	 2.13933 	 -0.288386
2.88 	 -1.4352 	 2.13886 	 -0.288384
2.8825 	 -1.43509 	 2.13839 	 -0.288383
2.885 	 -1.43497 	 2.13792 	 -0.288382
2.8875 	 -1.43486 	 2.13745 	 -0.288381
2.89 	 -1.43475 	 2.13698 	 -0.288379
2.8925 	 -1.43464 	 2.1365 	 -0.288378
2.895 	 -1.43452 	 2.13603 	 -0.288377
2.8975 	 -1.43441 	 2.13556 	 -0.288375
2.9 	 -1.4343 	 2.13508 	 -0.288374
2.9025 	 -1.43418 	 2.13461 	 -0.288373
2.905 	 -1.43407 	 2.13414 	 -0.288372
2.9075 	 -1.43396 	 2.13366 	 -0.28837
2.91 	 -1.43384 	 2.13318 	 -0.288369
2.9125 	 -1.43373 	 2.13271 	 -0.288368
2.915 	 -1.43362 	 2.13223 	 -0.288366
2.9175 	 -1.4335 	 2.13176 	 -0.288365
2.92 	 -1.43339 	 2.13128 	 -0.288364
2.9225 	 -1.43327 	 2.1308 	 -0.288362
2.925 	 -1.43316 	 2.13032 	 -0.288361
2.9275 	 -1.43304 	 2.12985 	 -0.28836
2.93 	 -1.43293 	 2.12937 	 -0.288358
2.9325 	 -1.43282 	 2.12889 	 -0.288357
2.935 	 -1.4327 	 2.12841 	 -0.288356
2.9375 	 -1.43259 	 2.12793 	 -0.288354
2.94 	 -1.43247 	 2.12745 	 -0.288353
2.9425 	 -1.43236 	 2.12697 	 -0.288352
2.945 	 -1.43224 	 2.12649 	 -0.28835
2.9475 	 -1.43213 	 2.126 	 -0.288349
2.95 	 -1.43201 	 2.12552 	 -0.288348
2.9525 	 -1.4319 	 2.12504 	 -0.288346
2.955 	 -1.43178 	 2.12456 	 -0.288345
2.9575 	 -1.43167 	 2.12407 	 -0.288344
2.96 	 -1.43155 	 2.12359 	 -0.288342
2.9625 	 -1.43143 	 2.12311 	 -0.288341
2.965 	 -1.43132 	 2.12262 	 -0.288339
2.9675 	 -1.4312 	 2.12214 	 -0.288338
2.97 	 -1.43109 	 2.12165 	 -0.288337
2.9725 	 -1.43097 	 2.12117 	 -0.288335
2.975 	 -1.43085 	 2.12068 	 -0.288334
2.9775 	 -1.43074 	 2.1202 	 -0.288333
2.98 	 -1.43062 	 2.11971 	 -0.288331
2.9825 	 -1.43051 	 2.11922 	 -0.28833
2.985 	 -1.43039 	 2.11873 	 -0.288328
2.9875 	 -1.43027 	 2.11825 	 -0.288327
2.99 	 -1.43016 	 2.11776 	 -0.288325
2.9925 	 -1.43004 	 2.11727 	 -0.288324
2.995 	 -1.42992 	 2.11678 	 -0.288323
2.9975 	 -1.4298 	 2.11629 	 -0.288321
3 	 -1.42969 	 2.1158 	 -0.28832
3.0025 	 -1.42957 	 2.11531 	 -0.288318
3.005 	 -1.42945 	 2.11482 	 -0.288317
3.0075 	 -1.42934 	 2.11433 	 -0.288316
3.01 	 -1.42922 	 2.11384 	 -0.288314
3.0125 	 -1.4291 	 2.11334 	 -0.288313
3.015 	 -1.42898 	 2.11285 	 -0.288311
3.0175 	 -1.42886 	 2.11236 	 -0.28831
3.02 	 -1.42875 	 2.11187 	 -0.288308
3.0225 	 -1.42863 	 2.11137 	 -0.288307
3.025 	 -1.42851 	 2.11088 	 -0.288305
3.0275 	 -1.42839 	 2.11038 	 -0.288304
3.03 	 -1.42827 	 2.10989 	 -0.288302
3.0325 	 -1.42816 	 2.10939 	 -0.288301
3.035 	 -1.42804 	 2.1089 	 -0.288299
3.0375 	 -1.42792 	 2.1084 	 -0.288298
3.04 	 -1.4278 	 2.10791 	 -0.288297
3.0425 	 -1.42768 	 2.10741 	 -0.288295
3.045 	 -1.42756 	 2.10691 	 -0.288294
3.0475 	 -1.42744 	 2.10641 	 -0.288292
3.05 	 -1.42732 	 2.10592 	 -0.288291
3.0525 	 -1.42721 	 2.10542 	 -0.288289
3.055 	 -1.42709 	 2.10492 	 -0.288288
3.0575 	 -1.42697 	 2.10442 	 -0.288286
3.06 	 -1.42685 	 2.10392 	 -0.288285
3.0625 	 -1.42673 	 2.10342 	 -0.288283
3.065 	 -1.42661 	 2.10292 	 -0.288281
3.0675 	 -1.42649 	 2.10242 	 -0.28828
3.07 	 -1.42637 	 2.10192 	 -0.288278
3.0725 	 -1.42625 	 2.10142 	 -0.288277
3.075 	 -1.42613 	 2.10091 	 -0.288275
3.0775 	 -1.42601 	 2.10041 	 -0.288274
3.08 	 -1.42589 	 2.09991 	 -0.288272
3.0825 	 -1.42577 	 2.09941 	 -0.288271
3.085 	 -1.42565 	 2.0989 	 -0.288269
3.0875 	 -1.42553 	 2.0984 	 -0.288268
3.09 	 -1.42541 	 2.09789 	 -0.288266
3.0925 	 -1.42528 	 2.09739 	 -0.288265
3.095 	 -1.42516 	 2.09688 	 -0.288263
3.0975 	 -1.42504 	 2.09638 	 -0.288261
3.1 	 -1.42492 	 2.09587 	 -0.28826
3.1025 	 -1.4248 	 2.09536 	 -0.288258
3.105 	 -1.42468 	 2.09486 	 -0.288257
3.1075 	 -1.42456 	 2.09435 	 -0.288255
3.11 	 -1.42444 	 2.09384 	 -0.288253
3.1125 	 -1.42432 	 2.09333 	 -0.288252
3.115 	 -1.42419 	 2.09283 	 -0.28825
3.1175 	 -1.42407 	 2.09232 	 -0.288249
3.12 	 -1.42395 	 2.09181 	 -0.288247
3.1225 	 -1.42383 	 2.0913 	 -0.288245
3.125 	 -1.42371 	 2.09079 	 -0.288244
3.1275 	 -1.42358 	 2.09028 	 -0.288242
3.13 	 -1.42346 	 2.08977 	 -0.288241
3.1325 	 -1.42334 	 2.08926 	 -0.288239
3.135 	 -1.42322 	 2.08874 	 -0.288237
3.1375 	 -1.42309 	 2.08823 	 -0.288236
3.14 	 -1.42297 	 2.08772 	 -0.288234
3.1425 	 -1.42285 	 2.08721 	 -0.288232
3.145 	 -1.42273 	 2.08669 	 -0.288231
3.1475 	 -1.4226 	 2.08618 	 -0.288229
3.15 	 -1.42248 	 2.08566 	 -0.288227
3.1525 	 -1.42236 	 2.08515 	 -0.288226
3.155 	 -1.42223 	 2.08464 	 -0.288224
3.1575 	 -1.42211 	 2.08412 	 -0.288223
3.16 	 -1.42199 	 2.0836 	 -0.288221
3.1625 	 -1.42186 	 2.08309 	 -0.288219
3.165 	 -1.42174 	 2.08257 	 -0.288217
3.1675 	 -1.42162 	 2.08205 	 -0.288216
3.17 	 -1.42149 	 2.08154 	 -0.288214
3.1725 	 -1.42137 	 2.08102 	 -0.288212
3.175 	 -1.42125 	 2.0805 	 -0.288211
3.1775 	 -1.42112 	 2.07998 	 -0.288209
3.18 	 -1.421 	 2.07946 	 -0.288207
3.1825 	 -1.42087 	 2.07894 	 -0.288206
3.185 	 -1.42075 	 2.07842 	 -0.288204
3.1875 	 -1.42062 	 2.0779 	 -0.288202
3.19 	 -1.4205 	 2.07738 	 -0.2882
3.1925 	 -1.42037 	 2.07686 	 -0.288199
3.195 	 -1.42025 	 2.07634 	 -0.288197
3.1975 	 -1.42012 	 2.07582 	 -0.288195
3.2 	 -1.42 	 2.0753 	 -0.288194
3.2025 	 -1.41987 	 2.07477 	 -0.288192
3.205 	 -1.41975 	 2.07425 	 -0.28819
3.2075 	 -1.41962 	 2.07373 	 -0.288188
3.21 	 -1.4195 	 2.0732 	 -0.288187
3.2125 	 -1.41937 	 2.07268 	 -0.288185
3.215 	 -1.41925 	 2.07216 	 -0.288183
3.2175 	 -1.41912 	 2.07163 	 -0.288181
3.22 	 -1.419 	 2.07111 	 -0.288179
3.2225 	 -1.41887 	 2.07058 	 -0.288178
3.225 	 -1.41875 	 2.07005 	 -0.288176
3.2275 	 -1.41862 	 2.06953 	 -0.288174
3.23 	 -1.41849 	 2.069 	 -0.288172
3.2325 	 -1.41837 	 2.06847 	 -0.288171
3.235 	 -1.41824 	 2.06794 	 -0.288169
3.2375 	 -1.41811 	 2.06742 	 -0.288167
3.24 	 -1.41799 	 2.06689 	 -0.288165
3.2425 	 -1.41786 	 2.06636 	 -0.288163
3.245 	 -1.41773 	 2.06583 	 -0.288162
3.2475 	 -1.41761 	 2.0653 	 -0.28816
3.25 	 -1.41748 	 2.06477 	 -0.288158
3.2525 	 -1.41735 	 2.06424 	 -0.288156
3.255 	 -1.41723 	 2.06371 	 -0.288154
3.2575 	 -1.4171 	 2.06318 	 -0.288152
3.26 	 -1.41697 	 2.06264 	 -0.288151
3.2625 	 -1.41684 	 2.06211 	 -0.288149
3.265 	 -1.41672 	 2.06158 	 -0.288147
3.2675 	 -1.41659 	 2.06105 	 -0.288145
3.27 	 -1.41646 	 2.06051 	 -0.288143
3.2725 	 -1.41633 	 2.05998 	 -0.288141
3.275 	 -1.41621 	 2.05945 	 -0.288139
3.2775 	 -1.41608 	 2.05891 	 -0.288137
3.28 	 -1.41595 	 2.05838 	 -0.288136
3.2825 	 -1.41582 	 2.05784 	 -0.288134
3.285 	 -1.41569 	 2.0573 	 -0.288132
3.2875 	 -1.41557 	 2.05677 	 -0.28813
3.29 	 -1.41544 	 2.05623 	 -0.288128
3.2925 	 -1.41531 	 2.05569 	 -0.288126
3.295 	 -1.41518 	 2.05516 	 -0.288124
3.2975 	 -1.41505 	 2.05462 	 -0.288122
3.3 	 -1.41492 	 2.05408 	 -0.28812
3.3025 	 -1.41479 	 2.05354 	 -0.288118
3.305 	 -1.41466 	 2.053 	 -0.288117
3.3075 	 -1.41453 	 2.05246 	 -0.288115
3.31 	 -1.41441 	 2.05192 	 -0.288113
3.3125 	 -1.41428 	 2.05138 	 -0.288111
3.315 	 -1.41415 	 2.05084 	 -0.288109
3.3175 	 -1.41402 	 2.0503 	 -0.288107
3.32 	 -1.41389 	 2.04976 	 -0.288105
3.3225 	 -1.41376 	 2.04922 	 -0.288103
3.325 	 -1.41363 	 2.04868 	 -0.288101
3.3275 	 -1.4135 	 2.04813 	 -0.288099
3.33 	 -1.41337 	 2.04759 	 -0.288097
3.3325 	 -1.41324 	 2.04705 	 -0.288095
3.335 	 -1.41311 	 2.0465 	 -0.288093
3.3375 	 -1.41298 	 2.04596 	 -0.288091
3.34 	 -1.41285 	 2.04541 	 -0.288089
3.3425 	 -1.41272 	 2.04487 	 -0.288087
3.345 	 -1.41259 	 2.04432 	 -0.288085
3.3475 	 -1.41246 	 2.04378 	 -0.288083
3.35 	 -1.41232 	 2.04323 	 -0.288081
3.3525 	 -1.41219 	 2.04268 	 -0.288079
3.355 	 -1.41206 	 2.04214 	 -0.288077
3.3575 	 -1.41193 	 2.04159 	 -0.288075
3.36 	 -1.4118 	 2.04104 	 -0.288073
3.3625 	 -1.41167 	 2.04049 	 -0.288071
3.365 	 -1.41154 	 2.03995 	 -0.288069
3.3675 	 -1.41141 	 2.0394 	 -0.288067
3.37 	 -1.41127 	 2.03885 	 -0.288065
3.3725 	 -1.41114 	 2.0383 	 -0.288063
3.375 	 -1.41101 	 2.03775 	 -0.288061
3.3775 	 -1.41088 	 2.0372 	 -0.288059
3.38 	 -1.41075 	 2.03664 	 -0.288056
3.3825 	 -1.41061 	 2.03609 	 -0.288054
3.385 	 -1.41048 	 2.03554 	 -0.288052
3.3875 	 -1.41035 	 2.03499 	 -0.28805
3.39 	 -1.41022 	 2.03444 	 -0.288048
3.3925 	 -1.41009 	 2.03388 	 -0.288046
3.395 	 -1.40995 	 2.03333 	 -0.288044
3.3975 	 -1.40982 	 2.03278 	 -0.288042
3.4 	 -1.40969 	 2.03222 	 -0.28804
3.4025 	 -1.40955 	 2.03167 	 -0.288038
3.405 	 -1.40942 	 2.03111 	 -0.288035
3.4075 	 -1.40929 	 2.03056 	 -0.288033
3.41 	 -1.40916 	 2.03 	 -0.288031
3.4125 	 -1.40902 	 2.02944 	 -0.288029
3.415 	 -1.40889 	 2.02889 	 -0.288027
3.4175 	 -1.40876 	 2.02833 	 -0.288025
3.42 	 -1.40862 	 2.02777 	 -0.288023
3.4225 	 -1.40849 	 2.02722 	 -0.28802
3.425 	 -1.40835 	 2.02666 	 -0.288018
3.4275 	 -1.40822 	 2.0261 	 -0.288016
3.43 	 -1.40809 	 2.02554 	 -0.288014
3.4325 	 -1.40795 	 2.02498 	 -0.288012
3.435 	 -1.40782 	 2.02442 	 -0.288009
3.4375 	 -1.40768 	 2.02386 	 -0.288007
3.44 	 -1.40755 	 2.0233 	 -0.288005
3.4425 	 -1.40742 	 2.02274 	 -0.288003
3.445 	 -1.40728 	 2.02218 	 -0.288001
3.4475 	 -1.40715 	 2.02161 	 -0.287998
3.45 	 -1.40701 	 2.02105 	 -0.287996
3.4525 	 -1.40688 	 2.02049 	 -0.287994
3.455 	 -1.40674 	 2.01993 	 -0.287992
3.4575 	 -1.40661 	 2.01936 	 -0.287989
3.46 	 -1.40647 	 2.0188 	 -0.287987
3.4625 	 -1.40634 	 2.01823 	 -0.287985
3.465 	 -1.4062 	 2.01767 	 -0.287983
3.4675 	 -1.40607 	 2.0171 	 -0.28798
3.47 	 -1.40593 	 2.01654 	 -0.287978
3.4725 	 -1.40579 	 2.01597 	 -0.287976
3.475 	 -1.40566 	 2.01541 	 -0.287974
3.4775 	 -1.40552 	 2.01484 	 -0.287971
3.48 	 -1.40539 	 2.01427 	 -0.287969
3.4825 	 -1.40525 	 2.01371 	 -0.287967
3.485 	 -1.40512 	 2.01314 	 -0.287964
3.4875 	 -1.40498 	 2.01257 	 -0.287962
3.49 	 -1.40484 	 2.012 	 -0.28796
3.4925 	 -1.40471 	 2.01143 	 -0.287958
3.495 	 -1.40457 	 2.01086 	 -0.287955
3.4975 	 -1.40443 	 2.01029 	 -0.287953
3.5 	 -1.4043 	 2.00972 	 -0.287951
3.5025 	 -1.40416 	 2.00915 	 -0.287948
3.505 	 -1.40402 	 2.00858 	 -0.287946
3.5075 	 -1.40389 	 2.00801 	 -0.287943
3.51 	 -1.40375 	 2.00744 	 -0.287941
3.5125 	 -1.40361 	 2.00686 	 -0.287939
3.515 	 -1.40347 	 2.00629 	 -0.287936
3.5175 	 -1.40334 	 2.00572 	 -0.287934
3.52 	 -1.4032 	 2.00515 	 -0.287932
3.5225 	 -1.40306 	 2.00457 	 -0.287929
3.525 	 -1.40292 	 2.004 	 -0.287927
3.5275 	 -1.40279 	 2.00342 	 -0.287924
3.53 	 -1.40265 	 2.00285 	 -0.287922
3.5325 	 -1.40251 	 2.00227 	 -0.28792
3.535 	 -1.40237 	 2.0017 	 -0.287917
3.5375 	 -1.40224 	 2.00112 	 -0.287915
3.54 	 -1.4021 	 2.00054 	 -0.287912
3.5425 	 -1.40196 	 1.99997 	 -0.28791
3.545 	 -1.40182 	 1.99939 	 -0.287907
3.5475 	 -1.40168 	 1.99881 	 -0.287905
3.55 	 -1.40154 	 1.99823 	 -0.287903
3.5525 	 -1.4014 	 1.99765 	 -0.2879
3.555 	 -1.40127 	 1.99708 	 -0.287898
3.5575 	 -1.40113 	 1.9965 	 -0.287895
3.56 	 -1.40099 	 1.99592 	 -0.287893
3.5625 	 -1.40085 	 1.99534 	 -0.28789
3.565 	 -1.40071 	 1.99475 	 -0.287888
3.5675 	 -1.40057 	 1.99417 	 -0.287885
3.57 	 -1.40043 	 1.99359 	 -0.287883
3.5725 	 -1.40029 	 1.99301 	 -0.28788
3.575 	 -1.40015 	 1.99243 	 -0.287878
3.5775 	 -1.40001 	 1.99185 	 -0.287875
3.58 	 -1.39987 	 1.99126 	 -0.287873
3.5825 	 -1.39973 	 1.99068 	 -0.28787
3.585 	 -1.39959 	 1.9901 	 -0.287868
3.5875 	 -1.39945 	 1.98951 	 -0.287865
3.59 	 -1.39931 	 1.98893 	 -0.287862
3.5925 	 -1.39917 	 1.98834 	 -0.28786
3.595 	 -1.39903 	 1.98776 	 -0.287857
3.5975 	 -1.39889 	 1.98717 	 -0.287855
3.6 	 -1.39875 	 1.98658 	 -0.287852
3.6025 	 -1.39861 	 1.986 	 -0.28785
3.605 	 -1.39847 	 1.98541 	 -0.287847
3.6075 	 -1.39833 	 1.98482 	 -0.287844
3.61 	 -1.39819 	 1.98423 	 -0.287842
3.6125 	 -1.39805 	 1.98365 	 -0.287839
3.615 	 -1.3979 	 1.98306 	 -0.287837
3.6175 	 -1.39776 	 1.98247 	 -0.287834
3.62 	 -1.39762 	 1.98188 	 -0.287831
3.6225 	 -1.39748 	 1.98129 	 -0.287829
3.625 	 -1.39734 	 1.9807 	 -0.287826
3.6275 	 -1.3972 	 1.98011 	 -0.287823
3.63 	 -1.39706 	 1.97952 	 -0.287821
3.6325 	 -1.39691 	 1.97893 	 -0.287818
3.635 	 -1.39677 	 1.97833 	 -0.287815
3.6375 	 -1.39663 	 1.97774 	 -0.287813
3.64 	 -1.39649 	 1.97715 	 -0.28781
3.6425 	 -1.39635 	 1.97656 	 -0.287807
3.645 	 -1.3962 	 1.97596 	 -0.287805
3.6475 	 -1.39606 	 1.97537 	 -0.287802
3.65 	 -1.39592 	 1.97478 	 -0.287799
3.6525 	 -1.39578 	 1.97418 	 -0.287797
3.655 	 -1.39563 	 1.97359 	 -0.287794
3.6575 	 -1.39549 	 1.97299 	 -0.287791
3.66 	 -1.39535 	 1.97239 	 -0.287788
3.6625 	 -1.3952 	 1.9718 	 -0.287786
3.665 	 -1.39506 	 1.9712 	 -0.287783
3.6675 	 -1.39492 	 1.9706 	 -0.28778
3.67 	 -1.39477 	 1.97001 	 -0.287777
3.6725 	 -1.39463 	 1.96941 	 -0.287775
3.675 	 -1.39449 	 1.96881 	 -0.287772
3.6775 	 -1.39434 	 1.96821 	 -0.287769
3.68 	 -1.3942 	 1.96761 	 -0.287766
3.6825 	 -1.39406 	 1.96701 	 -0.287763
3.685 	 -1.39391 	 1.96641 	 -0.287761
3.6875 	 -1.39377 	 1.96581 	 -0.287758
3.69 	 -1.39362 	 1.96521 	 -0.287755
3.6925 	 -1.39348 	 1.96461 	 -0.287752
3.695 	 -1.39334 	 1.96401 	 -0.287749
3.6975 	 -1.39319 	 1.96341 	 -0.287746
3.7 	 -1.39305 	 1.96281 	 -0.287744
3.7025 	 -1.3929 	 1.9622 	 -0.287741
3.705 	 -1.39276 	 1.9616 	 -0.287738
3.7075 	 -1.39261 	 1.961 	 -0.287735
3.71 	 -1.39247 	 1.96039 	 -0.287732
3.7125 	 -1.39232 	 1.95979 	 -0.287729
3.715 	 -1.39218 	 1.95919 	 -0.287726
3.7175 	 -1.39203 	 1.95858 	 -0.287724
3.72 	 -1.39189 	 1.95798 	 -0.287721
3.7225 	 -1.39174 	 1.95737 	 -0.287718
3.725 	 -1.3916 	 1.95676 	 -0.287715
3.7275 	 -1.39145 	 1.95616 	 -0.287712
3.73 	 -1.39131 	 1.95555 	 -0.287709
3.7325 	 -1.39116 	 1.95494 	 -0.287706
3.735 	 -1.39101 	 1.95434 	 -0.287703
3.7375 	 -1.39087 	 1.95373 	 -0.2877
3.74 	 -1.39072 	 1.95312 	 -0.287697
3.7425 	 -1.39058 	 1.95251 	 -0.287694
3.745 	 -1.39043 	 1.9519 	 -0.287691
3.7475 	 -1.39028 	 1.95129 	 -0.287688
3.75 	 -1.39014 	 1.95068 	 -0.287685
3.7525 	 -1.38999 	 1.95007 	 -0.287682
3.755 	 -1.38984 	 1.94946 	 -0.287679
3.7575 	 -1.3897 	 1.94885 	 -0.287676
3.76 	 -1.38955 	 1.94824 	 -0.287673
3.7625 	 -1.3894 	 1.94762 	 -0.28767
3.765 	 -1.38926 	 1.94701 	 -0.287667
3.7675 	 -1.38911 	 1.9464 	 -0.287664
3.77 	 -1.38896 	 1.94579 	 -0.287661
3.7725 	 -1.38881 	 1.94517 	 -0.287658
3.775 	 -1.38867 	 1.94456 	 -0.287655
3.7775 	 -1.38852 	 1.94394 	 -0.287652
3.78 	 -1.38837 	 1.94333 	 -0.287649
3.7825 	 -1.38822 	 1.94271 	 -0.287646
3.785 	 -1.38808 	 1.9421 	 -0.287643
3.7875 	 -1.38793 	 1.94148 	 -0.28764
3.79 	 -1.38778 	 1.94087 	 -0.287636
3.7925 	 -1.38763 	 1.94025 	 -0.287633
3.795 	 -1.38748 	 1.93963 	 -0.28763
3.7975 	 -1.38734 	 1.93901 	 -0.287627
3.8 	 -1.38719 	 1.9384 	 -0.287624
3.8025 	 -1.38704 	 1.93778 	 -0.287621
3.805 	 -1.38689 	 1.93716 	 -0.287618
3.8075 	 -1.38674 	 1.93654 	 -0.287614
3.81 	 -1.38659 	 1.93592 	 -0.287611
3.8125 	 -1.38644 	 1.9353 	 -0.287608
3.815 	 -1.3863 	 1.93468 	 -0.287605
3.8175 	 -1.38615 	 1.93406 	 -0.287602
3.82 	 -1.386 	 1.93344 	 -0.287599
3.8225 	 -1.38585 	 1.93282 	 -0.287595
3.825 	 -1.3857 	 1.93219 	 -0.287592
3.8275 	 -1.38555 	 1.93157 	 -0.287589
3.83 	 -1.3854 	 1.93095 	 -0.287586
3.8325 	 -1.38525 	 1.93033 	 -0.287582
3.835 	 -1.3851 	 1.9297 	 -0.287579
3.8375 	 -1.38495 	 1.92908 	 -0.287576
3.84 	 -1.3848 	 1.92845 	 -0.287573
3.8425 	 -1.38465 	 1.92783 	 -0.287569
3.845 	 -1.3845 	 1.9272 	 -0.287566
3.8475 	 -1.38435 	 1.92658 	 -0.287563
3.85 	 -1.3842 	 1.92595 	 -0.287559
3.8525 	 -1.38405 	 1.92533 	 -0.287556
3.855 	 -1.3839 	 1.9247 	 -0.287553
3.8575 	 -1.38375 	 1.92407 	 -0.28755
3.86 	 -1.3836 	 1.92344 	 -0.287546
3.8625 	 -1.38345 	 1.92282 	 -0.287543
3.865 	 -1.3833 	 1.92219 	 -0.28754
3.8675 	 -1.38314 	 1.92156 	 -0.287536
3.87 	 -1.38299 	 1.92093 	 -0.287533
3.8725 	 -1.38284 	 1.9203 	 -0.287529
3.875 	 -1.38269 	 1.91967 	 -0.287526
3.8775 	 -1.38254 	 1.91904 	 -0.287523
3.88 	 -1.38239 	 1.91841 	 -0.287519
3.8825 	 -1.38224 	 1.91778 	 -0.287516
3.885 	 -1.38208 	 1.91715 	 -0.287512
3.8875 	 -1.38193 	 1.91652 	 -0.287509
3.89 	 -1.38178 	 1.91588 	 -0.287506
3.8925 	 -1.38163 	 1.91525 	 -0.287502
3.895 	 -1.38148 	 1.91462 	 -0.287499
3.8975 	 -1.38132 	 1.91398 	 -0.287495
3.9 	 -1.38117 	 1.91335 	 -0.287492
3.9025 	 -1.38102 	 1.91272 	 -0.287488
3.905 	 -1.38087 	 1.91208 	 -0.287485
3.9075 	 -1.38071 	 1.91145 	 -0.287481
3.91 	 -1.38056 	 1.91081 	 -0.287478
3.9125 	 -1.38041 	 1.91017 	 -0.287474
3.915 	 -1.38026 	 1.90954 	 -0.287471
3.9175 	 -1.3801 	 1.9089 	 -0.287467
3.92 	 -1.37995 	 1.90826 	 -0.287464
3.9225 	 -1.3798 	 1.90763 	 -0.28746
3.925 	 -1.37964 	 1.90699 	 -0.287457
3.9275 	 -1.37949 	 1.90635 	 -0.287453
3.93 	 -1.37934 	 1.90571 	 -0.28745
3.9325 	 -1.37918 	 1.90507 	 -0.287446
3.935 	 -1.37903 	 1.90443 	 -0.287442
3.9375 	 -1.37888 	 1.90379 	 -0.287439
3.94 	 -1.37872 	 1.90315 	 -0.287435
3.9425 	 -1.37857 	 1.90251 	 -0.287432
3.945 	 -1.37841 	 1.90187 	 -0.287428
3.9475 	 -1.37826 	 1.90123 	 -0.287424
3.95 	 -1.37811 	 1.90059 	 -0.287421
3.9525 	 -1.37795 	 1.89995 	 -0.287417
3.955 	 -1.3778 	 1.89931 	 -0.287414
3.9575 	 -1.37764 	 1.89866 	 -0.28741
3.96 	 -1.37749 	 1.89802 	 -0.287406
3.9625 	 -1.37733 	 1.89738 	 -0.287402
3.965 	 -1.37718 	 1.89673 	 -0.287399
3.9675 	 -1.37702 	 1.89609 	 -0.287395
3.97 	 -1.37687 	 1.89544 	 -0.287391
3.9725 	 -1.37671 	 1.8948 	 -0.287388
3.975 	 -1.37656 	 1.89415 	 -0.287384
3.9775 	 -1.3764 	 1.89351 	 -0.28738
3.98 	 -1.37625 	 1.89286 	 -0.287376
3.9825 	 -1.37609 	 1.89221 	 -0.287373
3.985 	 -1.37594 	 1.89156 	 -0.287369
3.9875 	 -1.37578 	 1.89092 	 -0.287365
3.99 	 -1.37562 	 1.89027 	 -0.287361
3.9925 	 -1.37547 	 1.88962 	 -0.287358
3.995 	 -1.37531 	 1.88897 	 -0.287354
3.9975 	 -1.37516 	 1.88832 	 -0.28735
4 	 -1.375 	 1.88767 	 -0.287346
4.0025 	 -1.37484 	 1.88702 	 -0.287342
4.005 	 -1.37469 	 1.88637 	 -0.287339
4.0075 	 -1.37453 	 1.88572 	 -0.287335
4.01 	 -1.37437 	 1.88507 	 -0.287335
4.0125 	 -1.37422 	 1.88442 	 -0.287327
4.015 	 -1.37406 	 1.88377 	 -0.287327
4.0175 	 -1.3739 	 1.88311 	 -0.287319
4.02 	 -1.37375 	 1.88246 	 -0.287315
4.0225 	 -1.37359 	 1.88181 	 -0.287311
4.025 	 -1.37343 	 1.88116 	 -0.287308
4.0275 	 -1.37328 	 1.8805 	 -0.287304
4.03 	 -1.37312 	 1.87985 	 -0.2873
4.0325 	 -1.37296 	 1.8792 	 -0.2873
4.035 	 -1.3728 	 1.87854 	 -0.287292
4.0375 	 -1.37265 	 1.87789 	 -0.287292
4.04 	 -1.37249 	 1.87723 	 -0.287284
4.0425 	 -1.37233 	 1.87657 	 -0.28728
4.045 	 -1.37217 	 1.87591 	 -0.287276
4.0475 	 -1.37201 	 1.87526 	 -0.287272
4.05 	 -1.37186 	 1.8746 	 -0.287268
4.0525 	 -1.3717 	 1.87394 	 -0.287264
4.055 	 -1.37154 	 1.87329 	 -0.287264
4.0575 	 -1.37138 	 1.87262 	 -0.287256
4.06 	 -1.37122 	 1.87196 	 -0.287252
4.0625 	 -1.37106 	 1.87131 	 -0.287248
4.065 	 -1.3709 	 1.87065 	 -0.287244
4.0675 	 -1.37075 	 1.86999 	 -0.28724
4.07 	 -1.37059 	 1.86932 	 -0.287235
4.0725 	 -1.37043 	 1.86867 	 -0.287235
4.075 	 -1.37027 	 1.868 	 -0.287227
4.0775 	 -1.37011 	 1.86734 	 -0.287227
4.08 	 -1.36995 	 1.86668 	 -0.287219
4.0825 	 -1.36979 	 1.86602 	 -0.287215
4.085 	 -1.36963 	 1.86535 	 -0.287211
4.0875 	 -1.36947 	 1.86469 	 -0.287207
4.09 	 -1.36931 	 1.86403 	 -0.287202
4.0925 	 -1.36915 	 1.86336 	 -0.287198
4.095 	 -1.36899 	 1.8627 	 -0.287198
4.0975 	 -1.36883 	 1.86203 	 -0.28719
4.1 	 -1.36867 	 1.86137 	 -0.28719
4.1025 	 -1.36851 	 1.8607 	 -0.287181
4.105 	 -1.36835 	 1.86003 	 -0.287177
4.1075 	 -1.36819 	 1.85937 	 -0.287173
4.11 	 -1.36803 	 1.8587 	 -0.287169
4.1125 	 -1.36787 	 1.85803 	 -0.287164
4.115 	 -1.36771 	 1.85737 	 -0.28716
4.1175 	 -1.36755 	 1.8567 	 -0.28716
4.12 	 -1.36739 	 1.85603 	 -0.287152
4.1225 	 -1.36723 	 1.85536 	 -0.287147
4.125 	 -1.36707 	 1.85469 	 -0.287143
4.1275 	 -1.3669 	 1.85402 	 -0.287139
4.13 	 -1.36674 	 1.85335 	 -0.287134
4.1325 	 -1.36658 	 1.85268 	 -0.28713
4.135 	 -1.36642 	 1.85202 	 -0.28713
4.1375 	 -1.36626 	 1.85134 	 -0.287121
4.14 	 -1.3661 	 1.85067 	 -0.287121
4.1425 	 -1.36594 	 1.85 	 -0.287113
4.145 	 -1.36577 	 1.84932 	 -0.287108
4.1475 	 -1.36561 	 1.84865 	 -0.287104
4.15 	 -1.36545 	 1.84798 	 -0.287099
4.1525 	 -1.36529 	 1.84731 	 -0.287095
4.155 	 -1.36512 	 1.84663 	 -0.28709
4.1575 	 -1.36496 	 1.84596 	 -0.28709
4.16 	 -1.3648 	 1.84528 	 -0.287082
4.1625 	 -1.36464 	 1.84461 	 -0.287082
4.165 	 -1.36447 	 1.84393 	 -0.287073
4.1675 	 -1.36431 	 1.84326 	 -0.287068
4.17 	 -1.36415 	 1.84258 	 -0.287064
4.1725 	 -1.36399 	 1.8419 	 -0.287059
4.175 	 -1.36382 	 1.84123 	 -0.287055
4.1775 	 -1.36366 	 1.84055 	 -0.28705
4.18 	 -1.3635 	 1.83987 	 -0.28705
4.1825 	 -1.36333 	 1.83919 	 -0.287041
4.185 	 -1.36317 	 1.83851 	 -0.287036
4.1875 	 -1.36301 	 1.83784 	 -0.287032
4.19 	 -1.36284 	 1.83716 	 -0.287027
4.1925 	 -1.36268 	 1.83648 	 -0.287023
4.195 	 -1.36252 	 1.8358 	 -0.287018
4.1975 	 -1.36235 	 1.83512 	 -0.287018
4.2 	 -1.36219 	 1.83443 	 -0.287009
4.2025 	 -1.36202 	 1.83376 	 -0.287009
4.205 	 -1.36186 	 1.83307 	 -0.286999
4.2075 	 -1.36169 	 1.83239 	 -0.286995
4.21 	 -1.36153 	 1.83171 	 -0.28699
4.2125 	 -1.36137 	 1.83102 	 -0.286985
4.215 	 -1.3612 	 1.83034 	 -0.286981
4.2175 	 -1.36104 	 1.82966 	 -0.286976
4.22 	 -1.36087 	 1.82898 	 -0.286976
4.2225 	 -1.36071 	 1.82829 	 -0.286966
4.225 	 -1.36054 	 1.82761 	 -0.286966
4.2275 	 -1.36038 	 1.82692 	 -0.286957
4.23 	 -1.36021 	 1.82623 	 -0.286952
4.2325 	 -1.36005 	 1.82555 	 -0.286947
4.235 	 -1.35988 	 1.82486 	 -0.286943
4.2375 	 -1.35972 	 1.82417 	 -0.286938
4.24 	 -1.35955 	 1.82349 	 -0.286933
4.2425 	 -1.35938 	 1.8228 	 -0.286933
4.245 	 -1.35922 	 1.82211 	 -0.286923
4.2475 	 -1.35905 	 1.82142 	 -0.286918
4.25 	 -1.35889 	 1.82073 	 -0.286913
4.2525 	 -1.35872 	 1.82005 	 -0.286909
4.255 	 -1.35855 	 1.81936 	 -0.286904
4.2575 	 -1.35839 	 1.81867 	 -0.286899
4.26 	 -1.35822 	 1.81798 	 -0.286899
4.2625 	 -1.35806 	 1.81728 	 -0.286889
4.265 	 -1.35789 	 1.8166 	 -0.286889
4.2675 	 -1.35772 	 1.8159 	 -0.286879
4.27 	 -1.35756 	 1.81521 	 -0.286874
4.2725 	 -1.35739 	 1.81452 	 -0.286869
4.275 	 -1.35722 	 1.81383 	 -0.286864
4.2775 	 -1.35705 	 1.81313 	 -0.286859
4.28 	 -1.35689 	 1.81244 	 -0.286854
4.2825 	 -1.35672 	 1.81175 	 -0.286854
4.285 	 -1.35655 	 1.81105 	 -0.286844
4.2875 	 -1.35639 	 1.81036 	 -0.286839
4.29 	 -1.35622 	 1.80966 	 -0.286834
4.2925 	 -1.35605 	 1.80897 	 -0.286829
4.295 	 -1.35588 	 1.80827 	 -0.286824
4.2975 	 -1.35571 	 1.80758 	 -0.286819
4.3 	 -1.35555 	 1.80688 	 -0.286814
4.3025 	 -1.35538 	 1.80618 	 -0.286808
4.305 	 -1.35521 	 1.80549 	 -0.286808
4.3075 	 -1.35504 	 1.80479 	 -0.286798
4.31 	 -1.35487 	 1.80409 	 -0.286793
4.3125 	 -1.35471 	 1.80339 	 -0.286788
4.315 	 -1.35454 	 1.80269 	 -0.286783
4.3175 	 -1.35437 	 1.80199 	 -0.286777
4.32 	 -1.3542 	 1.80129 	 -0.286772
4.3225 	 -1.35403 	 1.8006 	 -0.286772
4.325 	 -1.35386 	 1.79989 	 -0.286762
4.3275 	 -1.35369 	 1.7992 	 -0.286762
4.33 	 -1.35352 	 1.79849 	 -0.286751
4.3325 	 -1.35336 	 1.79779 	 -0.286746
4.335 	 -1.35319 	 1.79709 	 -0.286741
4.3375 	 -1.35302 	 1.79639 	 -0.286735
4.34 	 -1.35285 	 1.79568 	 -0.28673
4.3425 	 -1.35268 	 1.79498 	 -0.286725
4.345 	 -1.35251 	 1.79428 	 -0.286725
4.3475 	 -1.35234 	 1.79357 	 -0.286714
4.35 	 -1.35217 	 1.79287 	 -0.286709
4.3525 	 -1.352 	 1.79216 	 -0.286703
4.355 	 -1.35183 	 1.79146 	 -0.286698
4.3575 	 -1.35166 	 1.79075 	 -0.286693
4.36 	 -1.35149 	 1.79005 	 -0.286687
4.3625 	 -1.35132 	 1.78934 	 -0.286682
4.365 	 -1.35115 	 1.78863 	 -0.286676
4.3675 	 -1.35098 	 1.78793 	 -0.286676
4.37 	 -1.35081 	 1.78722 	 -0.286665
4.3725 	 -1.35063 	 1.78651 	 -0.28666
4.375 	 -1.35046 	 1.7858 	 -0.286654
4.3775 	 -1.35029 	 1.7851 	 -0.286649
4.38 	 -1.35012 	 1.78439 	 -0.286643
4.3825 	 -1.34995 	 1.78368 	 -0.286638
4.385 	 -1.34978 	 1.78297 	 -0.286638
4.3875 	 -1.34961 	 1.78226 	 -0.286627
4.39 	 -1.34944 	 1.78155 	 -0.286627
4.3925 	 -1.34927 	 1.78084 	 -0.286616
4.395 	 -1.34909 	 1.78013 	 -0.28661
4.3975 	 -1.34892 	 1.77942 	 -0.286604
4.4 	 -1.34875 	 1.7787 	 -0.286599
4.4025 	 -1.34858 	 1.77799 	 -0.286593
4.405 	 -1.34841 	 1.77728 	 -0.286587
4.4075 	 -1.34823 	 1.77657 	 -0.286587
4.41 	 -1.34806 	 1.77585 	 -0.286576
4.4125 	 -1.34789 	 1.77514 	 -0.28657
4.415 	 -1.34772 	 1.77442 	 -0.286565
4.4175 	 -1.34754 	 1.77371 	 -0.286559
4.42 	 -1.34737 	 1.77299 	 -0.286553
4.4225 	 -1.3472 	 1.77228 	 -0.286547
4.425 	 -1.34703 	 1.77156 	 -0.286542
4.4275 	 -1.34685 	 1.77085 	 -0.286536
4.43 	 -1.34668 	 1.77013 	 -0.286536
4.4325 	 -1.34651 	 1.76941 	 -0.286524
4.435 	 -1.34633 	 1.7687 	 -0.286518
4.4375 	 -1.34616 	 1.76798 	 -0.286513
4.44 	 -1.34599 	 1.76726 	 -0.286507
4.4425 	 -1.34581 	 1.76654 	 -0.286501
4.445 	 -1.34564 	 1.76582 	 -0.286495
4.4475 	 -1.34547 	 1.76511 	 -0.286495
4.45 	 -1.34529 	 1.76438 	 -0.286483
4.4525 	 -1.34512 	 1.76367 	 -0.286483
4.455 	 -1.34495 	 1.76294 	 -0.286471
4.4575 	 -1.34477 	 1.76222 	 -0.286465
4.46 	 -1.3446 	 1.7615 	 -0.286459
4.4625 	 -1.34442 	 1.76078 	 -0.286453
4.465 	 -1.34425 	 1.76006 	 -0.286447
4.4675 	 -1.34407 	 1.75934 	 -0.286441
4.47 	 -1.3439 	 1.75862 	 -0.286441
4.4725 	 -1.34372 	 1.75789 	 -0.286429
4.475 	 -1.34355 	 1.75717 	 -0.286423
4.4775 	 -1.34337 	 1.75644 	 -0.286417
4.48 	 -1.3432 	 1.75572 	 -0.286411
4.4825 	 -1.34302 	 1.75499 	 -0.286405
4.485 	 -1.34285 	 1.75427 	 -0.286399
4.4875 	 -1.34267 	 1.75354 	 -0.286393
4.49 	 -1.3425 	 1.75282 	 -0.286387
4.4925 	 -1.34232 	 1.7521 	 -0.286387
4.495 	 -1.34215 	 1.75137 	 -0.286374
4.4975 	 -1.34197 	 1.75064 	 -0.286368
4.5 	 -1.3418 	 1.74991 	 -0.286362
4.5025 	 -1.34162 	 1.74918 	 -0.286356
4.505 	 -1.34145 	 1.74846 	 -0.28635
4.5075 	 -1.34127 	 1.74773 	 -0.286343
4.51 	 -1.34109 	 1.747 	 -0.286343
4.5125 	 -1.34092 	 1.74627 	 -0.286331
4.515 	 -1.34074 	 1.74554 	 -0.286331
4.5175 	 -1.34056 	 1.74481 	 -0.286318
4.52 	 -1.34039 	 1.74408 	 -0.286312
4.5225 	 -1.34021 	 1.74335 	 -0.286306
4.525 	 -1.34003 	 1.74262 	 -0.286299
4.5275 	 -1.33986 	 1.74189 	 -0.286293
4.53 	 -1.33968 	 1.74115 	 -0.286286
4.5325 	 -1.3395 	 1.74043 	 -0.286286
4.535 	 -1.33933 	 1.73969 	 -0.286274
4.5375 	 -1.33915 	 1.73896 	 -0.286267
4.54 	 -1.33897 	 1.73822 	 -0.286261
4.5425 	 -1.33879 	 1.73749 	 -0.286254
4.545 	 -1.33862 	 1.73675 	 -0.286248
4.5475 	 -1.33844 	 1.73602 	 -0.286241
4.55 	 -1.33826 	 1.73529 	 -0.286235
4.5525 	 -1.33808 	 1.73455 	 -0.286228
4.555 	 -1.33791 	 1.73382 	 -0.286228
4.5575 	 -1.33773 	 1.73308 	 -0.286215
4.56 	 -1.33755 	 1.73234 	 -0.286209
4.5625 	 -1.33737 	 1.73161 	 -0.286202
4.565 	 -1.33719 	 1.73087 	 -0.286196
4.5675 	 -1.33702 	 1.73013 	 -0.286189
4.57 	 -1.33684 	 1.72939 	 -0.286182
4.5725 	 -1.33666 	 1.72866 	 -0.286182
4.575 	 -1.33648 	 1.72792 	 -0.286169
4.5775 	 -1.3363 	 1.72718 	 -0.286169
4.58 	 -1.33612 	 1.72644 	 -0.286156
4.5825 	 -1.33594 	 1.7257 	 -0.286149
4.585 	 -1.33576 	 1.72496 	 -0.286142
4.5875 	 -1.33558 	 1.72422 	 -0.286135
4.59 	 -1.33541 	 1.72348 	 -0.286129
4.5925 	 -1.33523 	 1.72273 	 -0.286122
4.595 	 -1.33505 	 1.722 	 -0.286122
4.5975 	 -1.33487 	 1.72125 	 -0.286108
4.6 	 -1.33469 	 1.72051 	 -0.286101
4.6025 	 -1.33451 	 1.71976 	 -0.286095
4.605 	 -1.33433 	 1.71902 	 -0.286088
4.6075 	 -1.33415 	 1.71828 	 -0.286081
4.61 	 -1.33397 	 1.71753 	 -0.286074
4.6125 	 -1.33379 	 1.71679 	 -0.286067
4.615 	 -1.33361 	 1.71604 	 -0.28606
4.6175 	 -1.33343 	 1.7153 	 -0.28606
4.62 	 -1.33325 	 1.71455 	 -0.286046
4.6225 	 -1.33307 	 1.71381 	 -0.286039
4.625 	 -1.33289 	 1.71306 	 -0.286032
4.6275 	 -1.33271 	 1.71231 	 -0.286025
4.63 	 -1.33252 	 1.71157 	 -0.286018
4.6325 	 -1.33234 	 1.71082 	 -0.286011
4.635 	 -1.33216 	 1.71008 	 -0.286011
4.6375 	 -1.33198 	 1.70932 	 -0.285997
4.64 	 -1.3318 	 1.70858 	 -0.285997
4.6425 	 -1.33162 	 1.70783 	 -0.285983
4.645 	 -1.33144 	 1.70708 	 -0.285976
4.6475 	 -1.33126 	 1.70633 	 -0.285969
4.65 	 -1.33107 	 1.70558 	 -0.285962
4.6525 	 -1.33089 	 1.70483 	 -0.285954
4.655 	 -1.33071 	 1.70408 	 -0.285947
4.6575 	 -1.33053 	 1.70333 	 -0.285947
4.66 	 -1.33035 	 1.70257 	 -0.285933
4.6625 	 -1.33016 	 1.70182 	 -0.285926
4.665 	 -1.32998 	 1.70107 	 -0.285918
4.6675 	 -1.3298 	 1.70032 	 -0.285911
4.67 	 -1.32962 	 1.69956 	 -0.285904
4.6725 	 -1.32944 	 1.69881 	 -0.285896
4.675 	 -1.32925 	 1.69806 	 -0.285889
4.6775 	 -1.32907 	 1.6973 	 -0.285882
4.68 	 -1.32889 	 1.69655 	 -0.285882
4.6825 	 -1.3287 	 1.69579 	 -0.285867
4.685 	 -1.32852 	 1.69504 	 -0.28586
4.6875 	 -1.32834 	 1.69428 	 -0.285852
4.69 	 -1.32816 	 1.69352 	 -0.285845
4.6925 	 -1.32797 	 1.69277 	 -0.285837
4.695 	 -1.32779 	 1.69201 	 -0.28583
4.6975 	 -1.32761 	 1.69126 	 -0.28583
4.7 	 -1.32742 	 1.6905 	 -0.285815
4.7025 	 -1.32724 	 1.68974 	 -0.285815
4.705 	 -1.32705 	 1.68898 	 -0.2858
4.7075 	 -1.32687 	 1.68822 	 -0.285792
4.71 	 -1.32669 	 1.68746 	 -0.285785
4.7125 	 -1.3265 	 1.6867 	 -0.285777
4.715 	 -1.32632 	 1.68594 	 -0.285769
4.7175 	 -1.32613 	 1.68518 	 -0.285762
4.72 	 -1.32595 	 1.68442 	 -0.285762
4.7225 	 -1.32577 	 1.68366 	 -0.285746
4.725 	 -1.32558 	 1.6829 	 -0.285739
4.7275 	 -1.3254 	 1.68214 	 -0.285731
4.73 	 -1.32521 	 1.68137 	 -0.285723
4.7325 	 -1.32503 	 1.68061 	 -0.285716
4.735 	 -1.32484 	 1.67985 	 -0.285708
4.7375 	 -1.32466 	 1.67909 	 -0.2857
4.74 	 -1.32447 	 1.67832 	 -0.285692
4.7425 	 -1.32429 	 1.67756 	 -0.285692
4.745 	 -1.3241 	 1.67679 	 -0.285677
4.7475 	 -1.32392 	 1.67603 	 -0.285669
4.75 	 -1.32373 	 1.67526 	 -0.285661
4.7525 	 -1.32354 	 1.6745 	 -0.285653
4.755 	 -1.32336 	 1.67373 	 -0.285645
4.7575 	 -1.32317 	 1.67297 	 -0.285637
4.76 	 -1.32299 	 1.6722 	 -0.285637
4.7625 	 -1.3228 	 1.67143 	 -0.285621
4.765 	 -1.32262 	 1.67067 	 -0.285621
4.7675 	 -1.32243 	 1.6699 	 -0.285605
4.77 	 -1.32224 	 1.66913 	 -0.285597
4.7725 	 -1.32206 	 1.66836 	 -0.285589
4.775 	 -1.32187 	 1.66759 	 -0.285581
4.7775 	 -1.32168 	 1.66682 	 -0.285573
4.78 	 -1.3215 	 1.66605 	 -0.285565
4.7825 	 -1.32131 	 1.66529 	 -0.285565
4.785 	 -1.32112 	 1.66451 	 -0.285549
4.7875 	 -1.32094 	 1.66374 	 -0.28554
4.79 	 -1.32075 	 1.66297 	 -0.285532
4.7925 	 -1.32056 	 1.6622 	 -0.285524
4.795 	 -1.32037 	 1.66143 	 -0.285516
4.7975 	 -1.32019 	 1.66065 	 -0.285508
4.8 	 -1.32 	 1.65988 	 -0.285499
4.8025 	 -1.31981 	 1.65911 	 -0.285491
4.805 	 -1.31962 	 1.65834 	 -0.285491
4.8075 	 -1.31944 	 1.65756 	 -0.285474
4.81 	 -1.31925 	 1.65679 	 -0.285466
4.8125 	 -1.31906 	 1.65601 	 -0.285458
4.815 	 -1.31887 	 1.65524 	 -0.285449
4.8175 	 -1.31869 	 1.65446 	 -0.285441
4.82 	 -1.3185 	 1.65369 	 -0.285433
4.8225 	 -1.31831 	 1.65291 	 -0.285433
4.825 	 -1.31812 	 1.65213 	 -0.285416
4.8275 	 -1.31793 	 1.65136 	 -0.285416
4.83 	 -1.31774 	 1.65058 	 -0.285399
4.8325 	 -1.31755 	 1.6498 	 -0.28539
4.835 	 -1.31737 	 1.64902 	 -0.285382
4.8375 	 -1.31718 	 1.64825 	 -0.285373
4.84 	 -1.31699 	 1.64747 	 -0.285365
4.8425 	 -1.3168 	 1.64669 	 -0.285356
4.845 	 -1.31661 	 1.64591 	 -0.285356
4.8475 	 -1.31642 	 1.64513 	 -0.285339
4.85 	 -1.31623 	 1.64435 	 -0.28533
4.8525 	 -1.31604 	 1.64357 	 -0.285321
4.855 	 -1.31585 	 1.64279 	 -0.285313
4.8575 	 -1.31566 	 1.64201 	 -0.285304
4.86 	 -1.31547 	 1.64123 	 -0.285295
4.8625 	 -1.31528 	 1.64044 	 -0.285286
4.865 	 -1.31509 	 1.63966 	 -0.285278
4.8675 	 -1.3149 	 1.63888 	 -0.285278
4.87 	 -1.31471 	 1.63809 	 -0.28526
4.8725 	 -1.31452 	 1.63731 	 -0.285251
4.875 	 -1.31433 	 1.63653 	 -0.285242
4.8775 	 -1.31414 	 1.63574 	 -0.285234
4.88 	 -1.31395 	 1.63496 	 -0.285225
4.8825 	 -1.31376 	 1.63417 	 -0.285216
4.885 	 -1.31357 	 1.63339 	 -0.285216
4.8875 	 -1.31338 	 1.6326 	 -0.285198
4.89 	 -1.31319 	 1.63182 	 -0.285198
4.8925 	 -1.313 	 1.63103 	 -0.28518
4.895 	 -1.3128 	 1.63024 	 -0.285171
4.8975 	 -1.31261 	 1.62946 	 -0.285162
4.9 	 -1.31242 	 1.62867 	 -0.285153
4.9025 	 -1.31223 	 1.62788 	 -0.285143
4.905 	 -1.31204 	 1.62709 	 -0.285134
4.9075 	 -1.31185 	 1.62631 	 -0.285134
4.91 	 -1.31166 	 1.62552 	 -0.285116
4.9125 	 -1.31146 	 1.62473 	 -0.285107
4.915 	 -1.31127 	 1.62394 	 -0.285098
4.9175 	 -1.31108 	 1.62315 	 -0.285088
4.92 	 -1.31089 	 1.62236 	 -0.285079
4.9225 	 -1.3107 	 1.62156 	 -0.28507
4.925 	 -1.3105 	 1.62077 	 -0.285061
4.9275 	 -1.31031 	 1.61998 	 -0.285051
4.93 	 -1.31012 	 1.61919 	 -0.285051
4.9325 	 -1.30993 	 1.6184 	 -0.285033
4.935 	 -1.30973 	 1.6176 	 -0.285023
4.9375 	 -1.30954 	 1.61681 	 -0.285014
4.94 	 -1.30935 	 1.61602 	 -0.285004
4.9425 	 -1.30915 	 1.61522 	 -0.284995
4.945 	 -1.30896 	 1.61443 	 -0.284986
4.9475 	 -1.30877 	 1.61364 	 -0.284986
4.95 	 -1.30857 	 1.61284 	 -0.284967
4.9525 	 -1.30838 	 1.61205 	 -0.284967
4.955 	 -1.30819 	 1.61125 	 -0.284947
4.9575 	 -1.30799 	 1.61045 	 -0.284938
4.96 	 -1.3078 	 1.60966 	 -0.284928
4.9625 	 -1.30761 	 1.60886 	 -0.284919
4.965 	 -1.30741 	 1.60806 	 -0.284909
4.9675 	 -1.30722 	 1.60727 	 -0.284899
4.97 	 -1.30702 	 1.60647 	 -0.284899
4.9725 	 -1.30683 	 1.60567 	 -0.28488
4.975 	 -1.30664 	 1.60487 	 -0.28487
4.9775 	 -1.30644 	 1.60407 	 -0.28486
4.98 	 -1.30625 	 1.60327 	 -0.284851
4.9825 	 -1.30605 	 1.60247 	 -0.284841
4.985 	 -1.30586 	 1.60167 	 -0.284831
4.9875 	 -1.30566 	 1.60087 	 -0.284821
4.99 	 -1.30547 	 1.60007 	 -0.284811
4.9925 	 -1.30527 	 1.59927 	 -0.284811
4.995 	 -1.30508 	 1.59847 	 -0.284791
4.9975 	 -1.30488 	 1.59767 	 -0.284781
