0	200
200	200
400	200
600	200
800	200
1000	200
1200	200
1400	200
1600	200
1800	200
2000	200
2200	200
2400	200
2600	200
2800	200
3000	200
3200	200
3400	200
3600	200
3800	200
4000	200
4200	200
4400	200
4600	200
4800	200
5000	200
5200	200
5400	200
5600	200
5800	200
6000	200
6200	200
6400	200
6600	198
6800	200
7000	200
7200	200
7400	200
7600	200
7800	200
8000	200
8200	200
8400	200
8600	200
8800	200
9000	200
9200	200
9400	200
9600	200
9800	200
10000	200
10200	200
10400	200
10600	200
10800	200
11000	201
11200	200
11400	200
11600	200
11800	200
12000	200
12200	200
12400	200
12600	200
12800	200
13000	201
13200	200
13400	200
13600	200
13800	200
14000	200
14200	200
14400	200
14600	200
14800	200
15000	200
15200	200
15400	200
15600	200
15800	200
16000	200
16200	200
16400	200
16600	200
16800	200
17000	200
17200	200
17400	200
17600	200
17800	200
18000	201
18200	200
18400	200
18600	200
18800	200
19000	200
19200	200
19400	200
19600	200
19800	200
20000	200
20200	200
20400	200
20600	200
20800	200
21000	200
21200	200
21400	200
21600	200
21800	200
22000	200
22200	200
22400	200
22600	200
22800	200
23000	200
23200	200
23400	200
23600	200
23800	200
24000	200
24200	200
24400	200
24600	200
24800	200
25000	200
25200	200
25400	200
25600	200
25800	200
26000	200
26200	200
26400	200
26600	200
26800	200
27000	200
27200	200
27400	200
27600	200
27800	200
28000	200
28200	200
28400	200
28600	200
28800	200
29000	200
29200	200
29400	200
29600	200
29800	200
30000	200
30200	200
30400	200
30600	200
30800	200
31000	200
31200	200
31400	200
31600	200
31800	200
32000	200
32200	200
32400	200
32600	200
32800	200
33000	200
33200	200
33400	200
33600	200
33800	200
34000	200
34200	200
34400	200
34600	200
34800	200
35000	200
35200	200
35400	200
35600	200
35800	200
36000	200
36200	200
36400	200
36600	200
36800	200
37000	200
37200	200
37400	200
37600	200
37800	200
38000	200
38200	200
38400	200
38600	200
38800	200
39000	200
39200	200
39400	200
39600	200
39800	200
40000	200
40200	200
40400	200
40600	200
40800	200
41000	200
41200	200
41400	200
41600	200
41800	200
42000	200
42200	200
42400	200
42600	200
42800	200
43000	200
43200	200
43400	200
43600	201
43800	200
44000	200
44200	200
44400	200
44600	200
44800	200
45000	200
45200	200
45400	200
45600	200
45800	200
46000	200
46200	200
46400	200
46600	200
46800	200
47000	200
47200	199
47400	200
47600	200
47800	200
48000	200
48200	200
48400	200
48600	200
48800	200
49000	200
49200	200
49400	200
49600	200
49800	200
50000	200
50200	200
50400	200
50600	200
50800	200
51000	200
51200	200
51400	200
51600	200
51800	200
52000	200
52200	200
52400	200
52600	200
52800	200
53000	200
53200	200
53400	200
53600	200
53800	200
54000	200
54200	200
54400	200
54600	200
54800	200
55000	200
55200	200
55400	200
55600	200
55800	200
56000	200
56200	200
56400	200
56600	200
56800	200
57000	200
57200	200
57400	200
57600	200
57800	200
58000	200
58200	200
58400	200
58600	200
58800	200
59000	200
59200	200
59400	200
59600	200
59800	200
60000	200
60200	200
60400	200
60600	200
60800	200
61000	200
61200	200
61400	200
61600	199
61800	200
62000	200
62200	201
62400	200
62600	200
62800	200
63000	200
63200	200
63400	200
63600	200
63800	200
64000	200
64200	200
64400	200
64600	200
64800	200
65000	200
65200	200
65400	200
65600	200
65800	200
66000	200
66200	200
66400	200
66600	200
66800	200
67000	200
67200	200
67400	200
67600	200
67800	200
68000	200
68200	200
68400	200
68600	200
68800	200
69000	200
69200	201
69400	199
69600	200
69800	200
70000	200
70200	200
70400	200
70600	200
70800	200
71000	200
71200	200
71400	200
71600	199
71800	200
72000	200
72200	200
72400	200
72600	200
72800	200
73000	200
73200	200
73400	200
73600	200
73800	200
74000	200
74200	200
74400	200
74600	200
74800	200
75000	200
75200	200
75400	200
75600	200
75800	200
76000	200
76200	200
76400	200
76600	200
76800	200
77000	200
77200	200
77400	200
77600	200
77800	200
78000	200
78200	199
78400	200
78600	200
78800	200
79000	200
79200	200
79400	200
79600	200
79800	200
80000	200
80200	200
80400	200
80600	200
80800	200
81000	200
81200	200
81400	200
81600	200
81800	200
82000	200
82200	200
82400	200
82600	200
82800	200
83000	200
83200	200
83400	200
83600	200
83800	200
84000	200
84200	200
84400	200
84600	200
84800	200
85000	200
85200	200
85400	200
85600	200
85800	200
86000	200
86200	200
86400	200
86600	200
86800	200
87000	200
87200	200
87400	200
87600	200
87800	200
88000	200
88200	200
88400	200
88600	200
88800	200
89000	200
89200	200
89400	200
89600	200
89800	200
90000	200
90200	200
90400	200
90600	200
90800	200
91000	200
91200	200
91400	199
91600	200
91800	200
92000	200
92200	200
92400	200
92600	200
92800	200
93000	200
93200	200
93400	200
93600	200
93800	200
94000	200
94200	200
94400	200
94600	200
94800	200
95000	200
95200	200
95400	200
95600	200
95800	200
96000	200
96200	200
96400	200
96600	200
96800	200
97000	200
97200	200
97400	200
97600	200
97800	200
98000	200
98200	200
98400	200
98600	200
98800	200
99000	200
99200	200
99400	200
99600	200
99800	200
100000	200
100200	200
100400	200
100600	200
100800	200
101000	200
101200	200
101400	200
101600	200
101800	200
102000	200
102200	200
102400	200
102600	200
102800	200
103000	200
103200	200
103400	200
103600	200
103800	200
104000	200
104200	200
104400	200
104600	200
104800	200
105000	200
105200	200
105400	200
105600	200
105800	200
106000	200
106200	200
106400	200
106600	200
106800	200
107000	200
107200	200
107400	200
107600	200
107800	200
108000	200
108200	200
108400	200
108600	200
108800	200
109000	200
109200	200
109400	200
109600	200
109800	200
110000	200
110200	200
110400	200
110600	200
110800	200
111000	200
111200	200
111400	200
111600	200
111800	200
112000	200
112200	200
112400	200
112600	200
112800	200
113000	200
113200	200
113400	200
113600	200
113800	200
114000	200
114200	200
114400	200
114600	200
114800	200
115000	200
115200	200
115400	200
115600	200
115800	200
116000	200
116200	204
116400	200
116600	200
116800	200
117000	200
117200	200
117400	200
117600	200
117800	200
118000	200
118200	200
118400	200
118600	200
118800	200
119000	200
119200	200
119400	200
119600	200
119800	200
120000	200
120200	200
120400	200
120600	200
120800	200
121000	200
121200	200
121400	200
121600	200
121800	200
122000	200
122200	200
122400	200
122600	200
122800	200
123000	200
123200	200
123400	200
123600	200
123800	200
124000	200
124200	200
124400	200
124600	200
124800	200
125000	200
125200	200
125400	200
125600	200
125800	200
126000	200
126200	200
126400	200
126600	200
126800	200
127000	200
127200	200
127400	200
127600	200
127800	200
128000	200
128200	200
128400	200
128600	200
128800	200
129000	200
129200	200
129400	200
129600	200
129800	200
130000	200
130200	200
130400	200
130600	200
130800	200
131000	200
131200	200
131400	200
131600	200
131800	200
132000	200
132200	200
132400	200
132600	200
132800	200
133000	200
133200	200
133400	200
133600	200
133800	200
134000	200
134200	200
134400	200
134600	199
134800	200
135000	200
135200	200
135400	200
135600	200
135800	200
136000	200
136200	200
136400	200
136600	200
136800	200
137000	200
137200	200
137400	200
137600	200
137800	200
138000	200
138200	200
138400	200
138600	200
138800	200
139000	200
139200	200
139400	200
139600	200
139800	200
140000	200
140200	200
140400	200
140600	200
140800	200
141000	200
141200	200
141400	200
141600	200
141800	200
142000	200
142200	200
142400	200
142600	200
142800	200
143000	201
143200	200
143400	200
143600	200
143800	200
144000	200
144200	200
144400	200
144600	200
144800	199
145000	200
145200	200
145400	200
145600	200
145800	200
146000	200
146200	200
146400	200
146600	200
146800	200
147000	200
147200	200
147400	201
147600	200
147800	200
148000	200
148200	200
148400	200
148600	200
148800	200
149000	200
149200	200
149400	200
149600	200
149800	200
150000	200
150200	200
150400	200
150600	200
150800	200
151000	200
151200	200
151400	200
151600	200
151800	200
152000	200
152200	200
152400	200
152600	200
152800	200
153000	200
153200	200
153400	200
153600	200
153800	200
154000	200
154200	200
154400	200
154600	200
154800	200
155000	200
155200	200
155400	200
155600	200
155800	200
156000	200
156200	200
156400	200
156600	200
156800	200
157000	200
157200	200
157400	200
157600	200
157800	200
158000	200
158200	200
158400	200
158600	200
158800	200
159000	200
159200	200
159400	200
159600	200
159800	200
160000	200
160200	200
160400	200
160600	200
160800	200
161000	200
161200	200
161400	200
161600	200
161800	200
162000	200
162200	200
162400	200
162600	200
162800	200
163000	200
163200	200
163400	200
163600	200
163800	200
164000	200
164200	200
164400	200
164600	200
164800	200
165000	200
165200	200
165400	200
165600	200
165800	200
166000	200
166200	200
166400	200
166600	200
166800	200
167000	200
167200	200
167400	200
167600	200
167800	200
168000	200
168200	200
168400	200
168600	200
168800	200
169000	200
169200	200
169400	200
169600	200
169800	200
170000	200
170200	200
170400	200
170600	200
170800	200
171000	200
171200	200
171400	200
171600	200
171800	200
172000	200
172200	200
172400	200
172600	200
172800	200
173000	200
173200	200
173400	200
173600	200
173800	200
174000	200
174200	200
174400	200
174600	200
174800	200
175000	200
175200	200
175400	200
175600	200
175800	200
176000	200
176200	200
176400	200
176600	200
176800	200
177000	200
177200	200
177400	200
177600	200
177800	200
178000	200
178200	200
178400	200
178600	200
178800	200
179000	200
179200	200
179400	200
179600	200
179800	200
180000	200
180200	200
180400	200
180600	200
180800	200
181000	200
181200	200
181400	200
181600	200
181800	200
182000	200
182200	200
182400	200
182600	200
182800	200
183000	200
183200	200
183400	200
183600	200
183800	200
184000	200
184200	200
184400	200
184600	201
184800	200
185000	200
185200	200
185400	200
185600	200
185800	200
186000	200
186200	200
186400	200
186600	200
186800	200
187000	200
187200	200
187400	200
187600	200
187800	200
188000	200
188200	200
188400	200
188600	200
188800	200
189000	200
189200	200
189400	200
189600	200
189800	200
190000	200
190200	200
190400	200
190600	200
190800	200
191000	200
191200	200
191400	200
191600	200
191800	200
192000	200
192200	200
192400	200
192600	200
192800	200
193000	200
193200	200
193400	200
193600	200
193800	200
194000	200
194200	200
194400	200
194600	200
194800	200
195000	200
195200	200
195400	200
195600	200
195800	200
196000	200
196200	200
196400	200
196600	200
196800	200
197000	200
197200	200
197400	200
197600	200
197800	200
198000	200
198200	200
198400	200
198600	200
198800	200
199000	200
199200	200
199400	200
199600	200
199800	200
200000	200
200200	200
200400	200
200600	200
200800	200
201000	200
201200	200
201400	200
201600	200
201800	200
202000	200
202200	200
202400	200
202600	200
202800	200
203000	200
203200	200
203400	200
203600	200
203800	200
204000	200
204200	200
204400	200
204600	200
204800	200
205000	200
205200	200
205400	200
205600	200
205800	199
206000	200
206200	200
206400	200
206600	200
206800	200
207000	200
207200	200
207400	200
207600	200
207800	200
208000	200
208200	200
208400	200
208600	200
208800	200
209000	200
209200	200
209400	200
209600	200
209800	200
210000	200
210200	200
210400	200
210600	200
210800	200
211000	200
211200	200
211400	200
211600	200
211800	201
212000	200
212200	200
212400	200
212600	200
212800	200
213000	200
213200	200
213400	200
213600	200
213800	200
214000	200
214200	200
214400	200
214600	200
214800	200
215000	200
215200	200
215400	200
215600	200
215800	200
216000	200
216200	200
216400	200
216600	200
216800	200
217000	200
217200	200
217400	200
217600	200
217800	200
218000	200
218200	201
218400	200
218600	200
218800	200
219000	200
219200	200
219400	200
219600	200
219800	200
220000	200
220200	200
220400	200
220600	200
220800	200
221000	200
221200	200
221400	200
221600	200
221800	200
222000	200
222200	200
222400	200
222600	200
222800	200
223000	200
223200	200
223400	200
223600	200
223800	200
224000	200
224200	200
224400	200
224600	200
224800	200
225000	200
225200	200
225400	200
225600	200
225800	200
226000	200
226200	200
226400	200
226600	200
226800	200
227000	200
227200	201
227400	200
227600	200
227800	200
228000	200
228200	200
228400	200
228600	200
228800	200
229000	200
229200	200
229400	200
229600	200
229800	200
230000	200
230200	200
230400	200
230600	200
230800	200
231000	200
231200	200
231400	200
231600	200
231800	200
232000	200
232200	200
232400	200
232600	200
232800	200
233000	200
233200	200
233400	200
233600	200
233800	200
234000	200
234200	200
234400	200
234600	199
234800	200
235000	200
235200	200
235400	200
235600	200
235800	200
236000	200
236200	200
236400	200
236600	200
236800	200
237000	200
237200	200
237400	200
237600	200
237800	200
238000	200
238200	200
238400	200
238600	200
238800	200
239000	200
239200	200
239400	200
239600	200
239800	200
240000	200
240200	200
240400	200
240600	200
240800	200
241000	200
241200	200
241400	200
241600	200
241800	200
242000	200
242200	200
242400	200
242600	200
242800	200
243000	200
243200	200
243400	200
243600	200
243800	200
244000	200
244200	200
244400	200
244600	200
244800	200
245000	200
245200	200
245400	200
245600	200
245800	200
246000	200
246200	200
246400	200
246600	200
246800	200
247000	200
247200	200
247400	200
247600	200
247800	199
248000	200
248200	200
248400	200
248600	200
248800	200
249000	200
249200	200
249400	200
249600	200
249800	200
250000	200
250200	200
250400	200
250600	200
250800	200
251000	200
251200	200
251400	200
251600	200
251800	200
252000	200
252200	200
252400	200
252600	200
252800	200
253000	200
253200	200
253400	200
253600	200
253800	200
254000	201
254200	200
254400	200
254600	200
254800	200
255000	200
255200	200
255400	200
255600	200
255800	200
256000	200
256200	200
256400	200
256600	200
256800	200
257000	200
257200	200
257400	200
257600	200
257800	200
258000	200
258200	200
258400	200
258600	200
258800	200
259000	200
259200	200
259400	200
259600	200
259800	200
260000	200
260200	200
260400	200
260600	200
260800	200
261000	200
261200	200
261400	200
261600	200
261800	200
262000	200
262200	200
262400	200
262600	200
262800	200
263000	200
263200	200
263400	200
263600	200
263800	200
264000	200
264200	200
264400	200
264600	200
264800	200
265000	200
265200	200
265400	200
265600	200
265800	200
266000	200
266200	200
266400	200
266600	200
266800	200
267000	200
267200	200
267400	200
267600	200
267800	200
268000	200
268200	200
268400	200
268600	200
268800	200
269000	200
269200	200
269400	200
269600	200
269800	200
270000	200
270200	200
270400	200
270600	200
270800	200
271000	200
271200	200
271400	200
271600	200
271800	200
272000	200
272200	200
272400	200
272600	200
272800	200
273000	200
273200	200
273400	200
273600	200
273800	200
274000	200
274200	201
274400	200
274600	200
274800	200
275000	200
275200	200
275400	200
275600	200
275800	200
276000	200
276200	200
276400	200
276600	200
276800	200
277000	200
277200	200
277400	200
277600	200
277800	200
278000	200
278200	200
278400	200
278600	200
278800	200
279000	200
279200	200
279400	200
279600	200
279800	200
280000	200
280200	200
280400	200
280600	200
280800	200
281000	200
281200	200
281400	200
281600	200
281800	200
282000	200
282200	200
282400	201
282600	200
282800	200
283000	200
283200	200
283400	200
283600	200
283800	200
284000	200
284200	200
284400	200
284600	200
284800	200
285000	200
285200	200
285400	200
285600	200
285800	200
286000	200
286200	200
286400	200
286600	200
286800	200
287000	200
287200	200
287400	200
287600	200
287800	200
288000	200
288200	200
288400	200
288600	200
288800	200
289000	200
289200	200
289400	200
289600	200
289800	200
290000	200
290200	200
290400	200
290600	200
290800	200
291000	200
291200	200
291400	200
291600	200
291800	200
292000	200
292200	200
292400	200
292600	200
292800	200
293000	200
293200	200
293400	199
293600	200
293800	200
294000	200
294200	200
294400	200
294600	200
294800	200
295000	200
295200	200
295400	200
295600	200
295800	200
296000	200
296200	200
296400	200
296600	200
296800	200
297000	200
297200	200
297400	200
297600	200
297800	200
298000	200
298200	200
298400	200
298600	200
298800	200
299000	200
299200	200
299400	200
299600	200
299800	200
300000	200
300200	200
300400	200
300600	200
300800	200
301000	200
301200	200
301400	200
301600	200
301800	200
302000	200
302200	200
302400	200
302600	200
302800	200
303000	200
303200	200
303400	200
303600	200
303800	200
304000	200
304200	200
304400	200
304600	200
304800	200
305000	200
305200	200
305400	200
305600	200
305800	200
306000	200
306200	200
306400	200
306600	200
306800	200
307000	200
307200	200
307400	200
307600	200
307800	200
308000	200
308200	200
308400	198
308600	200
308800	200
309000	200
309200	200
309400	200
309600	200
309800	200
310000	200
310200	200
310400	200
310600	200
310800	200
311000	200
311200	200
311400	200
311600	200
311800	200
312000	200
312200	200
312400	200
312600	200
312800	200
313000	200
313200	200
313400	200
313600	200
313800	200
314000	200
314200	200
314400	200
314600	200
314800	200
315000	200
315200	200
315400	200
315600	200
315800	200
316000	200
316200	200
316400	200
316600	200
316800	200
317000	200
317200	200
317400	200
317600	200
317800	200
318000	200
318200	200
318400	200
318600	200
318800	200
319000	200
319200	200
319400	200
319600	201
319800	200
320000	200
320200	200
320400	200
320600	200
320800	200
321000	200
321200	200
321400	200
321600	200
321800	200
322000	200
322200	200
322400	200
322600	200
322800	200
323000	200
323200	200
323400	200
323600	200
323800	200
324000	200
324200	200
324400	200
324600	200
324800	200
325000	200
325200	200
325400	200
325600	200
325800	200
326000	200
326200	200
326400	200
326600	200
326800	200
327000	200
327200	200
327400	200
327600	200
327800	200
328000	200
328200	200
328400	200
328600	200
328800	200
329000	200
329200	200
329400	200
329600	200
329800	200
330000	200
330200	200
330400	200
330600	200
330800	200
331000	200
331200	200
331400	200
331600	200
331800	200
332000	200
332200	200
332400	200
332600	200
332800	200
333000	200
333200	200
333400	200
333600	200
333800	200
334000	200
334200	200
334400	200
334600	200
334800	200
335000	200
335200	200
335400	200
335600	200
335800	200
336000	200
336200	200
336400	200
336600	200
336800	200
337000	200
337200	200
337400	200
337600	200
337800	200
338000	200
338200	200
338400	200
338600	200
338800	200
339000	200
339200	200
339400	200
339600	200
339800	200
340000	200
340200	200
340400	200
340600	200
340800	200
341000	200
341200	200
341400	200
341600	200
341800	200
342000	200
342200	200
342400	200
342600	200
342800	200
343000	200
343200	200
343400	200
343600	200
343800	200
344000	200
344200	200
344400	200
344600	200
344800	200
345000	200
345200	200
345400	200
345600	200
345800	200
346000	200
346200	200
346400	200
346600	200
346800	200
347000	200
347200	200
347400	200
347600	200
347800	200
348000	200
348200	200
348400	200
348600	200
348800	200
349000	200
349200	200
349400	200
349600	200
349800	200
350000	200
350200	200
350400	200
350600	200
350800	200
351000	200
351200	200
351400	200
351600	199
351800	200
352000	200
352200	200
352400	200
352600	200
352800	200
353000	200
353200	200
353400	200
353600	200
353800	203
354000	200
354200	200
354400	200
354600	200
354800	200
355000	200
355200	200
355400	200
355600	200
355800	200
356000	200
356200	200
356400	200
356600	200
356800	200
357000	200
357200	200
357400	200
357600	200
357800	200
358000	200
358200	203
358400	200
358600	200
358800	200
359000	200
359200	200
359400	200
359600	200
359800	200
360000	199
360200	200
360400	200
360600	200
360800	200
361000	200
361200	200
361400	200
361600	200
361800	200
362000	200
362200	200
362400	200
362600	200
362800	200
363000	200
363200	200
363400	200
363600	200
363800	200
364000	200
364200	200
364400	200
364600	200
364800	200
365000	200
365200	200
365400	200
365600	200
365800	200
366000	200
366200	200
366400	200
366600	200
366800	200
367000	200
367200	200
367400	200
367600	200
367800	200
368000	200
368200	200
368400	200
368600	200
368800	200
369000	200
369200	201
369400	200
369600	200
369800	200
370000	200
370200	200
370400	200
370600	200
370800	200
371000	200
371200	200
371400	200
371600	200
371800	200
372000	200
372200	200
372400	200
372600	200
372800	200
373000	200
373200	200
373400	200
373600	200
373800	200
374000	200
374200	200
374400	200
374600	200
374800	200
375000	200
375200	200
375400	200
375600	200
375800	200
376000	200
376200	200
376400	200
376600	200
376800	200
377000	200
377200	200
377400	200
377600	200
377800	200
378000	200
378200	200
378400	200
378600	200
378800	200
379000	200
379200	200
379400	200
379600	200
379800	200
380000	200
380200	200
380400	200
380600	200
380800	200
381000	200
381200	200
381400	200
381600	200
381800	200
382000	200
382200	200
382400	201
382600	200
382800	200
383000	200
383200	200
383400	200
383600	200
383800	200
384000	200
384200	200
384400	200
384600	200
384800	200
385000	200
385200	200
385400	200
385600	200
385800	200
386000	200
386200	200
386400	200
386600	200
386800	200
387000	200
387200	200
387400	200
387600	200
387800	200
388000	200
388200	200
388400	200
388600	200
388800	200
389000	200
389200	200
389400	200
389600	200
389800	200
390000	199
390200	200
390400	200
390600	200
390800	200
391000	199
391200	199
391400	200
391600	200
391800	200
392000	200
392200	200
392400	200
392600	200
392800	200
393000	200
393200	200
393400	200
393600	200
393800	200
394000	200
394200	200
394400	200
394600	200
394800	200
395000	200
395200	200
395400	200
395600	200
395800	200
396000	200
396200	200
396400	200
396600	200
396800	200
397000	200
397200	200
397400	200
397600	200
397800	200
398000	200
398200	200
398400	200
398600	200
398800	200
399000	200
399200	200
399400	200
399600	200
399800	200
400000	200
400200	200
400400	200
400600	200
400800	199
401000	200
401200	200
401400	200
401600	200
401800	200
402000	200
402200	200
402400	200
402600	200
402800	200
403000	200
403200	200
403400	200
403600	203
403800	200
404000	200
404200	200
404400	200
404600	200
404800	200
405000	200
405200	200
405400	200
405600	200
405800	200
406000	200
406200	200
406400	200
406600	200
406800	200
407000	200
407200	200
407400	200
407600	200
407800	200
408000	200
408200	200
408400	200
408600	200
408800	200
409000	200
409200	200
409400	200
409600	200
409800	200
410000	200
410200	200
410400	200
410600	200
410800	200
411000	200
411200	200
411400	199
411600	200
411800	200
412000	200
412200	200
412400	200
412600	200
412800	200
413000	200
413200	200
413400	200
413600	200
413800	200
414000	200
414200	200
414400	200
414600	200
414800	200
415000	200
415200	200
415400	200
415600	200
415800	200
416000	200
416200	200
416400	200
416600	200
416800	200
417000	200
417200	200
417400	200
417600	201
417800	200
418000	200
418200	200
418400	200
418600	200
418800	200
419000	200
419200	200
419400	199
419600	200
419800	200
420000	200
420200	200
420400	200
420600	200
420800	200
421000	200
421200	200
421400	200
421600	200
421800	200
422000	200
422200	200
422400	200
422600	200
422800	200
423000	200
423200	200
423400	200
423600	200
423800	200
424000	200
424200	200
424400	200
424600	200
424800	200
425000	200
425200	200
425400	200
425600	200
425800	200
426000	200
426200	200
426400	200
426600	200
426800	200
427000	200
427200	200
427400	200
427600	200
427800	200
428000	200
428200	200
428400	200
428600	200
428800	200
429000	200
429200	200
429400	200
429600	200
429800	200
430000	200
430200	200
430400	200
430600	200
430800	200
431000	200
431200	200
431400	200
431600	200
431800	200
432000	200
432200	200
432400	200
432600	200
432800	200
433000	200
433200	200
433400	200
433600	200
433800	201
434000	200
434200	200
434400	200
434600	200
434800	200
435000	200
435200	200
435400	200
435600	200
435800	200
436000	200
436200	200
436400	200
436600	200
436800	200
437000	200
437200	200
437400	200
437600	200
437800	200
438000	200
438200	200
438400	200
438600	200
438800	200
439000	200
439200	200
439400	200
439600	200
439800	200
440000	200
440200	200
440400	200
440600	200
440800	200
441000	200
441200	200
441400	200
441600	200
441800	200
442000	200
442200	200
442400	200
442600	200
442800	200
443000	200
443200	200
443400	200
443600	200
443800	200
444000	199
444200	200
444400	200
444600	200
444800	200
445000	200
445200	200
445400	200
445600	200
445800	200
446000	200
446200	200
446400	200
446600	200
446800	200
447000	200
447200	200
447400	200
447600	200
447800	200
448000	200
448200	200
448400	200
448600	200
448800	200
449000	200
449200	200
449400	200
449600	200
449800	200
450000	200
450200	200
450400	200
450600	200
450800	200
451000	200
451200	200
451400	200
451600	200
451800	200
452000	200
452200	200
452400	200
452600	200
452800	200
453000	200
453200	200
453400	200
453600	200
453800	200
454000	200
454200	201
454400	200
454600	200
454800	200
455000	200
455200	200
455400	200
455600	200
455800	200
456000	200
456200	200
456400	200
456600	200
456800	200
457000	200
457200	200
457400	200
457600	200
457800	200
458000	200
458200	200
458400	200
458600	200
458800	200
459000	200
459200	200
459400	200
459600	200
459800	200
460000	200
460200	200
460400	200
460600	200
460800	200
461000	200
461200	200
461400	200
461600	200
461800	200
462000	200
462200	200
462400	200
462600	200
462800	200
463000	200
463200	200
463400	200
463600	200
463800	200
464000	200
464200	200
464400	200
464600	200
464800	200
465000	200
465200	200
465400	200
465600	200
465800	200
466000	200
466200	200
466400	200
466600	200
466800	200
467000	200
467200	200
467400	200
467600	200
467800	200
468000	200
468200	200
468400	200
468600	200
468800	200
469000	200
469200	200
469400	200
469600	200
469800	200
470000	200
470200	200
470400	200
470600	200
470800	200
471000	200
471200	200
471400	200
471600	200
471800	200
472000	200
472200	200
472400	200
472600	200
472800	200
473000	200
473200	200
473400	200
473600	200
473800	200
474000	200
474200	200
474400	200
474600	200
474800	200
475000	200
475200	200
475400	200
475600	200
475800	200
476000	200
476200	200
476400	200
476600	200
476800	200
477000	200
477200	200
477400	200
477600	200
477800	200
478000	200
478200	200
478400	200
478600	200
478800	200
479000	200
479200	200
479400	200
479600	200
479800	200
480000	200
480200	201
480400	200
480600	200
480800	200
481000	200
481200	200
481400	200
481600	200
481800	200
482000	200
482200	200
482400	200
482600	200
482800	200
483000	200
483200	200
483400	200
483600	200
483800	200
484000	200
484200	200
484400	200
484600	200
484800	200
485000	200
485200	200
485400	200
485600	200
485800	200
486000	200
486200	200
486400	200
486600	200
486800	200
487000	200
487200	200
487400	200
487600	200
487800	200
488000	200
488200	200
488400	200
488600	200
488800	200
489000	200
489200	200
489400	200
489600	200
489800	200
490000	200
490200	200
490400	200
490600	200
490800	200
491000	200
491200	200
491400	200
491600	200
491800	200
492000	199
492200	200
492400	200
492600	200
492800	200
493000	201
493200	200
493400	200
493600	200
493800	200
494000	200
494200	200
494400	200
494600	200
494800	200
495000	199
495200	200
495400	200
495600	200
495800	200
496000	200
496200	200
496400	200
496600	200
496800	200
497000	200
497200	200
497400	200
497600	200
497800	200
498000	200
498200	200
498400	200
498600	200
498800	200
499000	200
499200	200
499400	200
499600	200
499800	200
500000	200
500200	200
500400	200
500600	200
500800	199
501000	200
501200	200
501400	200
501600	200
501800	200
502000	200
502200	200
502400	200
502600	200
502800	200
503000	200
503200	200
503400	200
503600	200
503800	200
504000	200
504200	200
504400	200
504600	200
504800	200
505000	200
505200	200
505400	200
505600	200
505800	200
506000	200
506200	200
506400	200
506600	200
506800	200
507000	200
507200	200
507400	200
507600	201
507800	200
508000	200
508200	200
508400	200
508600	200
508800	200
509000	200
509200	200
509400	200
509600	200
509800	200
510000	200
510200	200
510400	200
510600	200
510800	200
511000	200
511200	200
511400	200
511600	200
511800	200
512000	200
512200	200
512400	200
512600	200
512800	200
513000	200
513200	200
513400	200
513600	200
513800	200
514000	199
514200	200
514400	200
514600	200
514800	200
515000	200
515200	200
515400	200
515600	200
515800	200
516000	200
516200	200
516400	200
516600	200
516800	200
517000	200
517200	200
517400	200
517600	200
517800	200
518000	200
518200	200
518400	200
518600	199
518800	200
519000	200
519200	200
519400	200
519600	200
519800	200
520000	200
520200	200
520400	200
520600	200
520800	200
521000	200
521200	200
521400	200
521600	200
521800	200
522000	200
522200	200
522400	200
522600	200
522800	200
523000	200
523200	200
523400	200
523600	200
523800	200
524000	200
524200	200
524400	200
524600	200
524800	199
525000	200
525200	200
525400	200
525600	200
525800	200
526000	200
526200	200
526400	200
526600	200
526800	200
527000	200
527200	200
527400	200
527600	200
527800	201
528000	200
528200	200
528400	200
528600	200
528800	200
529000	200
529200	200
529400	200
529600	200
529800	200
530000	200
530200	200
530400	200
530600	200
530800	200
531000	200
531200	200
531400	199
531600	200
531800	200
532000	200
532200	198
532400	200
532600	200
532800	200
533000	200
533200	200
533400	200
533600	200
533800	200
534000	200
534200	200
534400	200
534600	200
534800	200
535000	200
535200	200
535400	200
535600	200
535800	200
536000	200
536200	200
536400	200
536600	200
536800	200
537000	200
537200	200
537400	200
537600	200
537800	200
538000	200
538200	200
538400	200
538600	200
538800	200
539000	200
539200	200
539400	200
539600	200
539800	200
540000	200
540200	200
540400	200
540600	200
540800	200
541000	200
541200	200
541400	200
541600	200
541800	200
542000	200
542200	200
542400	200
542600	200
542800	200
543000	200
543200	200
543400	200
543600	200
543800	200
544000	200
544200	200
544400	200
544600	200
544800	200
545000	200
545200	200
545400	200
545600	200
545800	200
546000	200
546200	200
546400	200
546600	200
546800	200
547000	200
547200	200
547400	200
547600	200
547800	200
548000	200
548200	200
548400	200
548600	201
548800	200
549000	200
549200	200
549400	200
549600	200
549800	200
550000	200
550200	200
550400	200
550600	200
550800	200
551000	200
551200	200
551400	200
551600	200
551800	200
552000	200
552200	200
552400	200
552600	200
552800	200
553000	200
553200	200
553400	200
553600	200
553800	200
554000	200
554200	200
554400	200
554600	200
554800	200
555000	200
555200	200
555400	200
555600	200
555800	200
556000	200
556200	200
556400	200
556600	200
556800	200
557000	200
557200	200
557400	200
557600	200
557800	200
558000	201
558200	200
558400	200
558600	199
558800	200
559000	200
559200	200
559400	200
559600	200
559800	200
560000	200
560200	200
560400	200
560600	200
560800	200
561000	200
561200	200
561400	201
561600	200
561800	200
562000	200
562200	200
562400	200
562600	200
562800	200
563000	200
563200	200
563400	200
563600	200
563800	200
564000	200
564200	200
564400	200
564600	200
564800	200
565000	200
565200	200
565400	200
565600	200
565800	200
566000	200
566200	200
566400	200
566600	200
566800	200
567000	200
567200	200
567400	200
567600	200
567800	200
568000	200
568200	200
568400	200
568600	200
568800	200
569000	200
569200	200
569400	200
569600	200
569800	200
570000	200
570200	200
570400	202
570600	200
570800	200
571000	200
571200	200
571400	200
571600	200
571800	200
572000	200
572200	200
572400	200
572600	200
572800	200
573000	200
573200	200
573400	200
573600	200
573800	200
574000	200
574200	200
574400	200
574600	200
574800	200
575000	200
575200	200
575400	200
575600	200
575800	200
576000	200
576200	200
576400	200
576600	200
576800	200
577000	200
577200	200
577400	200
577600	200
577800	200
578000	200
578200	200
578400	200
578600	200
578800	200
579000	200
579200	200
579400	200
579600	200
579800	199
580000	200
580200	200
580400	200
580600	200
580800	200
581000	200
581200	200
581400	200
581600	200
581800	200
582000	200
582200	200
582400	200
582600	200
582800	200
583000	200
583200	200
583400	200
583600	200
583800	200
584000	200
584200	200
584400	200
584600	200
584800	200
585000	200
585200	200
585400	200
585600	200
585800	200
586000	200
586200	200
586400	200
586600	200
586800	200
587000	200
587200	200
587400	200
587600	200
587800	200
588000	200
588200	200
588400	200
588600	200
588800	200
589000	200
589200	200
589400	200
589600	200
589800	200
590000	200
590200	200
590400	200
590600	200
590800	200
591000	200
591200	200
591400	200
591600	200
591800	200
592000	200
592200	200
592400	200
592600	200
592800	200
593000	200
593200	200
593400	200
593600	200
593800	200
594000	200
594200	200
594400	200
594600	200
594800	200
595000	200
595200	200
595400	200
595600	200
595800	200
596000	200
596200	200
596400	200
596600	200
596800	200
597000	200
597200	200
597400	200
597600	200
597800	200
598000	200
598200	200
598400	199
598600	200
598800	200
599000	200
599200	200
599400	200
599600	200
599800	200
600000	200
600200	200
600400	200
600600	200
600800	200
601000	200
601200	200
601400	200
601600	200
601800	200
602000	200
602200	200
602400	200
602600	200
602800	200
603000	200
603200	200
603400	200
603600	200
603800	200
604000	200
604200	200
604400	200
604600	200
604800	200
605000	200
605200	200
605400	200
605600	200
605800	200
606000	200
606200	200
606400	200
606600	200
606800	200
607000	200
607200	200
607400	200
607600	200
607800	200
608000	200
608200	200
608400	200
608600	200
608800	200
609000	200
609200	200
609400	200
609600	200
609800	200
610000	200
610200	200
610400	200
610600	200
610800	200
611000	200
611200	200
611400	200
611600	200
611800	200
612000	200
612200	200
612400	200
612600	200
612800	200
613000	200
613200	200
613400	200
613600	200
613800	200
614000	200
614200	200
614400	200
614600	200
614800	200
615000	199
615200	200
615400	200
615600	200
615800	200
616000	200
616200	200
616400	200
616600	200
616800	200
617000	200
617200	200
617400	200
617600	200
617800	200
618000	200
618200	200
618400	200
618600	200
618800	200
619000	200
619200	200
619400	200
619600	200
619800	200
620000	200
620200	200
620400	200
620600	200
620800	200
621000	200
621200	200
621400	200
621600	200
621800	200
622000	200
622200	200
622400	200
622600	200
622800	200
623000	200
623200	200
623400	200
623600	201
623800	200
624000	200
624200	200
624400	200
624600	200
624800	200
625000	200
625200	200
625400	200
625600	200
625800	200
626000	200
626200	200
626400	200
626600	200
626800	200
627000	200
627200	200
627400	200
627600	200
627800	200
628000	199
628200	200
628400	200
628600	200
628800	200
629000	201
629200	200
629400	200
629600	200
629800	200
630000	200
630200	200
630400	200
630600	200
630800	200
631000	200
631200	200
631400	200
631600	200
631800	200
632000	200
632200	200
632400	200
632600	200
632800	200
633000	200
633200	200
633400	200
633600	200
633800	200
634000	200
634200	200
634400	200
634600	200
634800	200
635000	200
635200	200
635400	200
635600	200
635800	200
636000	200
636200	200
636400	200
636600	200
636800	200
637000	200
637200	200
637400	200
637600	200
637800	200
638000	200
638200	200
638400	200
638600	200
638800	200
639000	200
639200	200
639400	200
639600	200
639800	200
640000	200
640200	200
640400	200
640600	200
640800	200
641000	200
641200	200
641400	200
641600	201
641800	200
642000	200
642200	200
642400	200
642600	200
642800	200
643000	200
643200	200
643400	200
643600	200
643800	200
644000	200
644200	199
644400	200
644600	200
644800	200
645000	200
645200	200
645400	200
645600	200
645800	201
646000	200
646200	200
646400	200
646600	200
646800	200
647000	200
647200	200
647400	200
647600	200
647800	200
648000	200
648200	200
648400	200
648600	200
648800	200
649000	200
649200	200
649400	200
649600	200
649800	200
650000	200
650200	200
650400	200
650600	200
650800	200
651000	200
651200	200
651400	200
651600	200
651800	200
652000	200
652200	204
652400	200
652600	200
652800	200
653000	200
653200	200
653400	200
653600	200
653800	200
654000	200
654200	200
654400	200
654600	200
654800	200
655000	201
655200	200
655400	200
655600	200
655800	200
656000	200
656200	200
656400	200
656600	200
656800	200
657000	200
657200	200
657400	200
657600	200
657800	200
658000	200
658200	200
658400	200
658600	200
658800	200
659000	200
659200	200
659400	200
659600	200
659800	200
660000	200
660200	200
660400	200
660600	200
660800	200
661000	200
661200	200
661400	200
661600	200
661800	200
662000	200
662200	201
662400	200
662600	200
662800	200
663000	200
663200	200
663400	200
663600	200
663800	200
664000	200
664200	199
664400	200
664600	200
664800	200
665000	200
665200	200
665400	200
665600	200
665800	200
666000	200
666200	200
666400	200
666600	200
666800	200
667000	200
667200	200
667400	200
667600	200
667800	200
668000	200
668200	200
668400	200
668600	200
668800	200
669000	200
669200	200
669400	200
669600	200
669800	200
670000	200
670200	200
670400	200
670600	200
670800	200
671000	200
671200	200
671400	200
671600	200
671800	200
672000	200
672200	200
672400	200
672600	200
672800	200
673000	200
673200	200
673400	200
673600	200
673800	200
674000	200
674200	200
674400	200
674600	200
674800	200
675000	200
675200	200
675400	200
675600	200
675800	200
676000	200
676200	200
676400	200
676600	200
676800	200
677000	200
677200	200
677400	200
677600	200
677800	200
678000	200
678200	199
678400	200
678600	200
678800	200
679000	200
679200	200
679400	200
679600	200
679800	200
680000	200
680200	200
680400	200
680600	200
680800	200
681000	200
681200	200
681400	200
681600	200
681800	200
682000	200
682200	200
682400	200
682600	200
682800	200
683000	200
683200	200
683400	200
683600	200
683800	200
684000	200
684200	200
684400	200
684600	200
684800	200
685000	200
685200	200
685400	200
685600	200
685800	200
686000	200
686200	200
686400	200
686600	200
686800	200
687000	200
687200	200
687400	200
687600	200
687800	200
688000	200
688200	200
688400	200
688600	200
688800	200
689000	200
689200	200
689400	200
689600	200
689800	200
690000	200
690200	200
690400	200
690600	200
690800	200
691000	200
691200	200
691400	200
691600	200
691800	199
692000	200
692200	199
692400	200
692600	200
692800	200
693000	200
693200	200
693400	200
693600	200
693800	200
694000	200
694200	200
694400	200
694600	200
694800	200
695000	200
695200	200
695400	200
695600	199
695800	200
696000	200
696200	200
696400	200
696600	200
696800	200
697000	200
697200	200
697400	200
697600	200
697800	200
698000	200
698200	200
698400	200
698600	200
698800	200
699000	200
699200	200
699400	200
699600	200
699800	200
700000	200
700200	200
700400	200
700600	200
700800	200
701000	200
701200	200
701400	200
701600	200
701800	200
702000	200
702200	200
702400	200
702600	200
702800	200
703000	200
703200	200
703400	200
703600	200
703800	200
704000	200
704200	200
704400	200
704600	200
704800	200
705000	200
705200	200
705400	200
705600	200
705800	200
706000	200
706200	200
706400	200
706600	200
706800	200
707000	200
707200	200
707400	200
707600	200
707800	200
708000	200
708200	200
708400	200
708600	200
708800	200
709000	200
709200	200
709400	200
709600	200
709800	200
710000	200
710200	200
710400	200
710600	200
710800	200
711000	200
711200	200
711400	200
711600	200
711800	200
712000	200
712200	200
712400	200
712600	200
712800	200
713000	200
713200	200
713400	200
713600	200
713800	200
714000	200
714200	200
714400	200
714600	200
714800	200
715000	200
715200	200
715400	200
715600	200
715800	200
716000	200
716200	200
716400	200
716600	200
716800	200
717000	200
717200	200
717400	200
717600	200
717800	200
718000	200
718200	200
718400	200
718600	200
718800	200
719000	201
719200	200
719400	200
719600	200
719800	200
720000	200
720200	200
720400	200
720600	200
720800	200
721000	200
721200	200
721400	200
721600	200
721800	200
722000	200
722200	200
722400	200
722600	200
722800	200
723000	199
723200	200
723400	200
723600	200
723800	200
724000	200
724200	200
724400	200
724600	200
724800	200
725000	200
725200	200
725400	200
725600	200
725800	200
726000	200
726200	200
726400	200
726600	200
726800	200
727000	200
727200	200
727400	200
727600	200
727800	200
728000	200
728200	200
728400	200
728600	200
728800	200
729000	200
729200	200
729400	200
729600	200
729800	200
730000	200
730200	200
730400	200
730600	200
730800	200
731000	200
731200	200
731400	200
731600	200
731800	200
732000	200
732200	200
732400	200
732600	200
732800	200
733000	200
733200	200
733400	200
733600	200
733800	200
734000	200
734200	200
734400	200
734600	200
734800	200
735000	200
735200	200
735400	200
735600	200
735800	200
736000	200
736200	200
736400	200
736600	200
736800	200
737000	200
737200	200
737400	200
737600	200
737800	200
738000	200
738200	200
738400	201
738600	200
738800	200
739000	200
739200	200
739400	200
739600	200
739800	200
740000	200
740200	200
740400	200
740600	200
740800	200
741000	200
741200	200
741400	200
741600	200
741800	200
742000	200
742200	200
742400	199
742600	200
742800	200
743000	200
743200	200
743400	200
743600	200
743800	200
744000	200
744200	200
744400	200
744600	200
744800	200
745000	200
745200	200
745400	200
745600	200
745800	200
746000	200
746200	200
746400	200
746600	200
746800	200
747000	200
747200	200
747400	200
747600	200
747800	200
748000	200
748200	200
748400	200
748600	200
748800	200
749000	200
749200	200
749400	200
749600	200
749800	200
750000	200
750200	200
750400	200
750600	200
750800	200
751000	200
751200	200
751400	201
751600	200
751800	200
752000	200
752200	200
752400	200
752600	200
752800	200
753000	200
753200	200
753400	200
753600	200
753800	200
754000	200
754200	200
754400	200
754600	200
754800	200
755000	200
755200	200
755400	200
755600	200
755800	200
756000	200
756200	200
756400	200
756600	200
756800	200
757000	200
757200	201
757400	200
757600	200
757800	200
758000	200
758200	200
758400	200
758600	200
758800	200
759000	200
759200	200
759400	200
759600	200
759800	200
760000	200
760200	200
760400	200
760600	200
760800	200
761000	200
761200	200
761400	200
761600	200
761800	200
762000	200
762200	200
762400	200
762600	200
762800	200
763000	200
763200	200
763400	200
763600	200
763800	200
764000	200
764200	200
764400	200
764600	200
764800	200
765000	200
765200	200
765400	200
765600	200
765800	200
766000	200
766200	200
766400	201
766600	200
766800	200
767000	200
767200	200
767400	200
767600	200
767800	200
768000	200
768200	200
768400	200
768600	200
768800	200
769000	200
769200	200
769400	200
769600	200
769800	200
770000	200
770200	200
770400	200
770600	200
770800	200
771000	200
771200	200
771400	200
771600	200
771800	200
772000	200
772200	200
772400	200
772600	200
772800	200
773000	200
773200	200
773400	200
773600	200
773800	200
774000	200
774200	200
774400	200
774600	200
774800	200
775000	200
775200	200
775400	200
775600	200
775800	200
776000	200
776200	200
776400	200
776600	200
776800	200
777000	200
777200	200
777400	200
777600	199
777800	200
778000	200
778200	200
778400	200
778600	200
778800	200
779000	200
779200	200
779400	200
779600	200
779800	200
780000	200
780200	199
780400	200
780600	200
780800	200
781000	200
781200	200
781400	200
781600	200
781800	200
782000	200
782200	200
782400	200
782600	200
782800	200
783000	200
783200	200
783400	200
783600	200
783800	200
784000	200
784200	200
784400	200
784600	200
784800	200
785000	200
785200	200
785400	200
785600	200
785800	200
786000	200
786200	200
786400	200
786600	200
786800	200
787000	200
787200	200
787400	200
787600	200
787800	199
788000	200
788200	200
788400	200
788600	200
788800	200
789000	200
789200	200
789400	200
789600	200
789800	200
790000	199
790200	200
790400	200
790600	200
790800	200
791000	200
791200	200
791400	200
791600	200
791800	200
792000	200
792200	200
792400	200
792600	200
792800	200
793000	200
793200	200
793400	200
793600	200
793800	200
794000	200
794200	200
794400	200
794600	200
794800	200
795000	200
795200	200
795400	200
795600	200
795800	200
796000	200
796200	200
796400	200
796600	200
796800	200
797000	200
797200	200
797400	200
797600	200
797800	200
798000	200
798200	200
798400	200
798600	200
798800	200
799000	200
799200	200
799400	200
799600	200
799800	200
800000	200
800200	200
800400	200
800600	200
800800	200
801000	200
801200	200
801400	200
801600	200
801800	200
802000	200
802200	200
802400	200
802600	200
802800	200
803000	200
803200	200
803400	200
803600	200
803800	200
804000	200
804200	200
804400	200
804600	200
804800	200
805000	200
805200	200
805400	200
805600	200
805800	200
806000	200
806200	200
806400	200
806600	200
806800	200
807000	200
807200	200
807400	200
807600	200
807800	200
808000	200
808200	200
808400	200
808600	200
808800	200
809000	200
809200	200
809400	200
809600	200
809800	200
810000	200
810200	200
810400	200
810600	200
810800	200
811000	200
811200	200
811400	200
811600	200
811800	200
812000	200
812200	200
812400	200
812600	200
812800	200
813000	200
813200	200
813400	200
813600	200
813800	200
814000	200
814200	200
814400	200
814600	200
814800	200
815000	200
815200	200
815400	200
815600	200
815800	200
816000	201
816200	200
816400	200
816600	200
816800	200
817000	200
817200	200
817400	200
817600	200
817800	200
818000	200
818200	200
818400	200
818600	200
818800	200
819000	200
819200	200
819400	200
819600	200
819800	200
820000	200
820200	200
820400	200
820600	200
820800	200
821000	200
821200	200
821400	200
821600	200
821800	200
822000	200
822200	200
822400	200
822600	200
822800	200
823000	200
823200	200
823400	200
823600	200
823800	200
824000	200
824200	200
824400	200
824600	200
824800	200
825000	200
825200	200
825400	200
825600	200
825800	200
826000	200
826200	200
826400	200
826600	200
826800	200
827000	200
827200	200
827400	200
827600	200
827800	200
828000	200
828200	200
828400	200
828600	200
828800	200
829000	200
829200	200
829400	200
829600	200
829800	200
830000	200
830200	200
830400	200
830600	200
830800	200
831000	200
831200	200
831400	200
831600	200
831800	200
832000	200
832200	200
832400	200
832600	200
832800	200
833000	200
833200	200
833400	200
833600	200
833800	200
834000	200
834200	200
834400	200
834600	200
834800	200
835000	200
835200	200
835400	200
835600	200
835800	200
836000	200
836200	200
836400	200
836600	200
836800	200
837000	200
837200	200
837400	200
837600	200
837800	200
838000	200
838200	200
838400	200
838600	200
838800	200
839000	200
839200	200
839400	200
839600	200
839800	200
840000	200
840200	200
840400	200
840600	200
840800	200
841000	200
841200	200
841400	200
841600	200
841800	200
842000	200
842200	200
842400	200
842600	200
842800	200
843000	200
843200	200
843400	200
843600	200
843800	200
844000	200
844200	200
844400	200
844600	200
844800	200
845000	200
845200	200
845400	201
845600	200
845800	200
846000	200
846200	200
846400	200
846600	200
846800	200
847000	200
847200	200
847400	200
847600	200
847800	200
848000	200
848200	200
848400	200
848600	200
848800	200
849000	200
849200	200
849400	199
849600	201
849800	200
850000	200
850200	200
850400	200
850600	200
850800	200
851000	200
851200	200
851400	200
851600	200
851800	200
852000	200
852200	200
852400	200
852600	200
852800	200
853000	200
853200	200
853400	200
853600	200
853800	200
854000	200
854200	200
854400	200
854600	200
854800	200
855000	200
855200	200
855400	200
855600	200
855800	200
856000	200
856200	200
856400	200
856600	200
856800	200
857000	200
857200	200
857400	200
857600	200
857800	200
858000	200
858200	200
858400	200
858600	200
858800	200
859000	200
859200	200
859400	200
859600	200
859800	200
860000	200
860200	200
860400	200
860600	200
860800	200
861000	200
861200	200
861400	200
861600	200
861800	200
862000	200
862200	200
862400	200
862600	200
862800	200
863000	201
863200	200
863400	200
863600	200
863800	200
864000	196
864200	199
864400	200
864600	200
864800	200
865000	200
865200	200
865400	200
865600	200
865800	200
866000	200
866200	200
866400	200
866600	200
866800	200
867000	200
867200	200
867400	200
867600	200
867800	200
868000	200
868200	200
868400	200
868600	200
868800	200
869000	200
869200	200
869400	200
869600	200
869800	200
870000	200
870200	200
870400	200
870600	200
870800	200
871000	200
871200	200
871400	200
871600	200
871800	200
872000	200
872200	200
872400	200
872600	200
872800	200
873000	200
873200	200
873400	200
873600	200
873800	200
874000	200
874200	200
874400	200
874600	201
874800	200
875000	200
875200	200
875400	200
875600	200
875800	200
876000	200
876200	200
876400	200
876600	200
876800	201
877000	200
877200	200
877400	200
877600	201
877800	200
878000	200
878200	200
878400	200
878600	200
878800	200
879000	200
879200	200
879400	200
879600	200
879800	200
880000	200
880200	200
880400	200
880600	200
880800	200
881000	200
881200	200
881400	200
881600	200
881800	200
882000	200
882200	201
882400	200
882600	199
882800	200
883000	200
883200	200
883400	200
883600	200
883800	200
884000	200
884200	200
884400	200
884600	200
884800	200
885000	200
885200	200
885400	200
885600	200
885800	200
886000	200
886200	200
886400	200
886600	200
886800	200
887000	200
887200	200
887400	200
887600	200
887800	200
888000	200
888200	200
888400	200
888600	200
888800	200
889000	200
889200	200
889400	200
889600	200
889800	200
890000	200
890200	200
890400	200
890600	200
890800	200
891000	200
891200	200
891400	200
891600	200
891800	200
892000	200
892200	200
892400	200
892600	200
892800	200
893000	200
893200	200
893400	200
893600	200
893800	200
894000	200
894200	200
894400	200
894600	200
894800	200
895000	200
895200	200
895400	200
895600	200
895800	200
896000	200
896200	200
896400	200
896600	200
896800	200
897000	200
897200	200
897400	200
897600	200
897800	200
898000	200
898200	200
898400	200
898600	200
898800	200
899000	200
899200	200
899400	200
899600	200
899800	200
900000	200
900200	200
900400	200
900600	200
900800	200
901000	200
901200	200
901400	200
901600	200
901800	200
902000	200
902200	200
902400	201
902600	200
902800	200
903000	200
903200	200
903400	200
903600	200
903800	200
904000	200
904200	200
904400	200
904600	200
904800	200
905000	200
905200	200
905400	200
905600	200
905800	200
906000	200
906200	200
906400	200
906600	200
906800	200
907000	200
907200	200
907400	200
907600	200
907800	200
908000	200
908200	200
908400	200
908600	200
908800	200
909000	200
909200	200
909400	200
909600	201
909800	200
910000	200
910200	200
910400	200
910600	200
910800	200
911000	200
911200	200
911400	200
911600	200
911800	200
912000	200
912200	200
912400	200
912600	200
912800	200
913000	200
913200	200
913400	200
913600	200
913800	200
914000	200
914200	200
914400	200
914600	200
914800	200
915000	200
915200	200
915400	200
915600	200
915800	200
916000	200
916200	200
916400	200
916600	200
916800	200
917000	200
917200	200
917400	200
917600	200
917800	200
918000	200
918200	200
918400	200
918600	200
918800	200
919000	200
919200	200
919400	200
919600	200
919800	200
920000	200
920200	200
920400	200
920600	200
920800	200
921000	200
921200	200
921400	200
921600	200
921800	200
922000	200
922200	200
922400	200
922600	200
922800	200
923000	200
923200	200
923400	200
923600	200
923800	200
924000	200
924200	200
924400	200
924600	200
924800	200
925000	200
925200	200
925400	200
925600	200
925800	200
926000	200
926200	200
926400	200
926600	200
926800	200
927000	200
927200	200
927400	200
927600	200
927800	200
928000	200
928200	200
928400	200
928600	200
928800	200
929000	200
929200	200
929400	200
929600	200
929800	200
930000	200
930200	200
930400	200
930600	200
930800	200
931000	200
931200	200
931400	200
931600	200
931800	200
932000	200
932200	200
932400	199
932600	200
932800	200
933000	200
933200	200
933400	200
933600	200
933800	200
934000	200
934200	200
934400	200
934600	200
934800	200
935000	200
935200	200
935400	200
935600	200
935800	200
936000	200
936200	200
936400	200
936600	200
936800	200
937000	200
937200	200
937400	200
937600	200
937800	200
938000	200
938200	200
938400	200
938600	200
938800	200
939000	200
939200	200
939400	200
939600	200
939800	200
940000	200
940200	200
940400	200
940600	200
940800	200
941000	200
941200	200
941400	200
941600	200
941800	200
942000	200
942200	200
942400	200
942600	200
942800	200
943000	200
943200	200
943400	200
943600	200
943800	200
944000	200
944200	200
944400	200
944600	200
944800	200
945000	200
945200	200
945400	200
945600	200
945800	200
946000	200
946200	200
946400	200
946600	200
946800	200
947000	200
947200	200
947400	200
947600	200
947800	200
948000	200
948200	201
948400	200
948600	200
948800	200
949000	200
949200	200
949400	200
949600	200
949800	200
950000	200
950200	200
950400	200
950600	200
950800	200
951000	200
951200	200
951400	200
951600	200
951800	200
952000	200
952200	200
952400	200
952600	200
952800	200
953000	200
953200	200
953400	200
953600	200
953800	200
954000	200
954200	200
954400	200
954600	200
954800	200
955000	200
955200	200
955400	200
955600	200
955800	200
956000	200
956200	200
956400	200
956600	200
956800	200
957000	200
957200	200
957400	200
957600	200
957800	200
958000	200
958200	200
958400	200
958600	200
958800	200
959000	200
959200	200
959400	200
959600	200
959800	200
960000	201
960200	200
960400	200
960600	200
960800	200
961000	200
961200	200
961400	200
961600	200
961800	200
962000	200
962200	200
962400	200
962600	200
962800	200
963000	200
963200	200
963400	200
963600	200
963800	200
964000	200
964200	200
964400	200
964600	200
964800	200
965000	200
965200	200
965400	200
965600	200
965800	200
966000	200
966200	200
966400	200
966600	200
966800	200
967000	200
967200	200
967400	200
967600	200
967800	200
968000	200
968200	200
968400	200
968600	200
968800	200
969000	200
969200	200
969400	200
969600	200
969800	200
970000	200
970200	200
970400	200
970600	200
970800	200
971000	200
971200	200
971400	200
971600	200
971800	200
972000	200
972200	200
972400	200
972600	200
972800	200
973000	200
973200	200
973400	200
973600	200
973800	200
974000	200
974200	200
974400	200
974600	200
974800	200
975000	200
975200	200
975400	200
975600	200
975800	200
976000	200
976200	200
976400	200
976600	200
976800	200
977000	200
977200	200
977400	200
977600	200
977800	200
978000	200
978200	200
978400	199
978600	200
978800	200
979000	200
979200	200
979400	200
979600	200
979800	200
980000	200
980200	200
980400	200
980600	200
980800	200
981000	200
981200	200
981400	200
981600	200
981800	200
982000	200
982200	200
982400	200
982600	200
982800	200
983000	200
983200	200
983400	200
983600	200
983800	200
984000	200
984200	200
984400	200
984600	200
984800	200
985000	200
985200	200
985400	200
985600	200
985800	200
986000	200
986200	200
986400	200
986600	200
986800	200
987000	200
987200	200
987400	200
987600	200
987800	200
988000	200
988200	200
988400	200
988600	200
988800	200
989000	200
989200	200
989400	200
989600	200
989800	200
990000	200
990200	200
990400	200
990600	200
990800	200
991000	200
991200	200
991400	200
991600	200
991800	200
992000	200
992200	200
992400	200
992600	200
992800	200
993000	199
993200	200
993400	200
993600	200
993800	200
994000	200
994200	200
994400	200
994600	200
994800	200
995000	200
995200	200
995400	200
995600	200
995800	200
996000	200
996200	200
996400	200
996600	200
996800	200
997000	200
997200	201
997400	200
997600	200
997800	200
998000	200
998200	200
998400	200
998600	200
998800	200
999000	200
999200	200
999400	200
999600	200
999800	200
