5 	 6.3597 	 76.5903 	 5.2597 	 5.1597 	 81.8500 	 0.1000 	 81.7500
6 	 6.3322 	 0.0275 	 76.6178 	 5.2322 	 76.5903 	 81.8500 	 5.2597
7 	 3.7043 	 2.6279 	 2.6554 	 79.2457 	 0.0275 	 76.5903 	 76.6178
8 	 3.7009 	 0.0034 	 2.6313 	 2.6588 	 2.6279 	 0.0275 	 2.6554
9 	 2.1806 	 1.5204 	 1.5237 	 4.1516 	 0.0034 	 2.6279 	 2.6313
10 	 2.1806 	 0.0000 	 1.5204 	 1.5237 	 1.5204 	 0.0034 	 1.5237
11 	 1.2106 	 0.9700 	 0.9700 	 2.4903 	 0.0000 	 1.5204 	 1.5204
12 	 1.2097 	 0.0009 	 0.9708 	 0.9708 	 0.9700 	 0.0000 	 0.9700
13 	 0.5488 	 0.6609 	 0.6618 	 1.6317 	 0.0009 	 0.9700 	 0.9708
14 	 0.5466 	 0.0023 	 0.6632 	 0.6640 	 0.6609 	 0.0009 	 0.6618
15 	 0.0743 	 0.4723 	 0.4745 	 1.1355 	 0.0023 	 0.6609 	 0.6632
16 	 0.0709 	 0.0034 	 0.4757 	 0.4780 	 0.4723 	 0.0023 	 0.4745
17 	 -0.2791 	 0.3500 	 0.3534 	 0.8257 	 0.0034 	 0.4723 	 0.4757
18 	 -0.2834 	 0.0042 	 0.3542 	 0.3576 	 0.3500 	 0.0034 	 0.3534
19 	 -0.5503 	 0.2670 	 0.2712 	 0.6212 	 0.0042 	 0.3500 	 0.3542
20 	 -0.5551 	 0.0047 	 0.2717 	 0.2759 	 0.2670 	 0.0042 	 0.2712
21 	 -0.7635 	 0.2085 	 0.2132 	 0.4802 	 0.0047 	 0.2670 	 0.2717
22 	 -0.7686 	 0.0050 	 0.2135 	 0.2182 	 0.2085 	 0.0047 	 0.2132
23 	 -0.9346 	 0.1660 	 0.1710 	 0.3795 	 0.0050 	 0.2085 	 0.2135
24 	 -0.9397 	 0.0051 	 0.1712 	 0.1762 	 0.1660 	 0.0050 	 0.1710
25 	 -1.0742 	 0.1344 	 0.1396 	 0.3056 	 0.0051 	 0.1660 	 0.1712
26 	 -1.0794 	 0.0052 	 0.1396 	 0.1448 	 0.1344 	 0.0051 	 0.1396
27 	 -1.1898 	 0.1104 	 0.1156 	 0.2501 	 0.0052 	 0.1344 	 0.1396
28 	 -1.1949 	 0.0051 	 0.1156 	 0.1208 	 0.1104 	 0.0052 	 0.1156
29 	 -1.2868 	 0.0918 	 0.0970 	 0.2074 	 0.0051 	 0.1104 	 0.1156
30 	 -1.2918 	 0.0051 	 0.0969 	 0.1020 	 0.0918 	 0.0051 	 0.0970
31 	 -1.3691 	 0.0772 	 0.0823 	 0.1741 	 0.0051 	 0.0918 	 0.0969
32 	 -1.3740 	 0.0049 	 0.0822 	 0.0872 	 0.0772 	 0.0051 	 0.0823
33 	 -1.4396 	 0.0656 	 0.0705 	 0.1477 	 0.0049 	 0.0772 	 0.0822
34 	 -1.4444 	 0.0048 	 0.0704 	 0.0753 	 0.0656 	 0.0049 	 0.0705
35 	 -1.5005 	 0.0561 	 0.0610 	 0.1265 	 0.0048 	 0.0656 	 0.0704
36 	 -1.5052 	 0.0047 	 0.0608 	 0.0656 	 0.0561 	 0.0048 	 0.0610
37 	 -1.5536 	 0.0485 	 0.0531 	 0.1093 	 0.0047 	 0.0561 	 0.0608
38 	 -1.5582 	 0.0045 	 0.0530 	 0.0576 	 0.0485 	 0.0047 	 0.0531
39 	 -1.6003 	 0.0421 	 0.0466 	 0.0951 	 0.0045 	 0.0485 	 0.0530
40 	 -1.6046 	 0.0044 	 0.0465 	 0.0510 	 0.0421 	 0.0045 	 0.0466
41 	 -1.6415 	 0.0369 	 0.0412 	 0.0833 	 0.0044 	 0.0421 	 0.0465
42 	 -1.6457 	 0.0042 	 0.0411 	 0.0454 	 0.0369 	 0.0044 	 0.0412
43 	 -1.6781 	 0.0324 	 0.0366 	 0.0735 	 0.0042 	 0.0369 	 0.0411
44 	 -1.6822 	 0.0041 	 0.0365 	 0.0407 	 0.0324 	 0.0042 	 0.0366
45 	 -1.7109 	 0.0287 	 0.0328 	 0.0652 	 0.0041 	 0.0324 	 0.0365
46 	 -1.7148 	 0.0039 	 0.0326 	 0.0367 	 0.0287 	 0.0041 	 0.0328
47 	 -1.7403 	 0.0255 	 0.0294 	 0.0581 	 0.0039 	 0.0287 	 0.0326
48 	 -1.7441 	 0.0038 	 0.0293 	 0.0332 	 0.0255 	 0.0039 	 0.0294
49 	 -1.7669 	 0.0228 	 0.0266 	 0.0521 	 0.0038 	 0.0255 	 0.0293
50 	 -1.7705 	 0.0036 	 0.0264 	 0.0302 	 0.0228 	 0.0038 	 0.0266
51 	 -1.7910 	 0.0204 	 0.0241 	 0.0469 	 0.0036 	 0.0228 	 0.0264
52 	 -1.7945 	 0.0035 	 0.0239 	 0.0276 	 0.0204 	 0.0036 	 0.0241
53 	 -1.8129 	 0.0184 	 0.0219 	 0.0424 	 0.0035 	 0.0204 	 0.0239
54 	 -1.8163 	 0.0034 	 0.0218 	 0.0253 	 0.0184 	 0.0035 	 0.0219
55 	 -1.8329 	 0.0166 	 0.0200 	 0.0384 	 0.0034 	 0.0184 	 0.0218
56 	 -1.8361 	 0.0033 	 0.0199 	 0.0233 	 0.0166 	 0.0034 	 0.0200
57 	 -1.8512 	 0.0151 	 0.0184 	 0.0350 	 0.0033 	 0.0166 	 0.0199
58 	 -1.8544 	 0.0031 	 0.0182 	 0.0215 	 0.0151 	 0.0033 	 0.0184
59 	 -1.8681 	 0.0137 	 0.0169 	 0.0320 	 0.0031 	 0.0151 	 0.0182
60 	 -1.8711 	 0.0030 	 0.0168 	 0.0199 	 0.0137 	 0.0031 	 0.0169
61 	 -1.8837 	 0.0125 	 0.0156 	 0.0293 	 0.0030 	 0.0137 	 0.0168
62 	 -1.8866 	 0.0029 	 0.0155 	 0.0185 	 0.0125 	 0.0030 	 0.0156
63 	 -1.8981 	 0.0115 	 0.0144 	 0.0269 	 0.0029 	 0.0125 	 0.0155
64 	 -1.9009 	 0.0028 	 0.0143 	 0.0172 	 0.0115 	 0.0029 	 0.0144
65 	 -1.9114 	 0.0105 	 0.0134 	 0.0248 	 0.0028 	 0.0115 	 0.0143
66 	 -1.9142 	 0.0027 	 0.0133 	 0.0161 	 0.0105 	 0.0028 	 0.0134
67 	 -1.9239 	 0.0097 	 0.0124 	 0.0230 	 0.0027 	 0.0105 	 0.0133
68 	 -1.9265 	 0.0026 	 0.0123 	 0.0150 	 0.0097 	 0.0027 	 0.0124
69 	 -1.9354 	 0.0090 	 0.0116 	 0.0213 	 0.0026 	 0.0097 	 0.0123
70 	 -1.9380 	 0.0025 	 0.0115 	 0.0141 	 0.0090 	 0.0026 	 0.0116
71 	 -1.9462 	 0.0083 	 0.0108 	 0.0198 	 0.0025 	 0.0090 	 0.0115
72 	 -1.9487 	 0.0024 	 0.0107 	 0.0132 	 0.0083 	 0.0025 	 0.0108
73 	 -1.9564 	 0.0077 	 0.0101 	 0.0184 	 0.0024 	 0.0083 	 0.0107
74 	 -1.9587 	 0.0024 	 0.0100 	 0.0125 	 0.0077 	 0.0024 	 0.0101
75 	 -1.9658 	 0.0071 	 0.0095 	 0.0172 	 0.0024 	 0.0077 	 0.0100
76 	 -1.9681 	 0.0023 	 0.0094 	 0.0118 	 0.0071 	 0.0024 	 0.0095
77 	 -1.9747 	 0.0066 	 0.0089 	 0.0160 	 0.0023 	 0.0071 	 0.0094
78 	 -1.9769 	 0.0022 	 0.0088 	 0.0111 	 0.0066 	 0.0023 	 0.0089
79 	 -1.9831 	 0.0062 	 0.0084 	 0.0150 	 0.0022 	 0.0066 	 0.0088
80 	 -1.9853 	 0.0021 	 0.0083 	 0.0105 	 0.0062 	 0.0022 	 0.0084
81 	 -1.9910 	 0.0058 	 0.0079 	 0.0141 	 0.0021 	 0.0062 	 0.0083
82 	 -1.9931 	 0.0021 	 0.0078 	 0.0100 	 0.0058 	 0.0021 	 0.0079
83 	 -1.9985 	 0.0054 	 0.0075 	 0.0132 	 0.0021 	 0.0058 	 0.0078
84 	 -2.0005 	 0.0020 	 0.0074 	 0.0095 	 0.0054 	 0.0021 	 0.0075
85 	 -2.0056 	 0.0051 	 0.0071 	 0.0125 	 0.0020 	 0.0054 	 0.0074
86 	 -2.0075 	 0.0019 	 0.0070 	 0.0090 	 0.0051 	 0.0020 	 0.0071
87 	 -2.0122 	 0.0048 	 0.0067 	 0.0118 	 0.0019 	 0.0051 	 0.0070
88 	 -2.0141 	 0.0019 	 0.0066 	 0.0085 	 0.0048 	 0.0019 	 0.0067
89 	 -2.0186 	 0.0045 	 0.0063 	 0.0111 	 0.0019 	 0.0048 	 0.0066
90 	 -2.0204 	 0.0018 	 0.0063 	 0.0081 	 0.0045 	 0.0019 	 0.0063
91 	 -2.0246 	 0.0042 	 0.0060 	 0.0105 	 0.0018 	 0.0045 	 0.0063
92 	 -2.0263 	 0.0017 	 0.0060 	 0.0078 	 0.0042 	 0.0018 	 0.0060
93 	 -2.0303 	 0.0040 	 0.0057 	 0.0099 	 0.0017 	 0.0042 	 0.0060
94 	 -2.0320 	 0.0017 	 0.0057 	 0.0074 	 0.0040 	 0.0017 	 0.0057
95 	 -2.0358 	 0.0037 	 0.0054 	 0.0094 	 0.0017 	 0.0040 	 0.0057
96 	 -2.0374 	 0.0016 	 0.0054 	 0.0071 	 0.0037 	 0.0017 	 0.0054
97 	 -2.0409 	 0.0035 	 0.0052 	 0.0089 	 0.0016 	 0.0037 	 0.0054
98 	 -2.0425 	 0.0016 	 0.0051 	 0.0068 	 0.0035 	 0.0016 	 0.0052
99 	 -2.0458 	 0.0032 	 0.0049 	 0.0084 	 0.0016 	 0.0035 	 0.0051
100 	 -2.0474 	 0.0017 	 0.0049 	 0.0065 	 0.0032 	 0.0016 	 0.0049
101 	 -2.0504 	 0.0029 	 0.0046 	 0.0078 	 0.0017 	 0.0032 	 0.0049
102 	 -2.0521 	 0.0018 	 0.0047 	 0.0063 	 0.0029 	 0.0017 	 0.0046
103 	 -2.0547 	 0.0025 	 0.0043 	 0.0072 	 0.0018 	 0.0029 	 0.0047
104 	 -2.0566 	 0.0019 	 0.0045 	 0.0063 	 0.0025 	 0.0018 	 0.0043
105 	 -2.0588 	 0.0022 	 0.0042 	 0.0067 	 0.0019 	 0.0025 	 0.0045
106 	 -2.0609 	 0.0020 	 0.0042 	 0.0062 	 0.0022 	 0.0019 	 0.0042
107 	 -2.0629 	 0.0020 	 0.0040 	 0.0063 	 0.0020 	 0.0022 	 0.0042
108 	 -2.0649 	 0.0020 	 0.0040 	 0.0060 	 0.0020 	 0.0020 	 0.0040
109 	 -2.0667 	 0.0019 	 0.0039 	 0.0059 	 0.0020 	 0.0020 	 0.0040
110 	 -2.0687 	 0.0020 	 0.0038 	 0.0058 	 0.0019 	 0.0020 	 0.0039
111 	 -2.0687 	 0.0000 	 0.0020 	 0.0039 	 0.0020 	 0.0019 	 0.0038
112 	 -2.0686 	 0.0002 	 0.0001 	 0.0018 	 0.0000 	 0.0020 	 0.0020
113 	 -2.0687 	 0.0001 	 0.0001 	 0.0000 	 0.0002 	 0.0000 	 0.0001
114 	 -2.0686 	 0.0000 	 0.0000 	 0.0001 	 0.0001 	 0.0002 	 0.0001
115 	 -114066342624778259540854645301859744818121618643340503386642466843829200379901093539346403819629899623170048.0000 	 114066342624778259540854645301859744818121618643340503386642466843829200379901093539346403819629899623170048.0000 	 114066342624778259540854645301859744818121618643340503386642466843829200379901093539346403819629899623170048.0000 	 114066342624778259540854645301859744818121618643340503386642466843829200379901093539346403819629899623170048.0000 	 0.0000 	 0.0001 	 0.0000
