5 	 9.1660 	 73.7840 	 8.0660 	 7.9660 	 81.8500 	 0.1000 	 81.7500
6 	 9.0910 	 0.0750 	 73.8590 	 7.9910 	 73.7840 	 81.8500 	 8.0660
7 	 6.0870 	 3.0040 	 3.0790 	 76.8630 	 0.0750 	 73.7840 	 73.8590
8 	 6.0676 	 0.0194 	 3.0234 	 3.0984 	 3.0040 	 0.0750 	 3.0790
9 	 4.2627 	 1.8049 	 1.8243 	 4.8283 	 0.0194 	 3.0040 	 3.0234
10 	 4.2591 	 0.0036 	 1.8085 	 1.8279 	 1.8049 	 0.0194 	 1.8243
11 	 3.0641 	 1.1951 	 1.1987 	 3.0035 	 0.0036 	 1.8049 	 1.8085
12 	 3.0640 	 0.0001 	 1.1952 	 1.1988 	 1.1951 	 0.0036 	 1.1987
13 	 2.2201 	 0.8439 	 0.8440 	 2.0391 	 0.0001 	 1.1951 	 1.1952
14 	 2.2195 	 0.0006 	 0.8445 	 0.8446 	 0.8439 	 0.0001 	 0.8440
15 	 1.5956 	 0.6239 	 0.6245 	 1.4684 	 0.0006 	 0.8439 	 0.8445
16 	 1.5934 	 0.0022 	 0.6261 	 0.6267 	 0.6239 	 0.0006 	 0.6245
17 	 1.1161 	 0.4773 	 0.4795 	 1.1034 	 0.0022 	 0.6239 	 0.6261
18 	 1.1121 	 0.0040 	 0.4813 	 0.4836 	 0.4773 	 0.0022 	 0.4795
19 	 0.7370 	 0.3751 	 0.3791 	 0.8564 	 0.0040 	 0.4773 	 0.4813
20 	 0.7314 	 0.0056 	 0.3807 	 0.3847 	 0.3751 	 0.0040 	 0.3791
21 	 0.4303 	 0.3011 	 0.3067 	 0.6818 	 0.0056 	 0.3751 	 0.3807
22 	 0.4234 	 0.0069 	 0.3080 	 0.3136 	 0.3011 	 0.0056 	 0.3067
23 	 0.1773 	 0.2460 	 0.2529 	 0.5541 	 0.0069 	 0.3011 	 0.3080
24 	 0.1694 	 0.0079 	 0.2539 	 0.2609 	 0.2460 	 0.0069 	 0.2529
25 	 -0.0346 	 0.2040 	 0.2119 	 0.4580 	 0.0079 	 0.2460 	 0.2539
26 	 -0.0433 	 0.0087 	 0.2127 	 0.2206 	 0.2040 	 0.0079 	 0.2119
27 	 -0.2146 	 0.1713 	 0.1800 	 0.3840 	 0.0087 	 0.2040 	 0.2127
28 	 -0.2238 	 0.0092 	 0.1805 	 0.1892 	 0.1713 	 0.0087 	 0.1800
29 	 -0.3692 	 0.1454 	 0.1546 	 0.3259 	 0.0092 	 0.1713 	 0.1805
30 	 -0.3788 	 0.0095 	 0.1550 	 0.1642 	 0.1454 	 0.0092 	 0.1546
31 	 -0.5034 	 0.1246 	 0.1342 	 0.2796 	 0.0095 	 0.1454 	 0.1550
32 	 -0.5131 	 0.0097 	 0.1344 	 0.1439 	 0.1246 	 0.0095 	 0.1342
33 	 -0.6209 	 0.1077 	 0.1175 	 0.2421 	 0.0097 	 0.1246 	 0.1344
34 	 -0.6307 	 0.0098 	 0.1176 	 0.1273 	 0.1077 	 0.0097 	 0.1175
35 	 -0.7245 	 0.0938 	 0.1036 	 0.2114 	 0.0098 	 0.1077 	 0.1176
36 	 -0.7343 	 0.0098 	 0.1036 	 0.1135 	 0.0938 	 0.0098 	 0.1036
37 	 -0.8166 	 0.0822 	 0.0921 	 0.1859 	 0.0098 	 0.0938 	 0.1036
38 	 -0.8263 	 0.0098 	 0.0920 	 0.1018 	 0.0822 	 0.0098 	 0.0921
39 	 -0.8989 	 0.0725 	 0.0823 	 0.1645 	 0.0098 	 0.0822 	 0.0920
40 	 -0.9085 	 0.0097 	 0.0822 	 0.0920 	 0.0725 	 0.0098 	 0.0823
41 	 -0.9728 	 0.0643 	 0.0740 	 0.1465 	 0.0097 	 0.0725 	 0.0822
42 	 -0.9823 	 0.0095 	 0.0738 	 0.0835 	 0.0643 	 0.0097 	 0.0740
43 	 -1.0397 	 0.0573 	 0.0668 	 0.1311 	 0.0095 	 0.0643 	 0.0738
44 	 -1.0490 	 0.0093 	 0.0666 	 0.0761 	 0.0573 	 0.0095 	 0.0668
45 	 -1.1003 	 0.0513 	 0.0607 	 0.1180 	 0.0093 	 0.0573 	 0.0666
46 	 -1.1094 	 0.0091 	 0.0604 	 0.0698 	 0.0513 	 0.0093 	 0.0607
47 	 -1.1556 	 0.0462 	 0.0553 	 0.1066 	 0.0091 	 0.0513 	 0.0604
48 	 -1.1645 	 0.0089 	 0.0551 	 0.0642 	 0.0462 	 0.0091 	 0.0553
49 	 -1.2062 	 0.0417 	 0.0506 	 0.0967 	 0.0089 	 0.0462 	 0.0551
50 	 -1.2148 	 0.0087 	 0.0503 	 0.0592 	 0.0417 	 0.0089 	 0.0506
51 	 -1.2526 	 0.0378 	 0.0464 	 0.0881 	 0.0087 	 0.0417 	 0.0503
52 	 -1.2610 	 0.0084 	 0.0462 	 0.0548 	 0.0378 	 0.0087 	 0.0464
53 	 -1.2954 	 0.0344 	 0.0428 	 0.0806 	 0.0084 	 0.0378 	 0.0462
54 	 -1.3035 	 0.0082 	 0.0425 	 0.0509 	 0.0344 	 0.0084 	 0.0428
55 	 -1.3349 	 0.0313 	 0.0395 	 0.0739 	 0.0082 	 0.0344 	 0.0425
56 	 -1.3428 	 0.0079 	 0.0393 	 0.0474 	 0.0313 	 0.0082 	 0.0395
57 	 -1.3715 	 0.0287 	 0.0366 	 0.0680 	 0.0079 	 0.0313 	 0.0393
58 	 -1.3792 	 0.0077 	 0.0364 	 0.0443 	 0.0287 	 0.0079 	 0.0366
59 	 -1.4055 	 0.0263 	 0.0340 	 0.0627 	 0.0077 	 0.0287 	 0.0364
60 	 -1.4130 	 0.0074 	 0.0338 	 0.0415 	 0.0263 	 0.0077 	 0.0340
61 	 -1.4372 	 0.0242 	 0.0317 	 0.0580 	 0.0074 	 0.0263 	 0.0338
62 	 -1.4444 	 0.0072 	 0.0314 	 0.0389 	 0.0242 	 0.0074 	 0.0317
63 	 -1.4667 	 0.0223 	 0.0296 	 0.0538 	 0.0072 	 0.0242 	 0.0314
64 	 -1.4737 	 0.0070 	 0.0293 	 0.0365 	 0.0223 	 0.0072 	 0.0296
65 	 -1.4944 	 0.0207 	 0.0276 	 0.0500 	 0.0070 	 0.0223 	 0.0293
66 	 -1.5011 	 0.0068 	 0.0274 	 0.0344 	 0.0207 	 0.0070 	 0.0276
67 	 -1.5203 	 0.0191 	 0.0259 	 0.0466 	 0.0068 	 0.0207 	 0.0274
68 	 -1.5268 	 0.0065 	 0.0257 	 0.0324 	 0.0191 	 0.0068 	 0.0259
69 	 -1.5446 	 0.0178 	 0.0243 	 0.0435 	 0.0065 	 0.0191 	 0.0257
70 	 -1.5509 	 0.0063 	 0.0241 	 0.0306 	 0.0178 	 0.0065 	 0.0243
71 	 -1.5675 	 0.0166 	 0.0229 	 0.0407 	 0.0063 	 0.0178 	 0.0241
72 	 -1.5736 	 0.0061 	 0.0227 	 0.0290 	 0.0166 	 0.0063 	 0.0229
73 	 -1.5890 	 0.0154 	 0.0216 	 0.0381 	 0.0061 	 0.0166 	 0.0227
74 	 -1.5949 	 0.0059 	 0.0214 	 0.0275 	 0.0154 	 0.0061 	 0.0216
75 	 -1.6094 	 0.0144 	 0.0203 	 0.0358 	 0.0059 	 0.0154 	 0.0214
76 	 -1.6151 	 0.0057 	 0.0201 	 0.0261 	 0.0144 	 0.0059 	 0.0203
77 	 -1.6286 	 0.0135 	 0.0192 	 0.0336 	 0.0057 	 0.0144 	 0.0201
78 	 -1.6341 	 0.0055 	 0.0190 	 0.0248 	 0.0135 	 0.0057 	 0.0192
79 	 -1.6468 	 0.0126 	 0.0182 	 0.0317 	 0.0055 	 0.0135 	 0.0190
80 	 -1.6521 	 0.0054 	 0.0180 	 0.0235 	 0.0126 	 0.0055 	 0.0182
81 	 -1.6640 	 0.0119 	 0.0172 	 0.0299 	 0.0054 	 0.0126 	 0.0180
82 	 -1.6692 	 0.0052 	 0.0171 	 0.0224 	 0.0119 	 0.0054 	 0.0172
83 	 -1.6804 	 0.0112 	 0.0164 	 0.0282 	 0.0052 	 0.0119 	 0.0171
84 	 -1.6854 	 0.0050 	 0.0162 	 0.0214 	 0.0112 	 0.0052 	 0.0164
85 	 -1.6959 	 0.0105 	 0.0155 	 0.0267 	 0.0050 	 0.0112 	 0.0162
86 	 -1.7008 	 0.0049 	 0.0154 	 0.0204 	 0.0105 	 0.0050 	 0.0155
87 	 -1.7107 	 0.0099 	 0.0148 	 0.0253 	 0.0049 	 0.0105 	 0.0154
88 	 -1.7154 	 0.0047 	 0.0146 	 0.0195 	 0.0099 	 0.0049 	 0.0148
89 	 -1.7247 	 0.0094 	 0.0141 	 0.0240 	 0.0047 	 0.0099 	 0.0146
90 	 -1.7293 	 0.0046 	 0.0139 	 0.0186 	 0.0094 	 0.0047 	 0.0141
91 	 -1.7381 	 0.0089 	 0.0134 	 0.0228 	 0.0046 	 0.0094 	 0.0139
92 	 -1.7426 	 0.0044 	 0.0133 	 0.0178 	 0.0089 	 0.0046 	 0.0134
93 	 -1.7509 	 0.0084 	 0.0128 	 0.0216 	 0.0044 	 0.0089 	 0.0133
94 	 -1.7552 	 0.0043 	 0.0127 	 0.0171 	 0.0084 	 0.0044 	 0.0128
95 	 -1.7631 	 0.0079 	 0.0122 	 0.0206 	 0.0043 	 0.0084 	 0.0127
96 	 -1.7673 	 0.0042 	 0.0121 	 0.0164 	 0.0079 	 0.0043 	 0.0122
97 	 -1.7748 	 0.0075 	 0.0116 	 0.0195 	 0.0042 	 0.0079 	 0.0121
98 	 -1.7789 	 0.0041 	 0.0116 	 0.0157 	 0.0075 	 0.0042 	 0.0116
99 	 -1.7858 	 0.0069 	 0.0110 	 0.0185 	 0.0041 	 0.0075 	 0.0116
100 	 -1.7899 	 0.0042 	 0.0111 	 0.0152 	 0.0069 	 0.0041 	 0.0110
101 	 -1.7962 	 0.0062 	 0.0104 	 0.0173 	 0.0042 	 0.0069 	 0.0111
102 	 -1.8006 	 0.0044 	 0.0106 	 0.0148 	 0.0062 	 0.0042 	 0.0104
103 	 -1.8061 	 0.0055 	 0.0100 	 0.0162 	 0.0044 	 0.0062 	 0.0106
104 	 -1.8108 	 0.0046 	 0.0102 	 0.0146 	 0.0055 	 0.0044 	 0.0100
105 	 -1.8158 	 0.0050 	 0.0096 	 0.0152 	 0.0046 	 0.0055 	 0.0102
106 	 -1.8205 	 0.0047 	 0.0097 	 0.0144 	 0.0050 	 0.0046 	 0.0096
107 	 -1.8251 	 0.0046 	 0.0093 	 0.0143 	 0.0047 	 0.0050 	 0.0097
108 	 -1.8301 	 0.0050 	 0.0096 	 0.0143 	 0.0046 	 0.0047 	 0.0093
109 	 -1.8342 	 0.0041 	 0.0091 	 0.0137 	 0.0050 	 0.0046 	 0.0096
110 	 -1.8380 	 0.0038 	 0.0080 	 0.0130 	 0.0041 	 0.0050 	 0.0091
111 	 -1.8387 	 0.0007 	 0.0045 	 0.0086 	 0.0038 	 0.0041 	 0.0080
112 	 -1.8384 	 0.0003 	 0.0004 	 0.0042 	 0.0007 	 0.0038 	 0.0045
113 	 -1.8386 	 0.0002 	 0.0001 	 0.0006 	 0.0003 	 0.0007 	 0.0004
114 	 -1.8381 	 0.0005 	 0.0003 	 0.0006 	 0.0002 	 0.0003 	 0.0001
115 	 -1.8383 	 0.0002 	 0.0003 	 0.0002 	 0.0005 	 0.0002 	 0.0003
116 	 -1.8390 	 0.0007 	 0.0009 	 0.0004 	 0.0002 	 0.0005 	 0.0003
117 	 -1.8385 	 0.0005 	 0.0002 	 0.0004 	 0.0007 	 0.0002 	 0.0009
118 	 -1.8386 	 0.0001 	 0.0004 	 0.0003 	 0.0005 	 0.0007 	 0.0002
119 	 -1.8384 	 0.0001 	 0.0001 	 0.0005 	 0.0001 	 0.0005 	 0.0004
120 	 -1.8391 	 0.0007 	 0.0005 	 0.0006 	 0.0001 	 0.0001 	 0.0001
121 	 -1.8376 	 0.0015 	 0.0008 	 0.0009 	 0.0007 	 0.0001 	 0.0005
122 	 -1.8386 	 0.0009 	 0.0005 	 0.0001 	 0.0015 	 0.0007 	 0.0008
123 	 -1.8388 	 0.0002 	 0.0011 	 0.0003 	 0.0009 	 0.0015 	 0.0005
124 	 -1.8387 	 0.0001 	 0.0001 	 0.0010 	 0.0002 	 0.0009 	 0.0011
125 	 -1.8386 	 0.0001 	 0.0002 	 0.0000 	 0.0001 	 0.0002 	 0.0001
126 	 -1.8394 	 0.0008 	 0.0007 	 0.0006 	 0.0001 	 0.0001 	 0.0002
127 	 -